1 	 0.25887	 0.25938	 0.26573	 0.28307	 0.31360	 0.35174	 0.38681	 0.41436	 0.43693	 0.45380	 0.46006	 0.45192	 0.43615	 0.42128	 0.41000	 0.40201	 0.39733	 0.39343	 0.38792	 0.38445	 0.38438	 0.39039	 0.40438	 0.42701	 0.45453	 0.48346	 0.51143	 0.53821	 0.57097	 0.62012	 0.67954	 0.73897	 0.78699	 0.81605	 0.83091	 0.83824	 0.84050	 0.83807	 0.83273	 0.82551	 0.81714	 0.80797	 0.80028	 0.79437	 0.78980	 0.78521	 0.78066	 0.77673	 0.77059	 0.76211	 0.75035	 0.73770	 0.72489	 0.71306	 0.70403	 0.69674	 0.69179	 0.69158	 0.69459	 0.69479	 0.68270	 0.65396	 0.61322	 0.56859	 0.52496	 0.48615	 0.45322	 0.42486	 0.40133	 0.38358	 0.36916
6 	 0.25702	 0.25743	 0.26379	 0.28110	 0.31163	 0.34972	 0.38463	 0.41204	 0.43440	 0.45123	 0.45753	 0.44929	 0.43349	 0.41867	 0.40743	 0.39949	 0.39467	 0.39076	 0.38534	 0.38185	 0.38179	 0.38791	 0.40211	 0.42479	 0.45230	 0.48137	 0.50945	 0.53618	 0.56907	 0.61872	 0.67855	 0.73824	 0.78604	 0.81489	 0.82941	 0.83644	 0.83845	 0.83594	 0.83054	 0.82307	 0.81458	 0.80536	 0.79763	 0.79180	 0.78715	 0.78252	 0.77808	 0.77394	 0.76763	 0.75914	 0.74740	 0.73470	 0.72176	 0.70980	 0.70083	 0.69344	 0.68845	 0.68825	 0.69153	 0.69198	 0.68009	 0.65112	 0.61067	 0.56635	 0.52301	 0.48406	 0.45168	 0.42249	 0.40012	 0.38158	 0.36759
11 	 0.25900	 0.25948	 0.26588	 0.28342	 0.31441	 0.35287	 0.38806	 0.41560	 0.43811	 0.45503	 0.46145	 0.45320	 0.43733	 0.42241	 0.41094	 0.40289	 0.39796	 0.39402	 0.38871	 0.38525	 0.38511	 0.39125	 0.40563	 0.42853	 0.45629	 0.48567	 0.51398	 0.54106	 0.57431	 0.62422	 0.68427	 0.74412	 0.79195	 0.82063	 0.83496	 0.84175	 0.84360	 0.84104	 0.83541	 0.82783	 0.81939	 0.81027	 0.80247	 0.79660	 0.79199	 0.78750	 0.78307	 0.77882	 0.77245	 0.76391	 0.75224	 0.73955	 0.72665	 0.71473	 0.70560	 0.69816	 0.69317	 0.69309	 0.69612	 0.69635	 0.68410	 0.65464	 0.61397	 0.56860	 0.52538	 0.48632	 0.45338	 0.42467	 0.40107	 0.38341	 0.36894
16 	 0.25462	 0.25507	 0.26147	 0.27882	 0.30927	 0.34727	 0.38183	 0.40877	 0.43105	 0.44760	 0.45376	 0.44577	 0.43020	 0.41550	 0.40428	 0.39629	 0.39153	 0.38765	 0.38230	 0.37877	 0.37867	 0.38472	 0.39886	 0.42139	 0.44874	 0.47768	 0.50549	 0.53237	 0.56543	 0.61484	 0.67442	 0.73381	 0.78153	 0.81013	 0.82438	 0.83116	 0.83301	 0.83011	 0.82439	 0.81689	 0.80843	 0.79930	 0.79132	 0.78540	 0.78085	 0.77620	 0.77177	 0.76770	 0.76130	 0.75256	 0.74061	 0.72810	 0.71529	 0.70336	 0.69444	 0.68747	 0.68266	 0.68257	 0.68589	 0.68607	 0.67432	 0.64550	 0.60552	 0.56131	 0.51874	 0.48011	 0.44738	 0.41941	 0.39696	 0.37835	 0.36402
21 	 0.25526	 0.25571	 0.26229	 0.27999	 0.31096	 0.34967	 0.38489	 0.41238	 0.43517	 0.45216	 0.45843	 0.45021	 0.43431	 0.41935	 0.40791	 0.39980	 0.39500	 0.39096	 0.38544	 0.38197	 0.38200	 0.38819	 0.40242	 0.42538	 0.45338	 0.48303	 0.51153	 0.53902	 0.57273	 0.62305	 0.68378	 0.74436	 0.79313	 0.82229	 0.83676	 0.84370	 0.84571	 0.84281	 0.83719	 0.82978	 0.82127	 0.81192	 0.80397	 0.79810	 0.79350	 0.78871	 0.78421	 0.78018	 0.77380	 0.76483	 0.75266	 0.73998	 0.72683	 0.71462	 0.70545	 0.69830	 0.69328	 0.69299	 0.69607	 0.69608	 0.68365	 0.65359	 0.61192	 0.56649	 0.52321	 0.48398	 0.45038	 0.42162	 0.39821	 0.38027	 0.36553
26 	 0.25522	 0.25562	 0.26219	 0.27974	 0.31080	 0.34940	 0.38460	 0.41201	 0.43461	 0.45155	 0.45778	 0.44958	 0.43376	 0.41885	 0.40744	 0.39930	 0.39442	 0.39040	 0.38497	 0.38151	 0.38146	 0.38762	 0.40189	 0.42483	 0.45267	 0.48216	 0.51055	 0.53786	 0.57128	 0.62132	 0.68163	 0.74189	 0.79035	 0.81939	 0.83379	 0.84069	 0.84251	 0.83972	 0.83408	 0.82656	 0.81809	 0.80873	 0.80070	 0.79481	 0.79025	 0.78554	 0.78095	 0.77689	 0.77051	 0.76175	 0.74969	 0.73703	 0.72401	 0.71199	 0.70298	 0.69575	 0.69074	 0.69047	 0.69360	 0.69380	 0.68161	 0.65209	 0.61110	 0.56601	 0.52218	 0.48315	 0.44980	 0.42159	 0.39855	 0.38056	 0.36582
31 	 0.25523	 0.25565	 0.26204	 0.27965	 0.31066	 0.34908	 0.38415	 0.41152	 0.43398	 0.45084	 0.45720	 0.44899	 0.43315	 0.41826	 0.40680	 0.39879	 0.39390	 0.38994	 0.38454	 0.38108	 0.38099	 0.38706	 0.40136	 0.42417	 0.45198	 0.48132	 0.50970	 0.53679	 0.56993	 0.61978	 0.67988	 0.73984	 0.78810	 0.81700	 0.83148	 0.83842	 0.84029	 0.83758	 0.83185	 0.82424	 0.81560	 0.80635	 0.79835	 0.79241	 0.78781	 0.78315	 0.77866	 0.77451	 0.76810	 0.75942	 0.74761	 0.73479	 0.72188	 0.70998	 0.70089	 0.69358	 0.68861	 0.68852	 0.69174	 0.69199	 0.68010	 0.65104	 0.61037	 0.56526	 0.52192	 0.48322	 0.45050	 0.42160	 0.39871	 0.37984	 0.36537
36 	 0.25338	 0.25382	 0.26024	 0.27758	 0.30819	 0.34605	 0.38067	 0.40763	 0.42964	 0.44623	 0.45251	 0.44450	 0.42886	 0.41422	 0.40282	 0.39488	 0.38996	 0.38607	 0.38086	 0.37735	 0.37717	 0.38326	 0.39751	 0.42013	 0.44747	 0.47647	 0.50446	 0.53121	 0.56405	 0.61348	 0.67305	 0.73237	 0.78000	 0.80856	 0.82272	 0.82933	 0.83098	 0.82822	 0.82251	 0.81479	 0.80621	 0.79695	 0.78909	 0.78334	 0.77865	 0.77396	 0.76960	 0.76539	 0.75892	 0.75040	 0.73871	 0.72598	 0.71313	 0.70133	 0.69230	 0.68506	 0.68026	 0.68032	 0.68374	 0.68442	 0.67310	 0.64481	 0.60495	 0.56090	 0.51787	 0.47969	 0.44689	 0.41861	 0.39658	 0.37788	 0.36342
41 	 0.25485	 0.25538	 0.26182	 0.27952	 0.31078	 0.34946	 0.38466	 0.41214	 0.43462	 0.45162	 0.45811	 0.44990	 0.43401	 0.41903	 0.40733	 0.39927	 0.39423	 0.39023	 0.38501	 0.38144	 0.38137	 0.38761	 0.40218	 0.42527	 0.45319	 0.48292	 0.51155	 0.53887	 0.57248	 0.62287	 0.68350	 0.74384	 0.79212	 0.82097	 0.83524	 0.84179	 0.84349	 0.84072	 0.83485	 0.82713	 0.81850	 0.80925	 0.80129	 0.79546	 0.79082	 0.78612	 0.78179	 0.77739	 0.77082	 0.76216	 0.75027	 0.73745	 0.72442	 0.71238	 0.70313	 0.69559	 0.69063	 0.69064	 0.69382	 0.69402	 0.68185	 0.65232	 0.61103	 0.56566	 0.52256	 0.48333	 0.44993	 0.42154	 0.39744	 0.37916	 0.36469
46 	 0.25510	 0.25560	 0.26204	 0.27972	 0.31086	 0.34937	 0.38451	 0.41190	 0.43425	 0.45118	 0.45753	 0.44944	 0.43370	 0.41879	 0.40712	 0.39898	 0.39398	 0.38999	 0.38483	 0.38129	 0.38116	 0.38733	 0.40183	 0.42487	 0.45273	 0.48234	 0.51079	 0.53801	 0.57138	 0.62153	 0.68178	 0.74189	 0.79014	 0.81901	 0.83329	 0.83986	 0.84154	 0.83874	 0.83287	 0.82511	 0.81637	 0.80709	 0.79914	 0.79333	 0.78875	 0.78413	 0.77968	 0.77534	 0.76873	 0.76011	 0.74825	 0.73548	 0.72245	 0.71054	 0.70129	 0.69370	 0.68889	 0.68888	 0.69222	 0.69262	 0.68065	 0.65131	 0.61055	 0.56545	 0.52171	 0.48334	 0.44991	 0.42159	 0.39769	 0.38000	 0.36552
2	0	0	0	0	0	0	0	0	0	0	0	0	0	0	0	0	0	0	0	0	0	0	0	0	0	0	0	0	0	0	0	0	0	0	0	0	0	0	0	0	0	0	0	0	0	0	0	0	0	0	0	0	0	0	0	0	0	0	0	0	0	0	0	0	0	0	0	0	0	0	0
7	0	0	0	0	0	0	0	0	0	0	0	0	0	0	0	0	0	0	0	0	0	0	0	0	0	0	0	0	0	0	0	0	0	0	0	0	0	0	0	0	0	0	0	0	0	0	0	0	0	0	0	0	0	0	0	0	0	0	0	0	0	0	0	0	0	0	0	0	0	0	0
12	0	0	0	0	0	0	0	0	0	0	0	0	0	0	0	0	0	0	0	0	0	0	0	0	0	0	0	0	0	0	0	0	0	0	0	0	0	0	0	0	0	0	0	0	0	0	0	0	0	0	0	0	0	0	0	0	0	0	0	0	0	0	0	0	0	0	0	0	0	0	0
17	0	0	0	0	0	0	0	0	0	0	0	0	0	0	0	0	0	0	0	0	0	0	0	0	0	0	0	0	0	0	0	0	0	0	0	0	0	0	0	0	0	0	0	0	0	0	0	0	0	0	0	0	0	0	0	0	0	0	0	0	0	0	0	0	0	0	0	0	0	0	0
22	0	0	0	0	0	0	0	0	0	0	0	0	0	0	0	0	0	0	0	0	0	0	0	0	0	0	0	0	0	0	0	0	0	0	0	0	0	0	0	0	0	0	0	0	0	0	0	0	0	0	0	0	0	0	0	0	0	0	0	0	0	0	0	0	0	0	0	0	0	0	0
27	0	0	0	0	0	0	0	0	0	0	0	0	0	0	0	0	0	0	0	0	0	0	0	0	0	0	0	0	0	0	0	0	0	0	0	0	0	0	0	0	0	0	0	0	0	0	0	0	0	0	0	0	0	0	0	0	0	0	0	0	0	0	0	0	0	0	0	0	0	0	0
32	0	0	0	0	0	0	0	0	0	0	0	0	0	0	0	0	0	0	0	0	0	0	0	0	0	0	0	0	0	0	0	0	0	0	0	0	0	0	0	0	0	0	0	0	0	0	0	0	0	0	0	0	0	0	0	0	0	0	0	0	0	0	0	0	0	0	0	0	0	0	0
37	0	0	0	0	0	0	0	0	0	0	0	0	0	0	0	0	0	0	0	0	0	0	0	0	0	0	0	0	0	0	0	0	0	0	0	0	0	0	0	0	0	0	0	0	0	0	0	0	0	0	0	0	0	0	0	0	0	0	0	0	0	0	0	0	0	0	0	0	0	0	0
42	0	0	0	0	0	0	0	0	0	0	0	0	0	0	0	0	0	0	0	0	0	0	0	0	0	0	0	0	0	0	0	0	0	0	0	0	0	0	0	0	0	0	0	0	0	0	0	0	0	0	0	0	0	0	0	0	0	0	0	0	0	0	0	0	0	0	0	0	0	0	0
47	0	0	0	0	0	0	0	0	0	0	0	0	0	0	0	0	0	0	0	0	0	0	0	0	0	0	0	0	0	0	0	0	0	0	0	0	0	0	0	0	0	0	0	0	0	0	0	0	0	0	0	0	0	0	0	0	0	0	0	0	0	0	0	0	0	0	0	0	0	0	0
3 	 0.25533	 0.25609	 0.26188	 0.27668	 0.30259	 0.33448	 0.36283	 0.38409	 0.40119	 0.41391	 0.41894	 0.41226	 0.39955	 0.38803	 0.37937	 0.37285	 0.36902	 0.36601	 0.36175	 0.35987	 0.36073	 0.36666	 0.37905	 0.39803	 0.41991	 0.44225	 0.46397	 0.48581	 0.51470	 0.55850	 0.60962	 0.65803	 0.69448	 0.71545	 0.72552	 0.73040	 0.73140	 0.72812	 0.72242	 0.71486	 0.70643	 0.69781	 0.69059	 0.68509	 0.68049	 0.67572	 0.67136	 0.66767	 0.66235	 0.65546	 0.64583	 0.63594	 0.62579	 0.61625	 0.60962	 0.60466	 0.60088	 0.60089	 0.60379	 0.60516	 0.59965	 0.58121	 0.55248	 0.51822	 0.48448	 0.45328	 0.42619	 0.40233	 0.38350	 0.36684	 0.35412
8 	 0.25271	 0.25354	 0.25932	 0.27432	 0.30060	 0.33266	 0.36112	 0.38243	 0.39943	 0.41227	 0.41747	 0.41079	 0.39793	 0.38630	 0.37751	 0.37098	 0.36707	 0.36409	 0.35993	 0.35801	 0.35886	 0.36493	 0.37763	 0.39690	 0.41891	 0.44155	 0.46356	 0.48565	 0.51473	 0.55898	 0.61053	 0.65931	 0.69578	 0.71679	 0.72681	 0.73147	 0.73217	 0.72893	 0.72315	 0.71535	 0.70679	 0.69812	 0.69082	 0.68540	 0.68077	 0.67596	 0.67160	 0.66776	 0.66229	 0.65538	 0.64570	 0.63572	 0.62557	 0.61608	 0.60942	 0.60415	 0.60036	 0.60030	 0.60320	 0.60453	 0.59847	 0.57978	 0.55071	 0.51616	 0.48166	 0.45051	 0.42371	 0.39940	 0.37971	 0.36419	 0.35105
13 	 0.25244	 0.25326	 0.25910	 0.27412	 0.30037	 0.33238	 0.36078	 0.38193	 0.39892	 0.41174	 0.41690	 0.41028	 0.39745	 0.38573	 0.37691	 0.37036	 0.36641	 0.36348	 0.35949	 0.35753	 0.35835	 0.36434	 0.37713	 0.39639	 0.41836	 0.44098	 0.46296	 0.48503	 0.51418	 0.55837	 0.60981	 0.65842	 0.69476	 0.71556	 0.72543	 0.72991	 0.73056	 0.72712	 0.72124	 0.71338	 0.70486	 0.69621	 0.68891	 0.68348	 0.67881	 0.67407	 0.66972	 0.66586	 0.66041	 0.65355	 0.64388	 0.63382	 0.62365	 0.61421	 0.60747	 0.60227	 0.59853	 0.59872	 0.60161	 0.60287	 0.59701	 0.57828	 0.54949	 0.51507	 0.48074	 0.44943	 0.42240	 0.39922	 0.37966	 0.36307	 0.35068
18 	 0.24847	 0.24931	 0.25523	 0.27034	 0.29656	 0.32882	 0.35720	 0.37827	 0.39532	 0.40809	 0.41313	 0.40653	 0.39368	 0.38203	 0.37331	 0.36675	 0.36294	 0.35993	 0.35575	 0.35383	 0.35473	 0.36076	 0.37346	 0.39265	 0.41467	 0.43742	 0.45946	 0.48176	 0.51137	 0.55568	 0.60737	 0.65633	 0.69320	 0.71408	 0.72389	 0.72852	 0.72930	 0.72564	 0.71967	 0.71197	 0.70351	 0.69477	 0.68741	 0.68197	 0.67726	 0.67225	 0.66786	 0.66424	 0.65877	 0.65150	 0.64144	 0.63155	 0.62141	 0.61179	 0.60514	 0.60035	 0.59664	 0.59660	 0.59952	 0.60040	 0.59405	 0.57511	 0.54578	 0.51126	 0.47662	 0.44538	 0.41853	 0.39507	 0.37542	 0.35945	 0.34688
23 	 0.24845	 0.24928	 0.25532	 0.27052	 0.29693	 0.32951	 0.35816	 0.37944	 0.39671	 0.40960	 0.41469	 0.40801	 0.39507	 0.38341	 0.37457	 0.36790	 0.36402	 0.36099	 0.35681	 0.35479	 0.35579	 0.36194	 0.37460	 0.39401	 0.41630	 0.43930	 0.46155	 0.48414	 0.51391	 0.55859	 0.61074	 0.66013	 0.69742	 0.71854	 0.72846	 0.73314	 0.73400	 0.73032	 0.72432	 0.71662	 0.70820	 0.69939	 0.69202	 0.68656	 0.68190	 0.67682	 0.67243	 0.66876	 0.66334	 0.65612	 0.64606	 0.63599	 0.62573	 0.61595	 0.60915	 0.60441	 0.60063	 0.60064	 0.60363	 0.60468	 0.59850	 0.57930	 0.54954	 0.51450	 0.47935	 0.44777	 0.42050	 0.39674	 0.37658	 0.36067	 0.34784
28 	 0.24778	 0.24866	 0.25463	 0.26981	 0.29645	 0.32907	 0.35787	 0.37931	 0.39661	 0.40969	 0.41479	 0.40805	 0.39504	 0.38323	 0.37437	 0.36769	 0.36373	 0.36070	 0.35650	 0.35455	 0.35549	 0.36163	 0.37449	 0.39394	 0.41640	 0.43957	 0.46201	 0.48465	 0.51457	 0.55939	 0.61184	 0.66154	 0.69902	 0.72031	 0.73029	 0.73498	 0.73581	 0.73222	 0.72626	 0.71850	 0.70991	 0.70112	 0.69367	 0.68812	 0.68348	 0.67854	 0.67420	 0.67048	 0.66500	 0.65781	 0.64775	 0.63750	 0.62707	 0.61732	 0.61056	 0.60556	 0.60173	 0.60179	 0.60465	 0.60592	 0.59949	 0.57992	 0.55000	 0.51434	 0.47935	 0.44767	 0.42013	 0.39592	 0.37647	 0.36023	 0.34692
33 	 0.24669	 0.24755	 0.25349	 0.26871	 0.29538	 0.32801	 0.35687	 0.37837	 0.39566	 0.40867	 0.41395	 0.40717	 0.39412	 0.38237	 0.37341	 0.36668	 0.36261	 0.35961	 0.35558	 0.35357	 0.35445	 0.36065	 0.37363	 0.39318	 0.41570	 0.43891	 0.46143	 0.48394	 0.51365	 0.55869	 0.61110	 0.66068	 0.69795	 0.71915	 0.72905	 0.73370	 0.73439	 0.73095	 0.72495	 0.71705	 0.70850	 0.69976	 0.69236	 0.68690	 0.68231	 0.67743	 0.67305	 0.66905	 0.66354	 0.65653	 0.64674	 0.63646	 0.62599	 0.61630	 0.60937	 0.60409	 0.60021	 0.60034	 0.60329	 0.60455	 0.59827	 0.57878	 0.54883	 0.51340	 0.47839	 0.44669	 0.41869	 0.39427	 0.37489	 0.35887	 0.34628
38 	 0.24667	 0.24752	 0.25347	 0.26868	 0.29542	 0.32805	 0.35698	 0.37856	 0.39578	 0.40885	 0.41416	 0.40742	 0.39436	 0.38261	 0.37353	 0.36681	 0.36278	 0.35984	 0.35584	 0.35380	 0.35466	 0.36089	 0.37398	 0.39365	 0.41617	 0.43942	 0.46198	 0.48461	 0.51443	 0.55957	 0.61212	 0.66188	 0.69923	 0.72051	 0.73047	 0.73505	 0.73581	 0.73228	 0.72626	 0.71832	 0.70973	 0.70099	 0.69356	 0.68810	 0.68343	 0.67865	 0.67434	 0.67032	 0.66468	 0.65764	 0.64780	 0.63743	 0.62696	 0.61724	 0.61014	 0.60476	 0.60101	 0.60113	 0.60416	 0.60551	 0.59936	 0.57968	 0.54947	 0.51411	 0.47889	 0.44706	 0.41920	 0.39466	 0.37515	 0.35976	 0.34590
43 	 0.24613	 0.24702	 0.25303	 0.26836	 0.29514	 0.32775	 0.35658	 0.37813	 0.39534	 0.40842	 0.41373	 0.40703	 0.39396	 0.38208	 0.37297	 0.36633	 0.36226	 0.35924	 0.35530	 0.35326	 0.35413	 0.36043	 0.37358	 0.39324	 0.41583	 0.43915	 0.46175	 0.48440	 0.51423	 0.55945	 0.61189	 0.66154	 0.69879	 0.72001	 0.72981	 0.73421	 0.73484	 0.73131	 0.72516	 0.71714	 0.70853	 0.69984	 0.69249	 0.68713	 0.68248	 0.67775	 0.67333	 0.66930	 0.66367	 0.65660	 0.64670	 0.63631	 0.62590	 0.61622	 0.60907	 0.60376	 0.60000	 0.60018	 0.60294	 0.60387	 0.59725	 0.57762	 0.54752	 0.51225	 0.47692	 0.44484	 0.41749	 0.39294	 0.37403	 0.35747	 0.34481
48 	 0.24668	 0.24751	 0.25343	 0.26861	 0.29527	 0.32767	 0.35626	 0.37768	 0.39473	 0.40767	 0.41295	 0.40629	 0.39347	 0.38173	 0.37264	 0.36591	 0.36177	 0.35882	 0.35506	 0.35301	 0.35386	 0.36001	 0.37308	 0.39260	 0.41492	 0.43812	 0.46055	 0.48292	 0.51258	 0.55735	 0.60929	 0.65854	 0.69554	 0.71659	 0.72640	 0.73080	 0.73140	 0.72787	 0.72174	 0.71373	 0.70504	 0.69633	 0.68897	 0.68373	 0.67908	 0.67436	 0.67007	 0.66599	 0.66035	 0.65336	 0.64354	 0.63332	 0.62295	 0.61331	 0.60634	 0.60094	 0.59739	 0.59783	 0.60086	 0.60216	 0.59612	 0.57694	 0.54754	 0.51231	 0.47752	 0.44569	 0.41835	 0.39422	 0.37499	 0.35883	 0.34599
4 	 0.25456	 0.25530	 0.26057	 0.27428	 0.29830	 0.32792	 0.35410	 0.37316	 0.38833	 0.39972	 0.40427	 0.39777	 0.38551	 0.37438	 0.36581	 0.35920	 0.35531	 0.35234	 0.34831	 0.34671	 0.34777	 0.35359	 0.36553	 0.38366	 0.40435	 0.42549	 0.44611	 0.46746	 0.49697	 0.54157	 0.59289	 0.63990	 0.67376	 0.69253	 0.70105	 0.70495	 0.70522	 0.70122	 0.69465	 0.68642	 0.67730	 0.66820	 0.66064	 0.65462	 0.64958	 0.64464	 0.64001	 0.63608	 0.63069	 0.62403	 0.61484	 0.60554	 0.59600	 0.58721	 0.58140	 0.57709	 0.57426	 0.57518	 0.57913	 0.58288	 0.58141	 0.56834	 0.54479	 0.51542	 0.48507	 0.45715	 0.43262	 0.41027	 0.39221	 0.37596	 0.36418
9 	 0.25194	 0.25264	 0.25800	 0.27202	 0.29664	 0.32669	 0.35327	 0.37262	 0.38792	 0.39950	 0.40428	 0.39757	 0.38504	 0.37375	 0.36494	 0.35836	 0.35431	 0.35126	 0.34738	 0.34575	 0.34680	 0.35289	 0.36530	 0.38394	 0.40507	 0.42671	 0.44781	 0.46962	 0.49965	 0.54521	 0.59748	 0.64528	 0.67945	 0.69826	 0.70671	 0.71038	 0.71053	 0.70647	 0.69958	 0.69117	 0.68196	 0.67282	 0.66513	 0.65907	 0.65396	 0.64899	 0.64426	 0.64021	 0.63463	 0.62790	 0.61871	 0.60920	 0.59952	 0.59065	 0.58451	 0.57990	 0.57701	 0.57800	 0.58198	 0.58550	 0.58380	 0.57033	 0.54617	 0.51605	 0.48523	 0.45647	 0.43167	 0.40921	 0.38965	 0.37509	 0.36223
14 	 0.24797	 0.24859	 0.25385	 0.26783	 0.29229	 0.32215	 0.34832	 0.36744	 0.38253	 0.39401	 0.39869	 0.39220	 0.37976	 0.36847	 0.35975	 0.35313	 0.34908	 0.34614	 0.34230	 0.34067	 0.34163	 0.34758	 0.35993	 0.37841	 0.39937	 0.42087	 0.44171	 0.46343	 0.49328	 0.53850	 0.59042	 0.63805	 0.67233	 0.69104	 0.69936	 0.70289	 0.70289	 0.69868	 0.69170	 0.68314	 0.67395	 0.66488	 0.65715	 0.65115	 0.64610	 0.64112	 0.63653	 0.63236	 0.62671	 0.62003	 0.61075	 0.60127	 0.59159	 0.58280	 0.57676	 0.57216	 0.56939	 0.57046	 0.57451	 0.57806	 0.57640	 0.56290	 0.53927	 0.50926	 0.47894	 0.45057	 0.42595	 0.40332	 0.38520	 0.36994	 0.35667
19 	 0.24736	 0.24807	 0.25354	 0.26744	 0.29168	 0.32169	 0.34786	 0.36670	 0.38191	 0.39338	 0.39787	 0.39140	 0.37901	 0.36773	 0.35904	 0.35244	 0.34849	 0.34549	 0.34149	 0.33986	 0.34093	 0.34684	 0.35913	 0.37756	 0.39858	 0.42011	 0.44104	 0.46291	 0.49317	 0.53869	 0.59102	 0.63914	 0.67390	 0.69296	 0.70132	 0.70496	 0.70512	 0.70065	 0.69363	 0.68514	 0.67593	 0.66668	 0.65872	 0.65258	 0.64753	 0.64243	 0.63777	 0.63375	 0.62805	 0.62101	 0.61148	 0.60207	 0.59236	 0.58339	 0.57733	 0.57308	 0.57024	 0.57128	 0.57547	 0.57896	 0.57728	 0.56380	 0.53969	 0.50967	 0.47936	 0.45073	 0.42625	 0.40369	 0.38523	 0.36963	 0.35718
24 	 0.24558	 0.24632	 0.25191	 0.26600	 0.29069	 0.32114	 0.34770	 0.36684	 0.38232	 0.39393	 0.39844	 0.39183	 0.37938	 0.36805	 0.35921	 0.35250	 0.34856	 0.34549	 0.34149	 0.33990	 0.34108	 0.34718	 0.35952	 0.37815	 0.39949	 0.42138	 0.44262	 0.46483	 0.49543	 0.54127	 0.59397	 0.64222	 0.67701	 0.69597	 0.70426	 0.70784	 0.70810	 0.70364	 0.69673	 0.68834	 0.67913	 0.66986	 0.66203	 0.65601	 0.65096	 0.64581	 0.64111	 0.63724	 0.63162	 0.62463	 0.61508	 0.60557	 0.59579	 0.58679	 0.58077	 0.57649	 0.57358	 0.57446	 0.57843	 0.58198	 0.57996	 0.56585	 0.54127	 0.51069	 0.47958	 0.45096	 0.42585	 0.40295	 0.38478	 0.36848	 0.35582
29 	 0.24022	 0.24093	 0.24637	 0.26029	 0.28478	 0.31480	 0.34105	 0.36015	 0.37536	 0.38687	 0.39148	 0.38494	 0.37246	 0.36120	 0.35247	 0.34580	 0.34180	 0.33874	 0.33480	 0.33317	 0.33439	 0.34037	 0.35260	 0.37115	 0.39235	 0.41409	 0.43524	 0.45730	 0.48775	 0.53351	 0.58641	 0.63504	 0.67017	 0.68948	 0.69790	 0.70157	 0.70174	 0.69743	 0.69042	 0.68188	 0.67254	 0.66316	 0.65525	 0.64908	 0.64399	 0.63888	 0.63427	 0.63025	 0.62455	 0.61765	 0.60810	 0.59843	 0.58852	 0.57949	 0.57342	 0.56900	 0.56616	 0.56722	 0.57142	 0.57521	 0.57336	 0.55955	 0.53513	 0.50484	 0.47351	 0.44533	 0.42006	 0.39752	 0.37844	 0.36353	 0.35031
34 	 0.24152	 0.24223	 0.24769	 0.26185	 0.28683	 0.31730	 0.34404	 0.36349	 0.37895	 0.39075	 0.39545	 0.38884	 0.37618	 0.36473	 0.35586	 0.34923	 0.34512	 0.34208	 0.33818	 0.33652	 0.33765	 0.34380	 0.35631	 0.37514	 0.39663	 0.41864	 0.43999	 0.46206	 0.49244	 0.53828	 0.59098	 0.63932	 0.67402	 0.69291	 0.70125	 0.70491	 0.70501	 0.70081	 0.69387	 0.68538	 0.67617	 0.66694	 0.65926	 0.65328	 0.64825	 0.64323	 0.63864	 0.63458	 0.62890	 0.62212	 0.61280	 0.60314	 0.59329	 0.58427	 0.57812	 0.57353	 0.57065	 0.57175	 0.57569	 0.57910	 0.57686	 0.56250	 0.53783	 0.50697	 0.47584	 0.44705	 0.42137	 0.39859	 0.37972	 0.36420	 0.35162
39 	 0.23893	 0.23959	 0.24504	 0.25923	 0.28418	 0.31453	 0.34128	 0.36067	 0.37605	 0.38781	 0.39260	 0.38604	 0.37339	 0.36193	 0.35291	 0.34627	 0.34221	 0.33914	 0.33534	 0.33368	 0.33480	 0.34098	 0.35361	 0.37247	 0.39406	 0.41622	 0.43771	 0.45994	 0.49046	 0.53671	 0.58988	 0.63867	 0.67375	 0.69295	 0.70147	 0.70506	 0.70507	 0.70085	 0.69380	 0.68508	 0.67580	 0.66662	 0.65880	 0.65278	 0.64766	 0.64263	 0.63808	 0.63385	 0.62813	 0.62128	 0.61178	 0.60207	 0.59212	 0.58307	 0.57676	 0.57209	 0.56921	 0.57027	 0.57433	 0.57806	 0.57581	 0.56169	 0.53686	 0.50571	 0.47442	 0.44515	 0.41969	 0.39666	 0.37735	 0.36227	 0.34946
44 	 0.23785	 0.23848	 0.24386	 0.25813	 0.28313	 0.31352	 0.34019	 0.35968	 0.37505	 0.38677	 0.39161	 0.38502	 0.37237	 0.36082	 0.35180	 0.34513	 0.34097	 0.33796	 0.33422	 0.33258	 0.33368	 0.33986	 0.35256	 0.37147	 0.39308	 0.41533	 0.43685	 0.45913	 0.48978	 0.53612	 0.58941	 0.63833	 0.67336	 0.69256	 0.70097	 0.70441	 0.70445	 0.70021	 0.69309	 0.68442	 0.67503	 0.66579	 0.65802	 0.65200	 0.64689	 0.64189	 0.63729	 0.63306	 0.62721	 0.62038	 0.61086	 0.60103	 0.59116	 0.58209	 0.57570	 0.57096	 0.56816	 0.56929	 0.57335	 0.57701	 0.57462	 0.56004	 0.53506	 0.50380	 0.47256	 0.44342	 0.41823	 0.39464	 0.37608	 0.36085	 0.34790
49 	 0.23882	 0.23951	 0.24489	 0.25916	 0.28425	 0.31476	 0.34150	 0.36092	 0.37628	 0.38808	 0.39287	 0.38638	 0.37377	 0.36231	 0.35316	 0.34646	 0.34226	 0.33915	 0.33552	 0.33392	 0.33500	 0.34116	 0.35392	 0.37276	 0.39424	 0.41645	 0.43791	 0.46010	 0.49056	 0.53651	 0.58924	 0.63761	 0.67230	 0.69129	 0.69959	 0.70299	 0.70299	 0.69884	 0.69183	 0.68319	 0.67387	 0.66475	 0.65704	 0.65120	 0.64613	 0.64120	 0.63684	 0.63254	 0.62669	 0.61991	 0.61051	 0.60083	 0.59099	 0.58202	 0.57558	 0.57098	 0.56820	 0.56940	 0.57351	 0.57717	 0.57490	 0.56046	 0.53585	 0.50478	 0.47307	 0.44447	 0.41895	 0.39606	 0.37715	 0.36193	 0.34911
5 	 0.27324	 0.27423	 0.28050	 0.29643	 0.32423	 0.35855	 0.38921	 0.41207	 0.43033	 0.44377	 0.44872	 0.44118	 0.42713	 0.41435	 0.40480	 0.39763	 0.39345	 0.39039	 0.38611	 0.38422	 0.38542	 0.39214	 0.40581	 0.42674	 0.45090	 0.47576	 0.50018	 0.52505	 0.55823	 0.60900	 0.66950	 0.72842	 0.77444	 0.80209	 0.81625	 0.82324	 0.82484	 0.82128	 0.81433	 0.80507	 0.79477	 0.78402	 0.77471	 0.76728	 0.76100	 0.75478	 0.74926	 0.74436	 0.73744	 0.72855	 0.71668	 0.70438	 0.69193	 0.68048	 0.67218	 0.66596	 0.66211	 0.66279	 0.66671	 0.66868	 0.66103	 0.63809	 0.60382	 0.56416	 0.52511	 0.49003	 0.45978	 0.43322	 0.41184	 0.39434	 0.38050
10 	 0.26960	 0.27066	 0.27690	 0.29286	 0.32081	 0.35511	 0.38572	 0.40853	 0.42660	 0.44004	 0.44507	 0.43749	 0.42342	 0.41074	 0.40110	 0.39400	 0.38970	 0.38662	 0.38246	 0.38052	 0.38174	 0.38854	 0.40246	 0.42343	 0.44759	 0.47267	 0.49724	 0.52217	 0.55557	 0.60671	 0.66753	 0.72674	 0.77280	 0.80039	 0.81427	 0.82088	 0.82232	 0.81875	 0.81162	 0.80225	 0.79190	 0.78105	 0.77159	 0.76418	 0.75801	 0.75183	 0.74627	 0.74129	 0.73413	 0.72529	 0.71343	 0.70096	 0.68851	 0.67708	 0.66866	 0.66239	 0.65847	 0.65919	 0.66324	 0.66536	 0.65778	 0.63471	 0.60018	 0.56034	 0.52152	 0.48607	 0.45639	 0.42972	 0.40753	 0.39112	 0.37643
15 	 0.26439	 0.26536	 0.27150	 0.28727	 0.31479	 0.34855	 0.37857	 0.40085	 0.41864	 0.43187	 0.43673	 0.42934	 0.41550	 0.40294	 0.39343	 0.38632	 0.38209	 0.37907	 0.37505	 0.37311	 0.37413	 0.38079	 0.39466	 0.41542	 0.43928	 0.46404	 0.48830	 0.51302	 0.54625	 0.59699	 0.65722	 0.71594	 0.76166	 0.78898	 0.80263	 0.80903	 0.81031	 0.80642	 0.79922	 0.78972	 0.77937	 0.76864	 0.75923	 0.75194	 0.74565	 0.73953	 0.73407	 0.72905	 0.72200	 0.71304	 0.70113	 0.68888	 0.67650	 0.66522	 0.65690	 0.65075	 0.64693	 0.64779	 0.65197	 0.65399	 0.64644	 0.62421	 0.59051	 0.55146	 0.51342	 0.47831	 0.44880	 0.42236	 0.40174	 0.38435	 0.37071
20 	 0.25901	 0.25995	 0.26623	 0.28202	 0.30927	 0.34311	 0.37309	 0.39530	 0.41327	 0.42647	 0.43122	 0.42386	 0.41000	 0.39750	 0.38795	 0.38085	 0.37671	 0.37366	 0.36946	 0.36756	 0.36873	 0.37536	 0.38907	 0.40976	 0.43375	 0.45857	 0.48284	 0.50785	 0.54138	 0.59223	 0.65280	 0.71204	 0.75857	 0.78624	 0.80007	 0.80669	 0.80821	 0.80410	 0.79686	 0.78756	 0.77719	 0.76630	 0.75672	 0.74936	 0.74316	 0.73675	 0.73122	 0.72650	 0.71944	 0.71009	 0.69779	 0.68562	 0.67322	 0.66172	 0.65344	 0.64768	 0.64391	 0.64469	 0.64894	 0.65077	 0.64293	 0.62036	 0.58641	 0.54742	 0.50885	 0.47418	 0.44436	 0.41761	 0.39664	 0.37980	 0.36578
25 	 0.25712	 0.25809	 0.26434	 0.28001	 0.30711	 0.34073	 0.37047	 0.39265	 0.41051	 0.42360	 0.42833	 0.42096	 0.40713	 0.39464	 0.38525	 0.37815	 0.37398	 0.37095	 0.36672	 0.36483	 0.36603	 0.37262	 0.38608	 0.40662	 0.43053	 0.45531	 0.47949	 0.50434	 0.53762	 0.58816	 0.64852	 0.70744	 0.75367	 0.78105	 0.79470	 0.80129	 0.80277	 0.79879	 0.79165	 0.78232	 0.77203	 0.76113	 0.75166	 0.74435	 0.73824	 0.73191	 0.72635	 0.72158	 0.71457	 0.70547	 0.69344	 0.68113	 0.66881	 0.65747	 0.64931	 0.64356	 0.63995	 0.64079	 0.64517	 0.64733	 0.64016	 0.61794	 0.58417	 0.54542	 0.50716	 0.47233	 0.44251	 0.41655	 0.39486	 0.37772	 0.36404
30 	 0.25669	 0.25779	 0.26394	 0.27962	 0.30699	 0.34062	 0.37051	 0.39267	 0.41050	 0.42369	 0.42853	 0.42111	 0.40722	 0.39474	 0.38532	 0.37815	 0.37396	 0.37094	 0.36675	 0.36484	 0.36604	 0.37264	 0.38626	 0.40679	 0.43070	 0.45546	 0.47973	 0.50449	 0.53764	 0.58814	 0.64841	 0.70721	 0.75327	 0.78072	 0.79440	 0.80090	 0.80231	 0.79837	 0.79122	 0.78185	 0.77149	 0.76066	 0.75110	 0.74375	 0.73764	 0.73136	 0.72588	 0.72103	 0.71404	 0.70510	 0.69304	 0.68074	 0.66836	 0.65704	 0.64881	 0.64293	 0.63929	 0.64020	 0.64441	 0.64659	 0.63929	 0.61707	 0.58345	 0.54417	 0.50606	 0.47102	 0.44129	 0.41544	 0.39329	 0.37738	 0.36288
35 	 0.25909	 0.26013	 0.26637	 0.28211	 0.30974	 0.34359	 0.37375	 0.39624	 0.41407	 0.42732	 0.43225	 0.42480	 0.41086	 0.39829	 0.38878	 0.38166	 0.37734	 0.37431	 0.37022	 0.36822	 0.36936	 0.37604	 0.38983	 0.41059	 0.43462	 0.45964	 0.48416	 0.50896	 0.54219	 0.59303	 0.65363	 0.71280	 0.75898	 0.78659	 0.80034	 0.80680	 0.80815	 0.80438	 0.79720	 0.78771	 0.77722	 0.76636	 0.75694	 0.74971	 0.74363	 0.73746	 0.73195	 0.72695	 0.71985	 0.71090	 0.69898	 0.68650	 0.67400	 0.66268	 0.65434	 0.64814	 0.64437	 0.64521	 0.64950	 0.65159	 0.64422	 0.62155	 0.58769	 0.54858	 0.50940	 0.47446	 0.44460	 0.41849	 0.39656	 0.37998	 0.36631
40 	 0.25862	 0.25959	 0.26586	 0.28190	 0.30984	 0.34391	 0.37433	 0.39700	 0.41500	 0.42849	 0.43345	 0.42600	 0.41200	 0.39933	 0.38959	 0.38245	 0.37807	 0.37503	 0.37099	 0.36905	 0.37019	 0.37693	 0.39098	 0.41200	 0.43629	 0.46153	 0.48624	 0.51135	 0.54484	 0.59598	 0.65678	 0.71612	 0.76248	 0.79004	 0.80373	 0.81015	 0.81143	 0.80755	 0.80028	 0.79072	 0.78030	 0.76956	 0.76011	 0.75287	 0.74668	 0.74054	 0.73504	 0.73000	 0.72289	 0.71393	 0.70194	 0.68943	 0.67696	 0.66556	 0.65696	 0.65067	 0.64689	 0.64786	 0.65172	 0.65353	 0.64542	 0.62230	 0.58804	 0.54849	 0.50940	 0.47409	 0.44388	 0.41768	 0.39601	 0.37912	 0.36503
45 	 0.25974	 0.26074	 0.26700	 0.28308	 0.31104	 0.34531	 0.37571	 0.39832	 0.41631	 0.42972	 0.43471	 0.42726	 0.41323	 0.40049	 0.39072	 0.38358	 0.37918	 0.37611	 0.37220	 0.37017	 0.37131	 0.37809	 0.39225	 0.41333	 0.43775	 0.46311	 0.48792	 0.51314	 0.54677	 0.59810	 0.65911	 0.71855	 0.76496	 0.79246	 0.80606	 0.81226	 0.81338	 0.80951	 0.80222	 0.79258	 0.78211	 0.77128	 0.76198	 0.75477	 0.74852	 0.74240	 0.73697	 0.73185	 0.72464	 0.71563	 0.70349	 0.69100	 0.67849	 0.66710	 0.65853	 0.65215	 0.64832	 0.64926	 0.65335	 0.65530	 0.64736	 0.62426	 0.58979	 0.55003	 0.51095	 0.47556	 0.44523	 0.41903	 0.39753	 0.38056	 0.36683
50 	 0.25955	 0.26055	 0.26674	 0.28275	 0.31077	 0.34486	 0.37527	 0.39794	 0.41591	 0.42931	 0.43435	 0.42693	 0.41296	 0.40026	 0.39033	 0.38313	 0.37870	 0.37561	 0.37180	 0.36975	 0.37088	 0.37765	 0.39183	 0.41292	 0.43730	 0.46276	 0.48759	 0.51277	 0.54653	 0.59786	 0.65882	 0.71827	 0.76472	 0.79230	 0.80599	 0.81221	 0.81334	 0.80950	 0.80218	 0.79253	 0.78200	 0.77123	 0.76179	 0.75470	 0.74859	 0.74248	 0.73709	 0.73193	 0.72467	 0.71560	 0.70358	 0.69097	 0.67853	 0.66708	 0.65846	 0.65208	 0.64831	 0.64934	 0.65345	 0.65556	 0.64778	 0.62467	 0.59021	 0.55066	 0.51146	 0.47603	 0.44559	 0.41894	 0.39735	 0.38087	 0.36631
