1 	 0.23874	 0.24025	 0.24785	 0.27008	 0.30573	 0.34420	 0.37705	 0.40261	 0.42354	 0.43890	 0.44234	 0.43230	 0.41537	 0.40086	 0.38976	 0.38308	 0.37917	 0.37554	 0.37063	 0.36680	 0.36713	 0.37567	 0.39252	 0.41630	 0.44450	 0.47508	 0.50278	 0.53012	 0.56542	 0.61750	 0.67943	 0.73862	 0.78592	 0.81374	 0.82737	 0.83347	 0.83549	 0.83367	 0.82886	 0.82184	 0.81449	 0.80653	 0.79960	 0.79478	 0.79092	 0.78774	 0.78325	 0.77924	 0.77340	 0.76421	 0.75306	 0.74168	 0.72973	 0.71781	 0.70798	 0.70111	 0.69791	 0.69891	 0.70504	 0.70853	 0.69557	 0.65973	 0.61661	 0.56783	 0.52222	 0.48411	 0.45041	 0.42356	 0.40063	 0.38208	 0.36706
6 	 0.23910	 0.24057	 0.24824	 0.27069	 0.30647	 0.34511	 0.37799	 0.40333	 0.42422	 0.43946	 0.44287	 0.43283	 0.41583	 0.40140	 0.39027	 0.38353	 0.37956	 0.37605	 0.37107	 0.36725	 0.36765	 0.37632	 0.39319	 0.41710	 0.44548	 0.47620	 0.50398	 0.53142	 0.56684	 0.61922	 0.68132	 0.74046	 0.78752	 0.81509	 0.82841	 0.83420	 0.83611	 0.83412	 0.82922	 0.82211	 0.81474	 0.80673	 0.79976	 0.79496	 0.79099	 0.78780	 0.78326	 0.77922	 0.77333	 0.76418	 0.75293	 0.74155	 0.72955	 0.71769	 0.70795	 0.70110	 0.69785	 0.69891	 0.70501	 0.70845	 0.69551	 0.65936	 0.61651	 0.56771	 0.52213	 0.48390	 0.45126	 0.42351	 0.40076	 0.38219	 0.36736
11 	 0.23774	 0.23923	 0.24693	 0.26924	 0.30494	 0.34342	 0.37606	 0.40105	 0.42181	 0.43686	 0.44023	 0.43023	 0.41339	 0.39902	 0.38789	 0.38120	 0.37725	 0.37370	 0.36879	 0.36499	 0.36541	 0.37407	 0.39091	 0.41481	 0.44313	 0.47382	 0.50146	 0.52885	 0.56429	 0.61670	 0.67877	 0.73766	 0.78434	 0.81141	 0.82453	 0.83011	 0.83183	 0.82969	 0.82465	 0.81747	 0.81008	 0.80209	 0.79504	 0.79019	 0.78623	 0.78306	 0.77851	 0.77443	 0.76857	 0.75935	 0.74811	 0.73668	 0.72471	 0.71296	 0.70322	 0.69651	 0.69338	 0.69446	 0.70068	 0.70445	 0.69169	 0.65603	 0.61343	 0.56520	 0.51992	 0.48207	 0.44934	 0.42182	 0.39900	 0.38090	 0.36647
16 	 0.23641	 0.23796	 0.24570	 0.26786	 0.30377	 0.34227	 0.37482	 0.39994	 0.42065	 0.43579	 0.43917	 0.42924	 0.41242	 0.39805	 0.38691	 0.38013	 0.37615	 0.37259	 0.36765	 0.36387	 0.36435	 0.37286	 0.38971	 0.41361	 0.44184	 0.47248	 0.50003	 0.52745	 0.56290	 0.61504	 0.67686	 0.73555	 0.78225	 0.80938	 0.82241	 0.82800	 0.82969	 0.82753	 0.82237	 0.81518	 0.80764	 0.79962	 0.79263	 0.78772	 0.78377	 0.78057	 0.77604	 0.77193	 0.76605	 0.75681	 0.74564	 0.73432	 0.72251	 0.71082	 0.70113	 0.69438	 0.69129	 0.69255	 0.69859	 0.70214	 0.68931	 0.65366	 0.61094	 0.56294	 0.51763	 0.48000	 0.44733	 0.42011	 0.39770	 0.37942	 0.36435
21 	 0.23491	 0.23646	 0.24403	 0.26623	 0.30212	 0.34064	 0.37329	 0.39865	 0.41937	 0.43460	 0.43807	 0.42810	 0.41110	 0.39663	 0.38551	 0.37876	 0.37467	 0.37121	 0.36626	 0.36247	 0.36292	 0.37144	 0.38837	 0.41232	 0.44060	 0.47144	 0.49928	 0.52687	 0.56252	 0.61501	 0.67748	 0.73687	 0.78415	 0.81172	 0.82509	 0.83070	 0.83250	 0.83035	 0.82520	 0.81800	 0.81048	 0.80239	 0.79538	 0.79037	 0.78649	 0.78330	 0.77871	 0.77461	 0.76871	 0.75930	 0.74805	 0.73660	 0.72468	 0.71271	 0.70279	 0.69590	 0.69273	 0.69390	 0.70007	 0.70370	 0.69073	 0.65489	 0.61178	 0.56327	 0.51776	 0.47990	 0.44664	 0.41902	 0.39682	 0.37837	 0.36285
26 	 0.23476	 0.23630	 0.24395	 0.26629	 0.30231	 0.34113	 0.37403	 0.39938	 0.42043	 0.43576	 0.43920	 0.42913	 0.41214	 0.39758	 0.38631	 0.37953	 0.37551	 0.37188	 0.36690	 0.36312	 0.36354	 0.37214	 0.38917	 0.41334	 0.44191	 0.47300	 0.50098	 0.52876	 0.56468	 0.61761	 0.68051	 0.74037	 0.78799	 0.81576	 0.82915	 0.83478	 0.83652	 0.83431	 0.82925	 0.82187	 0.81435	 0.80616	 0.79901	 0.79399	 0.79006	 0.78679	 0.78228	 0.77816	 0.77214	 0.76271	 0.75135	 0.73985	 0.72780	 0.71574	 0.70577	 0.69882	 0.69565	 0.69665	 0.70281	 0.70643	 0.69321	 0.65685	 0.61313	 0.56450	 0.51886	 0.47992	 0.44685	 0.41935	 0.39656	 0.37795	 0.36286
31 	 0.23394	 0.23544	 0.24311	 0.26539	 0.30119	 0.33973	 0.37248	 0.39762	 0.41844	 0.43363	 0.43705	 0.42704	 0.41010	 0.39564	 0.38447	 0.37778	 0.37374	 0.37017	 0.36521	 0.36145	 0.36187	 0.37044	 0.38737	 0.41137	 0.43987	 0.47066	 0.49848	 0.52611	 0.56174	 0.61440	 0.67690	 0.73637	 0.78357	 0.81112	 0.82433	 0.82990	 0.83161	 0.82940	 0.82425	 0.81693	 0.80940	 0.80127	 0.79418	 0.78915	 0.78516	 0.78199	 0.77739	 0.77327	 0.76726	 0.75797	 0.74662	 0.73508	 0.72303	 0.71115	 0.70138	 0.69462	 0.69143	 0.69251	 0.69877	 0.70259	 0.68973	 0.65401	 0.61071	 0.56239	 0.51718	 0.47875	 0.44608	 0.41880	 0.39532	 0.37728	 0.36197
36 	 0.23404	 0.23551	 0.24319	 0.26539	 0.30103	 0.33926	 0.37167	 0.39656	 0.41704	 0.43200	 0.43536	 0.42545	 0.40866	 0.39435	 0.38330	 0.37659	 0.37261	 0.36905	 0.36413	 0.36036	 0.36083	 0.36934	 0.38612	 0.40992	 0.43813	 0.46868	 0.49617	 0.52349	 0.55875	 0.61085	 0.67259	 0.73139	 0.77809	 0.80528	 0.81830	 0.82395	 0.82554	 0.82327	 0.81811	 0.81075	 0.80336	 0.79523	 0.78808	 0.78306	 0.77909	 0.77584	 0.77122	 0.76713	 0.76125	 0.75208	 0.74082	 0.72938	 0.71737	 0.70569	 0.69612	 0.68946	 0.68645	 0.68770	 0.69418	 0.69822	 0.68608	 0.65108	 0.60857	 0.56116	 0.51607	 0.47823	 0.44564	 0.41852	 0.39629	 0.37712	 0.36318
41 	 0.23509	 0.23656	 0.24425	 0.26690	 0.30284	 0.34157	 0.37430	 0.39932	 0.42013	 0.43530	 0.43871	 0.42866	 0.41174	 0.39727	 0.38604	 0.37924	 0.37525	 0.37162	 0.36666	 0.36293	 0.36336	 0.37196	 0.38892	 0.41301	 0.44162	 0.47256	 0.50031	 0.52783	 0.56344	 0.61600	 0.67814	 0.73721	 0.78413	 0.81140	 0.82441	 0.82984	 0.83145	 0.82913	 0.82397	 0.81657	 0.80909	 0.80096	 0.79378	 0.78882	 0.78481	 0.78157	 0.77696	 0.77284	 0.76686	 0.75764	 0.74638	 0.73491	 0.72298	 0.71109	 0.70152	 0.69476	 0.69169	 0.69293	 0.69921	 0.70303	 0.69024	 0.65455	 0.61177	 0.56337	 0.51810	 0.48021	 0.44694	 0.42013	 0.39713	 0.37848	 0.36360
46 	 0.23331	 0.23485	 0.24254	 0.26502	 0.30074	 0.33930	 0.37189	 0.39703	 0.41773	 0.43282	 0.43618	 0.42613	 0.40924	 0.39480	 0.38364	 0.37686	 0.37276	 0.36921	 0.36430	 0.36054	 0.36105	 0.36960	 0.38653	 0.41065	 0.43925	 0.47012	 0.49786	 0.52548	 0.56118	 0.61396	 0.67650	 0.73589	 0.78292	 0.81022	 0.82328	 0.82866	 0.83024	 0.82791	 0.82266	 0.81532	 0.80781	 0.79966	 0.79244	 0.78740	 0.78333	 0.78012	 0.77555	 0.77135	 0.76536	 0.75610	 0.74475	 0.73317	 0.72102	 0.70926	 0.69950	 0.69277	 0.68969	 0.69087	 0.69727	 0.70108	 0.68819	 0.65258	 0.60960	 0.56160	 0.51604	 0.47824	 0.44560	 0.41768	 0.39532	 0.37676	 0.36127
2	0	0	0	0	0	0	0	0	0	0	0	0	0	0	0	0	0	0	0	0	0	0	0	0	0	0	0	0	0	0	0	0	0	0	0	0	0	0	0	0	0	0	0	0	0	0	0	0	0	0	0	0	0	0	0	0	0	0	0	0	0	0	0	0	0	0	0	0	0	0	0
7	0	0	0	0	0	0	0	0	0	0	0	0	0	0	0	0	0	0	0	0	0	0	0	0	0	0	0	0	0	0	0	0	0	0	0	0	0	0	0	0	0	0	0	0	0	0	0	0	0	0	0	0	0	0	0	0	0	0	0	0	0	0	0	0	0	0	0	0	0	0	0
12	0	0	0	0	0	0	0	0	0	0	0	0	0	0	0	0	0	0	0	0	0	0	0	0	0	0	0	0	0	0	0	0	0	0	0	0	0	0	0	0	0	0	0	0	0	0	0	0	0	0	0	0	0	0	0	0	0	0	0	0	0	0	0	0	0	0	0	0	0	0	0
17	0	0	0	0	0	0	0	0	0	0	0	0	0	0	0	0	0	0	0	0	0	0	0	0	0	0	0	0	0	0	0	0	0	0	0	0	0	0	0	0	0	0	0	0	0	0	0	0	0	0	0	0	0	0	0	0	0	0	0	0	0	0	0	0	0	0	0	0	0	0	0
22	0	0	0	0	0	0	0	0	0	0	0	0	0	0	0	0	0	0	0	0	0	0	0	0	0	0	0	0	0	0	0	0	0	0	0	0	0	0	0	0	0	0	0	0	0	0	0	0	0	0	0	0	0	0	0	0	0	0	0	0	0	0	0	0	0	0	0	0	0	0	0
27	0	0	0	0	0	0	0	0	0	0	0	0	0	0	0	0	0	0	0	0	0	0	0	0	0	0	0	0	0	0	0	0	0	0	0	0	0	0	0	0	0	0	0	0	0	0	0	0	0	0	0	0	0	0	0	0	0	0	0	0	0	0	0	0	0	0	0	0	0	0	0
32	0	0	0	0	0	0	0	0	0	0	0	0	0	0	0	0	0	0	0	0	0	0	0	0	0	0	0	0	0	0	0	0	0	0	0	0	0	0	0	0	0	0	0	0	0	0	0	0	0	0	0	0	0	0	0	0	0	0	0	0	0	0	0	0	0	0	0	0	0	0	0
37	0	0	0	0	0	0	0	0	0	0	0	0	0	0	0	0	0	0	0	0	0	0	0	0	0	0	0	0	0	0	0	0	0	0	0	0	0	0	0	0	0	0	0	0	0	0	0	0	0	0	0	0	0	0	0	0	0	0	0	0	0	0	0	0	0	0	0	0	0	0	0
42	0	0	0	0	0	0	0	0	0	0	0	0	0	0	0	0	0	0	0	0	0	0	0	0	0	0	0	0	0	0	0	0	0	0	0	0	0	0	0	0	0	0	0	0	0	0	0	0	0	0	0	0	0	0	0	0	0	0	0	0	0	0	0	0	0	0	0	0	0	0	0
47	0	0	0	0	0	0	0	0	0	0	0	0	0	0	0	0	0	0	0	0	0	0	0	0	0	0	0	0	0	0	0	0	0	0	0	0	0	0	0	0	0	0	0	0	0	0	0	0	0	0	0	0	0	0	0	0	0	0	0	0	0	0	0	0	0	0	0	0	0	0	0
3 	 0.24003	 0.24184	 0.24896	 0.26784	 0.29750	 0.32844	 0.35356	 0.37181	 0.38644	 0.39720	 0.39913	 0.39106	 0.37802	 0.36760	 0.35930	 0.35427	 0.35118	 0.34870	 0.34516	 0.34291	 0.34418	 0.35239	 0.36695	 0.38609	 0.40749	 0.43034	 0.45107	 0.47274	 0.50286	 0.54778	 0.59937	 0.64510	 0.67957	 0.69855	 0.70741	 0.71128	 0.71229	 0.71012	 0.70522	 0.69851	 0.69136	 0.68390	 0.67736	 0.67293	 0.66929	 0.66623	 0.66192	 0.65816	 0.65325	 0.64613	 0.63729	 0.62853	 0.61936	 0.61030	 0.60349	 0.59921	 0.59737	 0.59902	 0.60528	 0.61087	 0.60515	 0.58217	 0.55268	 0.51761	 0.48355	 0.45450	 0.42845	 0.40622	 0.38728	 0.37123	 0.35961
8 	 0.23620	 0.23812	 0.24519	 0.26429	 0.29406	 0.32510	 0.35017	 0.36825	 0.38287	 0.39362	 0.39552	 0.38729	 0.37439	 0.36391	 0.35558	 0.35050	 0.34760	 0.34508	 0.34156	 0.33935	 0.34073	 0.34903	 0.36366	 0.38289	 0.40442	 0.42743	 0.44822	 0.46995	 0.50018	 0.54531	 0.59702	 0.64278	 0.67712	 0.69601	 0.70459	 0.70826	 0.70914	 0.70684	 0.70193	 0.69510	 0.68795	 0.68046	 0.67382	 0.66957	 0.66571	 0.66273	 0.65851	 0.65469	 0.64983	 0.64259	 0.63372	 0.62486	 0.61564	 0.60659	 0.59988	 0.59561	 0.59382	 0.59558	 0.60193	 0.60752	 0.60167	 0.57862	 0.54896	 0.51382	 0.47941	 0.44999	 0.42462	 0.40243	 0.38314	 0.36794	 0.35444
13 	 0.23612	 0.23799	 0.24503	 0.26412	 0.29382	 0.32474	 0.34965	 0.36756	 0.38200	 0.39265	 0.39452	 0.38637	 0.37349	 0.36302	 0.35475	 0.34968	 0.34677	 0.34424	 0.34077	 0.33854	 0.33988	 0.34820	 0.36276	 0.38202	 0.40355	 0.42638	 0.44706	 0.46876	 0.49902	 0.54406	 0.59552	 0.64102	 0.67517	 0.69368	 0.70205	 0.70561	 0.70641	 0.70407	 0.69909	 0.69226	 0.68502	 0.67753	 0.67096	 0.66661	 0.66284	 0.65983	 0.65560	 0.65185	 0.64681	 0.63969	 0.63090	 0.62206	 0.61290	 0.60392	 0.59732	 0.59302	 0.59133	 0.59302	 0.59943	 0.60514	 0.59935	 0.57673	 0.54731	 0.51243	 0.47806	 0.44945	 0.42334	 0.40186	 0.38266	 0.36713	 0.35369
18 	 0.23407	 0.23603	 0.24298	 0.26213	 0.29227	 0.32363	 0.34877	 0.36693	 0.38170	 0.39258	 0.39440	 0.38635	 0.37321	 0.36264	 0.35425	 0.34917	 0.34606	 0.34344	 0.33995	 0.33772	 0.33922	 0.34746	 0.36222	 0.38173	 0.40345	 0.42671	 0.44775	 0.46979	 0.50055	 0.54613	 0.59828	 0.64447	 0.67910	 0.69788	 0.70627	 0.70987	 0.71064	 0.70830	 0.70322	 0.69634	 0.68909	 0.68163	 0.67497	 0.67064	 0.66687	 0.66388	 0.65959	 0.65574	 0.65077	 0.64349	 0.63458	 0.62571	 0.61654	 0.60738	 0.60047	 0.59598	 0.59429	 0.59601	 0.60223	 0.60750	 0.60124	 0.57776	 0.54778	 0.51201	 0.47748	 0.44850	 0.42182	 0.39969	 0.38118	 0.36547	 0.35198
23 	 0.23326	 0.23521	 0.24216	 0.26128	 0.29124	 0.32248	 0.34760	 0.36578	 0.38051	 0.39126	 0.39318	 0.38514	 0.37207	 0.36147	 0.35305	 0.34801	 0.34494	 0.34236	 0.33885	 0.33666	 0.33804	 0.34630	 0.36095	 0.38032	 0.40198	 0.42517	 0.44610	 0.46807	 0.49867	 0.54401	 0.59606	 0.64205	 0.67667	 0.69553	 0.70417	 0.70774	 0.70854	 0.70616	 0.70111	 0.69431	 0.68707	 0.67950	 0.67287	 0.66850	 0.66473	 0.66170	 0.65741	 0.65370	 0.64862	 0.64131	 0.63242	 0.62364	 0.61454	 0.60537	 0.59845	 0.59407	 0.59237	 0.59421	 0.60047	 0.60618	 0.60026	 0.57717	 0.54705	 0.51146	 0.47710	 0.44726	 0.42181	 0.39967	 0.38096	 0.36535	 0.35255
28 	 0.23027	 0.23220	 0.23926	 0.25832	 0.28817	 0.31935	 0.34460	 0.36273	 0.37746	 0.38826	 0.39015	 0.38205	 0.36902	 0.35842	 0.35008	 0.34502	 0.34202	 0.33936	 0.33586	 0.33366	 0.33510	 0.34336	 0.35807	 0.37748	 0.39919	 0.42234	 0.44327	 0.46524	 0.49576	 0.54114	 0.59324	 0.63939	 0.67411	 0.69312	 0.70180	 0.70541	 0.70621	 0.70381	 0.69882	 0.69190	 0.68467	 0.67707	 0.67031	 0.66599	 0.66229	 0.65931	 0.65502	 0.65122	 0.64618	 0.63891	 0.62997	 0.62114	 0.61179	 0.60268	 0.59588	 0.59158	 0.58983	 0.59155	 0.59797	 0.60355	 0.59745	 0.57436	 0.54472	 0.50868	 0.47418	 0.44485	 0.41882	 0.39702	 0.37750	 0.36205	 0.34831
33 	 0.22685	 0.22878	 0.23586	 0.25501	 0.28495	 0.31632	 0.34179	 0.36003	 0.37483	 0.38563	 0.38757	 0.37941	 0.36630	 0.35568	 0.34734	 0.34226	 0.33926	 0.33664	 0.33315	 0.33090	 0.33238	 0.34072	 0.35552	 0.37507	 0.39691	 0.42030	 0.44135	 0.46343	 0.49407	 0.53974	 0.59199	 0.63847	 0.67339	 0.69255	 0.70127	 0.70496	 0.70583	 0.70344	 0.69843	 0.69146	 0.68416	 0.67655	 0.66976	 0.66532	 0.66161	 0.65861	 0.65433	 0.65049	 0.64541	 0.63816	 0.62919	 0.62021	 0.61069	 0.60154	 0.59466	 0.59041	 0.58868	 0.59033	 0.59670	 0.60231	 0.59615	 0.57240	 0.54227	 0.50627	 0.47149	 0.44218	 0.41624	 0.39354	 0.37450	 0.35851	 0.34606
38 	 0.22619	 0.22817	 0.23522	 0.25459	 0.28472	 0.31631	 0.34191	 0.36038	 0.37525	 0.38616	 0.38812	 0.37989	 0.36674	 0.35597	 0.34750	 0.34243	 0.33938	 0.33677	 0.33332	 0.33110	 0.33257	 0.34096	 0.35587	 0.37565	 0.39775	 0.42131	 0.44261	 0.46488	 0.49573	 0.54164	 0.59420	 0.64087	 0.67607	 0.69539	 0.70414	 0.70775	 0.70855	 0.70607	 0.70107	 0.69409	 0.68683	 0.67919	 0.67240	 0.66796	 0.66417	 0.66115	 0.65680	 0.65291	 0.64786	 0.64056	 0.63147	 0.62243	 0.61295	 0.60372	 0.59685	 0.59252	 0.59063	 0.59224	 0.59861	 0.60408	 0.59763	 0.57375	 0.54299	 0.50679	 0.47198	 0.44186	 0.41601	 0.39342	 0.37451	 0.35815	 0.34505
43 	 0.22483	 0.22684	 0.23394	 0.25333	 0.28358	 0.31531	 0.34090	 0.35930	 0.37415	 0.38512	 0.38709	 0.37887	 0.36570	 0.35495	 0.34648	 0.34133	 0.33829	 0.33562	 0.33213	 0.32997	 0.33157	 0.34001	 0.35494	 0.37475	 0.39700	 0.42068	 0.44195	 0.46430	 0.49524	 0.54127	 0.59400	 0.64076	 0.67587	 0.69504	 0.70369	 0.70720	 0.70803	 0.70553	 0.70043	 0.69346	 0.68614	 0.67851	 0.67171	 0.66719	 0.66341	 0.66047	 0.65619	 0.65232	 0.64714	 0.63989	 0.63073	 0.62160	 0.61212	 0.60290	 0.59596	 0.59156	 0.58978	 0.59145	 0.59790	 0.60326	 0.59679	 0.57249	 0.54215	 0.50591	 0.47067	 0.44071	 0.41449	 0.39200	 0.37275	 0.35630	 0.34367
48 	 0.22507	 0.22697	 0.23415	 0.25341	 0.28359	 0.31524	 0.34081	 0.35913	 0.37392	 0.38484	 0.38682	 0.37859	 0.36541	 0.35470	 0.34627	 0.34114	 0.33809	 0.33544	 0.33199	 0.32980	 0.33130	 0.33971	 0.35459	 0.37443	 0.39662	 0.42018	 0.44138	 0.46365	 0.49455	 0.54051	 0.59310	 0.63976	 0.67488	 0.69408	 0.70264	 0.70624	 0.70703	 0.70449	 0.69939	 0.69241	 0.68516	 0.67753	 0.67072	 0.66627	 0.66243	 0.65947	 0.65520	 0.65135	 0.64621	 0.63891	 0.62978	 0.62069	 0.61117	 0.60195	 0.59513	 0.59078	 0.58901	 0.59069	 0.59708	 0.60244	 0.59608	 0.57209	 0.54170	 0.50550	 0.47062	 0.44091	 0.41444	 0.39187	 0.37280	 0.35704	 0.34366
4 	 0.24591	 0.24757	 0.25418	 0.27234	 0.30042	 0.32955	 0.35287	 0.36931	 0.38250	 0.39231	 0.39387	 0.38578	 0.37309	 0.36294	 0.35481	 0.34970	 0.34649	 0.34390	 0.34057	 0.33862	 0.34021	 0.34835	 0.36273	 0.38140	 0.40221	 0.42434	 0.44445	 0.46609	 0.49704	 0.54342	 0.59596	 0.64123	 0.67426	 0.69168	 0.69937	 0.70270	 0.70320	 0.70037	 0.69483	 0.68735	 0.67959	 0.67170	 0.66479	 0.66004	 0.65580	 0.65228	 0.64749	 0.64315	 0.63808	 0.63112	 0.62283	 0.61463	 0.60581	 0.59739	 0.59093	 0.58706	 0.58584	 0.58799	 0.59523	 0.60262	 0.60039	 0.58219	 0.55691	 0.52497	 0.49348	 0.46698	 0.44278	 0.42234	 0.40450	 0.38854	 0.37621
9 	 0.24487	 0.24652	 0.25329	 0.27162	 0.29997	 0.32944	 0.35287	 0.36939	 0.38261	 0.39240	 0.39385	 0.38566	 0.37292	 0.36271	 0.35442	 0.34928	 0.34609	 0.34343	 0.34015	 0.33823	 0.33990	 0.34816	 0.36265	 0.38158	 0.40276	 0.42519	 0.44552	 0.46741	 0.49872	 0.54573	 0.59875	 0.64440	 0.67754	 0.69499	 0.70250	 0.70558	 0.70597	 0.70299	 0.69727	 0.68966	 0.68182	 0.67386	 0.66699	 0.66207	 0.65781	 0.65424	 0.64938	 0.64505	 0.63988	 0.63284	 0.62440	 0.61604	 0.60718	 0.59864	 0.59226	 0.58835	 0.58718	 0.58933	 0.59653	 0.60392	 0.60152	 0.58315	 0.55733	 0.52509	 0.49343	 0.46676	 0.44275	 0.42191	 0.40400	 0.38887	 0.37449
14 	 0.24270	 0.24433	 0.25098	 0.26923	 0.29742	 0.32666	 0.34985	 0.36603	 0.37910	 0.38879	 0.39016	 0.38206	 0.36949	 0.35925	 0.35105	 0.34593	 0.34272	 0.34013	 0.33677	 0.33485	 0.33648	 0.34475	 0.35902	 0.37780	 0.39877	 0.42098	 0.44117	 0.46285	 0.49394	 0.54054	 0.59318	 0.63858	 0.67157	 0.68886	 0.69623	 0.69915	 0.69945	 0.69641	 0.69063	 0.68303	 0.67512	 0.66717	 0.66025	 0.65536	 0.65112	 0.64753	 0.64271	 0.63833	 0.63319	 0.62621	 0.61779	 0.60949	 0.60067	 0.59229	 0.58586	 0.58203	 0.58090	 0.58318	 0.59055	 0.59808	 0.59577	 0.57772	 0.55201	 0.52075	 0.48965	 0.46293	 0.43961	 0.41895	 0.40035	 0.38519	 0.37235
19 	 0.24782	 0.24952	 0.25610	 0.27438	 0.30271	 0.33187	 0.35481	 0.37112	 0.38424	 0.39393	 0.39533	 0.38728	 0.37463	 0.36441	 0.35623	 0.35110	 0.34784	 0.34515	 0.34187	 0.33992	 0.34162	 0.34980	 0.36426	 0.38318	 0.40410	 0.42647	 0.44675	 0.46871	 0.50019	 0.54724	 0.60033	 0.64606	 0.67919	 0.69643	 0.70383	 0.70671	 0.70688	 0.70373	 0.69784	 0.69017	 0.68221	 0.67417	 0.66725	 0.66239	 0.65818	 0.65462	 0.64981	 0.64547	 0.64027	 0.63314	 0.62476	 0.61647	 0.60778	 0.59928	 0.59275	 0.58878	 0.58763	 0.58993	 0.59734	 0.60479	 0.60269	 0.58441	 0.55908	 0.52699	 0.49556	 0.46898	 0.44478	 0.42481	 0.40617	 0.39064	 0.37911
24 	 0.23593	 0.23765	 0.24429	 0.26242	 0.29096	 0.32058	 0.34409	 0.36074	 0.37420	 0.38411	 0.38553	 0.37736	 0.36457	 0.35417	 0.34590	 0.34078	 0.33750	 0.33477	 0.33147	 0.32956	 0.33125	 0.33945	 0.35405	 0.37318	 0.39442	 0.41713	 0.43771	 0.45990	 0.49168	 0.53912	 0.59304	 0.63976	 0.67380	 0.69177	 0.69951	 0.70268	 0.70291	 0.69983	 0.69391	 0.68619	 0.67816	 0.67003	 0.66298	 0.65790	 0.65369	 0.65000	 0.64510	 0.64070	 0.63533	 0.62813	 0.61958	 0.61107	 0.60213	 0.59335	 0.58671	 0.58271	 0.58149	 0.58375	 0.59106	 0.59839	 0.59575	 0.57656	 0.55027	 0.51768	 0.48613	 0.45938	 0.43442	 0.41318	 0.39484	 0.37869	 0.36646
29 	 0.23544	 0.23717	 0.24389	 0.26207	 0.29053	 0.32010	 0.34357	 0.36011	 0.37342	 0.38330	 0.38478	 0.37653	 0.36380	 0.35349	 0.34526	 0.34006	 0.33681	 0.33406	 0.33073	 0.32882	 0.33049	 0.33876	 0.35327	 0.37227	 0.39346	 0.41597	 0.43652	 0.45847	 0.48989	 0.53692	 0.59014	 0.63625	 0.66991	 0.68762	 0.69524	 0.69822	 0.69853	 0.69543	 0.68969	 0.68196	 0.67402	 0.66594	 0.65896	 0.65399	 0.64979	 0.64616	 0.64129	 0.63693	 0.63167	 0.62456	 0.61616	 0.60780	 0.59874	 0.59015	 0.58368	 0.57977	 0.57857	 0.58084	 0.58821	 0.59558	 0.59291	 0.57409	 0.54817	 0.51585	 0.48428	 0.45717	 0.43303	 0.41203	 0.39364	 0.37807	 0.36495
34 	 0.23149	 0.23318	 0.23992	 0.25819	 0.28660	 0.31623	 0.33990	 0.35652	 0.36990	 0.37977	 0.38117	 0.37304	 0.36020	 0.34985	 0.34160	 0.33643	 0.33320	 0.33045	 0.32715	 0.32524	 0.32695	 0.33523	 0.34981	 0.36894	 0.39028	 0.41297	 0.43352	 0.45565	 0.48726	 0.53456	 0.58828	 0.63478	 0.66869	 0.68664	 0.69435	 0.69739	 0.69774	 0.69466	 0.68882	 0.68106	 0.67307	 0.66499	 0.65788	 0.65295	 0.64863	 0.64495	 0.64001	 0.63568	 0.63040	 0.62325	 0.61472	 0.60619	 0.59708	 0.58828	 0.58182	 0.57793	 0.57676	 0.57905	 0.58633	 0.59381	 0.59110	 0.57194	 0.54573	 0.51334	 0.48112	 0.45409	 0.42952	 0.40885	 0.39046	 0.37506	 0.36197
39 	 0.22941	 0.23113	 0.23791	 0.25646	 0.28532	 0.31548	 0.33957	 0.35655	 0.37013	 0.38024	 0.38180	 0.37349	 0.36054	 0.34997	 0.34154	 0.33631	 0.33307	 0.33034	 0.32698	 0.32508	 0.32685	 0.33527	 0.35008	 0.36958	 0.39133	 0.41436	 0.43529	 0.45768	 0.48962	 0.53737	 0.59134	 0.63788	 0.67173	 0.68953	 0.69705	 0.70011	 0.70040	 0.69729	 0.69153	 0.68382	 0.67591	 0.66781	 0.66082	 0.65583	 0.65165	 0.64799	 0.64311	 0.63873	 0.63348	 0.62635	 0.61774	 0.60914	 0.60001	 0.59133	 0.58485	 0.58084	 0.57954	 0.58166	 0.58900	 0.59627	 0.59291	 0.57341	 0.54635	 0.51352	 0.48115	 0.45325	 0.42802	 0.40684	 0.38869	 0.37263	 0.35925
44 	 0.22708	 0.22879	 0.23552	 0.25386	 0.28254	 0.31254	 0.33664	 0.35347	 0.36688	 0.37690	 0.37842	 0.37007	 0.35717	 0.34669	 0.33835	 0.33312	 0.32981	 0.32710	 0.32381	 0.32194	 0.32377	 0.33213	 0.34686	 0.36630	 0.38814	 0.41116	 0.43195	 0.45435	 0.48632	 0.53426	 0.58855	 0.63548	 0.66964	 0.68768	 0.69524	 0.69821	 0.69851	 0.69532	 0.68942	 0.68161	 0.67359	 0.66546	 0.65836	 0.65337	 0.64906	 0.64544	 0.64051	 0.63601	 0.63074	 0.62353	 0.61479	 0.60613	 0.59688	 0.58821	 0.58169	 0.57764	 0.57639	 0.57861	 0.58598	 0.59329	 0.59013	 0.57040	 0.54373	 0.51079	 0.47855	 0.45075	 0.42586	 0.40508	 0.38644	 0.37082	 0.35707
49 	 0.22886	 0.23055	 0.23724	 0.25585	 0.28474	 0.31491	 0.33909	 0.35601	 0.36961	 0.37965	 0.38119	 0.37288	 0.35992	 0.34939	 0.34097	 0.33573	 0.33241	 0.32965	 0.32631	 0.32445	 0.32626	 0.33465	 0.34940	 0.36895	 0.39070	 0.41373	 0.43460	 0.45692	 0.48874	 0.53628	 0.59007	 0.63637	 0.66999	 0.68766	 0.69497	 0.69782	 0.69813	 0.69498	 0.68920	 0.68159	 0.67376	 0.66574	 0.65869	 0.65391	 0.64966	 0.64605	 0.64124	 0.63683	 0.63161	 0.62447	 0.61598	 0.60741	 0.59829	 0.58962	 0.58319	 0.57926	 0.57794	 0.58027	 0.58756	 0.59479	 0.59182	 0.57220	 0.54536	 0.51271	 0.48036	 0.45260	 0.42768	 0.40635	 0.38816	 0.37243	 0.35797
5 	 0.26088	 0.26284	 0.27046	 0.29109	 0.32290	 0.35596	 0.38277	 0.40235	 0.41804	 0.42926	 0.43110	 0.42205	 0.40766	 0.39608	 0.38701	 0.38135	 0.37810	 0.37556	 0.37201	 0.36972	 0.37131	 0.38023	 0.39600	 0.41693	 0.44057	 0.46584	 0.48896	 0.51358	 0.54818	 0.60033	 0.66145	 0.71804	 0.76223	 0.78809	 0.80081	 0.80657	 0.80810	 0.80513	 0.79865	 0.78978	 0.78055	 0.77080	 0.76202	 0.75575	 0.75035	 0.74588	 0.74029	 0.73532	 0.72885	 0.71953	 0.70844	 0.69741	 0.68598	 0.67488	 0.66645	 0.66108	 0.65915	 0.66166	 0.66922	 0.67593	 0.66911	 0.64210	 0.60717	 0.56613	 0.52691	 0.49363	 0.46473	 0.44035	 0.42005	 0.40231	 0.38843
10 	 0.25798	 0.26000	 0.26750	 0.28800	 0.31949	 0.35229	 0.37892	 0.39814	 0.41365	 0.42473	 0.42639	 0.41731	 0.40307	 0.39153	 0.38250	 0.37690	 0.37362	 0.37106	 0.36755	 0.36530	 0.36691	 0.37584	 0.39163	 0.41250	 0.43620	 0.46140	 0.48456	 0.50920	 0.54395	 0.59633	 0.65758	 0.71425	 0.75850	 0.78422	 0.79676	 0.80223	 0.80356	 0.80040	 0.79371	 0.78476	 0.77544	 0.76569	 0.75691	 0.75066	 0.74516	 0.74063	 0.73498	 0.72996	 0.72356	 0.71420	 0.70301	 0.69177	 0.68030	 0.66937	 0.66099	 0.65566	 0.65384	 0.65648	 0.66423	 0.67104	 0.66427	 0.63769	 0.60326	 0.56268	 0.52365	 0.49065	 0.46185	 0.43743	 0.41703	 0.40033	 0.38453
15 	 0.25637	 0.25836	 0.26592	 0.28653	 0.31845	 0.35168	 0.37857	 0.39802	 0.41364	 0.42487	 0.42658	 0.41740	 0.40309	 0.39142	 0.38226	 0.37665	 0.37338	 0.37082	 0.36724	 0.36493	 0.36667	 0.37570	 0.39162	 0.41287	 0.43685	 0.46250	 0.48593	 0.51085	 0.54602	 0.59894	 0.66086	 0.71830	 0.76318	 0.78925	 0.80193	 0.80740	 0.80871	 0.80545	 0.79870	 0.78967	 0.78024	 0.77040	 0.76160	 0.75522	 0.74978	 0.74519	 0.73956	 0.73453	 0.72813	 0.71853	 0.70704	 0.69558	 0.68389	 0.67282	 0.66424	 0.65879	 0.65678	 0.65924	 0.66702	 0.67339	 0.66598	 0.63844	 0.60356	 0.56214	 0.52251	 0.48961	 0.45992	 0.43569	 0.41469	 0.39710	 0.38326
20 	 0.24606	 0.24807	 0.25542	 0.27551	 0.30694	 0.33975	 0.36629	 0.38558	 0.40109	 0.41232	 0.41402	 0.40502	 0.39088	 0.37927	 0.37017	 0.36456	 0.36116	 0.35863	 0.35510	 0.35292	 0.35452	 0.36335	 0.37910	 0.40015	 0.42381	 0.44929	 0.47251	 0.49734	 0.53231	 0.58491	 0.64675	 0.70417	 0.74910	 0.77516	 0.78786	 0.79332	 0.79463	 0.79144	 0.78457	 0.77561	 0.76612	 0.75628	 0.74747	 0.74109	 0.73570	 0.73115	 0.72548	 0.72046	 0.71401	 0.70448	 0.69310	 0.68173	 0.67025	 0.65912	 0.65052	 0.64513	 0.64326	 0.64582	 0.65371	 0.66038	 0.65327	 0.62611	 0.59125	 0.55061	 0.51152	 0.47818	 0.44985	 0.42550	 0.40495	 0.38731	 0.37304
25 	 0.24660	 0.24861	 0.25604	 0.27620	 0.30766	 0.34056	 0.36725	 0.38665	 0.40227	 0.41352	 0.41516	 0.40617	 0.39187	 0.38024	 0.37116	 0.36554	 0.36220	 0.35958	 0.35608	 0.35388	 0.35552	 0.36438	 0.38016	 0.40121	 0.42495	 0.45043	 0.47379	 0.49868	 0.53371	 0.58632	 0.64824	 0.70578	 0.75083	 0.77710	 0.78995	 0.79549	 0.79680	 0.79364	 0.78686	 0.77784	 0.76836	 0.75854	 0.74968	 0.74340	 0.73804	 0.73345	 0.72773	 0.72285	 0.71624	 0.70677	 0.69539	 0.68399	 0.67249	 0.66124	 0.65266	 0.64725	 0.64550	 0.64805	 0.65592	 0.66254	 0.65539	 0.62804	 0.59328	 0.55218	 0.51305	 0.48001	 0.45067	 0.42604	 0.40495	 0.38821	 0.37400
30 	 0.24699	 0.24900	 0.25660	 0.27696	 0.30863	 0.34166	 0.36855	 0.38801	 0.40364	 0.41494	 0.41662	 0.40765	 0.39329	 0.38166	 0.37256	 0.36693	 0.36366	 0.36104	 0.35752	 0.35526	 0.35693	 0.36582	 0.38171	 0.40278	 0.42665	 0.45235	 0.47577	 0.50064	 0.53561	 0.58835	 0.65022	 0.70793	 0.75311	 0.77958	 0.79251	 0.79810	 0.79939	 0.79620	 0.78939	 0.78032	 0.77090	 0.76099	 0.75206	 0.74567	 0.74033	 0.73578	 0.73012	 0.72510	 0.71861	 0.70899	 0.69756	 0.68615	 0.67440	 0.66321	 0.65469	 0.64924	 0.64731	 0.64979	 0.65769	 0.66415	 0.65694	 0.62928	 0.59404	 0.55266	 0.51340	 0.47991	 0.45046	 0.42648	 0.40503	 0.38774	 0.37308
35 	 0.24503	 0.24706	 0.25459	 0.27501	 0.30653	 0.33954	 0.36632	 0.38574	 0.40125	 0.41245	 0.41417	 0.40514	 0.39086	 0.37920	 0.37013	 0.36454	 0.36121	 0.35864	 0.35512	 0.35289	 0.35456	 0.36348	 0.37925	 0.40031	 0.42417	 0.44978	 0.47311	 0.49791	 0.53274	 0.58539	 0.64707	 0.70449	 0.74952	 0.77592	 0.78863	 0.79417	 0.79546	 0.79223	 0.78543	 0.77632	 0.76695	 0.75701	 0.74810	 0.74179	 0.73630	 0.73183	 0.72619	 0.72118	 0.71465	 0.70513	 0.69368	 0.68230	 0.67063	 0.65942	 0.65089	 0.64561	 0.64376	 0.64636	 0.65425	 0.66099	 0.65406	 0.62641	 0.59182	 0.55064	 0.51138	 0.47788	 0.44916	 0.42427	 0.40385	 0.38624	 0.37216
40 	 0.24409	 0.24602	 0.25376	 0.27422	 0.30608	 0.33934	 0.36639	 0.38594	 0.40169	 0.41299	 0.41472	 0.40564	 0.39122	 0.37950	 0.37035	 0.36471	 0.36146	 0.35875	 0.35522	 0.35299	 0.35466	 0.36372	 0.37965	 0.40094	 0.42507	 0.45088	 0.47444	 0.49946	 0.53463	 0.58754	 0.64965	 0.70761	 0.75299	 0.77950	 0.79234	 0.79766	 0.79889	 0.79564	 0.78884	 0.77976	 0.77038	 0.76048	 0.75145	 0.74514	 0.73962	 0.73513	 0.72952	 0.72445	 0.71788	 0.70834	 0.69677	 0.68509	 0.67332	 0.66204	 0.65349	 0.64808	 0.64621	 0.64880	 0.65670	 0.66306	 0.65552	 0.62761	 0.59206	 0.55061	 0.51073	 0.47715	 0.44873	 0.42312	 0.40255	 0.38487	 0.37071
45 	 0.23997	 0.24196	 0.24957	 0.26985	 0.30137	 0.33432	 0.36107	 0.38029	 0.39584	 0.40693	 0.40863	 0.39963	 0.38537	 0.37373	 0.36466	 0.35902	 0.35568	 0.35311	 0.34957	 0.34734	 0.34906	 0.35799	 0.37378	 0.39498	 0.41892	 0.44453	 0.46793	 0.49277	 0.52772	 0.58041	 0.64218	 0.69962	 0.74458	 0.77079	 0.78332	 0.78853	 0.78964	 0.78625	 0.77941	 0.77038	 0.76094	 0.75100	 0.74208	 0.73568	 0.73031	 0.72576	 0.72014	 0.71512	 0.70859	 0.69910	 0.68760	 0.67611	 0.66438	 0.65323	 0.64484	 0.63957	 0.63773	 0.64042	 0.64841	 0.65526	 0.64828	 0.62123	 0.58627	 0.54534	 0.50600	 0.47258	 0.44401	 0.41916	 0.39848	 0.38137	 0.36675
50 	 0.24583	 0.24788	 0.25548	 0.27595	 0.30776	 0.34103	 0.36809	 0.38756	 0.40334	 0.41452	 0.41614	 0.40702	 0.39254	 0.38079	 0.37159	 0.36593	 0.36256	 0.35992	 0.35635	 0.35413	 0.35583	 0.36489	 0.38077	 0.40222	 0.42648	 0.45251	 0.47611	 0.50130	 0.53665	 0.58966	 0.65190	 0.70984	 0.75501	 0.78129	 0.79383	 0.79906	 0.80020	 0.79684	 0.78994	 0.78078	 0.77136	 0.76148	 0.75257	 0.74618	 0.74077	 0.73622	 0.73061	 0.72558	 0.71914	 0.70960	 0.69802	 0.68632	 0.67458	 0.66336	 0.65478	 0.64936	 0.64753	 0.65018	 0.65830	 0.66512	 0.65798	 0.63060	 0.59543	 0.55392	 0.51418	 0.48043	 0.45165	 0.42634	 0.40582	 0.38837	 0.37449
