1 	 0.29987	 0.30043	 0.30693	 0.32418	 0.35620	 0.39650	 0.43355	 0.46233	 0.48612	 0.50422	 0.51110	 0.50353	 0.48701	 0.46911	 0.45449	 0.44420	 0.43760	 0.43265	 0.42728	 0.42261	 0.42247	 0.42961	 0.44576	 0.47172	 0.50486	 0.54047	 0.57410	 0.60461	 0.64251	 0.69596	 0.75776	 0.81489	 0.85530	 0.87561	 0.88369	 0.88608	 0.88584	 0.88313	 0.87876	 0.87309	 0.86652	 0.85909	 0.85197	 0.84752	 0.84375	 0.84007	 0.83655	 0.83294	 0.82654	 0.81779	 0.80701	 0.79668	 0.78580	 0.77514	 0.76622	 0.75868	 0.75495	 0.75592	 0.76210	 0.76736	 0.76290	 0.74026	 0.70287	 0.65982	 0.61690	 0.57807	 0.54322	 0.51472	 0.48922	 0.46798	 0.44931
6 	 0.30305	 0.30336	 0.30941	 0.32612	 0.35708	 0.39647	 0.43383	 0.46407	 0.48911	 0.50747	 0.51422	 0.50614	 0.48929	 0.47120	 0.45689	 0.44723	 0.44112	 0.43646	 0.43096	 0.42606	 0.42558	 0.43223	 0.44764	 0.47250	 0.50452	 0.53874	 0.57118	 0.60070	 0.63719	 0.68888	 0.75008	 0.80871	 0.85173	 0.87515	 0.88575	 0.89016	 0.89174	 0.89002	 0.88636	 0.88139	 0.87535	 0.86833	 0.86202	 0.85816	 0.85480	 0.85133	 0.84807	 0.84488	 0.83918	 0.83061	 0.81989	 0.80969	 0.79877	 0.78811	 0.77905	 0.77092	 0.76677	 0.76754	 0.77293	 0.77665	 0.77021	 0.74614	 0.70816	 0.66414	 0.62043	 0.58060	 0.54538	 0.51569	 0.49056	 0.46968	 0.45066
11 	 0.30165	 0.30200	 0.30780	 0.32415	 0.35478	 0.39380	 0.43124	 0.46181	 0.48707	 0.50549	 0.51219	 0.50406	 0.48709	 0.46885	 0.45474	 0.44532	 0.43943	 0.43492	 0.42940	 0.42449	 0.42380	 0.43025	 0.44525	 0.46970	 0.50129	 0.53511	 0.56711	 0.59628	 0.63228	 0.68304	 0.74328	 0.80156	 0.84505	 0.86921	 0.88056	 0.88544	 0.88759	 0.88608	 0.88259	 0.87787	 0.87207	 0.86530	 0.85943	 0.85578	 0.85251	 0.84911	 0.84609	 0.84314	 0.83766	 0.82918	 0.81854	 0.80850	 0.79774	 0.78723	 0.77788	 0.76956	 0.76546	 0.76649	 0.77165	 0.77493	 0.76834	 0.74410	 0.70600	 0.66226	 0.61858	 0.57877	 0.54405	 0.51438	 0.48899	 0.46808	 0.44972
16 	 0.30251	 0.30274	 0.30844	 0.32453	 0.35470	 0.39330	 0.43084	 0.46181	 0.48743	 0.50601	 0.51282	 0.50466	 0.48750	 0.46923	 0.45527	 0.44600	 0.44019	 0.43574	 0.43021	 0.42521	 0.42426	 0.43046	 0.44513	 0.46922	 0.50043	 0.53388	 0.56557	 0.59433	 0.62975	 0.67967	 0.73903	 0.79727	 0.84163	 0.86685	 0.87910	 0.88471	 0.88739	 0.88627	 0.88309	 0.87867	 0.87310	 0.86664	 0.86103	 0.85758	 0.85440	 0.85104	 0.84822	 0.84545	 0.84013	 0.83173	 0.82120	 0.81128	 0.80063	 0.78999	 0.78052	 0.77215	 0.76811	 0.76900	 0.77399	 0.77705	 0.77002	 0.74562	 0.70735	 0.66322	 0.61969	 0.57973	 0.54392	 0.51481	 0.48949	 0.46788	 0.44965
21 	 0.30306	 0.30316	 0.30874	 0.32466	 0.35444	 0.39262	 0.43006	 0.46135	 0.48730	 0.50599	 0.51279	 0.50459	 0.48752	 0.46930	 0.45535	 0.44617	 0.44043	 0.43598	 0.43044	 0.42537	 0.42426	 0.43027	 0.44466	 0.46832	 0.49906	 0.53207	 0.56348	 0.59199	 0.62669	 0.67552	 0.73411	 0.79224	 0.83708	 0.86308	 0.87610	 0.88218	 0.88513	 0.88440	 0.88162	 0.87764	 0.87229	 0.86600	 0.86058	 0.85733	 0.85425	 0.85101	 0.84845	 0.84579	 0.84059	 0.83242	 0.82212	 0.81228	 0.80165	 0.79111	 0.78171	 0.77337	 0.76923	 0.77003	 0.77485	 0.77772	 0.77080	 0.74629	 0.70811	 0.66434	 0.62052	 0.58082	 0.54548	 0.51607	 0.49060	 0.46919	 0.45011
26 	 0.30091	 0.30098	 0.30660	 0.32239	 0.35192	 0.38997	 0.42756	 0.45928	 0.48569	 0.50465	 0.51154	 0.50328	 0.48607	 0.46780	 0.45387	 0.44470	 0.43897	 0.43457	 0.42896	 0.42375	 0.42255	 0.42842	 0.44264	 0.46625	 0.49686	 0.52977	 0.56124	 0.58971	 0.62405	 0.67262	 0.73118	 0.78984	 0.83573	 0.86283	 0.87663	 0.88334	 0.88673	 0.88644	 0.88391	 0.88007	 0.87484	 0.86865	 0.86322	 0.85998	 0.85697	 0.85385	 0.85123	 0.84866	 0.84358	 0.83541	 0.82504	 0.81510	 0.80448	 0.79385	 0.78437	 0.77600	 0.77169	 0.77252	 0.77719	 0.77971	 0.77228	 0.74734	 0.70850	 0.66407	 0.61973	 0.57957	 0.54356	 0.51462	 0.48887	 0.46750	 0.44873
31 	 0.30221	 0.30222	 0.30759	 0.32303	 0.35200	 0.38944	 0.42701	 0.45941	 0.48647	 0.50566	 0.51260	 0.50425	 0.48692	 0.46854	 0.45474	 0.44586	 0.44021	 0.43581	 0.43020	 0.42484	 0.42342	 0.42902	 0.44283	 0.46582	 0.49565	 0.52802	 0.55915	 0.58712	 0.62051	 0.66760	 0.72489	 0.78363	 0.83083	 0.85965	 0.87508	 0.88289	 0.88699	 0.88728	 0.88533	 0.88196	 0.87717	 0.87124	 0.86606	 0.86307	 0.86017	 0.85729	 0.85492	 0.85247	 0.84754	 0.83965	 0.82951	 0.81967	 0.80895	 0.79835	 0.78882	 0.78032	 0.77594	 0.77642	 0.78082	 0.78305	 0.77508	 0.74961	 0.71067	 0.66552	 0.62087	 0.58064	 0.54466	 0.51529	 0.48994	 0.46872	 0.44921
2 	 0.20910	 0.20953	 0.21413	 0.22660	 0.24998	 0.27901	 0.30385	 0.32150	 0.33558	 0.34647	 0.35057	 0.34546	 0.33464	 0.32307	 0.31346	 0.30633	 0.30136	 0.29747	 0.29359	 0.29080	 0.29174	 0.29790	 0.31016	 0.32877	 0.35118	 0.37451	 0.39692	 0.41888	 0.44937	 0.49458	 0.54815	 0.59857	 0.63539	 0.65509	 0.66285	 0.66445	 0.66242	 0.65757	 0.65019	 0.64122	 0.63171	 0.62194	 0.61303	 0.60720	 0.60274	 0.59855	 0.59416	 0.58982	 0.58313	 0.57457	 0.56439	 0.55477	 0.54502	 0.53592	 0.52888	 0.52264	 0.51907	 0.51919	 0.52423	 0.53019	 0.53213	 0.52175	 0.50111	 0.47535	 0.44833	 0.42278	 0.39903	 0.37772	 0.36086	 0.34591	 0.33165
7 	 0.22957	 0.22991	 0.23430	 0.24641	 0.26902	 0.29737	 0.32249	 0.34102	 0.35574	 0.36657	 0.37039	 0.36478	 0.35383	 0.34240	 0.33324	 0.32674	 0.32223	 0.31859	 0.31488	 0.31217	 0.31302	 0.31902	 0.33097	 0.34898	 0.37051	 0.39245	 0.41351	 0.43495	 0.46535	 0.51105	 0.56607	 0.61830	 0.65698	 0.67906	 0.68943	 0.69335	 0.69329	 0.68920	 0.68201	 0.67292	 0.66321	 0.65320	 0.64426	 0.63834	 0.63353	 0.62888	 0.62434	 0.61998	 0.61351	 0.60497	 0.59466	 0.58506	 0.57520	 0.56596	 0.55869	 0.55190	 0.54801	 0.54788	 0.55226	 0.55706	 0.55736	 0.54639	 0.52552	 0.49924	 0.47194	 0.44584	 0.42214	 0.40072	 0.38350	 0.36756	 0.35356
12 	 0.21572	 0.21602	 0.22019	 0.23199	 0.25434	 0.28264	 0.30826	 0.32743	 0.34260	 0.35368	 0.35771	 0.35216	 0.34102	 0.32937	 0.32039	 0.31403	 0.30960	 0.30608	 0.30228	 0.29953	 0.30019	 0.30604	 0.31780	 0.33564	 0.35703	 0.37882	 0.39972	 0.42080	 0.45068	 0.49525	 0.54903	 0.60085	 0.63994	 0.66302	 0.67450	 0.67933	 0.68023	 0.67693	 0.67038	 0.66187	 0.65273	 0.64314	 0.63479	 0.62925	 0.62460	 0.62008	 0.61577	 0.61168	 0.60554	 0.59690	 0.58658	 0.57699	 0.56708	 0.55773	 0.55014	 0.54301	 0.53911	 0.53927	 0.54342	 0.54774	 0.54737	 0.53556	 0.51403	 0.48700	 0.45921	 0.43290	 0.40800	 0.38594	 0.36850	 0.35279	 0.33852
17 	 0.20891	 0.20911	 0.21307	 0.22458	 0.24673	 0.27495	 0.30078	 0.32042	 0.33600	 0.34731	 0.35143	 0.34590	 0.33471	 0.32295	 0.31386	 0.30745	 0.30306	 0.29962	 0.29577	 0.29288	 0.29333	 0.29907	 0.31065	 0.32830	 0.34957	 0.37119	 0.39194	 0.41281	 0.44199	 0.48534	 0.53778	 0.58876	 0.62789	 0.65162	 0.66394	 0.66953	 0.67107	 0.66840	 0.66255	 0.65470	 0.64602	 0.63689	 0.62900	 0.62379	 0.61938	 0.61511	 0.61108	 0.60723	 0.60117	 0.59260	 0.58227	 0.57272	 0.56273	 0.55336	 0.54557	 0.53838	 0.53452	 0.53456	 0.53853	 0.54265	 0.54197	 0.52973	 0.50782	 0.48074	 0.45234	 0.42568	 0.40049	 0.37897	 0.36065	 0.34506	 0.33079
22 	 0.20761	 0.20770	 0.21161	 0.22292	 0.24461	 0.27245	 0.29827	 0.31822	 0.33421	 0.34568	 0.34992	 0.34440	 0.33319	 0.32148	 0.31244	 0.30613	 0.30174	 0.29822	 0.29436	 0.29138	 0.29169	 0.29709	 0.30840	 0.32566	 0.34643	 0.36775	 0.38824	 0.40866	 0.43692	 0.47878	 0.52965	 0.57994	 0.61934	 0.64390	 0.65725	 0.66372	 0.66595	 0.66401	 0.65887	 0.65175	 0.64355	 0.63489	 0.62733	 0.62234	 0.61818	 0.61415	 0.61037	 0.60675	 0.60088	 0.59258	 0.58240	 0.57283	 0.56287	 0.55347	 0.54564	 0.53842	 0.53439	 0.53447	 0.53843	 0.54235	 0.54157	 0.52922	 0.50699	 0.47987	 0.45164	 0.42439	 0.39970	 0.37770	 0.35976	 0.34393	 0.32951
27 	 0.20487	 0.20495	 0.20873	 0.21981	 0.24116	 0.26867	 0.29453	 0.31485	 0.33128	 0.34290	 0.34723	 0.34170	 0.33051	 0.31879	 0.30972	 0.30347	 0.29914	 0.29566	 0.29175	 0.28861	 0.28884	 0.29415	 0.30519	 0.32218	 0.34272	 0.36378	 0.38411	 0.40432	 0.43193	 0.47302	 0.52336	 0.57372	 0.61397	 0.63975	 0.65420	 0.66165	 0.66447	 0.66311	 0.65848	 0.65169	 0.64371	 0.63511	 0.62763	 0.62279	 0.61871	 0.61480	 0.61114	 0.60757	 0.60174	 0.59347	 0.58337	 0.57371	 0.56364	 0.55415	 0.54639	 0.53917	 0.53498	 0.53493	 0.53873	 0.54241	 0.54112	 0.52818	 0.50557	 0.47831	 0.44991	 0.42269	 0.39694	 0.37515	 0.35665	 0.34064	 0.32641
32 	 0.20586	 0.20582	 0.20945	 0.22022	 0.24108	 0.26803	 0.29382	 0.31464	 0.33156	 0.34348	 0.34789	 0.34238	 0.33109	 0.31936	 0.31051	 0.30439	 0.30011	 0.29660	 0.29265	 0.28944	 0.28949	 0.29461	 0.30523	 0.32172	 0.34172	 0.36231	 0.38234	 0.40202	 0.42868	 0.46832	 0.51716	 0.56683	 0.60766	 0.63480	 0.65088	 0.65971	 0.66360	 0.66305	 0.65925	 0.65314	 0.64563	 0.63742	 0.63021	 0.62553	 0.62161	 0.61780	 0.61430	 0.61092	 0.60536	 0.59726	 0.58717	 0.57760	 0.56751	 0.55792	 0.55002	 0.54269	 0.53845	 0.53823	 0.54184	 0.54525	 0.54360	 0.53025	 0.50712	 0.47957	 0.45134	 0.42386	 0.39818	 0.37623	 0.35760	 0.34148	 0.32733
4 	 0.25124	 0.25027	 0.25333	 0.26316	 0.28200	 0.30595	 0.32678	 0.34159	 0.35360	 0.36319	 0.36662	 0.36133	 0.35060	 0.33903	 0.32936	 0.32203	 0.31662	 0.31216	 0.30761	 0.30403	 0.30384	 0.30846	 0.31880	 0.33515	 0.35552	 0.37710	 0.39776	 0.41755	 0.44478	 0.48506	 0.53308	 0.57928	 0.61367	 0.63201	 0.63887	 0.63983	 0.63751	 0.63267	 0.62552	 0.61701	 0.60822	 0.59897	 0.59070	 0.58561	 0.58168	 0.57797	 0.57402	 0.57003	 0.56381	 0.55568	 0.54585	 0.53680	 0.52754	 0.51895	 0.51253	 0.50671	 0.50361	 0.50435	 0.51040	 0.51879	 0.52579	 0.52341	 0.51105	 0.49263	 0.47290	 0.45503	 0.43796	 0.42274	 0.40960	 0.39797	 0.38778
9 	 0.23594	 0.23479	 0.23729	 0.24619	 0.26372	 0.28637	 0.30703	 0.32237	 0.33489	 0.34431	 0.34751	 0.34192	 0.33131	 0.31985	 0.31058	 0.30381	 0.29884	 0.29481	 0.29031	 0.28660	 0.28606	 0.29014	 0.29968	 0.31497	 0.33387	 0.35368	 0.37288	 0.39161	 0.41763	 0.45629	 0.50316	 0.54922	 0.58434	 0.60463	 0.61383	 0.61698	 0.61663	 0.61305	 0.60684	 0.59897	 0.59056	 0.58176	 0.57421	 0.56948	 0.56574	 0.56206	 0.55841	 0.55488	 0.54918	 0.54123	 0.53151	 0.52256	 0.51339	 0.50493	 0.49832	 0.49207	 0.48879	 0.48967	 0.49517	 0.50234	 0.50772	 0.50447	 0.49228	 0.47467	 0.45547	 0.43765	 0.42075	 0.40537	 0.39273	 0.38073	 0.36972
14 	 0.22792	 0.22675	 0.22909	 0.23776	 0.25499	 0.27754	 0.29856	 0.31461	 0.32762	 0.33725	 0.34063	 0.33510	 0.32430	 0.31276	 0.30353	 0.29674	 0.29176	 0.28771	 0.28326	 0.27949	 0.27877	 0.28274	 0.29205	 0.30720	 0.32601	 0.34564	 0.36462	 0.38326	 0.40887	 0.44682	 0.49288	 0.53873	 0.57450	 0.59590	 0.60626	 0.61036	 0.61085	 0.60788	 0.60220	 0.59487	 0.58687	 0.57840	 0.57110	 0.56650	 0.56280	 0.55927	 0.55586	 0.55250	 0.54691	 0.53892	 0.52924	 0.52023	 0.51096	 0.50236	 0.49549	 0.48914	 0.48582	 0.48653	 0.49181	 0.49871	 0.50368	 0.49978	 0.48681	 0.46893	 0.44957	 0.43122	 0.41326	 0.39847	 0.38533	 0.37352	 0.36208
19 	 0.22656	 0.22528	 0.22747	 0.23588	 0.25273	 0.27489	 0.29578	 0.31199	 0.32521	 0.33499	 0.33841	 0.33287	 0.32207	 0.31051	 0.30138	 0.29475	 0.28988	 0.28578	 0.28128	 0.27746	 0.27656	 0.28027	 0.28932	 0.30408	 0.32243	 0.34166	 0.36033	 0.37844	 0.40334	 0.44006	 0.48481	 0.52995	 0.56587	 0.58800	 0.59931	 0.60407	 0.60516	 0.60284	 0.59778	 0.59097	 0.58331	 0.57516	 0.56820	 0.56379	 0.56024	 0.55698	 0.55377	 0.55065	 0.54514	 0.53727	 0.52772	 0.51885	 0.50957	 0.50090	 0.49400	 0.48763	 0.48436	 0.48497	 0.49002	 0.49673	 0.50157	 0.49770	 0.48498	 0.46692	 0.44737	 0.42881	 0.41156	 0.39657	 0.38336	 0.37126	 0.35970
24 	 0.22701	 0.22567	 0.22781	 0.23609	 0.25266	 0.27443	 0.29519	 0.31154	 0.32493	 0.33481	 0.33823	 0.33269	 0.32186	 0.31041	 0.30133	 0.29473	 0.28989	 0.28587	 0.28131	 0.27739	 0.27636	 0.27991	 0.28870	 0.30309	 0.32107	 0.33998	 0.35844	 0.37624	 0.40041	 0.43620	 0.47998	 0.52451	 0.56048	 0.58311	 0.59501	 0.60046	 0.60201	 0.60007	 0.59543	 0.58898	 0.58163	 0.57369	 0.56689	 0.56267	 0.55936	 0.55614	 0.55307	 0.55007	 0.54477	 0.53714	 0.52773	 0.51889	 0.50961	 0.50097	 0.49415	 0.48774	 0.48438	 0.48498	 0.49012	 0.49672	 0.50159	 0.49773	 0.48491	 0.46692	 0.44760	 0.42950	 0.41188	 0.39691	 0.38400	 0.37147	 0.36000
29 	 0.22509	 0.22372	 0.22584	 0.23405	 0.25039	 0.27211	 0.29305	 0.30971	 0.32345	 0.33354	 0.33708	 0.33152	 0.32064	 0.30910	 0.29999	 0.29343	 0.28860	 0.28452	 0.27990	 0.27591	 0.27480	 0.27826	 0.28691	 0.30123	 0.31908	 0.33787	 0.35625	 0.37396	 0.39773	 0.43303	 0.47645	 0.52114	 0.55775	 0.58138	 0.59425	 0.60050	 0.60251	 0.60105	 0.59684	 0.59077	 0.58361	 0.57580	 0.56910	 0.56495	 0.56170	 0.55860	 0.55565	 0.55272	 0.54750	 0.53990	 0.53038	 0.52146	 0.51220	 0.50341	 0.49648	 0.49005	 0.48650	 0.48706	 0.49203	 0.49842	 0.50300	 0.49868	 0.48559	 0.46714	 0.44745	 0.42920	 0.41105	 0.39537	 0.38260	 0.37069	 0.35876
34 	 0.22476	 0.22335	 0.22531	 0.23327	 0.24924	 0.27050	 0.29136	 0.30839	 0.32254	 0.33272	 0.33629	 0.33076	 0.31981	 0.30832	 0.29931	 0.29286	 0.28812	 0.28405	 0.27942	 0.27533	 0.27412	 0.27739	 0.28577	 0.29969	 0.31713	 0.33551	 0.35359	 0.37096	 0.39402	 0.42812	 0.47035	 0.51441	 0.55145	 0.57609	 0.59020	 0.59748	 0.60025	 0.59949	 0.59591	 0.59036	 0.58358	 0.57611	 0.56959	 0.56557	 0.56242	 0.55942	 0.55664	 0.55386	 0.54876	 0.54132	 0.53199	 0.52308	 0.51376	 0.50506	 0.49806	 0.49147	 0.48788	 0.48826	 0.49308	 0.49921	 0.50354	 0.49903	 0.48606	 0.46750	 0.44736	 0.42852	 0.41101	 0.39547	 0.38240	 0.37025	 0.35835
