1 	 0.30575	 0.30678	 0.31295	 0.33078	 0.36333	 0.40357	 0.43920	 0.46819	 0.49236	 0.51102	 0.51794	 0.50952	 0.49225	 0.47419	 0.45909	 0.44915	 0.44334	 0.43859	 0.43340	 0.42891	 0.42840	 0.43616	 0.45250	 0.47801	 0.51141	 0.54841	 0.58206	 0.61270	 0.65049	 0.70447	 0.76652	 0.82179	 0.86120	 0.88125	 0.88803	 0.88960	 0.88962	 0.88730	 0.88215	 0.87680	 0.87044	 0.86323	 0.85666	 0.85256	 0.84897	 0.84539	 0.84207	 0.83827	 0.83151	 0.82313	 0.81282	 0.80274	 0.79227	 0.78164	 0.77236	 0.76561	 0.76223	 0.76356	 0.77132	 0.77696	 0.77124	 0.74732	 0.71014	 0.66653	 0.62305	 0.58430	 0.54895	 0.51923	 0.49347	 0.47158	 0.45511
6 	 0.30751	 0.30821	 0.31394	 0.33110	 0.36259	 0.40219	 0.43855	 0.46883	 0.49371	 0.51235	 0.51910	 0.51021	 0.49272	 0.47490	 0.46033	 0.45094	 0.44530	 0.44069	 0.43548	 0.43091	 0.43020	 0.43739	 0.45302	 0.47766	 0.50970	 0.54523	 0.57758	 0.60725	 0.64363	 0.69595	 0.75750	 0.81405	 0.85596	 0.87866	 0.88770	 0.89089	 0.89221	 0.89096	 0.88678	 0.88212	 0.87634	 0.86955	 0.86333	 0.85966	 0.85628	 0.85292	 0.84975	 0.84630	 0.83997	 0.83211	 0.82225	 0.81239	 0.80174	 0.79094	 0.78162	 0.77463	 0.77090	 0.77149	 0.77829	 0.78264	 0.77549	 0.75082	 0.71291	 0.66857	 0.62487	 0.58538	 0.55004	 0.52025	 0.49462	 0.47223	 0.45510
11 	 0.30761	 0.30814	 0.31393	 0.33088	 0.36206	 0.40156	 0.43823	 0.46894	 0.49412	 0.51290	 0.51958	 0.51063	 0.49302	 0.47514	 0.46067	 0.45145	 0.44591	 0.44124	 0.43598	 0.43137	 0.43045	 0.43749	 0.45286	 0.47740	 0.50914	 0.54432	 0.57650	 0.60601	 0.64202	 0.69376	 0.75502	 0.81199	 0.85481	 0.87845	 0.88830	 0.89205	 0.89386	 0.89300	 0.88913	 0.88472	 0.87906	 0.87246	 0.86635	 0.86280	 0.85955	 0.85634	 0.85328	 0.84986	 0.84376	 0.83603	 0.82633	 0.81638	 0.80563	 0.79462	 0.78534	 0.77830	 0.77453	 0.77490	 0.78127	 0.78535	 0.77805	 0.75260	 0.71428	 0.66985	 0.62555	 0.58631	 0.55141	 0.52023	 0.49456	 0.47272	 0.45572
16 	 0.30753	 0.30799	 0.31358	 0.33017	 0.36082	 0.39993	 0.43663	 0.46761	 0.49300	 0.51165	 0.51825	 0.50933	 0.49170	 0.47391	 0.45960	 0.45051	 0.44511	 0.44044	 0.43521	 0.43051	 0.42949	 0.43629	 0.45134	 0.47536	 0.50651	 0.54120	 0.57293	 0.60200	 0.63726	 0.68786	 0.74822	 0.80478	 0.84780	 0.87203	 0.88255	 0.88682	 0.88895	 0.88845	 0.88497	 0.88077	 0.87560	 0.86919	 0.86325	 0.85991	 0.85683	 0.85374	 0.85083	 0.84754	 0.84163	 0.83413	 0.82467	 0.81495	 0.80410	 0.79327	 0.78404	 0.77714	 0.77333	 0.77357	 0.77981	 0.78370	 0.77613	 0.75089	 0.71288	 0.66858	 0.62505	 0.58545	 0.55016	 0.51950	 0.49389	 0.47134	 0.45527
21 	 0.30830	 0.30865	 0.31404	 0.33036	 0.36064	 0.39943	 0.43634	 0.46790	 0.49366	 0.51257	 0.51919	 0.51013	 0.49239	 0.47466	 0.46041	 0.45147	 0.44601	 0.44138	 0.43610	 0.43133	 0.43016	 0.43660	 0.45128	 0.47484	 0.50553	 0.53995	 0.57144	 0.60022	 0.63475	 0.68438	 0.74388	 0.80080	 0.84494	 0.87055	 0.88212	 0.88702	 0.88973	 0.88964	 0.88646	 0.88264	 0.87768	 0.87165	 0.86585	 0.86255	 0.85973	 0.85687	 0.85404	 0.85101	 0.84517	 0.83797	 0.82856	 0.81884	 0.80822	 0.79736	 0.78821	 0.78116	 0.77713	 0.77713	 0.78321	 0.78682	 0.77888	 0.75346	 0.71512	 0.67105	 0.62691	 0.58666	 0.55169	 0.52100	 0.49550	 0.47357	 0.45693
26 	 0.30874	 0.30901	 0.31438	 0.33059	 0.36060	 0.39921	 0.43637	 0.46824	 0.49431	 0.51328	 0.51988	 0.51085	 0.49293	 0.47519	 0.46102	 0.45205	 0.44666	 0.44200	 0.43671	 0.43187	 0.43066	 0.43703	 0.45143	 0.47485	 0.50526	 0.53952	 0.57082	 0.59950	 0.63378	 0.68283	 0.74190	 0.79892	 0.84364	 0.86997	 0.88196	 0.88742	 0.89037	 0.89058	 0.88779	 0.88408	 0.87934	 0.87333	 0.86758	 0.86452	 0.86168	 0.85879	 0.85614	 0.85312	 0.84743	 0.84020	 0.83083	 0.82130	 0.81069	 0.79993	 0.79050	 0.78345	 0.77951	 0.77944	 0.78527	 0.78861	 0.78058	 0.75508	 0.71648	 0.67182	 0.62728	 0.58799	 0.55166	 0.52125	 0.49609	 0.47419	 0.45663
31 	 0.30973	 0.30991	 0.31512	 0.33099	 0.36032	 0.39850	 0.43589	 0.46826	 0.49458	 0.51378	 0.52039	 0.51120	 0.49322	 0.47551	 0.46146	 0.45268	 0.44738	 0.44277	 0.43744	 0.43254	 0.43109	 0.43718	 0.45125	 0.47401	 0.50373	 0.53744	 0.56835	 0.59656	 0.62989	 0.67754	 0.73550	 0.79238	 0.83803	 0.86553	 0.87878	 0.88506	 0.88872	 0.88937	 0.88694	 0.88368	 0.87927	 0.87359	 0.86804	 0.86510	 0.86247	 0.85977	 0.85732	 0.85439	 0.84895	 0.84201	 0.83290	 0.82341	 0.81291	 0.80211	 0.79277	 0.78565	 0.78158	 0.78150	 0.78711	 0.79013	 0.78196	 0.75630	 0.71766	 0.67280	 0.62822	 0.58876	 0.55295	 0.52231	 0.49646	 0.47431	 0.45791
2 	 0.23698	 0.23760	 0.24165	 0.25407	 0.27705	 0.30509	 0.32811	 0.34548	 0.35949	 0.37097	 0.37523	 0.36950	 0.35796	 0.34644	 0.33661	 0.32995	 0.32593	 0.32245	 0.31904	 0.31658	 0.31693	 0.32330	 0.33521	 0.35273	 0.37423	 0.39823	 0.42043	 0.44233	 0.47320	 0.51974	 0.57419	 0.62313	 0.65962	 0.67927	 0.68592	 0.68636	 0.68468	 0.67955	 0.67069	 0.66109	 0.65118	 0.64102	 0.63262	 0.62702	 0.62212	 0.61761	 0.61342	 0.60906	 0.60214	 0.59392	 0.58441	 0.57528	 0.56580	 0.55656	 0.54876	 0.54337	 0.54015	 0.54059	 0.54699	 0.55340	 0.55434	 0.54414	 0.52426	 0.49979	 0.47356	 0.44928	 0.42646	 0.40626	 0.38805	 0.37329	 0.36043
7 	 0.23743	 0.23788	 0.24186	 0.25388	 0.27661	 0.30485	 0.32884	 0.34742	 0.36200	 0.37344	 0.37754	 0.37155	 0.35984	 0.34843	 0.33903	 0.33277	 0.32887	 0.32543	 0.32215	 0.31981	 0.32022	 0.32656	 0.33848	 0.35592	 0.37697	 0.40010	 0.42147	 0.44326	 0.47430	 0.52139	 0.57710	 0.62767	 0.66607	 0.68807	 0.69729	 0.69974	 0.69957	 0.69558	 0.68733	 0.67802	 0.66803	 0.65766	 0.64894	 0.64311	 0.63805	 0.63331	 0.62878	 0.62425	 0.61735	 0.60932	 0.59990	 0.59057	 0.58065	 0.57094	 0.56298	 0.55733	 0.55368	 0.55351	 0.55890	 0.56421	 0.56388	 0.55237	 0.53115	 0.50512	 0.47748	 0.45279	 0.42858	 0.40778	 0.38969	 0.37505	 0.36102
12 	 0.21988	 0.22023	 0.22412	 0.23631	 0.25897	 0.28734	 0.31169	 0.33082	 0.34560	 0.35718	 0.36133	 0.35529	 0.34340	 0.33195	 0.32256	 0.31635	 0.31257	 0.30907	 0.30582	 0.30350	 0.30382	 0.31011	 0.32196	 0.33941	 0.36033	 0.38340	 0.40462	 0.42611	 0.45641	 0.50226	 0.55666	 0.60640	 0.64468	 0.66716	 0.67716	 0.68032	 0.68088	 0.67770	 0.67048	 0.66210	 0.65277	 0.64298	 0.63475	 0.62940	 0.62465	 0.62017	 0.61592	 0.61158	 0.60491	 0.59716	 0.58783	 0.57845	 0.56844	 0.55863	 0.55072	 0.54503	 0.54120	 0.54077	 0.54588	 0.55071	 0.54939	 0.53678	 0.51496	 0.48856	 0.46041	 0.43473	 0.41043	 0.38962	 0.37110	 0.35540	 0.34278
17 	 0.20848	 0.20863	 0.21244	 0.22445	 0.24687	 0.27509	 0.29979	 0.31911	 0.33426	 0.34593	 0.35007	 0.34386	 0.33199	 0.32046	 0.31108	 0.30487	 0.30109	 0.29764	 0.29432	 0.29190	 0.29219	 0.29826	 0.30993	 0.32724	 0.34798	 0.37082	 0.39181	 0.41301	 0.44262	 0.48710	 0.54009	 0.58912	 0.62750	 0.65073	 0.66143	 0.66531	 0.66648	 0.66409	 0.65769	 0.64997	 0.64132	 0.63202	 0.62423	 0.61911	 0.61474	 0.61053	 0.60646	 0.60239	 0.59582	 0.58816	 0.57885	 0.56943	 0.55932	 0.54933	 0.54131	 0.53553	 0.53166	 0.53106	 0.53625	 0.54079	 0.53892	 0.52583	 0.50339	 0.47648	 0.44764	 0.42192	 0.39801	 0.37631	 0.35832	 0.34284	 0.32982
22 	 0.20495	 0.20509	 0.20875	 0.22046	 0.24242	 0.27038	 0.29525	 0.31497	 0.33047	 0.34233	 0.34650	 0.34035	 0.32833	 0.31675	 0.30744	 0.30129	 0.29751	 0.29410	 0.29072	 0.28821	 0.28824	 0.29413	 0.30540	 0.32223	 0.34259	 0.36523	 0.38587	 0.40663	 0.43531	 0.47831	 0.52981	 0.57823	 0.61698	 0.64123	 0.65311	 0.65800	 0.65994	 0.65826	 0.65256	 0.64557	 0.63739	 0.62866	 0.62113	 0.61635	 0.61223	 0.60824	 0.60440	 0.60052	 0.59427	 0.58670	 0.57744	 0.56802	 0.55786	 0.54792	 0.53980	 0.53404	 0.52999	 0.52939	 0.53429	 0.53864	 0.53651	 0.52300	 0.50007	 0.47295	 0.44443	 0.41834	 0.39362	 0.37216	 0.35394	 0.33882	 0.32552
27 	 0.20473	 0.20470	 0.20818	 0.21974	 0.24136	 0.26910	 0.29403	 0.31417	 0.32986	 0.34176	 0.34602	 0.33985	 0.32775	 0.31618	 0.30696	 0.30086	 0.29715	 0.29366	 0.29027	 0.28768	 0.28770	 0.29336	 0.30434	 0.32093	 0.34098	 0.36328	 0.38378	 0.40430	 0.43243	 0.47457	 0.52534	 0.57364	 0.61293	 0.63804	 0.65089	 0.65648	 0.65898	 0.65779	 0.65249	 0.64574	 0.63798	 0.62931	 0.62190	 0.61729	 0.61326	 0.60940	 0.60571	 0.60188	 0.59571	 0.58822	 0.57899	 0.56956	 0.55947	 0.54947	 0.54127	 0.53540	 0.53152	 0.53070	 0.53546	 0.53964	 0.53717	 0.52347	 0.50040	 0.47347	 0.44466	 0.41842	 0.39359	 0.37223	 0.35436	 0.33933	 0.32620
32 	 0.20551	 0.20548	 0.20889	 0.21993	 0.24099	 0.26829	 0.29335	 0.31392	 0.32996	 0.34201	 0.34630	 0.34010	 0.32797	 0.31647	 0.30743	 0.30144	 0.29770	 0.29425	 0.29081	 0.28812	 0.28798	 0.29343	 0.30408	 0.32014	 0.33961	 0.36148	 0.38159	 0.40162	 0.42880	 0.46958	 0.51900	 0.56684	 0.60666	 0.63299	 0.64726	 0.65404	 0.65739	 0.65699	 0.65240	 0.64626	 0.63884	 0.63058	 0.62344	 0.61897	 0.61510	 0.61130	 0.60781	 0.60409	 0.59818	 0.59087	 0.58173	 0.57241	 0.56225	 0.55231	 0.54402	 0.53806	 0.53411	 0.53313	 0.53783	 0.54176	 0.53927	 0.52534	 0.50191	 0.47484	 0.44593	 0.41937	 0.39437	 0.37329	 0.35477	 0.33934	 0.32680
4 	 0.22384	 0.22279	 0.22483	 0.23371	 0.25189	 0.27540	 0.29532	 0.31073	 0.32330	 0.33374	 0.33749	 0.33168	 0.32017	 0.30849	 0.29851	 0.29146	 0.28682	 0.28271	 0.27864	 0.27540	 0.27445	 0.27919	 0.28914	 0.30444	 0.32395	 0.34644	 0.36677	 0.38625	 0.41336	 0.45404	 0.50217	 0.54660	 0.58084	 0.59991	 0.60644	 0.60668	 0.60519	 0.60091	 0.59324	 0.58505	 0.57621	 0.56713	 0.55974	 0.55509	 0.55114	 0.54741	 0.54381	 0.53997	 0.53360	 0.52581	 0.51675	 0.50791	 0.49867	 0.48969	 0.48231	 0.47744	 0.47457	 0.47542	 0.48254	 0.49113	 0.49632	 0.49255	 0.47976	 0.46271	 0.44358	 0.42740	 0.40951	 0.39425	 0.38015	 0.36927	 0.35797
9 	 0.24272	 0.24158	 0.24339	 0.25160	 0.26870	 0.29147	 0.31135	 0.32703	 0.33951	 0.34959	 0.35310	 0.34708	 0.33583	 0.32466	 0.31518	 0.30853	 0.30428	 0.30012	 0.29615	 0.29296	 0.29214	 0.29637	 0.30579	 0.32042	 0.33865	 0.35959	 0.37865	 0.39737	 0.42337	 0.46278	 0.50962	 0.55306	 0.58694	 0.60649	 0.61434	 0.61599	 0.61561	 0.61230	 0.60544	 0.59794	 0.58952	 0.58070	 0.57358	 0.56908	 0.56524	 0.56161	 0.55807	 0.55437	 0.54839	 0.54119	 0.53271	 0.52418	 0.51507	 0.50625	 0.49908	 0.49424	 0.49109	 0.49155	 0.49808	 0.50598	 0.51097	 0.50755	 0.49562	 0.47908	 0.46034	 0.44419	 0.42692	 0.41244	 0.39850	 0.38681	 0.37673
14 	 0.22539	 0.22408	 0.22582	 0.23417	 0.25142	 0.27457	 0.29506	 0.31147	 0.32443	 0.33486	 0.33845	 0.33237	 0.32073	 0.30932	 0.29976	 0.29309	 0.28874	 0.28472	 0.28070	 0.27738	 0.27636	 0.28071	 0.29006	 0.30490	 0.32328	 0.34436	 0.36358	 0.38224	 0.40802	 0.44690	 0.49348	 0.53731	 0.57223	 0.59305	 0.60202	 0.60456	 0.60487	 0.60228	 0.59601	 0.58897	 0.58088	 0.57235	 0.56531	 0.56095	 0.55731	 0.55378	 0.55038	 0.54688	 0.54091	 0.53375	 0.52506	 0.51633	 0.50701	 0.49781	 0.49053	 0.48557	 0.48228	 0.48255	 0.48881	 0.49640	 0.50051	 0.49619	 0.48310	 0.46593	 0.44632	 0.42870	 0.41152	 0.39611	 0.38236	 0.37037	 0.35980
19 	 0.22400	 0.22260	 0.22431	 0.23229	 0.24928	 0.27224	 0.29298	 0.30972	 0.32295	 0.33341	 0.33692	 0.33085	 0.31917	 0.30774	 0.29822	 0.29172	 0.28737	 0.28338	 0.27929	 0.27585	 0.27472	 0.27878	 0.28791	 0.30235	 0.32035	 0.34109	 0.36004	 0.37834	 0.40341	 0.44115	 0.48663	 0.53006	 0.56522	 0.58694	 0.59693	 0.60028	 0.60120	 0.59920	 0.59362	 0.58701	 0.57941	 0.57123	 0.56452	 0.56031	 0.55679	 0.55346	 0.55024	 0.54692	 0.54120	 0.53417	 0.52557	 0.51682	 0.50742	 0.49824	 0.49097	 0.48594	 0.48267	 0.48273	 0.48892	 0.49629	 0.50022	 0.49551	 0.48248	 0.46507	 0.44521	 0.42742	 0.41049	 0.39461	 0.38111	 0.36914	 0.35866
24 	 0.22313	 0.22173	 0.22329	 0.23130	 0.24792	 0.27059	 0.29118	 0.30802	 0.32130	 0.33186	 0.33548	 0.32938	 0.31765	 0.30627	 0.29680	 0.29031	 0.28598	 0.28195	 0.27790	 0.27443	 0.27316	 0.27706	 0.28596	 0.30013	 0.31786	 0.33843	 0.35702	 0.37513	 0.39974	 0.43665	 0.48137	 0.52425	 0.55955	 0.58166	 0.59203	 0.59586	 0.59705	 0.59534	 0.59005	 0.58371	 0.57638	 0.56830	 0.56169	 0.55772	 0.55427	 0.55110	 0.54798	 0.54480	 0.53910	 0.53218	 0.52365	 0.51500	 0.50577	 0.49652	 0.48921	 0.48417	 0.48094	 0.48107	 0.48724	 0.49441	 0.49836	 0.49354	 0.48069	 0.46330	 0.44367	 0.42636	 0.40928	 0.39372	 0.38001	 0.36767	 0.35711
29 	 0.22302	 0.22159	 0.22308	 0.23075	 0.24705	 0.26940	 0.28996	 0.30690	 0.32035	 0.33099	 0.33453	 0.32845	 0.31662	 0.30534	 0.29598	 0.28954	 0.28522	 0.28114	 0.27709	 0.27360	 0.27222	 0.27602	 0.28462	 0.29839	 0.31572	 0.33591	 0.35435	 0.37223	 0.39637	 0.43257	 0.47649	 0.51927	 0.55488	 0.57779	 0.58907	 0.59352	 0.59519	 0.59380	 0.58896	 0.58280	 0.57573	 0.56785	 0.56129	 0.55744	 0.55409	 0.55096	 0.54804	 0.54486	 0.53931	 0.53239	 0.52395	 0.51533	 0.50613	 0.49683	 0.48940	 0.48430	 0.48106	 0.48105	 0.48712	 0.49419	 0.49794	 0.49346	 0.48014	 0.46319	 0.44347	 0.42620	 0.40855	 0.39423	 0.37973	 0.36746	 0.35772
34 	 0.22363	 0.22219	 0.22351	 0.23106	 0.24691	 0.26905	 0.28980	 0.30724	 0.32106	 0.33179	 0.33543	 0.32925	 0.31735	 0.30599	 0.29675	 0.29039	 0.28618	 0.28211	 0.27797	 0.27440	 0.27300	 0.27648	 0.28480	 0.29832	 0.31525	 0.33515	 0.35331	 0.37086	 0.39433	 0.42942	 0.47234	 0.51475	 0.55096	 0.57490	 0.58754	 0.59290	 0.59542	 0.59481	 0.59051	 0.58490	 0.57814	 0.57058	 0.56426	 0.56050	 0.55732	 0.55434	 0.55149	 0.54847	 0.54317	 0.53641	 0.52803	 0.51941	 0.51000	 0.50078	 0.49337	 0.48821	 0.48477	 0.48466	 0.49048	 0.49730	 0.50079	 0.49568	 0.48232	 0.46496	 0.44530	 0.42742	 0.40999	 0.39465	 0.38035	 0.36845	 0.35765
