1	0.132633941	0.133330797	0.136089869	0.144375398	0.160123122	0.179893678	0.19821326	0.21275743	0.224554893	0.233412413	0.2367461	0.234520138	0.227773626	0.220475099	0.213880735	0.210548977	0.208557254	0.207124634	0.205703534	0.203683049	0.203515033	0.206944002	0.214217275	0.226006345	0.24070588	0.256453518	0.27035759	0.28146894	0.295124378	0.315552583	0.343471828	0.374095284	0.400940659	0.420588305	0.431561659	0.437336255	0.439764367	0.439395485	0.437724835	0.434098253	0.429712966	0.424296637	0.419449501	0.416918473	0.415329615	0.414061495	0.411648769	0.409125559	0.406126756	0.401705929	0.396652282	0.391431722	0.386403533	0.381685588	0.377602668	0.376263788	0.375814865	0.376372109	0.377122423	0.377769928	0.370823123	0.356518581	0.337919114	0.318216011	0.29897939	0.281957409	0.265381385	0.249869364	0.238045647	0.227783454	0.218019302
6	0.097485942	0.097861454	0.100603681	0.109175025	0.12495895	0.144625429	0.162801097	0.176671506	0.187024206	0.195601994	0.199220054	0.197282248	0.190828025	0.183670748	0.178163465	0.174464872	0.172500216	0.171308793	0.169367103	0.167613956	0.167454467	0.170205269	0.177282576	0.189895844	0.2046834	0.219558064	0.232786749	0.243977486	0.257412	0.277279071	0.304593141	0.33591563	0.362236721	0.381359389	0.391776168	0.39714832	0.39990531	0.3993315	0.397350856	0.393944854	0.389513614	0.383995079	0.378970383	0.375934749	0.374704849	0.374155725	0.372317425	0.369503358	0.366137153	0.361602407	0.356716014	0.351741846	0.347233917	0.342754484	0.338026234	0.337463116	0.336547641	0.335858532	0.336513976	0.33739703	0.330431131	0.316567439	0.29893111	0.280056239	0.261411361	0.245475234	0.229867168	0.215113657	0.202515469	0.192923962	0.18374627
11	0.135069797	0.135958811	0.139409664	0.147438535	0.16311258	0.183157935	0.201612892	0.215351111	0.226483999	0.235623908	0.238685344	0.236215775	0.229362341	0.222258843	0.216950054	0.213316726	0.211278561	0.209540031	0.207017938	0.204919169	0.204834311	0.208155742	0.215043408	0.227036751	0.241480028	0.257166198	0.271337663	0.283023792	0.296257257	0.315595125	0.343238558	0.374514309	0.401101674	0.419506569	0.430053678	0.435868655	0.437390554	0.437054524	0.435737244	0.432399105	0.427633787	0.422836128	0.418456808	0.415065127	0.413181195	0.412352852	0.410853049	0.408911688	0.4050982	0.40043815	0.395403048	0.389776057	0.384581507	0.379955864	0.376050018	0.375083475	0.37459037	0.375096678	0.377400891	0.37731668	0.37004757	0.356251712	0.338393393	0.31881044	0.299506816	0.282898129	0.267221153	0.252524595	0.239968569	0.229683173	0.219862155
16	0.09185902	0.092345523	0.095727535	0.103497909	0.118754498	0.138258299	0.156631046	0.169867357	0.180874949	0.189971808	0.193062068	0.19068234	0.183945695	0.177189298	0.172024726	0.168481893	0.166333711	0.164643601	0.162231065	0.160256357	0.160234695	0.163802502	0.170400505	0.182155859	0.196573154	0.212463277	0.226672292	0.238259626	0.251328569	0.270549542	0.298086339	0.32950573	0.356704646	0.375638276	0.386148047	0.391770007	0.393430005	0.392997099	0.391609603	0.387927197	0.383347653	0.378927296	0.374462331	0.370789122	0.369025102	0.368190154	0.366977248	0.364738118	0.360976182	0.356366718	0.351238156	0.345481867	0.340082293	0.335133934	0.331023234	0.330138778	0.329639815	0.33013726	0.332794323	0.332650286	0.325905404	0.312388963	0.29479402	0.275713736	0.257034672	0.240992145	0.225629533	0.211996001	0.199095369	0.189100265	0.179345012
21	0.138532183	0.139343054	0.143032845	0.151290196	0.167088623	0.187715666	0.206891824	0.221052543	0.232436477	0.241759364	0.245362481	0.243154795	0.236058976	0.228151105	0.222798565	0.219512635	0.217201303	0.215546523	0.212839535	0.210994152	0.211276756	0.214468978	0.221743649	0.23404738	0.249114058	0.26570591	0.280126457	0.291938823	0.305476121	0.325187759	0.353124118	0.384937434	0.411798607	0.430609574	0.44142628	0.447545641	0.449359481	0.448446988	0.446498193	0.443199759	0.439550425	0.434272252	0.429622263	0.425679792	0.424163073	0.423820911	0.422112054	0.41951137	0.41600385	0.411446014	0.406934605	0.401248836	0.395560402	0.390301264	0.385824561	0.385568213	0.385910358	0.386841825	0.388514845	0.388443434	0.381738079	0.36673377	0.347485704	0.326798042	0.307464293	0.29009103	0.273345932	0.258033043	0.245696958	0.235033529	0.225254076
26	0.085911544	0.086337639	0.089492985	0.097284682	0.11201506	0.131265061	0.14894262	0.162204822	0.172815538	0.181443137	0.184767886	0.182790271	0.176348614	0.168871866	0.163631605	0.161023574	0.158950939	0.15736454	0.155052708	0.153742046	0.154132102	0.157020301	0.163991431	0.175771746	0.189853025	0.205342747	0.218586206	0.229789586	0.242830461	0.261657393	0.288539219	0.31921627	0.345137944	0.363556529	0.374553602	0.38051971	0.381690707	0.380930618	0.379105152	0.375913892	0.372279485	0.366748072	0.362384879	0.358674632	0.357031889	0.35700494	0.354979674	0.352378566	0.348900377	0.344593643	0.34011518	0.334739408	0.328924254	0.323496716	0.319448955	0.318944002	0.319565403	0.320523096	0.322014138	0.322322346	0.316731064	0.302742876	0.285063686	0.266585466	0.248507138	0.232115852	0.216769327	0.202968283	0.191170616	0.181405556	0.172340259
31	0.136329756	0.136812387	0.140049617	0.148639423	0.164685234	0.185414796	0.204523476	0.218874203	0.230366734	0.239442644	0.242871117	0.240632228	0.233834159	0.225794828	0.219982898	0.217026311	0.214776575	0.213003652	0.210432132	0.208931637	0.20914614	0.212219834	0.219697768	0.23226756	0.247143061	0.26351294	0.277621008	0.289465627	0.303210831	0.322972358	0.351017468	0.382759664	0.40942625	0.428537901	0.439927428	0.445991874	0.447167957	0.446494638	0.444713234	0.441351853	0.437556995	0.431884455	0.427420686	0.42370455	0.422004719	0.421903151	0.419765278	0.41720475	0.413681334	0.409275924	0.404652825	0.399090897	0.393215344	0.387687715	0.383694943	0.382974606	0.383483243	0.384496212	0.385982138	0.385903949	0.379286108	0.363982417	0.344599605	0.324477404	0.305291649	0.287341777	0.270830901	0.255550484	0.243380313	0.232533384	0.222802917
36	0.091966673	0.09210264	0.095101466	0.103230901	0.118144444	0.137790527	0.155978003	0.1695858	0.180349562	0.189183327	0.192478891	0.190454959	0.184232829	0.176500764	0.170870304	0.168177219	0.166080981	0.164499244	0.162239995	0.160981197	0.161121718	0.164057726	0.171350915	0.18343297	0.197569616	0.213290577	0.226831871	0.238281421	0.251717189	0.270893211	0.298156371	0.329091223	0.355252814	0.374129532	0.385416983	0.39125736	0.392143602	0.391619363	0.390095615	0.386908107	0.38313334	0.377455378	0.373209562	0.369582923	0.367773229	0.367765559	0.36552312	0.363004364	0.359527263	0.355215388	0.350477331	0.345025451	0.339206627	0.33371739	0.329901029	0.328801161	0.329214754	0.330137823	0.331686301	0.332117662	0.326078428	0.311901324	0.293702002	0.274959287	0.25657282	0.239891979	0.224340204	0.209791345	0.198729047	0.188147266	0.178961466
41	0.140720964	0.140967049	0.144079763	0.152911635	0.168915694	0.18988247	0.209443403	0.224053672	0.235437582	0.244665112	0.248165072	0.24600645	0.239388488	0.23108056	0.22480388	0.221719593	0.21940565	0.217789969	0.215239844	0.213791267	0.213694013	0.21690088	0.224916524	0.237652076	0.252470812	0.269064104	0.283553363	0.295786162	0.30989112	0.329925215	0.358176152	0.390002825	0.416958539	0.436534607	0.447965969	0.453744941	0.454354894	0.453932104	0.452564402	0.449238526	0.44518501	0.439505887	0.435315933	0.431679988	0.429516167	0.429420224	0.427069619	0.424740028	0.421315325	0.416899641	0.411848296	0.406272866	0.400488362	0.394892307	0.391207848	0.389845356	0.389871774	0.390892263	0.392406896	0.392325004	0.385399322	0.369680927	0.350464701	0.329907276	0.31047768	0.292157804	0.275240057	0.260616824	0.247391866	0.236980339	0.226997302
46	0.088131887	0.088342266	0.091279875	0.099543496	0.114500253	0.134072539	0.152414866	0.166049015	0.176583607	0.18527225	0.188616689	0.186738171	0.180706605	0.17291104	0.167133055	0.164390843	0.162223634	0.160828071	0.15858775	0.157393048	0.157345545	0.160387102	0.168158876	0.180175171	0.193939337	0.209497886	0.223117586	0.234622688	0.247939322	0.266690474	0.293273551	0.323339816	0.349014683	0.367611873	0.378483516	0.383987483	0.384452111	0.384071996	0.382965431	0.379809488	0.375843105	0.370413618	0.366463797	0.362902618	0.360682014	0.360756024	0.358488781	0.356232889	0.352808951	0.348643523	0.343906979	0.338586451	0.332980064	0.327619639	0.324314918	0.322850903	0.322906906	0.323927694	0.32536574	0.325440434	0.319353859	0.305285436	0.287573442	0.269230199	0.250969824	0.234483528	0.219095444	0.2045173	0.193048989	0.18314852	0.174042968
2	0.143299862	0.142435893	0.142762866	0.146920066	0.156525303	0.168495031	0.179339992	0.187578956	0.193673209	0.197811224	0.198224674	0.195168961	0.18947869	0.183985117	0.178601443	0.175496794	0.173446676	0.172107119	0.171249616	0.17015794	0.170385967	0.173623293	0.179949408	0.189387302	0.200606	0.212263545	0.222692325	0.232213127	0.247020166	0.270229256	0.30106471	0.332744642	0.358187914	0.376168247	0.386040216	0.391025909	0.39284584	0.391117562	0.387655276	0.382157901	0.375732762	0.368530735	0.36209432	0.357969047	0.354787419	0.351961255	0.348137143	0.344405366	0.340528076	0.335462096	0.330105997	0.324937022	0.320073727	0.315468645	0.311627243	0.310655559	0.310735546	0.311865937	0.313789388	0.317811374	0.317774946	0.314153863	0.308042966	0.300238025	0.292401916	0.285523788	0.278194869	0.270021353	0.264056122	0.257942838	0.251590416
7	0.183980047	0.183098989	0.183674203	0.187952574	0.19735196	0.209525747	0.22003283	0.227829968	0.233035961	0.236914216	0.23725472	0.233919723	0.228232243	0.222649853	0.218266779	0.215001351	0.212842783	0.211335315	0.209724547	0.208337372	0.20866929	0.211157998	0.217146181	0.227131493	0.238454594	0.249372951	0.259390753	0.269130225	0.283776812	0.306438474	0.336855634	0.369386086	0.394556673	0.411979097	0.421746604	0.426610008	0.428044066	0.426192583	0.422670794	0.417655282	0.41107873	0.403749507	0.397326909	0.392551093	0.38939275	0.387268279	0.384277055	0.380594023	0.376331974	0.37108008	0.366175197	0.360968174	0.356379001	0.352062012	0.348005593	0.347784125	0.347727077	0.348288958	0.35096518	0.354880036	0.354513078	0.350796784	0.345273962	0.337678981	0.330086131	0.323578149	0.316510048	0.308887012	0.302197055	0.296173395	0.289777482
12	0.152719409	0.151902465	0.152835474	0.156545909	0.165837082	0.177995696	0.188877672	0.196206621	0.201753466	0.205978358	0.206032466	0.202599388	0.196597667	0.191233413	0.186922998	0.183542313	0.181335298	0.179575586	0.177571661	0.176164613	0.176484557	0.179688958	0.185444416	0.195079062	0.20625327	0.218282378	0.229211673	0.239531188	0.254008179	0.276807823	0.308101536	0.341241838	0.367155982	0.384249155	0.393763037	0.398793828	0.399580195	0.397830539	0.394767947	0.389349717	0.382528266	0.376044625	0.370137999	0.365056167	0.361524046	0.359163644	0.356288281	0.352973955	0.348139257	0.342794775	0.337347537	0.331507954	0.326229413	0.321517983	0.317673696	0.316915849	0.316883855	0.318298661	0.322213566	0.325495849	0.325107784	0.321830513	0.316193336	0.308374366	0.300759952	0.294167135	0.287431657	0.280466611	0.273821599	0.267770167	0.261319443
17	0.187400855	0.186779896	0.188102422	0.192165364	0.2018594	0.214394625	0.226172156	0.233606006	0.23942143	0.243947729	0.244186953	0.240748034	0.234785757	0.229542185	0.225304595	0.222003442	0.219716864	0.218236612	0.216227764	0.214717145	0.215023529	0.218524425	0.2242129	0.233647274	0.244856855	0.257129698	0.267932942	0.278020343	0.291871147	0.313503414	0.343096025	0.374692586	0.399716824	0.416604308	0.425740231	0.430517739	0.431494433	0.429533022	0.426248191	0.420854914	0.414956839	0.408904171	0.402919044	0.397779203	0.394760145	0.392663041	0.390219393	0.386930798	0.382439203	0.377592983	0.372631651	0.36705489	0.362025395	0.357430264	0.3534938	0.353369156	0.353789747	0.3553108	0.358947153	0.361589475	0.360978939	0.356855546	0.350292877	0.341631387	0.333644223	0.326307998	0.318755086	0.311062387	0.304381568	0.298007049	0.291417725
22	0.14670749	0.14609451	0.147375965	0.151580497	0.160911406	0.173721867	0.185134904	0.192894417	0.198594507	0.202931481	0.203636392	0.200611016	0.194696623	0.18868769	0.184687498	0.18187344	0.179554127	0.178088768	0.175951197	0.175041404	0.175743758	0.178706082	0.184828447	0.194336391	0.20548193	0.217476618	0.227777069	0.237409858	0.251006474	0.271983223	0.300847096	0.331742579	0.355802488	0.372080335	0.381373649	0.386482419	0.38742588	0.38520291	0.381708415	0.376723239	0.371513424	0.364843534	0.359029107	0.353872838	0.351082683	0.349497126	0.346666367	0.343175863	0.338964441	0.33418961	0.329605011	0.324211418	0.318810525	0.313902283	0.309909618	0.310158944	0.311118899	0.312667287	0.315507241	0.31860456	0.31898297	0.314750285	0.30812252	0.300063076	0.292384099	0.285291578	0.277954109	0.270206041	0.264045835	0.258046477	0.251997204
27	0.187684524	0.186733018	0.187670823	0.192188681	0.201916118	0.215095695	0.226820243	0.235052854	0.24113639	0.245530466	0.245980704	0.242762549	0.236809819	0.230464994	0.225742781	0.223069685	0.220774124	0.219029378	0.216923058	0.216106748	0.216734033	0.219597765	0.225918963	0.236042302	0.247486913	0.259901044	0.270496169	0.280674603	0.295151099	0.317130773	0.347215184	0.379067817	0.403955564	0.421099782	0.431320788	0.436648473	0.437057683	0.435198948	0.431884995	0.426879978	0.421502425	0.41451293	0.408783709	0.40375673	0.40076398	0.399257557	0.396010952	0.392464105	0.388203553	0.383405471	0.378668944	0.373258401	0.367710801	0.362542701	0.358743238	0.358643182	0.359798434	0.361611593	0.364437416	0.367711487	0.367864065	0.362923466	0.355359217	0.347033727	0.338186829	0.330317411	0.322019126	0.314004653	0.306649538	0.300460836	0.293679731
32	0.138549153	0.137579283	0.138389875	0.142745435	0.152171655	0.16488652	0.176252119	0.184236153	0.19008743	0.194383764	0.194798413	0.191762624	0.186154781	0.180052669	0.175499498	0.173004675	0.170823275	0.169261402	0.16738838	0.166628016	0.167257993	0.170015121	0.17621514	0.18603976	0.197011525	0.20896777	0.219104406	0.22878749	0.24249441	0.263165251	0.291614091	0.321938333	0.345628716	0.362050655	0.371899458	0.376988209	0.377282657	0.375553995	0.372528119	0.367866281	0.362810103	0.35605508	0.350678653	0.345984059	0.343190181	0.341890837	0.338870369	0.33545045	0.331327251	0.326706095	0.322163808	0.317030272	0.311529933	0.306509784	0.302902068	0.302544063	0.303707775	0.305492324	0.308152937	0.311328897	0.311632135	0.307009251	0.300132438	0.292640215	0.284167562	0.277192039	0.269963668	0.262441257	0.256048455	0.250097202	0.244028179
37	0.189019635	0.187666042	0.188028942	0.192108455	0.200739256	0.212535641	0.223375621	0.230803702	0.236077183	0.2400567	0.240151675	0.237041243	0.231632781	0.225349479	0.220492232	0.217827578	0.215469872	0.213777034	0.211688672	0.210756337	0.210924436	0.213377995	0.219360484	0.228751088	0.239184078	0.250894811	0.260921003	0.270571105	0.284423584	0.305400372	0.334417032	0.365417926	0.389987819	0.407215376	0.417422373	0.422559353	0.422563611	0.420923978	0.417938975	0.413067805	0.407591361	0.400496022	0.395037313	0.390150333	0.386898551	0.385508059	0.382086859	0.378635047	0.374422567	0.369710411	0.364812774	0.359501671	0.354024695	0.34893302	0.34564738	0.345059038	0.346193678	0.348277065	0.351409994	0.355192785	0.355916747	0.352064252	0.346153712	0.33963048	0.331686419	0.325276136	0.318393117	0.31146426	0.305497147	0.299581445	0.293615792
42	0.140151511	0.138837798	0.139427104	0.143742036	0.152449186	0.164473445	0.175516113	0.183089248	0.188245216	0.192359529	0.192659094	0.18980576	0.184737815	0.178645336	0.173936375	0.171459614	0.169226346	0.167859507	0.165937269	0.165291102	0.165497962	0.168131714	0.174475324	0.183844119	0.193989307	0.205482491	0.215364885	0.224818417	0.238207131	0.258153017	0.28572472	0.315320288	0.338683029	0.355279638	0.364955533	0.369683474	0.369448701	0.367938427	0.365366513	0.360774411	0.355399024	0.348722386	0.343589588	0.338977599	0.335789079	0.334691731	0.33134461	0.3281876	0.324136329	0.319639666	0.314876123	0.309746485	0.30453026	0.299563559	0.296505297	0.295513926	0.296371544	0.298293155	0.30104869	0.304324249	0.304798476	0.300801659	0.294877574	0.287801745	0.280159435	0.273623715	0.266882544	0.260003119	0.254085315	0.248338654	0.242813483
47	0.197535289	0.196350289	0.197009269	0.201605179	0.211220355	0.224309755	0.236426653	0.244866966	0.250745021	0.255292574	0.255664289	0.25244082	0.246798375	0.240002915	0.234700339	0.23191253	0.229480959	0.227891566	0.225680221	0.224858574	0.224925643	0.227771832	0.234652977	0.244789131	0.255826106	0.268294252	0.279276928	0.289614073	0.304170611	0.325700135	0.355257088	0.386827834	0.411735917	0.429305058	0.439507341	0.44449351	0.444429289	0.442981636	0.440287976	0.43546184	0.429938663	0.423140683	0.4178875	0.41313899	0.409757297	0.408451977	0.405024971	0.401844635	0.39774311	0.393036211	0.387894345	0.382512046	0.376985482	0.371705937	0.368591546	0.367557855	0.368226183	0.370152244	0.373107497	0.376695811	0.376847475	0.372015182	0.364981078	0.356633488	0.348140734	0.340420659	0.332181986	0.324343076	0.317126467	0.310594271	0.30411974
3	0.115724967	0.116406284	0.119518744	0.128445027	0.144710529	0.164933191	0.183320338	0.197122382	0.207663256	0.215783815	0.218780446	0.216769222	0.2102902	0.203132138	0.197170745	0.19358178	0.191631097	0.190276463	0.18883055	0.187237736	0.187216603	0.190809058	0.198783	0.211441785	0.226090615	0.241261304	0.255061984	0.266477069	0.281011459	0.302992394	0.332768388	0.365487066	0.393040073	0.412968942	0.423862151	0.42963337	0.432587641	0.431916741	0.429565533	0.425471002	0.420214011	0.413756439	0.408055554	0.404677914	0.402621656	0.401134813	0.398296082	0.39525842	0.391835839	0.38664724	0.381083651	0.375557206	0.370472069	0.365705998	0.360916912	0.359994989	0.359406817	0.359416592	0.359983806	0.360914352	0.354172688	0.340643527	0.323076975	0.303925975	0.28585747	0.269386209	0.253329311	0.238563206	0.226138058	0.216188401	0.206598546
8	0.073032304	0.0738231	0.077022138	0.085604578	0.101365353	0.120898695	0.138155274	0.151321118	0.161139537	0.168957876	0.172011937	0.169702636	0.163479584	0.156654061	0.151633047	0.148320362	0.146396332	0.145140247	0.143382847	0.141829014	0.142331626	0.14551854	0.152973949	0.165249988	0.179644993	0.193775352	0.206665429	0.217914801	0.232133967	0.253445227	0.282634708	0.315466685	0.342453161	0.361648078	0.372656362	0.378396134	0.380759466	0.380201091	0.378204563	0.374463645	0.368996793	0.362689931	0.357035282	0.35294918	0.350743927	0.349525138	0.34732852	0.344263093	0.340409367	0.335449613	0.330207755	0.324570422	0.319253971	0.314263819	0.309605657	0.308710837	0.307811517	0.307445282	0.308656207	0.30944778	0.303018092	0.290191372	0.273977811	0.256405932	0.238717829	0.223507126	0.208908634	0.194702169	0.182623838	0.172910449	0.163491383
13	0.119539167	0.120376158	0.124181479	0.132924924	0.149653755	0.17053819	0.189448939	0.202943296	0.21380175	0.222603683	0.22539772	0.222870437	0.216061043	0.209176356	0.203805054	0.200135921	0.197977797	0.196246213	0.193876566	0.191925219	0.192280399	0.196375131	0.203774008	0.216381508	0.231359017	0.247525022	0.26202934	0.274192982	0.288541207	0.31018925	0.34067225	0.374678032	0.403352936	0.423103529	0.434257728	0.440422392	0.442316045	0.441941315	0.44016909	0.435881647	0.4303043	0.424853642	0.419484555	0.415195915	0.412584513	0.410998367	0.408912443	0.406256026	0.402006754	0.396832567	0.390989047	0.384596753	0.37871442	0.373366039	0.36915204	0.367932555	0.367346449	0.367792783	0.370210346	0.370145349	0.362866298	0.34914932	0.331459546	0.311697278	0.292580331	0.275538987	0.259749558	0.24506989	0.232296796	0.221315116	0.211612831
18	0.071828508	0.072668108	0.076557981	0.08465123	0.100191165	0.119726467	0.137824234	0.150245036	0.160342135	0.168632324	0.171543369	0.169327399	0.16294748	0.156612369	0.151675332	0.148286058	0.146207865	0.144989596	0.142854606	0.141123034	0.141530778	0.145606707	0.152649632	0.164318313	0.178457155	0.19395715	0.20757604	0.219083306	0.232539833	0.25291394	0.281630092	0.314208574	0.341757623	0.360812295	0.371283832	0.377045271	0.378992503	0.378111516	0.375996617	0.371859492	0.367088763	0.361561936	0.356064935	0.35142235	0.349199927	0.347922964	0.346037931	0.343258187	0.339172973	0.334367497	0.32904527	0.322795842	0.316905395	0.311654814	0.307035446	0.306533439	0.306419617	0.30719593	0.309309041	0.309047142	0.302908808	0.290209593	0.273497815	0.255983238	0.238021381	0.222408547	0.207663914	0.19406168	0.182238644	0.172607087	0.163354386
23	0.115879436	0.11672785	0.120610603	0.129508548	0.145974546	0.167004068	0.185924747	0.199688466	0.210427773	0.219069581	0.222306945	0.220079457	0.21324809	0.205506318	0.200113148	0.197017368	0.194754263	0.193080296	0.19059259	0.189248384	0.189976543	0.193614434	0.201453525	0.214144627	0.229212573	0.24546291	0.259476842	0.271445959	0.285795162	0.307147365	0.337081058	0.370371441	0.397912949	0.417065917	0.428293019	0.434643476	0.436393736	0.435500029	0.433150077	0.429239577	0.424822864	0.418623166	0.413236421	0.408690358	0.406450435	0.405641077	0.40314197	0.400083591	0.396146721	0.391197535	0.386266714	0.38009431	0.373913194	0.368276431	0.363599014	0.363185931	0.363579123	0.364403808	0.3658292	0.36582618	0.359545924	0.345176343	0.326459703	0.30696586	0.288346297	0.27130567	0.254944312	0.239871892	0.227217066	0.217117658	0.207585753
28	0.069161753	0.069743826	0.073127856	0.081660605	0.097257616	0.117074849	0.134870214	0.147842611	0.157987924	0.165967326	0.16891547	0.166885386	0.16073568	0.153475335	0.148281151	0.145601556	0.143543814	0.14204423	0.139945538	0.139007497	0.139738343	0.14314972	0.150742503	0.162857968	0.176997882	0.192228472	0.205287727	0.21667784	0.230555401	0.250991525	0.279852647	0.312274203	0.339182314	0.358289667	0.369730705	0.375886562	0.377265105	0.376461639	0.374343998	0.370464984	0.365946262	0.359521637	0.354439413	0.350059107	0.347799876	0.347013938	0.344437177	0.341333832	0.337408822	0.332627104	0.327526951	0.321581781	0.315257375	0.309403101	0.305193434	0.304509529	0.305096749	0.306097851	0.307275571	0.307563311	0.301910782	0.288510672	0.271154596	0.253511441	0.235379189	0.219454618	0.204349908	0.190611314	0.17869722	0.168847961	0.159751269
33	0.115978277	0.116528447	0.120014728	0.129001092	0.14533501	0.166163137	0.184925302	0.198686113	0.209382461	0.21779868	0.220809648	0.218617664	0.212290562	0.204632734	0.198990799	0.196041288	0.193845299	0.192202564	0.189864213	0.188686285	0.189215446	0.192746733	0.200678816	0.213375774	0.227973563	0.243903453	0.257613135	0.26934173	0.28357999	0.304583557	0.33393355	0.366679347	0.393775801	0.413153285	0.424733788	0.4309901	0.432161801	0.431649701	0.429640831	0.425803708	0.421352366	0.414918514	0.409782415	0.405409514	0.403074112	0.402430233	0.399746857	0.396755717	0.392931435	0.388210861	0.382986779	0.376994843	0.370750313	0.364983284	0.360789165	0.359928946	0.360417466	0.361243525	0.362535836	0.362509428	0.356210789	0.34177017	0.323750904	0.304258853	0.285767135	0.268726608	0.252636578	0.237679696	0.225513643	0.215503536	0.205630193
38	0.072441654	0.072729779	0.075909996	0.084532	0.099803762	0.119271068	0.137054985	0.149977416	0.159913347	0.167791603	0.170624637	0.168697064	0.162867102	0.155564549	0.150095358	0.147386169	0.145323208	0.143981455	0.141891251	0.140947411	0.14142941	0.144809576	0.152487262	0.164624286	0.178331948	0.193461894	0.206511465	0.217788825	0.231472151	0.251373822	0.279351638	0.310465873	0.336412556	0.355172875	0.366362613	0.37217796	0.373093868	0.372527451	0.370910278	0.36719714	0.362713065	0.356560857	0.351704493	0.3475695	0.345153241	0.344597838	0.341885637	0.339067587	0.335350855	0.330882265	0.325682726	0.319943926	0.313904154	0.308327145	0.304593421	0.303402873	0.30386951	0.304834554	0.306212887	0.306499139	0.301096996	0.287958932	0.271241604	0.254086777	0.236662047	0.221061342	0.206302206	0.192688479	0.18157489	0.171673316	0.163005842
43	0.113278466	0.113625229	0.117041394	0.126246853	0.142626523	0.163516875	0.182682319	0.196506599	0.207038159	0.21546642	0.218529672	0.216370079	0.210169531	0.20224723	0.196286359	0.193259712	0.190995328	0.189541468	0.187169082	0.186095885	0.186381556	0.189996438	0.198423949	0.211176469	0.225562143	0.241430719	0.255412587	0.267427776	0.281878143	0.302643294	0.33159409	0.363672315	0.390386482	0.409620121	0.42082791	0.426527283	0.427210972	0.426788626	0.425244249	0.421524992	0.416843856	0.410649089	0.40593244	0.401778806	0.398999087	0.398535101	0.39563654	0.392956651	0.389224118	0.384529877	0.379270136	0.37340896	0.367443225	0.361742937	0.358166287	0.356631083	0.356736169	0.357672237	0.359066103	0.359180342	0.352752564	0.338323556	0.320368196	0.301242592	0.2827025	0.265914092	0.249802077	0.235109323	0.223092388	0.212619127	0.20281484
48	0.07596713	0.076295914	0.079490067	0.088101765	0.103376608	0.122922473	0.140877947	0.15390385	0.163747943	0.171806124	0.174740602	0.172830345	0.167025056	0.159422554	0.153814704	0.151077772	0.148924514	0.147658937	0.145505556	0.144691189	0.145005407	0.148426391	0.15665031	0.168737522	0.182424415	0.197722506	0.21124395	0.222886254	0.236970454	0.257343296	0.286012849	0.318313128	0.345526014	0.365145086	0.376607434	0.382464585	0.383265373	0.38301167	0.381571801	0.377753624	0.372939166	0.366755502	0.36196316	0.357684043	0.354878893	0.354294705	0.351441282	0.348750371	0.344872781	0.340110803	0.334708771	0.328709367	0.322479415	0.316679326	0.313000368	0.31141208	0.311583833	0.31272198	0.314023569	0.314292566	0.30849015	0.294950602	0.278022153	0.260402309	0.242484997	0.226366326	0.21104298	0.197089441	0.1848033	0.175444664	0.166291608
4	0.083660098	0.083820691	0.086418974	0.094453907	0.109307158	0.127976278	0.145277327	0.158324989	0.168053656	0.175787764	0.178771953	0.177013847	0.170638725	0.16364189	0.1578404	0.154207711	0.152188157	0.15080032	0.149107815	0.147441822	0.147143766	0.150148945	0.157288344	0.16940331	0.183527657	0.198333649	0.211886444	0.223117499	0.236937288	0.257915202	0.287050605	0.320489687	0.349469866	0.370741302	0.382581674	0.388995049	0.392778832	0.392539808	0.390704994	0.386980195	0.381962362	0.375583583	0.369842178	0.366439337	0.364620559	0.363402612	0.360864526	0.357921343	0.354380944	0.349034072	0.343178389	0.337281912	0.33192131	0.326778417	0.321705574	0.320688893	0.320190167	0.32054856	0.321971829	0.323552746	0.317424232	0.304695674	0.288302531	0.270342955	0.252661475	0.237201058	0.22211345	0.20782717	0.195771043	0.185913864	0.176347902
9	0.12094249	0.121752295	0.125146366	0.133085842	0.14844928	0.168129884	0.185933462	0.199597335	0.210377253	0.218743316	0.221560354	0.218907272	0.211870967	0.204402428	0.198942714	0.195349493	0.193109071	0.191295224	0.18890582	0.186822148	0.186924486	0.190068113	0.197569027	0.209734825	0.224572099	0.240146896	0.254445713	0.266709418	0.281014979	0.302393158	0.332438081	0.366729202	0.395629842	0.415984851	0.428067806	0.43481548	0.437223287	0.437347481	0.436080523	0.432831614	0.427489278	0.421318103	0.416182479	0.412328452	0.410056752	0.408915354	0.406995045	0.404608616	0.400604844	0.395172011	0.389438693	0.383081501	0.37721764	0.371942453	0.367252952	0.365975248	0.365528045	0.366390924	0.369164962	0.369534659	0.362551092	0.349239974	0.332156365	0.31302	0.294325463	0.27780966	0.261708221	0.247491097	0.234215608	0.224202521	0.214487053
14	0.081249637	0.081738855	0.084985181	0.092508721	0.107351229	0.126073584	0.143572902	0.156221276	0.16653025	0.174801017	0.177415616	0.175012369	0.168433219	0.161783133	0.156617339	0.152972216	0.150813408	0.149034304	0.146656197	0.144755729	0.144805606	0.148328439	0.154990263	0.166701724	0.180866882	0.196520705	0.210657486	0.222445399	0.235808677	0.255932833	0.284735705	0.317876183	0.346571473	0.366742763	0.378286981	0.384791706	0.387201109	0.387300167	0.386210473	0.382522797	0.377529368	0.37250252	0.367536342	0.363567612	0.3613593	0.360176386	0.358559243	0.356124059	0.351981719	0.346909125	0.341076985	0.334694774	0.328739508	0.323289164	0.318856964	0.317750653	0.317370305	0.318428998	0.321626568	0.322127356	0.315846728	0.3034577	0.28691682	0.269112072	0.250858159	0.235266431	0.22070639	0.206656809	0.194662697	0.18458345	0.175394339
19	0.123338765	0.124110677	0.127656848	0.135212872	0.150053631	0.169069038	0.187327527	0.200358158	0.210985538	0.21950614	0.222518816	0.220081637	0.213165912	0.205957144	0.200555263	0.196992809	0.194662306	0.19316552	0.190520514	0.188494579	0.188595966	0.192122516	0.199054231	0.210787281	0.225438422	0.241890091	0.256522843	0.268633452	0.282404558	0.303134132	0.332675516	0.366912599	0.396460358	0.417213433	0.429028122	0.435832547	0.43857088	0.438156285	0.436436754	0.432809915	0.428600758	0.423069502	0.417744574	0.413269282	0.411323691	0.410451686	0.408687094	0.406046361	0.402132137	0.397165308	0.391530257	0.384868644	0.378581473	0.372894329	0.367912315	0.36727773	0.367447232	0.368936286	0.37177079	0.372325037	0.365965319	0.352213135	0.334256958	0.314902437	0.296094466	0.279440192	0.263366735	0.248333303	0.236603784	0.226232808	0.216201999
24	0.080278679	0.080738328	0.084026213	0.091642315	0.1060294	0.124943903	0.142385858	0.155364753	0.165548923	0.173812708	0.176891718	0.174827529	0.168228066	0.160640959	0.155510278	0.152496582	0.150226205	0.148584371	0.146121858	0.144719387	0.145137331	0.148231269	0.15526492	0.167051215	0.181431529	0.197301735	0.21115843	0.222780981	0.236355855	0.256568078	0.285610607	0.319295001	0.348181892	0.368715856	0.381026424	0.388033251	0.390340889	0.389953777	0.388270387	0.384830679	0.380798487	0.374757622	0.369618405	0.365312937	0.363405338	0.362929597	0.360793393	0.357879116	0.353979367	0.348955874	0.343705535	0.33727788	0.330700403	0.324689834	0.319759229	0.319277141	0.319904349	0.321279891	0.323608579	0.324236881	0.318653095	0.305287922	0.287794763	0.269189361	0.251230038	0.234914518	0.219392703	0.2052217	0.193387316	0.183385363	0.173844761
29	0.121742121	0.122025775	0.125149961	0.133317491	0.148511838	0.168076605	0.186182977	0.199667769	0.210248723	0.218572304	0.221434325	0.219178686	0.212598581	0.204742118	0.199064632	0.195978114	0.193656454	0.191854185	0.189337203	0.187826912	0.188113063	0.191197475	0.198519537	0.210809779	0.225416641	0.241599239	0.255640296	0.267511989	0.281436922	0.301923954	0.331117481	0.364471622	0.393023351	0.413516346	0.425909673	0.432773349	0.434575769	0.434426778	0.43287373	0.429428212	0.425288183	0.41915086	0.414157575	0.40998783	0.407981904	0.407515976	0.405119621	0.402319851	0.398524882	0.393572376	0.388220337	0.381928593	0.375431729	0.369472616	0.364999736	0.364157351	0.36489862	0.366505287	0.368815446	0.369678915	0.363830598	0.34971711	0.331737718	0.313001315	0.294427844	0.277743903	0.261813357	0.247016245	0.234842187	0.224938364	0.215299769
34	0.077679148	0.077819842	0.080728093	0.088504725	0.102783113	0.121448391	0.138755577	0.151630111	0.16171699	0.169798085	0.172710251	0.170752829	0.164697166	0.157164351	0.151714094	0.148865895	0.146695325	0.145109218	0.142729999	0.14149021	0.141719673	0.144672588	0.151724866	0.163579612	0.177527293	0.193125617	0.206644659	0.218153747	0.231603825	0.251308577	0.279674541	0.312539452	0.341026741	0.361700036	0.374345892	0.381291273	0.38307943	0.383114525	0.381777118	0.378502341	0.374404096	0.368252536	0.363288909	0.359176289	0.357169013	0.356812615	0.354463167	0.351682629	0.347915487	0.343053346	0.337615225	0.331371758	0.324777317	0.318768548	0.314349258	0.313345503	0.314056879	0.31565284	0.317940267	0.318735268	0.313254678	0.299913446	0.282789113	0.264718893	0.247028483	0.230572611	0.215549279	0.20165085	0.189627071	0.179898899	0.170413156
39	0.120009244	0.120119477	0.1230149	0.131290524	0.146069446	0.165397563	0.183547727	0.196956842	0.207463136	0.215740469	0.218572143	0.216421963	0.210067828	0.202116718	0.196080845	0.192973713	0.190629261	0.188984137	0.186456962	0.185058643	0.185060862	0.188131709	0.195651294	0.20792189	0.222254389	0.238468971	0.25271055	0.264823052	0.278946522	0.299498516	0.328704263	0.36219639	0.391209327	0.412328922	0.424967022	0.431686856	0.433228707	0.433335213	0.432219792	0.428862543	0.424551903	0.418381035	0.413529237	0.409453369	0.40709913	0.406807295	0.404211679	0.40159496	0.39787257	0.393018352	0.387254832	0.380963302	0.374412779	0.368269995	0.364224767	0.36276742	0.363319046	0.365065994	0.367530373	0.368281776	0.362389875	0.348213139	0.330368667	0.311376104	0.292628918	0.275962294	0.259782806	0.244989975	0.232468573	0.222334815	0.212796553
44	0.079335601	0.07943598	0.082204109	0.090057633	0.104123052	0.122390781	0.13968763	0.152363254	0.16202278	0.169881844	0.172812137	0.171015905	0.165265893	0.157649431	0.151932028	0.149114467	0.146885314	0.14547778	0.143164219	0.141993087	0.14197823	0.145024872	0.152471563	0.164105741	0.177544964	0.192931474	0.206585387	0.218164345	0.231594839	0.251013843	0.278992919	0.311405954	0.339827483	0.3606998	0.37302702	0.37952835	0.380898027	0.38103809	0.380083854	0.376817103	0.372355229	0.366242274	0.361450337	0.357408387	0.354935213	0.354700867	0.352064797	0.349573059	0.345842561	0.340981431	0.335260481	0.329012132	0.322607233	0.316637789	0.312838427	0.311374308	0.311825619	0.313604907	0.315988622	0.317024873	0.311830007	0.298872148	0.282396351	0.26479405	0.247545367	0.231776666	0.216848563	0.203518672	0.191300512	0.181687135	0.172628206
49	0.117086064	0.117212958	0.120123685	0.128371801	0.143238516	0.16253234	0.180728523	0.194133856	0.204451432	0.212688864	0.215657628	0.213530821	0.207359186	0.199332448	0.193234935	0.190183911	0.187764418	0.18616904	0.183629357	0.182269211	0.182161707	0.185263454	0.19304802	0.205142228	0.219196818	0.235208761	0.249450401	0.261502419	0.275442929	0.29550776	0.324199537	0.357248158	0.386007766	0.406915215	0.419360288	0.42588027	0.427285867	0.427503636	0.426483812	0.423037196	0.418630691	0.412707223	0.407956648	0.403983012	0.401441525	0.401143777	0.398509671	0.39611299	0.392442663	0.38762811	0.381901076	0.375588287	0.369185645	0.363160746	0.359353507	0.357760509	0.358076691	0.359730001	0.362056743	0.362683555	0.356745813	0.342630559	0.325263528	0.306455455	0.288067945	0.27148055	0.255560251	0.241118503	0.228458962	0.218273706	0.2086746
5	0.181632803	0.180903622	0.181967986	0.188022266	0.20058916	0.216728716	0.231939298	0.243430138	0.251797036	0.258261045	0.260289871	0.257180868	0.250063601	0.242695783	0.236945684	0.233053612	0.230726953	0.229126399	0.227131623	0.225167924	0.224842211	0.227496896	0.234174321	0.246068914	0.259634874	0.273320043	0.285695169	0.296854939	0.311618519	0.333701737	0.363459196	0.396177138	0.422683801	0.441675071	0.452243279	0.457823036	0.46053991	0.459624708	0.457070258	0.45302718	0.447853673	0.441693769	0.436151765	0.43268099	0.430904805	0.429778166	0.427368488	0.424143647	0.420465428	0.415527086	0.410335536	0.405120017	0.400394117	0.39577261	0.3908139	0.389955994	0.388919633	0.388641277	0.390393894	0.393912411	0.390765048	0.381778109	0.370063208	0.356838198	0.343538132	0.332009109	0.320092691	0.308435082	0.298291763	0.290131063	0.281977388
10	0.136256113	0.136068351	0.137867952	0.143259778	0.155279466	0.171395139	0.186088636	0.197350247	0.20632719	0.213227796	0.214923865	0.211377782	0.204056012	0.196778408	0.19176141	0.188268916	0.185927488	0.184037469	0.181855444	0.179954363	0.180183771	0.183141428	0.189915871	0.200980882	0.2141024	0.227900765	0.240453698	0.251894413	0.266319768	0.287860575	0.317458678	0.349859038	0.375839618	0.393665415	0.404282981	0.41010775	0.411702432	0.411027145	0.409295583	0.405733648	0.400289857	0.394533742	0.38988745	0.386245208	0.383966847	0.38281985	0.380812824	0.378484867	0.374361611	0.369241461	0.364298779	0.35873728	0.353417907	0.348450647	0.34408006	0.342494695	0.341473208	0.341976625	0.344838971	0.347098604	0.343795875	0.335497391	0.323989325	0.31062381	0.297383623	0.285777927	0.274070976	0.263561545	0.253269385	0.245642893	0.237464997
15	0.178394899	0.177850519	0.179665359	0.185336402	0.198148289	0.214935761	0.230842431	0.242169463	0.251573065	0.258824025	0.260411096	0.256726176	0.249215461	0.242126829	0.236686371	0.232928028	0.230428732	0.228357191	0.225722844	0.22368072	0.223632458	0.227145376	0.233556721	0.244881144	0.258488436	0.273365207	0.286727461	0.298294501	0.312649965	0.334016148	0.363564843	0.395737914	0.422217947	0.440488246	0.450868956	0.456597751	0.458184017	0.457554225	0.455780737	0.451680351	0.446621374	0.441988344	0.437325061	0.433499825	0.431186556	0.429940432	0.428329609	0.425806012	0.42181402	0.416991521	0.411814629	0.406056233	0.400745753	0.395651939	0.391407699	0.390185104	0.389337329	0.39003625	0.393704518	0.395969614	0.392379636	0.383431732	0.371102102	0.35698403	0.343198294	0.330925598	0.318965377	0.307351494	0.297038249	0.28864486	0.280141814
20	0.134391635	0.134108217	0.136059531	0.141385491	0.153084379	0.169113101	0.184372409	0.195205758	0.204025066	0.211072981	0.213001237	0.209728815	0.20243601	0.195154057	0.190113846	0.18670316	0.184233502	0.182714879	0.180294115	0.178472507	0.178643812	0.181867225	0.188377933	0.199044512	0.212094323	0.226632163	0.239461895	0.25065016	0.26453534	0.285314564	0.314040424	0.345674127	0.371323672	0.388902827	0.398883867	0.404629678	0.406401139	0.405093999	0.402831654	0.399046095	0.394948889	0.389710693	0.384849749	0.380546413	0.378574088	0.377667097	0.375845938	0.373139844	0.369244788	0.364691197	0.359993899	0.35426731	0.348668638	0.343463293	0.338759172	0.338234463	0.338087342	0.339012081	0.342110479	0.344548528	0.342197474	0.333701586	0.321602529	0.308508261	0.29524745	0.283934844	0.272353076	0.260988609	0.251887195	0.243821593	0.236301343
25	0.181466319	0.180877853	0.182473532	0.188020052	0.199963139	0.216276272	0.231292497	0.242368233	0.251021204	0.257670211	0.259424024	0.256228743	0.249078808	0.241284965	0.235927812	0.232851525	0.230333945	0.228329307	0.225752345	0.224318195	0.224550592	0.227349924	0.23394861	0.245079032	0.25817307	0.272433758	0.284712003	0.295687973	0.309798901	0.330489871	0.35928809	0.390697798	0.416000688	0.433808643	0.444572292	0.450525402	0.451676436	0.450545588	0.448171708	0.444311264	0.440141131	0.434241406	0.429465388	0.425410589	0.423408398	0.422744345	0.420454077	0.417520521	0.413746735	0.409111775	0.404603767	0.399154589	0.393392552	0.387955096	0.38361768	0.38296476	0.383312084	0.384412055	0.386896189	0.389545077	0.387247813	0.378375135	0.366150763	0.353014762	0.340328123	0.328203227	0.316499342	0.306199524	0.296040057	0.288478303	0.280574365
30	0.139441257	0.138651	0.1398503	0.144933506	0.155919619	0.170958415	0.184957168	0.195343891	0.203484537	0.209698126	0.211220773	0.208147176	0.201437049	0.194047229	0.188760501	0.185980379	0.18364683	0.181771352	0.179431288	0.178215003	0.178439881	0.181068181	0.187488991	0.198100777	0.210382999	0.223924459	0.235547569	0.246119627	0.259741068	0.279734497	0.307601515	0.33817239	0.36282311	0.380233404	0.390895109	0.396660688	0.397501094	0.396518622	0.39431364	0.390555205	0.38644095	0.380608997	0.376117114	0.372219789	0.370226791	0.369766093	0.367351725	0.364474729	0.360650339	0.35619387	0.351748894	0.346443233	0.340688109	0.335143228	0.331062578	0.330129731	0.330443441	0.331572143	0.334131715	0.337053025	0.335749311	0.327901858	0.317059083	0.305351364	0.293859404	0.283222802	0.272850068	0.262711747	0.254228342	0.246894226	0.239869678
35	0.185820385	0.184897748	0.186229373	0.192118624	0.204423473	0.221246645	0.23694253	0.248612264	0.257792846	0.264751822	0.266437936	0.263043709	0.255831922	0.247678255	0.241680448	0.238479101	0.235853963	0.233796981	0.231220751	0.229795948	0.229821198	0.232659864	0.239726246	0.251384971	0.264754279	0.279655477	0.292487054	0.304041927	0.318834701	0.340311119	0.369923573	0.401966599	0.427761187	0.446189429	0.457413122	0.463351829	0.464171184	0.463394074	0.461363015	0.457594974	0.453352775	0.447389246	0.442786782	0.438802307	0.436646827	0.436167897	0.433597272	0.430767345	0.426998006	0.422537563	0.417589585	0.412019997	0.406072642	0.400432335	0.396347547	0.394955257	0.395171221	0.396381582	0.399053582	0.401810529	0.399476173	0.38996936	0.377175076	0.36364686	0.350116559	0.337523645	0.325363409	0.313951566	0.303938572	0.295466941	0.287060802
40	0.138781522	0.137832333	0.139053018	0.144846851	0.156330073	0.172185236	0.187079052	0.19801231	0.206361819	0.212962875	0.214563316	0.21158285	0.205082427	0.197353046	0.191689198	0.188805382	0.186395014	0.184679319	0.182380033	0.181237199	0.181254965	0.184032555	0.191065457	0.2020665	0.214544984	0.228572072	0.240779805	0.251807021	0.265857745	0.286130458	0.314256284	0.344831842	0.369771875	0.387586345	0.398327111	0.40394953	0.404368015	0.403669355	0.402022753	0.398380939	0.394029059	0.388150206	0.383865689	0.379996175	0.377648023	0.377240847	0.374644151	0.371924014	0.368170593	0.363820268	0.358921588	0.353503942	0.347791128	0.34225438	0.338524072	0.337005051	0.337056338	0.338291634	0.340805632	0.343553496	0.34137387	0.332797162	0.321172015	0.308815188	0.296391034	0.28512559	0.273827646	0.263187518	0.254267388	0.246331684	0.23868712
45	0.180491585	0.179550328	0.180764104	0.186463945	0.198124746	0.214123176	0.229318468	0.240407013	0.248840126	0.255475314	0.257065166	0.253945951	0.247266806	0.239195907	0.233232002	0.230176536	0.227570221	0.225771061	0.223252035	0.221895597	0.221703573	0.224533488	0.231770454	0.242908798	0.255465476	0.269691882	0.282259785	0.293509062	0.307786635	0.328280524	0.356654154	0.387556856	0.412631345	0.430723669	0.441415327	0.446957387	0.44739151	0.446706282	0.445053498	0.441324883	0.436908063	0.431043105	0.426721398	0.422850053	0.420280505	0.419881725	0.417247129	0.414664354	0.410986961	0.406529472	0.401625003	0.396185729	0.390539567	0.385055142	0.381567547	0.379960665	0.379837697	0.381101765	0.383801538	0.386600971	0.384558349	0.375916207	0.364390957	0.352046109	0.339172349	0.327953961	0.316369173	0.305750285	0.296354478	0.288401058	0.280545892
50	0.131547775	0.130737871	0.132081612	0.13791626	0.149610441	0.16568484	0.180883145	0.192094202	0.200555283	0.207430306	0.209288988	0.206366095	0.199901922	0.192088105	0.186368564	0.183586684	0.181210991	0.179705705	0.177404493	0.17647707	0.176471359	0.179404246	0.186798157	0.197895066	0.210418557	0.22451714	0.237065938	0.248261482	0.262603133	0.282957143	0.311273519	0.342190626	0.367386705	0.385360562	0.395970587	0.40137211	0.401786887	0.401168656	0.399643483	0.395920731	0.391546957	0.385864712	0.381686343	0.377940224	0.375411889	0.375011418	0.372432072	0.36989487	0.36614665	0.361730321	0.356878314	0.351476162	0.345748057	0.340197204	0.336545233	0.334836301	0.334616525	0.335750742	0.338136811	0.340542742	0.338115326	0.328850979	0.316685688	0.303678233	0.290413304	0.278348194	0.266594791	0.255724858	0.246287379	0.237987335	0.230489939
