1	0.157599647	0.158071807	0.161494205	0.170833771	0.186833069	0.206252173	0.224122787	0.237938507	0.24883942	0.257646654	0.261444961	0.259915218	0.253735922	0.246729486	0.240838428	0.237163563	0.23513855	0.232975607	0.230181036	0.22803214	0.228062663	0.230926313	0.238266754	0.250733043	0.265213762	0.280514495	0.294234004	0.305546678	0.31817478	0.337586923	0.36513862	0.395348903	0.422263439	0.441344948	0.452298046	0.45851986	0.462148747	0.461779583	0.459681129	0.456322504	0.451721605	0.447728242	0.443696706	0.439649935	0.4373405	0.436139641	0.43518621	0.433589174	0.43078349	0.426452152	0.420680568	0.414283765	0.409247937	0.405304565	0.401560255	0.399274434	0.398318831	0.399098359	0.400827325	0.401487627	0.394791684	0.38164054	0.364734512	0.346431583	0.328262015	0.312352615	0.29692035	0.284118363	0.271273881	0.260523699	0.251180352
6	0.122121939	0.122783346	0.126226317	0.135338832	0.15092169	0.169923771	0.187156631	0.200399886	0.210961098	0.21925206	0.22298915	0.221701591	0.216327636	0.20970193	0.203547987	0.199545419	0.197803437	0.196169008	0.193474129	0.191295025	0.191106066	0.194273745	0.201755489	0.213398203	0.22783746	0.242817868	0.256410017	0.267653834	0.28019595	0.298916493	0.325067097	0.354628564	0.381804458	0.400042128	0.410416832	0.416554928	0.419980957	0.419588517	0.417592562	0.414225769	0.409833837	0.406331581	0.402393267	0.398290456	0.395494582	0.394167308	0.393691241	0.392379117	0.389373998	0.38466238	0.378989054	0.37380029	0.368422074	0.363820304	0.359700993	0.357648726	0.357014408	0.357804679	0.359355572	0.360048491	0.353901387	0.341289555	0.325181173	0.307796675	0.290620783	0.27500169	0.260199756	0.247879847	0.235836413	0.225472812	0.216352986
11	0.160583735	0.161466171	0.165109199	0.17437531	0.190488265	0.210048902	0.227865545	0.241247257	0.252646277	0.261611688	0.265312434	0.263944104	0.257969844	0.250637359	0.243990893	0.239673584	0.238023427	0.236591421	0.233668455	0.231134906	0.231118694	0.234252961	0.241678662	0.253535016	0.268693051	0.28418897	0.298033364	0.30984548	0.322830565	0.341907674	0.368640758	0.398762822	0.426194736	0.444680295	0.455337924	0.461519997	0.46444352	0.464053806	0.462360816	0.458634885	0.454125807	0.450847767	0.447145757	0.443096889	0.44005655	0.438635819	0.43754852	0.436102726	0.433281963	0.428772951	0.423284121	0.417737171	0.412079126	0.407210839	0.402851942	0.400979702	0.400611866	0.401320269	0.403508462	0.404460557	0.398189229	0.384904205	0.368112694	0.349745231	0.331545462	0.315370457	0.300329681	0.287056951	0.275156831	0.264174067	0.25487643
16	0.116928656	0.117820422	0.121571459	0.130449004	0.146072738	0.165174095	0.18247468	0.195404796	0.206649434	0.215375152	0.218903664	0.217654241	0.21185697	0.204508056	0.19803637	0.193877729	0.192356685	0.190965678	0.188017048	0.185681373	0.185986764	0.189135545	0.19619713	0.207814188	0.222875201	0.238048656	0.251561419	0.263340094	0.276279822	0.295466794	0.322317289	0.352428071	0.379685313	0.397884242	0.408411992	0.414542911	0.417234455	0.416900224	0.415315193	0.411632668	0.407239941	0.404035167	0.400264946	0.396266331	0.393229079	0.391580955	0.390399172	0.389055404	0.386393096	0.381928086	0.376295033	0.370420896	0.36484854	0.359939883	0.355440194	0.35371928	0.353302999	0.35383051	0.356249257	0.357511981	0.351774097	0.33899597	0.322903168	0.305148264	0.288304125	0.272469622	0.257908072	0.245335114	0.23366753	0.222825177	0.213685886
21	0.159191313	0.160160446	0.164127086	0.17355676	0.189917283	0.21014325	0.228347448	0.242107389	0.254006899	0.262882897	0.266533498	0.265141975	0.25879461	0.25068024	0.244163473	0.240042657	0.238436892	0.236816278	0.233484512	0.231245759	0.231814473	0.235102203	0.242058208	0.254093792	0.269517748	0.285112131	0.299252559	0.311272515	0.324481582	0.344356119	0.371621745	0.402048203	0.429341572	0.447687028	0.458362626	0.464453999	0.467244191	0.466941117	0.465420404	0.461780861	0.457621369	0.454308649	0.45004694	0.446153727	0.443331611	0.441511471	0.440179202	0.438887404	0.436540487	0.432224612	0.426347446	0.420051696	0.414683373	0.410004255	0.405738211	0.40411325	0.403517882	0.403833566	0.406142534	0.406947408	0.400532291	0.386760709	0.369440121	0.350656933	0.332472978	0.315998439	0.300780429	0.287291325	0.27458258	0.263623898	0.254358181
26	0.111799898	0.112673345	0.116380209	0.125147784	0.140466755	0.159485348	0.176502304	0.189569917	0.200707797	0.209187824	0.212855074	0.211661416	0.205586607	0.197767322	0.191691379	0.188023994	0.186623687	0.185126461	0.181973694	0.180036876	0.180687179	0.183898565	0.190450267	0.201896617	0.216514964	0.231328097	0.24491402	0.256489442	0.269293004	0.288611003	0.3151953	0.344988314	0.371781238	0.389625404	0.399999887	0.405973348	0.408860961	0.408465422	0.406981927	0.403347698	0.399283087	0.396164723	0.39191617	0.387895261	0.385102654	0.383252175	0.38199731	0.380784555	0.378552577	0.374370189	0.368459709	0.362025636	0.356682338	0.352008295	0.347859267	0.346303946	0.345671072	0.34586514	0.348318783	0.349677028	0.344013796	0.331321928	0.315493565	0.298143726	0.281334859	0.266154273	0.251540559	0.239310748	0.227380275	0.216585229	0.207219192
31	0.158359409	0.159329927	0.163255387	0.172681487	0.189158734	0.209507005	0.227811676	0.241734356	0.253613094	0.262596181	0.266475933	0.265091417	0.258546886	0.250146549	0.243647916	0.239695698	0.238060178	0.236331331	0.233013252	0.230849515	0.231390374	0.234686602	0.241616483	0.253790666	0.269221503	0.284894651	0.299304485	0.311461137	0.324922113	0.345113242	0.372686789	0.403505058	0.431277313	0.449901225	0.460693236	0.466802749	0.469771471	0.469371635	0.467765826	0.463989365	0.459845163	0.456511851	0.452016916	0.447983053	0.445215726	0.443358763	0.442109414	0.440856559	0.438547794	0.434191123	0.428163809	0.421646573	0.416209209	0.41147886	0.407311522	0.405658939	0.404956854	0.405085456	0.407421259	0.408333056	0.401676812	0.387951461	0.370561373	0.351569589	0.333064637	0.31644336	0.300898604	0.287485766	0.274307004	0.263229946	0.254071315
36	0.117172617	0.118133476	0.121818973	0.130579367	0.146058387	0.165306913	0.182500401	0.19570951	0.206931034	0.215558851	0.219413355	0.218130715	0.211894358	0.203929741	0.197872099	0.194229142	0.192776608	0.191276883	0.188139239	0.186163914	0.186745239	0.189971891	0.196603989	0.208191101	0.222868037	0.237770115	0.251528581	0.263224737	0.276080758	0.295670576	0.322530891	0.352548306	0.379533315	0.397581581	0.408133071	0.414132965	0.417070106	0.416612691	0.415115123	0.411409373	0.407318089	0.404231342	0.399923376	0.395880281	0.393129402	0.39129563	0.390071931	0.388871169	0.386677719	0.38245408	0.376559799	0.37013579	0.364730307	0.35994613	0.355877304	0.354215515	0.353457761	0.353604354	0.356069316	0.357457377	0.351646246	0.338828018	0.322818931	0.305146077	0.287910028	0.272327875	0.257511833	0.245171458	0.233259833	0.222253021	0.213210999
41	0.161592354	0.162530103	0.166357263	0.175688485	0.192311718	0.21281376	0.231099078	0.245139759	0.256880204	0.266017992	0.270053468	0.268628978	0.261940298	0.253384805	0.247048235	0.243144236	0.241253099	0.239581669	0.236419466	0.234094352	0.234450823	0.23780081	0.244830815	0.25720268	0.272650854	0.288323782	0.30288766	0.315151023	0.328672587	0.349074511	0.376706758	0.407573869	0.435298016	0.453742917	0.464368365	0.470368326	0.47335476	0.472901877	0.471175702	0.467211907	0.463087	0.459836367	0.4552012	0.451115607	0.448436976	0.446597521	0.445456764	0.444195822	0.441918178	0.437508332	0.431532615	0.42501281	0.419482166	0.414699691	0.41063601	0.409017578	0.408158763	0.408364893	0.410717222	0.411531522	0.404992056	0.391092382	0.373781896	0.354660006	0.335897593	0.319518416	0.303855137	0.29058658	0.277773571	0.266302302	0.256664701
46	0.112195218	0.113130048	0.116679414	0.125422127	0.141017753	0.160178882	0.17727605	0.19042874	0.201284781	0.20987744	0.21379573	0.212575726	0.206432244	0.198471283	0.192637757	0.189094084	0.187399732	0.185939793	0.18309358	0.180866657	0.181264997	0.184571876	0.191231376	0.202896176	0.217393376	0.232064039	0.245736233	0.257336412	0.270099722	0.289301846	0.315415721	0.34475408	0.371209088	0.388699782	0.398798912	0.404497771	0.407419663	0.40693507	0.405295885	0.401478577	0.397464993	0.394430336	0.389942327	0.385970126	0.383435976	0.381670414	0.380601111	0.379432541	0.377198823	0.372978322	0.367240234	0.360931305	0.355664592	0.351086805	0.34722152	0.345719573	0.344876717	0.345099302	0.34746101	0.348550795	0.342745793	0.330150562	0.314318672	0.296961132	0.279927643	0.2646527	0.250545157	0.23837283	0.226526187	0.215814517	0.206855326
2	0.167064676	0.165826667	0.166737628	0.171715036	0.181250641	0.192823353	0.203084121	0.210605382	0.215784886	0.219722387	0.220544901	0.218190751	0.213175264	0.207883976	0.203070306	0.199727757	0.197702299	0.195664635	0.193302032	0.191905623	0.192334116	0.195019726	0.201327421	0.211455898	0.222467452	0.233692607	0.243850839	0.253380268	0.2667842	0.288884446	0.319075553	0.34993055	0.375545919	0.392649909	0.402229407	0.407635219	0.410490401	0.408829701	0.404991364	0.399790038	0.393286527	0.38762277	0.381956155	0.376278387	0.372325125	0.369463466	0.367074101	0.364365828	0.360659872	0.355727076	0.349492251	0.343099935	0.338161049	0.334329707	0.330778785	0.328948519	0.328548566	0.329927758	0.332917136	0.337041476	0.337131654	0.334114458	0.329300981	0.322958871	0.316803357	0.310381704	0.304168314	0.299071326	0.292578616	0.286477201	0.281107629
7	0.207479045	0.206680512	0.207597706	0.212441771	0.221808622	0.233282759	0.243415456	0.250385133	0.255683295	0.259381823	0.260046189	0.257810753	0.253050024	0.24768723	0.242371596	0.238495162	0.236604034	0.235039337	0.232666454	0.230944756	0.231049788	0.233851166	0.240210073	0.249623785	0.260852088	0.272198007	0.282541344	0.292136801	0.305587923	0.327011719	0.35610522	0.387129269	0.413709427	0.430763251	0.440387438	0.44586408	0.448323137	0.446552587	0.442830972	0.437289329	0.430920572	0.425666586	0.420277127	0.414648741	0.410094324	0.40717854	0.405141512	0.402553709	0.398656325	0.393415791	0.387598062	0.382298896	0.376823911	0.372310888	0.368446329	0.367022148	0.367230273	0.368911817	0.372194112	0.376100722	0.376550604	0.37355974	0.368693366	0.362274451	0.3557133	0.349886624	0.343743884	0.338561304	0.332415224	0.325751084	0.32028104
12	0.174550085	0.173671571	0.174612747	0.179286943	0.188800017	0.200293104	0.210495937	0.217453452	0.223250437	0.227378074	0.227891475	0.225384333	0.220256029	0.214463586	0.208885356	0.204843172	0.203062411	0.201676473	0.199231357	0.197368995	0.197699764	0.200614506	0.206917008	0.216466909	0.228255267	0.239920398	0.2503481	0.2605397	0.27447855	0.296406848	0.326274145	0.357811803	0.384349943	0.401173823	0.410692514	0.416087044	0.418174707	0.416592242	0.413263475	0.407706003	0.401330512	0.396439287	0.391219766	0.385634343	0.380957119	0.377929763	0.375486044	0.372857668	0.369077844	0.363961084	0.358086903	0.352393849	0.346679923	0.341849415	0.337603669	0.336036192	0.336152036	0.337686035	0.341468283	0.345640996	0.346281359	0.343320528	0.338476619	0.332318875	0.325563165	0.319899117	0.313894644	0.30882563	0.302525465	0.29671259	0.290867094
17	0.212652446	0.212159301	0.213558849	0.218591998	0.228613003	0.240952696	0.251675791	0.259009867	0.265222247	0.269309381	0.269784298	0.267463701	0.2622806	0.256153398	0.25069469	0.246766928	0.245041085	0.243523405	0.240827479	0.239107967	0.239901987	0.242980141	0.248992347	0.258658023	0.270628909	0.282160791	0.292527489	0.302560434	0.316270709	0.338101819	0.36735453	0.397897784	0.423431593	0.439697776	0.448962198	0.454209166	0.456081673	0.454490328	0.451348096	0.445907951	0.439872251	0.434982201	0.429584892	0.424351596	0.420012264	0.416840759	0.414363998	0.412042232	0.4087296	0.403855079	0.397901442	0.392098295	0.386943177	0.382477362	0.378399567	0.377198766	0.377352993	0.378480445	0.382167586	0.386003091	0.385957197	0.382091775	0.376410635	0.36933251	0.362314372	0.355475478	0.348940351	0.343054367	0.336187504	0.329600728	0.323830225
22	0.171672616	0.17111351	0.172447337	0.177239777	0.186702253	0.198527127	0.20869245	0.215761489	0.221719859	0.225511813	0.226080277	0.223902088	0.218748554	0.21257578	0.207418885	0.203846425	0.202267412	0.200791661	0.197991062	0.196544411	0.197538399	0.200465966	0.20599679	0.215191028	0.226518572	0.237487797	0.247516063	0.257066443	0.270114875	0.291060025	0.319206157	0.348917282	0.373874656	0.389707638	0.398788674	0.403891747	0.405842191	0.40430736	0.401306437	0.395950378	0.390150595	0.385549709	0.380176069	0.374923371	0.37073778	0.367538077	0.365057217	0.362839784	0.359778579	0.355116202	0.349163883	0.343093495	0.338074552	0.333727727	0.329843497	0.328704219	0.32875737	0.32970528	0.33332357	0.337232738	0.337490667	0.334057389	0.32893114	0.322748009	0.316268267	0.310320078	0.304812463	0.299578695	0.293329647	0.287014396	0.281603164
27	0.211550818	0.211108244	0.212634011	0.217985269	0.228577052	0.241915007	0.253453118	0.261721594	0.268518542	0.273020089	0.273928439	0.27153842	0.265661191	0.258643151	0.253159666	0.249424734	0.247694109	0.246040323	0.243097471	0.241594253	0.242575023	0.245779185	0.251832259	0.262012486	0.274338772	0.286419133	0.297603971	0.308077008	0.322169233	0.344712332	0.374442052	0.405562566	0.431574661	0.448121852	0.45756186	0.46289773	0.465084717	0.463581284	0.460586402	0.455252246	0.449612262	0.444985575	0.439367084	0.434112284	0.430047925	0.42691956	0.424462168	0.422285883	0.419274182	0.414539465	0.40841985	0.402117599	0.3969211	0.392432399	0.38851761	0.387250852	0.387009864	0.38784652	0.391397036	0.395149395	0.394663742	0.390188759	0.383890987	0.375815005	0.367538354	0.359999671	0.352623545	0.345794476	0.338652506	0.331156653	0.324869769
32	0.165101681	0.164539154	0.165821929	0.170552212	0.179951641	0.191771483	0.201907059	0.209144136	0.21505394	0.218952743	0.219793823	0.217665102	0.212370028	0.20596996	0.200907548	0.1974856	0.195972849	0.194485369	0.191705869	0.190213427	0.191111664	0.193979465	0.199342262	0.208531432	0.219756499	0.23069054	0.240796375	0.250315678	0.263205156	0.283831322	0.311507071	0.340864938	0.365687203	0.381494139	0.390503574	0.395597266	0.39771478	0.396215717	0.393291232	0.38809838	0.382542227	0.378108472	0.372664685	0.367526739	0.363550146	0.360485237	0.358213843	0.356139319	0.353243522	0.348652992	0.342648935	0.336367376	0.331377443	0.327048874	0.323358039	0.322249625	0.322186869	0.32316511	0.3268429	0.330905062	0.331226911	0.328020147	0.323216308	0.317206792	0.310501694	0.304839461	0.299168092	0.294142736	0.288054461	0.281479449	0.275838091
37	0.211412571	0.210710878	0.211759439	0.216219249	0.225487565	0.237159476	0.247269678	0.254470564	0.260267217	0.264188802	0.264896886	0.262564362	0.256990064	0.250290494	0.245089862	0.241479173	0.239641077	0.237936705	0.235050808	0.233359227	0.234000635	0.236757286	0.242130036	0.251432667	0.262765119	0.273826975	0.284284984	0.294046314	0.307323475	0.328889103	0.357737294	0.388382994	0.414279322	0.430839716	0.440286477	0.445506897	0.447711421	0.446192369	0.44306637	0.437597251	0.431854477	0.427135187	0.421386178	0.416049671	0.412021233	0.408874495	0.406442998	0.404189747	0.401199832	0.396455024	0.390289666	0.383942203	0.378708944	0.374243998	0.370611696	0.369514439	0.369433766	0.370573946	0.374568087	0.378968556	0.37956	0.376331521	0.371731675	0.365400664	0.358740356	0.352545155	0.346902894	0.341464375	0.335059997	0.328325045	0.322956855
42	0.16707808	0.166527801	0.167744375	0.172446211	0.182133522	0.194272124	0.204652522	0.212164514	0.218073569	0.22226581	0.223288755	0.221152784	0.215655999	0.208956177	0.204009959	0.200694928	0.198984259	0.197477174	0.194834003	0.193207037	0.193916796	0.196910802	0.202433983	0.21192073	0.223217635	0.234191013	0.244573376	0.254335234	0.267338415	0.288196826	0.315937994	0.345371794	0.370237395	0.386004679	0.394903549	0.399831022	0.401995032	0.400513679	0.397571208	0.392299535	0.386951487	0.382651357	0.377119184	0.371943458	0.368114411	0.365082353	0.362937889	0.360913301	0.358043052	0.353370159	0.347418616	0.341207881	0.336138843	0.33183114	0.328301452	0.327163404	0.326807062	0.327671841	0.33136817	0.335399109	0.335516263	0.332053592	0.327151012	0.320457114	0.313799439	0.30763244	0.301433506	0.296245277	0.290183253	0.28371125	0.278086771
47	0.21735055	0.216827482	0.218238725	0.223529491	0.234345114	0.247776958	0.259329733	0.267791937	0.274415638	0.279177661	0.280322957	0.277839298	0.271719618	0.264473524	0.259145996	0.255427088	0.253366707	0.251695143	0.24893661	0.247077846	0.247683909	0.250865807	0.256914327	0.267212906	0.279465964	0.291445928	0.302733643	0.31322259	0.327158743	0.349173011	0.378119025	0.408771068	0.434564145	0.450967202	0.460325469	0.46544996	0.46778509	0.466390825	0.463427018	0.458070251	0.452601265	0.448192765	0.4424401	0.437344889	0.433628971	0.430691532	0.428488067	0.426430981	0.423453375	0.418631454	0.412571949	0.406207327	0.401008159	0.396564648	0.39291407	0.391613553	0.391295698	0.392244117	0.395944089	0.399886869	0.399538855	0.394981428	0.388726073	0.380532543	0.372519271	0.364901209	0.357568411	0.351122419	0.343014994	0.336362673	0.329744168
3	0.136818759	0.137312191	0.141189866	0.151144655	0.167764781	0.187297901	0.20484571	0.218272961	0.228519052	0.236530325	0.239777295	0.238273594	0.232599195	0.225895447	0.219966836	0.216215732	0.214278186	0.212277264	0.209650271	0.207805398	0.20826026	0.21169935	0.219546817	0.232238937	0.246779466	0.261722449	0.275263572	0.286815519	0.300450703	0.321653546	0.350845882	0.382276862	0.41018975	0.429440581	0.440338581	0.446741473	0.450629572	0.450091925	0.447529154	0.443554991	0.438251865	0.433433147	0.428443664	0.423804229	0.420962154	0.418940743	0.417456468	0.415527179	0.412268882	0.407403721	0.401038021	0.394418484	0.389081069	0.384769216	0.380736385	0.378511647	0.377622992	0.378299145	0.379938031	0.380904084	0.374731527	0.362331511	0.346500794	0.328974871	0.31159976	0.295805119	0.281092696	0.268336872	0.256185615	0.245542378	0.23592632
8	0.100200398	0.101038362	0.104717494	0.114202452	0.130234443	0.149312584	0.16629905	0.178765519	0.188864823	0.196695044	0.200085716	0.198796538	0.193495512	0.18702782	0.180945561	0.176947946	0.175315183	0.173970027	0.171525268	0.169588462	0.169791567	0.173309777	0.181160782	0.19298333	0.207371524	0.222201837	0.235588584	0.247015453	0.260292017	0.28044866	0.308494618	0.339915524	0.368279412	0.387255089	0.398174041	0.404572764	0.407995936	0.407626058	0.405328229	0.40110667	0.395860669	0.391658924	0.38711971	0.38226167	0.378559354	0.376546128	0.375317806	0.373345121	0.369914521	0.364812281	0.35877764	0.352968742	0.346828071	0.341659822	0.337150127	0.335040728	0.334414577	0.335129425	0.336915947	0.337970428	0.332473401	0.320535575	0.305341037	0.288711901	0.272646008	0.25730451	0.243264593	0.230997846	0.219285177	0.209365695	0.200110763
13	0.140849162	0.141920266	0.146091418	0.15609267	0.173234613	0.193800397	0.211910156	0.225121105	0.236247786	0.244813875	0.248204672	0.246744044	0.240795672	0.233402123	0.226767408	0.222371814	0.220584224	0.21915822	0.216291219	0.21406062	0.214586386	0.218308648	0.226283563	0.238764645	0.25446976	0.270108651	0.284073909	0.296320336	0.31042652	0.331810098	0.361412724	0.394053175	0.423064919	0.442398801	0.453624433	0.460174212	0.463267419	0.462946482	0.460949322	0.456526349	0.451197002	0.446918293	0.442245045	0.437498284	0.433710224	0.431473261	0.429657715	0.427700626	0.424486677	0.419522936	0.413200354	0.406769435	0.400520231	0.395184878	0.390436548	0.388467108	0.387941801	0.388512566	0.390738693	0.391776761	0.385688232	0.37249573	0.355898754	0.338116755	0.319986156	0.303699711	0.288615872	0.275521124	0.26326712	0.251721839	0.242562556
18	0.097138939	0.098238642	0.102330323	0.111818525	0.128025969	0.147582395	0.164675422	0.177135239	0.187762784	0.19575369	0.198887365	0.197662577	0.192107614	0.184943803	0.178810036	0.174838102	0.173352807	0.171972024	0.169116514	0.167237005	0.168199924	0.171880055	0.179180661	0.191121922	0.206097162	0.220892597	0.234144168	0.245809447	0.259300889	0.279954115	0.308447576	0.339847692	0.367781848	0.386290222	0.397055376	0.403302825	0.406125946	0.405758872	0.403885503	0.399649778	0.394561578	0.390504333	0.385737138	0.381100559	0.377472178	0.375069995	0.373283249	0.371541796	0.368653166	0.363853706	0.35751705	0.350962752	0.345043773	0.339909034	0.335298173	0.333469418	0.333027309	0.3333196	0.335571153	0.336653858	0.330995253	0.318835433	0.303299983	0.286496084	0.270077679	0.254902392	0.240683314	0.228629757	0.217278145	0.206193107	0.19704955
23	0.139423469	0.140600376	0.144922745	0.155016969	0.172258673	0.193030405	0.211307909	0.224877556	0.236279427	0.24461851	0.247988096	0.246551068	0.240224789	0.232180538	0.225816	0.221741579	0.220097587	0.218494934	0.215312588	0.213469262	0.214465753	0.218297648	0.225773007	0.238302627	0.253903507	0.269446028	0.283580602	0.295842291	0.310010178	0.331759415	0.361192591	0.39345642	0.421730054	0.440491191	0.451469798	0.457808872	0.460832873	0.460410765	0.458551579	0.454299271	0.449437466	0.445361655	0.440255908	0.4356284	0.432165191	0.429705245	0.42777125	0.426014753	0.423267228	0.418526744	0.41203457	0.405116545	0.399287685	0.394214173	0.389699095	0.387966715	0.387333221	0.387462784	0.389705369	0.390623017	0.384308824	0.371054549	0.354304366	0.336146259	0.318337818	0.302013159	0.286853601	0.273704355	0.260378277	0.24971824	0.240119097
28	0.096233362	0.097319057	0.101438676	0.1108939	0.127156379	0.146772301	0.16390044	0.176590792	0.187187701	0.195151577	0.198580252	0.197381179	0.191480086	0.183864889	0.177958744	0.174271579	0.172894264	0.171504385	0.168552301	0.166902138	0.167961626	0.171686301	0.17875681	0.190538909	0.205226984	0.219841241	0.233276682	0.244891494	0.2583059	0.279049377	0.307246521	0.338358996	0.366004713	0.384384958	0.395133348	0.401333436	0.404402423	0.404017297	0.402185785	0.397953407	0.393217061	0.389316444	0.384276133	0.37964483	0.376241363	0.373747724	0.371900576	0.370274801	0.367700383	0.363062955	0.356645063	0.34971044	0.343967957	0.338948768	0.33465879	0.333029295	0.332234187	0.332286456	0.334546839	0.335617931	0.330125796	0.317816741	0.302464635	0.28541263	0.26911923	0.253736538	0.239713956	0.227230333	0.215662231	0.205157027	0.195769123
33	0.139853131	0.140953088	0.145199565	0.155146305	0.172138827	0.192902108	0.210988153	0.224517887	0.23577483	0.244113153	0.247651026	0.24634054	0.240017782	0.231900285	0.225605546	0.221718071	0.220104827	0.21855923	0.215399092	0.213564859	0.214435619	0.218178266	0.225555589	0.237900962	0.253242425	0.268543965	0.282556478	0.294628078	0.308544415	0.329856552	0.358696584	0.390406234	0.41845705	0.437060228	0.447957465	0.454278631	0.457390049	0.457004934	0.455160961	0.450933122	0.446126561	0.442114177	0.436965759	0.432271325	0.428921416	0.426476327	0.424611004	0.423003407	0.420389405	0.415678173	0.409262548	0.402373678	0.396621809	0.391637451	0.387300387	0.385581816	0.384824198	0.38482549	0.38695172	0.387708032	0.38136757	0.368038464	0.35159365	0.333624746	0.315696339	0.299765489	0.284694612	0.271357246	0.259183436	0.247705077	0.238692263
38	0.095972134	0.097039045	0.101016004	0.110229114	0.126144182	0.145413018	0.162149583	0.174633971	0.184947437	0.192808681	0.196278087	0.195096372	0.189193527	0.181468498	0.175613677	0.172041476	0.170568976	0.169182649	0.166258708	0.164567993	0.16549082	0.169110437	0.176090992	0.187822637	0.202248267	0.216646677	0.229986054	0.241456187	0.254685218	0.275143428	0.302842944	0.333465507	0.360685777	0.378741418	0.389168061	0.39513537	0.398203937	0.397826709	0.395940954	0.391651929	0.387026887	0.383262528	0.378200664	0.373527391	0.370239306	0.367822527	0.366123337	0.364476145	0.361945375	0.357358775	0.351028174	0.344208776	0.338505618	0.333621481	0.329524844	0.327860768	0.327079364	0.327178958	0.329464563	0.330657053	0.325337747	0.313529169	0.298665923	0.282429606	0.266430466	0.251440544	0.237841705	0.225548405	0.214475467	0.203951328	0.194910581
43	0.137616084	0.138800974	0.142952643	0.152987543	0.170509419	0.191563657	0.209868607	0.223574125	0.234714948	0.243290331	0.247071564	0.245692244	0.239221475	0.230829145	0.22464453	0.22078928	0.218893933	0.217271764	0.214363945	0.212225841	0.212954301	0.216860965	0.22446047	0.237210719	0.252695319	0.268063802	0.28234711	0.294586288	0.308672669	0.330239618	0.359132204	0.390855268	0.418768362	0.437149076	0.447769416	0.453792867	0.456862928	0.456430235	0.454406092	0.449950094	0.445271948	0.44131848	0.436051431	0.43138847	0.428275128	0.425966423	0.424254776	0.4226123	0.419962837	0.415219278	0.408901609	0.402055892	0.396209762	0.391180965	0.387019136	0.385269119	0.384359959	0.384414428	0.386557535	0.387322789	0.380832156	0.367606541	0.351063243	0.333151088	0.314934199	0.298594072	0.283675691	0.270266072	0.257731078	0.246106082	0.236841091
48	0.0998243	0.100799473	0.104713947	0.113914106	0.130058175	0.149448493	0.1664373	0.179173909	0.189503791	0.197550428	0.201214879	0.199956792	0.193936602	0.18611381	0.180349434	0.176771812	0.175072181	0.173686218	0.170990379	0.169020309	0.169775215	0.173528419	0.180636839	0.192614844	0.207210223	0.221866282	0.235580433	0.247390556	0.261010524	0.281862959	0.31015247	0.341697319	0.369727948	0.388262031	0.399013771	0.40512188	0.408379114	0.408020271	0.406100666	0.401704404	0.396981801	0.393130907	0.387836617	0.383121368	0.379940417	0.377517578	0.375917741	0.374231888	0.371563912	0.36674367	0.360348698	0.353368251	0.347494053	0.342395708	0.338160155	0.336479365	0.335670983	0.335887	0.338237248	0.339393314	0.333787887	0.321619659	0.306405237	0.289405861	0.272812444	0.257666165	0.243670309	0.231169982	0.219655049	0.208898192	0.199699031
4	0.110775456	0.110826035	0.11415844	0.123173817	0.138396981	0.156502558	0.173158107	0.18608331	0.195937129	0.203679137	0.206750125	0.205403691	0.199897222	0.193373007	0.187377388	0.183558373	0.181548138	0.179512234	0.176774093	0.174773465	0.174839762	0.177918703	0.185239478	0.197232563	0.211372044	0.226158724	0.239706564	0.251167248	0.264259182	0.284701391	0.313285779	0.345081166	0.374407339	0.394819432	0.406524388	0.413634442	0.418132212	0.418074477	0.416004747	0.412426373	0.407440138	0.402769956	0.397922383	0.393332675	0.390626528	0.388784141	0.387573795	0.385897739	0.382620452	0.377543504	0.370784782	0.363912555	0.358201094	0.353539685	0.349227156	0.346876464	0.346060057	0.347284549	0.349617637	0.35122428	0.345663563	0.333924265	0.318744443	0.301768601	0.285289866	0.270272744	0.255976536	0.243627597	0.232120055	0.221917808	0.21253257
9	0.146465645	0.147235911	0.150749448	0.159911464	0.175701681	0.194727867	0.212214743	0.225203575	0.235976117	0.244269826	0.247675655	0.246151373	0.240167418	0.232873857	0.226120712	0.221679508	0.219754914	0.218098664	0.215169547	0.212791269	0.212682279	0.215880751	0.223568221	0.235538014	0.250754644	0.266592726	0.28092479	0.293149028	0.306867939	0.327435999	0.356316894	0.389244033	0.419439629	0.439969329	0.45204233	0.459271611	0.463144441	0.463292678	0.4616079	0.457646282	0.452588247	0.448492135	0.443972338	0.439270739	0.435788406	0.433949444	0.432691453	0.43088084	0.427543969	0.422340791	0.415970078	0.409569602	0.402952792	0.397440526	0.392649688	0.39049659	0.39026512	0.391589759	0.394418358	0.395753375	0.389993606	0.377330957	0.36121177	0.343375676	0.325927031	0.309714399	0.294530897	0.281680575	0.269509718	0.258806534	0.249021755
14	0.104720146	0.105499363	0.109047821	0.117729446	0.132802259	0.151122955	0.167690387	0.179913307	0.190412673	0.198426047	0.201575871	0.200285182	0.194687518	0.187583932	0.181147041	0.176859636	0.175225402	0.17385399	0.170983498	0.168702118	0.168966642	0.172155871	0.179309527	0.190826903	0.205641197	0.220740335	0.23427703	0.246078322	0.259239284	0.279106036	0.307097953	0.338780424	0.367668556	0.387181413	0.398660531	0.405544737	0.408967347	0.409092773	0.407710551	0.403898088	0.399080576	0.395353574	0.391093317	0.386648526	0.383204965	0.381292968	0.379837173	0.378196136	0.375198351	0.370280712	0.363978562	0.357512679	0.351257162	0.345859884	0.341067604	0.339118502	0.338879542	0.340022952	0.343107414	0.344857018	0.339661459	0.327673186	0.312507364	0.295803436	0.279415069	0.264397594	0.250332117	0.238170106	0.226259093	0.216805163	0.206824322
19	0.143664559	0.144592309	0.148325897	0.157266878	0.172736432	0.191719887	0.208867932	0.221734176	0.232792792	0.240853802	0.244013518	0.242630646	0.236501288	0.228714962	0.222223285	0.217971116	0.216246311	0.21462591	0.211373819	0.209158536	0.209736958	0.212983973	0.219908367	0.23175586	0.247015095	0.262452672	0.27651647	0.288698382	0.3022376	0.322988969	0.351834542	0.384362128	0.413929859	0.433981453	0.445877485	0.452914782	0.456446679	0.456656762	0.455331184	0.451509781	0.446854407	0.442942538	0.438215709	0.433824309	0.430600366	0.428508569	0.426841178	0.425292708	0.422531829	0.417621868	0.410936215	0.404061928	0.397925098	0.392626381	0.387800116	0.385910787	0.38560145	0.38652994	0.389704263	0.391329001	0.385496467	0.3726582	0.356571654	0.338835078	0.321179832	0.305504096	0.290518237	0.277618206	0.264750988	0.254253568	0.244622567
24	0.101839995	0.102655813	0.106283994	0.114811637	0.129484195	0.147645552	0.163940326	0.176231619	0.186683414	0.194419822	0.197668084	0.196441785	0.190625239	0.183093243	0.176999695	0.173145686	0.171638472	0.170148313	0.166997441	0.165027607	0.165755336	0.168976051	0.175470208	0.186715436	0.201223653	0.215979538	0.229566746	0.241312302	0.254328632	0.274389333	0.302385882	0.334259455	0.363530054	0.383365041	0.395156221	0.402141689	0.405757265	0.405970019	0.404704458	0.400917268	0.396442734	0.392700599	0.3878078	0.383335032	0.380109466	0.377886391	0.376319767	0.374877728	0.372248139	0.367512054	0.360851237	0.353590708	0.347553666	0.342293441	0.337624352	0.335906727	0.335505694	0.336312846	0.339426501	0.341188325	0.335943174	0.32398272	0.308837653	0.292276708	0.275854467	0.260986658	0.246835031	0.234600189	0.222767452	0.212474333	0.203540399
29	0.141771313	0.142663316	0.146393776	0.155417779	0.171104629	0.190342921	0.207507073	0.220626952	0.231600096	0.239661922	0.24303249	0.241619082	0.23526065	0.227142328	0.220774496	0.216770278	0.215080617	0.213376736	0.210081989	0.207951641	0.208529841	0.211859859	0.218659661	0.230425794	0.245452235	0.260830351	0.275062574	0.287138729	0.30064793	0.32136797	0.349801362	0.381865206	0.410940816	0.430757107	0.442411272	0.449278168	0.452968947	0.453079424	0.451721219	0.447920815	0.443483899	0.439695583	0.434721934	0.430292903	0.427253859	0.425111523	0.423550967	0.422126143	0.419642024	0.414931137	0.408318387	0.401142695	0.395112008	0.38993139	0.385397	0.383753922	0.383250312	0.384001865	0.387160743	0.388753408	0.38306866	0.37036892	0.354593552	0.336700412	0.31923055	0.303422924	0.28893683	0.275875555	0.263471287	0.25279135	0.24314793
34	0.104539378	0.105320181	0.108861421	0.117375396	0.13212963	0.150382768	0.166776315	0.179277942	0.189832902	0.197607351	0.200958605	0.199782291	0.193790912	0.186017166	0.179991918	0.176199352	0.174659502	0.173113965	0.170001977	0.167993458	0.168633725	0.171825694	0.178342885	0.18969315	0.20421571	0.219025405	0.232834675	0.244607044	0.257705409	0.277802403	0.305698803	0.337426995	0.366710351	0.386654587	0.398504157	0.405524683	0.409273185	0.409517715	0.408297789	0.404583542	0.400216511	0.396529732	0.391658243	0.387166679	0.38405767	0.381886814	0.380344076	0.378964616	0.376437076	0.371672083	0.364947218	0.357718201	0.351631838	0.346305962	0.341795126	0.34006975	0.339522157	0.340222918	0.343365812	0.345243717	0.339687769	0.327749288	0.312703238	0.296005344	0.279382714	0.264511963	0.250433564	0.238248109	0.226440228	0.215879799	0.206827737
39	0.140627392	0.141485054	0.145178782	0.154055468	0.169754199	0.189114689	0.206393628	0.219613308	0.230602713	0.238960105	0.242529865	0.241127013	0.234562812	0.226157984	0.219850423	0.215888991	0.213991032	0.212295961	0.209120767	0.206907705	0.207329681	0.210653256	0.217561574	0.229541905	0.244690036	0.260234936	0.274806819	0.287166752	0.300869781	0.321980522	0.350913179	0.383666691	0.413460887	0.433651698	0.445511757	0.452441721	0.456185429	0.456350416	0.455007615	0.451066058	0.446657844	0.442897794	0.43782442	0.43330595	0.430336545	0.428182843	0.426653621	0.425186148	0.422614476	0.417727964	0.411052506	0.403754363	0.39754643	0.392218783	0.387705792	0.386001468	0.385383438	0.38618014	0.389402209	0.391011296	0.385211992	0.372282648	0.356135198	0.338116986	0.32047542	0.304553362	0.288997211	0.275952748	0.263658638	0.252449918	0.243083483
44	0.103863433	0.104569318	0.107975261	0.116346912	0.131263458	0.149567962	0.165875634	0.178332362	0.188539989	0.196530982	0.200048084	0.198907559	0.192828869	0.184884915	0.179009267	0.175274987	0.173490896	0.171977661	0.16905312	0.166807963	0.167194371	0.170438915	0.176990659	0.188458931	0.202908926	0.217724505	0.231667028	0.243533026	0.256627027	0.276833047	0.304794522	0.336807577	0.36633874	0.386380039	0.398185464	0.405035711	0.408838946	0.409031064	0.407610197	0.403605051	0.399147301	0.395420918	0.390200685	0.385621672	0.382601383	0.380496969	0.37910635	0.377593603	0.374986339	0.370108614	0.363405954	0.356076667	0.349890821	0.344587931	0.340196029	0.338571119	0.33798266	0.338945437	0.342351683	0.344317048	0.339334741	0.327496275	0.312739581	0.296456024	0.279865605	0.264963085	0.251135465	0.238970078	0.227353011	0.216303882	0.20719082
49	0.141517107	0.142263396	0.145885155	0.154802252	0.170436525	0.189700814	0.20689929	0.220023437	0.230757431	0.239045486	0.242643193	0.241305672	0.234879594	0.22651306	0.22035286	0.216460629	0.21440702	0.212698229	0.209623971	0.207237656	0.20751205	0.210781797	0.217611765	0.229581114	0.24455628	0.259882813	0.274303686	0.286464824	0.300000037	0.320678113	0.349116253	0.381523418	0.411120233	0.431128883	0.442958327	0.44974631	0.453476037	0.453671686	0.452226823	0.448236177	0.44382583	0.440103146	0.434887714	0.430431589	0.427587439	0.425526918	0.424143994	0.422689052	0.420086649	0.41516115	0.408469714	0.401244218	0.395097093	0.389829956	0.385429028	0.383707686	0.383067509	0.383875822	0.387030503	0.388632395	0.382883679	0.370281187	0.354388505	0.336735679	0.319325511	0.30340502	0.288984657	0.276111683	0.263367577	0.252468862	0.242903651
5	0.206928559	0.206317041	0.208114612	0.214974988	0.227825687	0.243842451	0.258661412	0.270022909	0.278897799	0.285494495	0.287611954	0.285131464	0.278770447	0.271684695	0.265324355	0.260991824	0.258701313	0.256512113	0.253644219	0.251495571	0.251348332	0.254347875	0.261463451	0.272861132	0.286630569	0.300741649	0.313726263	0.325106844	0.339214936	0.360926334	0.390370886	0.422184559	0.450310187	0.469058958	0.479831456	0.486276678	0.489932046	0.489115645	0.486468051	0.482307753	0.477099806	0.472697706	0.468115696	0.463576694	0.460443137	0.458478098	0.457301036	0.455465993	0.451984263	0.446903785	0.440838637	0.435047778	0.429562888	0.424818249	0.420341565	0.417907021	0.416882946	0.417792284	0.420531618	0.423592688	0.420656214	0.412383534	0.401025655	0.388137045	0.375183738	0.363577286	0.352203435	0.342185504	0.332157529	0.322974183	0.315170475
10	0.157326279	0.157028164	0.158890854	0.165311947	0.177471768	0.192602416	0.206559883	0.216912599	0.225619473	0.232276904	0.234466156	0.232169234	0.226151508	0.219319265	0.213018456	0.208836715	0.207055587	0.20548174	0.202792986	0.200568485	0.200495734	0.203449244	0.210384692	0.220976965	0.234221885	0.247735405	0.259895636	0.270894666	0.284182023	0.304094261	0.331540168	0.361620695	0.388005774	0.405457739	0.415662822	0.421743776	0.424640639	0.424012196	0.421812214	0.417601742	0.412646616	0.409125344	0.405175076	0.400725838	0.397210814	0.395416168	0.394200293	0.392370052	0.389142752	0.384430305	0.378982583	0.373578279	0.367857329	0.362869162	0.358351397	0.35620458	0.355431545	0.356272501	0.359423292	0.362652234	0.36057712	0.353158108	0.343000995	0.33152528	0.31999132	0.309224985	0.299130824	0.290345968	0.281575132	0.272897309	0.265397845
15	0.203773968	0.203591241	0.205766059	0.212629189	0.2258463	0.242300869	0.257259847	0.268350839	0.277954158	0.284931297	0.286896227	0.284434812	0.277799322	0.270035305	0.263371568	0.258877359	0.256946231	0.255188199	0.252135982	0.249780789	0.25006389	0.253165298	0.260117771	0.271311155	0.285556083	0.299629403	0.312342922	0.323958153	0.337958672	0.359068884	0.387611078	0.418122286	0.444508796	0.461832467	0.472101797	0.47816607	0.480778055	0.480087992	0.478183408	0.474077995	0.469252172	0.465746659	0.461723857	0.457487568	0.45405882	0.452050271	0.450624077	0.448922868	0.445951138	0.441401398	0.435737397	0.430023068	0.424450813	0.419528107	0.414927522	0.412888617	0.412234013	0.412937347	0.416307791	0.419604992	0.41704887	0.408663997	0.397487849	0.384974031	0.372334639	0.360759097	0.349511104	0.340007771	0.330032148	0.321091389	0.313263029
20	0.160180898	0.160024507	0.162154818	0.168570478	0.18101321	0.196884301	0.211259762	0.222107931	0.231502243	0.238156219	0.240148727	0.237735153	0.231177458	0.223382671	0.21700419	0.212916435	0.211159882	0.209483942	0.206332467	0.204263914	0.20488914	0.207983199	0.214432053	0.225383806	0.23926197	0.253051918	0.265581838	0.277061568	0.290952512	0.312170572	0.340789452	0.371394081	0.397649178	0.414755539	0.424882759	0.430882736	0.433519485	0.432907038	0.431096967	0.427062537	0.422465308	0.418969347	0.414684263	0.410457534	0.407147759	0.404896637	0.403263477	0.401667264	0.398888955	0.394419509	0.388510485	0.382279269	0.376774565	0.371899564	0.367277111	0.365224209	0.36447991	0.364988455	0.368422574	0.371882658	0.369478835	0.36142811	0.350703233	0.338768469	0.326725742	0.315457054	0.3048995	0.295768874	0.286483474	0.277209816	0.269580433
25	0.207102106	0.206891385	0.208945179	0.215426783	0.227902942	0.243830889	0.258012496	0.268661854	0.277765353	0.284137019	0.286205203	0.283876146	0.277210357	0.269227494	0.262982275	0.258967899	0.257086815	0.255222455	0.251911191	0.249858775	0.250393442	0.253430352	0.259656967	0.270411049	0.283894458	0.297313516	0.309739236	0.320845592	0.334290348	0.355055156	0.382949334	0.412982476	0.438796861	0.455814297	0.465829014	0.471625309	0.474215482	0.473439164	0.471408961	0.467189958	0.462540917	0.458911532	0.454341208	0.450028809	0.44684845	0.444566719	0.442898278	0.441342157	0.438819238	0.434468128	0.42857547	0.422341163	0.417090266	0.412419268	0.408206915	0.406537099	0.405689429	0.406057304	0.409337755	0.412596631	0.410259717	0.402603996	0.392410604	0.380713806	0.368832401	0.358565512	0.348070273	0.338935023	0.329591435	0.320394437	0.312956843
30	0.166731351	0.166356594	0.168216651	0.174217266	0.186043406	0.201140708	0.214765643	0.225094723	0.233902769	0.240249826	0.242251488	0.239957865	0.233379325	0.225482628	0.219467998	0.215632983	0.213903932	0.212174323	0.208999619	0.207037704	0.207639392	0.210604837	0.216656682	0.227160111	0.240261156	0.253391508	0.265629704	0.276685444	0.290098652	0.310753782	0.338547011	0.368579818	0.39452602	0.411610977	0.421689099	0.42754347	0.430263138	0.429555234	0.427666435	0.423547713	0.419045126	0.415625923	0.411058417	0.406787398	0.40362578	0.401344352	0.399801118	0.398321427	0.395838398	0.391462284	0.385543906	0.379138646	0.373740318	0.368972082	0.364678584	0.362867269	0.361730486	0.361905194	0.36535516	0.368886565	0.367149401	0.359854998	0.35020011	0.339041511	0.32793558	0.317613157	0.308150653	0.299597465	0.290717579	0.281946644	0.274959896
35	0.207764046	0.207550016	0.209543292	0.216090519	0.228846441	0.245140952	0.259839723	0.270964341	0.280338592	0.287063993	0.289258051	0.286799458	0.279749222	0.271338211	0.264930933	0.260829531	0.258864687	0.256882949	0.253467578	0.251330328	0.251848935	0.254919793	0.261310343	0.272429773	0.286336604	0.30023388	0.313193269	0.324784277	0.338778282	0.360371689	0.38925101	0.420243077	0.447012566	0.46464214	0.475034988	0.481011486	0.483823677	0.483162184	0.481128267	0.476848971	0.472247542	0.46863547	0.463895186	0.459559569	0.456395341	0.454082188	0.452426018	0.450823649	0.448258061	0.443766195	0.437711592	0.431207071	0.42571822	0.420834159	0.416532302	0.414609737	0.413639209	0.414080652	0.417574522	0.421055435	0.418697777	0.410545599	0.399858743	0.387105967	0.374979544	0.363351384	0.352783293	0.343430976	0.332957432	0.323815102	0.316196362
40	0.165090194	0.164874664	0.166837119	0.173010231	0.185280187	0.200930678	0.214914944	0.225647104	0.234445952	0.240983575	0.243330762	0.241091676	0.234391225	0.226336532	0.220441404	0.216659311	0.214820684	0.213129884	0.210013377	0.208006084	0.208509349	0.211580457	0.217799059	0.228620811	0.241829785	0.25504819	0.267445772	0.27857422	0.292067145	0.312809467	0.340506529	0.370349251	0.396158711	0.412988459	0.422822857	0.428536723	0.431333173	0.430627331	0.428604339	0.424384624	0.419999359	0.416618818	0.412030979	0.407711908	0.404702272	0.402528599	0.401057806	0.399592354	0.397083379	0.392637978	0.386720582	0.380281959	0.374842247	0.37002772	0.365892301	0.36410727	0.362957278	0.363246922	0.366652666	0.370023912	0.367933189	0.360303552	0.350447732	0.338986603	0.327168522	0.316791493	0.30686565	0.298082237	0.288944811	0.280293979	0.272728867
45	0.204447631	0.204153045	0.205921982	0.212079828	0.224412487	0.240129882	0.254196501	0.264866922	0.273652498	0.28026182	0.282474677	0.280004352	0.273096059	0.264725728	0.258612929	0.254613758	0.252421485	0.250519672	0.247385499	0.245035797	0.245205992	0.248218289	0.254444822	0.265378616	0.278831298	0.292325215	0.305036191	0.316364906	0.330161515	0.351325567	0.37942186	0.409779931	0.43599208	0.453216248	0.463211615	0.468909636	0.471712977	0.470927293	0.468840743	0.464448259	0.459893947	0.456355395	0.451392748	0.447055873	0.444086313	0.441867179	0.440405455	0.438829828	0.436244191	0.43170308	0.42576174	0.41935033	0.413867005	0.409063334	0.404976096	0.403159638	0.402171896	0.402649202	0.406285909	0.409914195	0.408016026	0.400523499	0.390523538	0.378993004	0.367353018	0.357164301	0.347036681	0.338316996	0.328891016	0.319950022	0.31232653
50	0.157248677	0.157049234	0.159019444	0.165165789	0.177560265	0.193394504	0.20756987	0.218486652	0.227467822	0.234311692	0.236823017	0.234598113	0.227877199	0.219744571	0.21391313	0.210146041	0.208209595	0.206560025	0.203708562	0.201571822	0.2020026	0.205235148	0.211560624	0.222535239	0.235900103	0.249382746	0.262156261	0.273601481	0.287404855	0.308520979	0.336709606	0.367368707	0.393829137	0.411135601	0.421239873	0.426972054	0.429855303	0.429222339	0.427256343	0.422945205	0.418490235	0.415078409	0.410288709	0.405971843	0.403062943	0.400857921	0.399478768	0.398004236	0.395413131	0.390828005	0.384842939	0.378425277	0.372860709	0.367975788	0.363762636	0.361800516	0.360605859	0.360850703	0.364222275	0.367409129	0.364745871	0.356707177	0.346103458	0.334033228	0.321357504	0.310614613	0.300124624	0.290883446	0.281121902	0.272513831	0.264553897
