11	0.221133333	0.222283333	0.2285	0.242916667	0.266033333	0.2934	0.319316667	0.338783333	0.354033333	0.365483333	0.369783333	0.364816667	0.350516667	0.33405	0.321066667	0.311933333	0.307416667	0.305683333	0.303616667	0.301416667	0.301416667	0.3056	0.314583333	0.3281	0.345533333	0.366466667	0.388166667	0.4089	0.43395	0.46585	0.503266667	0.543483333	0.579283333	0.605216667	0.6221	0.632916667	0.640416667	0.644366667	0.6453	0.643033333	0.638216667	0.631833333	0.625716667	0.621333333	0.6168	0.611816667	0.607933333	0.605383333	0.601166667	0.593966667	0.584983333	0.5765	0.567616667	0.559883333	0.554183333	0.549966667	0.54965	0.55325	0.559933333	0.5657	0.565516667	0.553883333	0.5319	0.50325	0.473416667	0.446683333	0.4218	0.400516667	0.382583333	0.368083333	0.3559
21	0.212916667	0.214416667	0.221283333	0.23655	0.2607	0.28885	0.315316667	0.335083333	0.3505	0.3621	0.366566667	0.361816667	0.347683333	0.3313	0.318316667	0.309133333	0.3047	0.303033333	0.30095	0.298783333	0.298733333	0.3028	0.3116	0.3249	0.3422	0.363116667	0.384833333	0.40525	0.429433333	0.459983333	0.495766667	0.534633333	0.569866667	0.5958	0.612816667	0.623866667	0.631616667	0.635816667	0.636933333	0.6348	0.630033333	0.623616667	0.61765	0.61345	0.609166667	0.604366667	0.600616667	0.5981	0.59385	0.586733333	0.57775	0.569166667	0.560283333	0.552516667	0.546816667	0.542433333	0.541933333	0.545133333	0.551216667	0.55625	0.555166667	0.54275	0.520266667	0.491366667	0.461333333	0.434233333	0.409333333	0.38805	0.36995	0.35545	0.343366667
22	0.211216667	0.212633333	0.2193	0.234283333	0.258066667	0.285833333	0.311916667	0.331416667	0.3466	0.358066667	0.3624	0.357616667	0.343616667	0.327333333	0.314483333	0.305333333	0.300916667	0.299266667	0.297166667	0.295016667	0.294983333	0.299016667	0.307783333	0.321	0.338183333	0.358933333	0.380483333	0.400816667	0.425	0.4555	0.491233333	0.529983333	0.565033333	0.590716667	0.60765	0.6186	0.626166667	0.630233333	0.6313	0.629166667	0.624483333	0.618116667	0.612183333	0.607933333	0.603633333	0.598833333	0.595083333	0.592616667	0.588483333	0.58135	0.57235	0.5639	0.555133333	0.54745	0.541783333	0.53745	0.5369	0.540166667	0.546366667	0.551516667	0.5505	0.538366667	0.5162	0.48785	0.458283333	0.43165	0.406933333	0.38605	0.3685	0.353866667	0.341683333
31	0.238633333	0.239666667	0.24575	0.259883333	0.282933333	0.310433333	0.336233333	0.355483333	0.370483333	0.381766667	0.386	0.381016667	0.366783333	0.3504	0.3375	0.3284	0.323866667	0.321966667	0.319816667	0.317716667	0.317933333	0.322316667	0.3316	0.3454	0.362966667	0.38375	0.40525	0.425783333	0.450816667	0.483016667	0.520616667	0.560633333	0.59585	0.6211	0.637583333	0.648133333	0.65545	0.659183333	0.65995	0.6574	0.652316667	0.645666667	0.639466667	0.635166667	0.630766667	0.625783333	0.6218	0.6192	0.614966667	0.607783333	0.598883333	0.590616667	0.581816667	0.5741	0.56845	0.564116667	0.563633333	0.566983333	0.573283333	0.578666667	0.5783	0.567266667	0.5462	0.518833333	0.49005	0.4641	0.440116667	0.419133333	0.40185	0.387433333	0.3756
41	0.234383333	0.235916667	0.242566667	0.25745	0.2812	0.30905	0.335	0.354116667	0.368916667	0.380066667	0.3844	0.379733333	0.366066667	0.350183333	0.337516667	0.328533333	0.3241	0.322433333	0.320433333	0.318333333	0.318583333	0.322983333	0.332166667	0.345866667	0.36325	0.38385	0.405033333	0.425083333	0.449233333	0.480133333	0.516283333	0.554966667	0.589366667	0.614166667	0.6304	0.640833333	0.6482	0.6521	0.653016667	0.650516667	0.64555	0.638983333	0.632916667	0.628683333	0.624416667	0.619683333	0.6159	0.613316667	0.60915	0.602116667	0.5932	0.584833333	0.576133333	0.568583333	0.563016667	0.558616667	0.557866667	0.560666667	0.566116667	0.5703	0.568483333	0.555683333	0.533133333	0.5044	0.474833333	0.44805	0.4234	0.402333333	0.38465	0.3704	0.35865
42	0.234233333	0.23585	0.242683333	0.257983333	0.282433333	0.3111	0.338066667	0.358066667	0.3736	0.385316667	0.389766667	0.384683333	0.369983333	0.353116667	0.339833333	0.330533333	0.326033333	0.324383333	0.3224	0.320383333	0.32065	0.325183333	0.334583333	0.348616667	0.366483333	0.387716667	0.409683333	0.430616667	0.455933333	0.487833333	0.524683333	0.5637	0.5979	0.6224	0.638316667	0.648533333	0.6558	0.65965	0.66055	0.658433333	0.65385	0.647716667	0.641833333	0.637716667	0.6334	0.6286	0.624833333	0.622316667	0.618183333	0.611283333	0.602666667	0.594683333	0.58625	0.57885	0.5735	0.569516667	0.5693	0.572816667	0.579116667	0.583883333	0.582066667	0.56835	0.544066667	0.5133	0.481866667	0.453433333	0.427683333	0.40555	0.387583333	0.372766667	0.360416667
51	0.264366667	0.266666667	0.274666667	0.292266667	0.320466667	0.352966667	0.381733333	0.40225	0.4177	0.428683333	0.432233333	0.426583333	0.412116667	0.3961	0.38355	0.374616667	0.370283333	0.368983333	0.367816667	0.367266667	0.3698	0.3774	0.390466667	0.408266667	0.428833333	0.451	0.47345	0.496266667	0.526983333	0.56915	0.61705	0.663533333	0.700866667	0.7258	0.741433333	0.751083333	0.757333333	0.759333333	0.757666667	0.752633333	0.745283333	0.7367	0.728616667	0.722333333	0.7161	0.709383333	0.703733333	0.699316667	0.69355	0.685383333	0.675666667	0.666816667	0.657583333	0.649466667	0.64345	0.638916667	0.63815	0.64115	0.6466	0.65005	0.645983333	0.629283333	0.6011	0.566466667	0.531233333	0.500066667	0.471066667	0.446883333	0.426966667	0.410366667	0.3971
52	0.2724	0.274816667	0.282833333	0.300616667	0.32915	0.362033333	0.391233333	0.412066667	0.427716667	0.439016667	0.442633333	0.43685	0.422083333	0.40575	0.3931	0.384083333	0.379783333	0.378466667	0.377333333	0.37685	0.37935	0.387033333	0.4002	0.418133333	0.438916667	0.4614	0.484	0.507133333	0.538316667	0.580916667	0.629116667	0.675766667	0.71305	0.737866667	0.7533	0.762833333	0.768933333	0.770833333	0.769166667	0.76415	0.756916667	0.748416667	0.740333333	0.7341	0.727866667	0.721116667	0.7155	0.711133333	0.705366667	0.697166667	0.68755	0.67885	0.669683333	0.661616667	0.655666667	0.6512	0.650633333	0.653833333	0.659466667	0.663116667	0.65915	0.642033333	0.613216667	0.577883333	0.542066667	0.51045	0.481283333	0.456716667	0.436233333	0.42005	0.4061
61	0.259933333	0.261866667	0.26885	0.284883333	0.311533333	0.3433	0.371316667	0.390516667	0.405016667	0.41625	0.420866667	0.4162	0.402266667	0.3863	0.373933333	0.365083333	0.360516667	0.358783333	0.357466667	0.357116667	0.35995	0.3678	0.380966667	0.398766667	0.41895	0.440433333	0.46225	0.484966667	0.516133333	0.55955	0.608816667	0.65605	0.693416667	0.717933333	0.733133333	0.742333333	0.74795	0.749266667	0.746733333	0.74075	0.7327	0.72355	0.714966667	0.708466667	0.702	0.695183333	0.689266667	0.68455	0.67865	0.670316667	0.660633333	0.652016667	0.642916667	0.6348	0.628883333	0.6243	0.623316667	0.626083333	0.63165	0.6361	0.633733333	0.6191	0.5929	0.559916667	0.5262	0.4964	0.468766667	0.445383333	0.4258	0.40965	0.396366667
62	0.2507	0.252616667	0.259583333	0.2755	0.301866667	0.33335	0.361216667	0.38045	0.39505	0.40645	0.411233333	0.4066	0.392566667	0.376416667	0.36395	0.355116667	0.350533333	0.348733333	0.347383333	0.346933333	0.3496	0.357266667	0.370283333	0.387966667	0.40805	0.4296	0.451516667	0.474266667	0.505583333	0.549183333	0.599033333	0.647183333	0.685566667	0.710883333	0.7266	0.736066667	0.741783333	0.743166667	0.740516667	0.734383333	0.726083333	0.716716667	0.707933333	0.701233333	0.6946	0.68765	0.681716667	0.677	0.670916667	0.662383333	0.65255	0.643616667	0.634283333	0.62595	0.619816667	0.615116667	0.614166667	0.617016667	0.6227	0.6274	0.625483333	0.611133333	0.585116667	0.552083333	0.518383333	0.488366667	0.46065	0.437183333	0.41765	0.401783333	0.38825
71	0.236233333	0.237916667	0.244883333	0.260783333	0.286933333	0.318283333	0.347516667	0.368666667	0.384883333	0.397166667	0.401833333	0.395966667	0.379716667	0.361283333	0.3473	0.337466667	0.332516667	0.330666667	0.32885	0.32745	0.32895	0.335283333	0.347083333	0.3639	0.384216667	0.407016667	0.4304	0.45385	0.4843	0.524583333	0.570533333	0.616716667	0.655183333	0.681516667	0.69815	0.708416667	0.715	0.717483333	0.71645	0.712316667	0.705866667	0.6981	0.6906	0.6848	0.678966667	0.67275	0.6677	0.66385	0.65845	0.650516667	0.64115	0.632766667	0.6239	0.61605	0.610333333	0.606416667	0.606733333	0.610983333	0.618066667	0.623766667	0.621766667	0.6059	0.577716667	0.542633333	0.507066667	0.475766667	0.447083333	0.422733333	0.402716667	0.386466667	0.372866667
72	0.2406	0.242433333	0.249633333	0.266083333	0.2928	0.324466667	0.354033333	0.375533333	0.392066667	0.404383333	0.4088	0.402666667	0.386216667	0.367666667	0.35355	0.343683333	0.338716667	0.336983333	0.335283333	0.33385	0.335333333	0.341633333	0.353333333	0.370116667	0.3905	0.413433333	0.436983333	0.4606	0.491233333	0.531616667	0.577583333	0.623633333	0.6616	0.687433333	0.703766667	0.71385	0.720366667	0.722833333	0.721966667	0.7181	0.711966667	0.70445	0.6972	0.691466667	0.6856	0.67935	0.674333333	0.67055	0.665166667	0.657266667	0.647966667	0.639633333	0.630933333	0.623116667	0.617533333	0.613566667	0.61405	0.618616667	0.626083333	0.631966667	0.629766667	0.613433333	0.5846	0.549083333	0.5128	0.480916667	0.451966667	0.427533333	0.40705	0.390366667	0.377
81	0.268766667	0.270766667	0.278083333	0.294433333	0.321133333	0.352383333	0.38035	0.400383333	0.415433333	0.426533333	0.430466667	0.425316667	0.41105	0.394916667	0.382433333	0.3734	0.3688	0.367216667	0.365816667	0.365016667	0.367216667	0.374383333	0.3868	0.403933333	0.423833333	0.445266667	0.466983333	0.489166667	0.51925	0.5607	0.607583333	0.652766667	0.688666667	0.71235	0.727066667	0.736083333	0.741716667	0.743366667	0.741466667	0.736366667	0.729116667	0.720833333	0.713066667	0.707016667	0.70095	0.694583333	0.689116667	0.68485	0.679266667	0.6712	0.66185	0.653433333	0.64455	0.636683333	0.6309	0.626483333	0.625833333	0.628766667	0.63425	0.638083333	0.635	0.619883333	0.593633333	0.560933333	0.52735	0.497633333	0.47005	0.44685	0.427783333	0.41205	0.3989
82	0.278183333	0.280383333	0.287866667	0.304716667	0.332066667	0.363966667	0.392633333	0.413183333	0.428733333	0.4401	0.444233333	0.43895	0.42435	0.407866667	0.3952	0.38615	0.38165	0.3801	0.37875	0.378033333	0.380283333	0.387566667	0.400183333	0.417583333	0.43785	0.459616667	0.4818	0.50445	0.535083333	0.57715	0.624883333	0.670966667	0.707716667	0.732116667	0.747416667	0.756916667	0.762966667	0.764916667	0.763266667	0.758216667	0.751	0.742666667	0.734733333	0.7286	0.722416667	0.715833333	0.7103	0.70605	0.700366667	0.69225	0.68275	0.6742	0.665183333	0.657133333	0.6512	0.646566667	0.645766667	0.648733333	0.6542	0.658166667	0.65485	0.63865	0.610916667	0.576683333	0.541983333	0.51125	0.482966667	0.4593	0.439216667	0.42305	0.409733333
91	0.2824	0.284083333	0.29055	0.305533333	0.33015	0.358516667	0.38295	0.399983333	0.4125	0.42135	0.423983333	0.418966667	0.406816667	0.393433333	0.383033333	0.375283333	0.37135	0.370033333	0.369083333	0.36915	0.372166667	0.379916667	0.39255	0.409283333	0.427866667	0.447133333	0.46665	0.487683333	0.5182	0.561533333	0.6096	0.653733333	0.6873	0.708733333	0.721966667	0.729983333	0.7346	0.735166667	0.731816667	0.725366667	0.716916667	0.7076	0.6989	0.6921	0.685283333	0.6781	0.671833333	0.6669	0.660833333	0.65265	0.643483333	0.635366667	0.626816667	0.619283333	0.613666667	0.6092	0.6081	0.610366667	0.615083333	0.618833333	0.617433333	0.606633333	0.586533333	0.5604	0.5326	0.507783333	0.483933333	0.463583333	0.446366667	0.431916667	0.419533333
92	0.287933333	0.289533333	0.295666667	0.3099	0.33345	0.3606	0.383733333	0.39975	0.4115	0.419766667	0.422183333	0.417433333	0.406116667	0.393733333	0.383966667	0.376633333	0.37285	0.37155	0.37065	0.370683333	0.373616667	0.3811	0.393216667	0.409366667	0.427133333	0.445466667	0.464116667	0.48415	0.513466667	0.555233333	0.60175	0.644583333	0.677216667	0.698066667	0.71095	0.7188	0.723383333	0.723983333	0.720666667	0.714183333	0.7057	0.696383333	0.687783333	0.6811	0.6744	0.667433333	0.661466667	0.656666667	0.6508	0.642816667	0.633833333	0.6259	0.617533333	0.6101	0.60445	0.599816667	0.598433333	0.600266667	0.60445	0.607766667	0.606416667	0.596533333	0.578183333	0.55415	0.528783333	0.505466667	0.48315	0.4643	0.447833333	0.43445	0.4224
101	0.269083333	0.271483333	0.279366667	0.29705	0.32615	0.360516667	0.39135	0.413166667	0.4297	0.442083333	0.4468	0.44125	0.4258	0.408383333	0.394966667	0.385433333	0.380666667	0.37895	0.377533333	0.376966667	0.379833333	0.388066667	0.402116667	0.421266667	0.4434	0.466933333	0.490766667	0.515283333	0.5486	0.594616667	0.646716667	0.6968	0.736733333	0.7632	0.77975	0.78975	0.796	0.797883333	0.795933333	0.790516667	0.782766667	0.77375	0.765166667	0.7586	0.751916667	0.744833333	0.738816667	0.73405	0.727833333	0.719116667	0.70885	0.699583333	0.689883333	0.681216667	0.674783333	0.6699	0.66905	0.6721	0.677716667	0.681316667	0.676633333	0.656816667	0.62425	0.58495	0.545516667	0.511116667	0.479766667	0.453866667	0.432333333	0.414683333	0.4008
102	0.26745	0.2697	0.277366667	0.294583333	0.3228	0.35625	0.386266667	0.407516667	0.423616667	0.435616667	0.4402	0.434916667	0.4199	0.402866667	0.38975	0.380433333	0.37575	0.374066667	0.372666667	0.372066667	0.374783333	0.382783333	0.396416667	0.41505	0.43665	0.459633333	0.482933333	0.506883333	0.539333333	0.584366667	0.635516667	0.684883333	0.7244	0.750666667	0.76705	0.777033333	0.783283333	0.785233333	0.78325	0.777683333	0.769866667	0.760916667	0.752366667	0.7458	0.739283333	0.732333333	0.7264	0.721716667	0.715616667	0.707066667	0.6969	0.687633333	0.67805	0.669416667	0.662933333	0.658016667	0.657033333	0.659816667	0.665233333	0.6689	0.66465	0.64625	0.61545	0.57795	0.540233333	0.507016667	0.476733333	0.451416667	0.4304	0.413416667	0.39965
111	0.303716667	0.306416667	0.314016667	0.330783333	0.358133333	0.38855	0.41245	0.4276	0.438633333	0.44675	0.44935	0.444783333	0.433533333	0.421133333	0.4115	0.404233333	0.400416667	0.399216667	0.398966667	0.400333333	0.404966667	0.41455	0.428816667	0.446633333	0.465083333	0.4832	0.50155	0.522516667	0.554166667	0.597716667	0.642833333	0.680783333	0.707333333	0.72315	0.73275	0.7384	0.74135	0.740516667	0.736366667	0.729516667	0.721066667	0.71195	0.7036	0.69705	0.690416667	0.683383333	0.677133333	0.6721	0.666316667	0.658883333	0.650733333	0.6438	0.636483333	0.630016667	0.625366667	0.621666667	0.620566667	0.622266667	0.625883333	0.628433333	0.6265	0.615416667	0.595216667	0.569366667	0.542283333	0.517933333	0.494516667	0.47495	0.457916667	0.443466667	0.431483333
112	0.31075	0.313483333	0.321233333	0.338333333	0.36615	0.397133333	0.421433333	0.43675	0.44795	0.4562	0.458783333	0.45395	0.442366667	0.42955	0.419616667	0.412166667	0.408283333	0.4071	0.4069	0.408266667	0.413033333	0.422733333	0.437216667	0.455283333	0.47405	0.492283333	0.510766667	0.531866667	0.5638	0.607233333	0.651716667	0.688883333	0.7146	0.7298	0.739033333	0.74445	0.747283333	0.74645	0.742416667	0.7358	0.727666667	0.718916667	0.71075	0.7044	0.69785	0.6909	0.684766667	0.6799	0.67415	0.666783333	0.658833333	0.652083333	0.64505	0.638766667	0.634233333	0.63055	0.629666667	0.63155	0.63525	0.637866667	0.63575	0.6242	0.603616667	0.577333333	0.550033333	0.525316667	0.501733333	0.482066667	0.465066667	0.4503	0.438233333
121	0.268766667	0.271366667	0.279483333	0.2976	0.327233333	0.361233333	0.389616667	0.408266667	0.422066667	0.4324	0.436133333	0.431116667	0.417733333	0.40275	0.39105	0.382616667	0.378233333	0.3767	0.375966667	0.376516667	0.380666667	0.390083333	0.404866667	0.423966667	0.4448	0.465916667	0.487116667	0.510033333	0.5429	0.588483333	0.638033333	0.68275	0.716383333	0.737716667	0.750816667	0.758766667	0.763466667	0.764233333	0.760966667	0.75435	0.745616667	0.735933333	0.726966667	0.720066667	0.7131	0.70575	0.699216667	0.693983333	0.6876	0.679083333	0.6694	0.660666667	0.6516	0.64355	0.637516667	0.632633333	0.63115	0.633	0.6372	0.640133333	0.636933333	0.6225	0.597233333	0.565916667	0.533433333	0.504716667	0.477666667	0.45485	0.435766667	0.4196	0.406366667
122	0.258833333	0.261616667	0.270133333	0.289133333	0.320133333	0.355683333	0.3854	0.405083333	0.4197	0.430716667	0.434716667	0.429483333	0.415183333	0.3991	0.3868	0.377966667	0.3734	0.3719	0.37115	0.37185	0.376216667	0.386083333	0.401516667	0.421466667	0.44325	0.465233333	0.487433333	0.511466667	0.545983333	0.593683333	0.645166667	0.691216667	0.725583333	0.747216667	0.760433333	0.7684	0.773166667	0.773816667	0.770433333	0.763716667	0.755016667	0.745366667	0.736283333	0.729033333	0.72175	0.7142	0.707483333	0.70205	0.695483333	0.686783333	0.676933333	0.668133333	0.65895	0.6508	0.64465	0.6398	0.638583333	0.640633333	0.645266667	0.64855	0.644933333	0.62875	0.600916667	0.566866667	0.532116667	0.500866667	0.4725	0.44845	0.428166667	0.411366667	0.397633333
131	0.231433333	0.233966667	0.2423	0.260716667	0.2906	0.32565	0.357033333	0.379016667	0.395783333	0.408566667	0.4137	0.408266667	0.392516667	0.374516667	0.3607	0.351066667	0.3463	0.344666667	0.343266667	0.3426	0.345266667	0.35325	0.366866667	0.3856	0.40755	0.431133333	0.455233333	0.479783333	0.512516667	0.55715	0.60785	0.657333333	0.697216667	0.723933333	0.740633333	0.750816667	0.757166667	0.759183333	0.757316667	0.752116667	0.744616667	0.73585	0.72745	0.721016667	0.714533333	0.7078	0.702116667	0.697583333	0.691533333	0.683016667	0.673033333	0.663916667	0.65445	0.645933333	0.6396	0.634983333	0.634483333	0.6379	0.6441	0.648616667	0.644583333	0.625633333	0.59335	0.554333333	0.515383333	0.481	0.449916667	0.4239	0.4021	0.384516667	0.370133333
132	0.238866667	0.2414	0.249716667	0.268083333	0.29785	0.332616667	0.363533333	0.3851	0.401433333	0.413833333	0.418733333	0.413566667	0.3984	0.380983333	0.367533333	0.35805	0.353316667	0.3517	0.350283333	0.349666667	0.352283333	0.3602	0.373766667	0.392383333	0.414033333	0.437183333	0.460733333	0.484616667	0.51645	0.559916667	0.609316667	0.657433333	0.69615	0.722066667	0.738266667	0.7482	0.754483333	0.756516667	0.754666667	0.749533333	0.742083333	0.733383333	0.725166667	0.7189	0.7127	0.7061	0.700583333	0.6962	0.690333333	0.682016667	0.67215	0.663166667	0.653833333	0.645383333	0.6391	0.634383333	0.633533333	0.636416667	0.64195	0.645766667	0.64145	0.6229	0.591616667	0.554	0.516	0.482566667	0.4521	0.426566667	0.405233333	0.3881	0.373883333
141	0.257466667	0.258766667	0.264783333	0.2787	0.301466667	0.32865	0.353933333	0.372316667	0.3865	0.39705	0.400866667	0.39565	0.3816	0.365683333	0.353466667	0.344716667	0.340333333	0.338616667	0.336933333	0.33545	0.3365	0.341716667	0.351733333	0.366216667	0.383883333	0.403816667	0.42435	0.444833333	0.471383333	0.5066	0.546983333	0.587683333	0.621633333	0.645	0.6601	0.6696	0.675933333	0.678766667	0.6783	0.6747	0.6689	0.66185	0.65515	0.650283333	0.64525	0.639783333	0.6353	0.631916667	0.62715	0.619816667	0.61105	0.60315	0.594816667	0.58745	0.582	0.578	0.577783333	0.581166667	0.5873	0.592483333	0.591866667	0.580266667	0.558633333	0.530683333	0.501666667	0.475516667	0.451366667	0.4308	0.413183333	0.3989	0.387333333
142	0.2568	0.258216667	0.264316667	0.278266667	0.3011	0.327983333	0.352583333	0.3703	0.383833333	0.394	0.397666667	0.393033333	0.380116667	0.36535	0.3538	0.345466667	0.34125	0.339666667	0.337983333	0.33665	0.337666667	0.342916667	0.3528	0.367083333	0.384283333	0.403466667	0.423133333	0.442583333	0.46775	0.50135	0.540083333	0.5793	0.612333333	0.635216667	0.649916667	0.659316667	0.665583333	0.668483333	0.667983333	0.66415	0.658133333	0.65085	0.6442	0.639533333	0.63475	0.6295	0.625216667	0.621883333	0.617233333	0.61	0.6012	0.5932	0.584866667	0.577416667	0.571933333	0.567633333	0.566766667	0.569216667	0.574183333	0.578283333	0.577333333	0.566216667	0.5459	0.5198	0.49255	0.467533333	0.444633333	0.424816667	0.40805	0.394416667	0.382883333
151	0.217383333	0.218816667	0.225566667	0.240733333	0.264983333	0.293483333	0.320433333	0.340583333	0.356416667	0.3683	0.372833333	0.367683333	0.35285	0.3357	0.322433333	0.313016667	0.30845	0.306766667	0.304683333	0.30245	0.302433333	0.306533333	0.315316667	0.32885	0.346616667	0.367866667	0.39	0.41105	0.436116667	0.4675	0.503966667	0.54315	0.578383333	0.604133333	0.621116667	0.6321	0.639783333	0.643966667	0.645216667	0.643283333	0.638816667	0.63265	0.62685	0.622716667	0.618516667	0.613766667	0.610066667	0.60765	0.603466667	0.59635	0.587483333	0.57925	0.570683333	0.5631	0.5575	0.553483333	0.553416667	0.557183333	0.563866667	0.569566667	0.568733333	0.555833333	0.53245	0.502783333	0.47195	0.4445	0.41915	0.3975	0.379233333	0.364183333	0.352
161	0.246666667	0.247166667	0.252566667	0.265866667	0.288083333	0.314883333	0.340433333	0.359466667	0.3743	0.385466667	0.389583333	0.384166667	0.369133333	0.351883333	0.338533333	0.329016667	0.324133333	0.32215	0.3199	0.31755	0.3176	0.321883333	0.33095	0.344733333	0.36245	0.383266667	0.404916667	0.425833333	0.4516	0.48455	0.52275	0.5628	0.597466667	0.621916667	0.637816667	0.648083333	0.6552	0.658816667	0.659533333	0.65715	0.652333333	0.646	0.639966667	0.635616667	0.63115	0.626183333	0.622283333	0.6196	0.6153	0.608266667	0.599683333	0.591833333	0.583466667	0.57615	0.570683333	0.566716667	0.566833333	0.570766667	0.5778	0.584333333	0.585616667	0.575966667	0.556166667	0.530033333	0.502483333	0.477716667	0.454383333	0.434416667	0.4173	0.403266667	0.3917
171	0.215833333	0.21715	0.223533333	0.238233333	0.261816667	0.28975	0.31635	0.336233333	0.351883333	0.363683333	0.368283333	0.363233333	0.348416667	0.331283333	0.3181	0.308716667	0.30405	0.3023	0.3002	0.2979	0.297833333	0.30185	0.310566667	0.324066667	0.3417	0.362866667	0.385	0.406	0.431133333	0.462733333	0.499733333	0.539566667	0.575483333	0.601766667	0.6191	0.6303	0.638066667	0.642383333	0.643583333	0.6416	0.636966667	0.63065	0.62475	0.620616667	0.616266667	0.611483333	0.607816667	0.6053	0.601033333	0.593866667	0.5849	0.57655	0.567833333	0.5601	0.554383333	0.550233333	0.5501	0.553883333	0.5606	0.5665	0.566166667	0.5538	0.530966667	0.501633333	0.471066667	0.443616667	0.41835	0.396983333	0.3786	0.36345	0.3515
