11	0.177365105	0.179064637	0.184506367	0.197026386	0.218470113	0.243878939	0.268694543	0.286731579	0.301444549	0.312893057	0.316053732	0.311404667	0.295966174	0.278014729	0.26632748	0.258888055	0.254960247	0.253939765	0.251708728	0.249766949	0.24992432	0.253365464	0.261150909	0.274298393	0.291535264	0.312216231	0.332562785	0.351514426	0.373290221	0.400519193	0.435544395	0.476298101	0.512127222	0.539666529	0.558329342	0.570640726	0.577224862	0.580618907	0.581937004	0.580964661	0.577589078	0.571193405	0.565283277	0.559882363	0.556115781	0.553164664	0.549489025	0.545811373	0.541276463	0.535183524	0.527507354	0.518903284	0.510279303	0.502279389	0.496138337	0.494592648	0.495879953	0.49972382	0.506359766	0.509738012	0.501807641	0.481246283	0.452950796	0.423172367	0.395298726	0.37032042	0.347563491	0.328324945	0.312056516	0.298914967	0.287145573
21	0.151754382	0.153036524	0.158745831	0.172434757	0.194487264	0.219975852	0.245307511	0.263547985	0.278069525	0.289662635	0.29286828	0.288511787	0.273526586	0.255266369	0.243429546	0.236178639	0.23209989	0.23127277	0.229376908	0.227671088	0.227697431	0.231099284	0.238908627	0.252032988	0.268689222	0.28948118	0.309791235	0.328948878	0.350844096	0.377207678	0.411001027	0.450568636	0.485896471	0.51354525	0.532457419	0.544364862	0.550275135	0.554070131	0.556306812	0.555575911	0.552157042	0.545488885	0.539722036	0.53446055	0.530293263	0.527721784	0.523709638	0.520486606	0.515866349	0.509815181	0.501938776	0.493439908	0.484915798	0.477160513	0.47184459	0.469834438	0.470901703	0.474974167	0.481407365	0.484732253	0.476895004	0.455950206	0.427965856	0.398507492	0.370219803	0.345503889	0.322995864	0.303978101	0.286722811	0.274171162	0.262532216
22	0.152430982	0.153661561	0.159508882	0.173424845	0.195516307	0.221029951	0.246484956	0.264821575	0.279372103	0.290968676	0.294137282	0.289817391	0.275232858	0.257502671	0.245895812	0.238916391	0.234918235	0.234205243	0.232446295	0.23064172	0.230642723	0.234252359	0.242319391	0.255575232	0.2723009	0.293113062	0.313438224	0.332493548	0.354085667	0.380153014	0.413648897	0.453519376	0.489421569	0.517776102	0.536963084	0.549049365	0.554920033	0.558891314	0.56121689	0.56035532	0.556740271	0.54989193	0.544135297	0.538908564	0.534556178	0.532101816	0.528140815	0.524891062	0.520253491	0.514061922	0.506102586	0.497465751	0.488837626	0.480948791	0.475655305	0.472864347	0.473285389	0.476769595	0.482607491	0.48506839	0.476233712	0.454747177	0.42620939	0.396222978	0.368092806	0.342652723	0.319557779	0.300317992	0.283165334	0.270819457	0.259042395
31	0.179345875	0.18027851	0.18577889	0.199553447	0.221815135	0.247895172	0.273316664	0.291146476	0.305030783	0.31617129	0.319195024	0.314943432	0.30037136	0.282545163	0.270758398	0.26343405	0.258981818	0.258145169	0.256049095	0.254344627	0.25457004	0.25867559	0.267593315	0.281582526	0.298862003	0.31994164	0.340280089	0.35932996	0.381711197	0.409212985	0.44437105	0.485025486	0.520519878	0.547857074	0.566030911	0.577415481	0.582904621	0.586367577	0.588217097	0.586674675	0.582440622	0.575318719	0.569194938	0.563629425	0.558862184	0.556217827	0.551983557	0.548572844	0.543802969	0.53746063	0.529376878	0.520671208	0.512126304	0.504240256	0.498965144	0.496041592	0.496059688	0.499183697	0.504734046	0.507379144	0.499736409	0.480082959	0.453629301	0.425617547	0.398781344	0.374859133	0.352697055	0.333627566	0.317776509	0.305638446	0.294106811
41	0.176504349	0.178202192	0.184574143	0.199799975	0.22361653	0.251177648	0.278013409	0.296992276	0.311505718	0.323056559	0.326257665	0.321908286	0.306943106	0.288682355	0.276654796	0.26920424	0.264781003	0.264193451	0.262475349	0.260701337	0.260938502	0.265238828	0.274470472	0.2885786	0.3061398	0.327566807	0.348444137	0.367736658	0.390082383	0.416788167	0.45065983	0.489886347	0.524467587	0.551459717	0.569434297	0.580914816	0.586512764	0.59026999	0.592526048	0.591431408	0.587741419	0.581211033	0.575398351	0.570058659	0.56520918	0.56264862	0.558664879	0.555517395	0.5508757	0.54462248	0.536694423	0.528170741	0.519944478	0.512214523	0.507246624	0.504368834	0.504324689	0.507397967	0.512411441	0.513427743	0.502611382	0.479194761	0.448745432	0.41700059	0.387746324	0.361578583	0.337682712	0.317911898	0.301415815	0.288417466	0.277037521
42	0.178308563	0.179725155	0.185113797	0.198457266	0.219720018	0.245423961	0.271233216	0.289608612	0.303866266	0.315832834	0.319384183	0.314878633	0.299105561	0.279973163	0.267879697	0.260484555	0.255951656	0.255300618	0.25354063	0.251921027	0.252084089	0.256088187	0.264910876	0.278487724	0.295333775	0.31642267	0.33752189	0.357276513	0.380518336	0.408303787	0.443065484	0.483134627	0.51774275	0.544642767	0.562369348	0.573557101	0.578979581	0.582576023	0.584696593	0.583722553	0.580531612	0.574524696	0.569131786	0.563863177	0.558883878	0.556192922	0.552352015	0.549512822	0.544985732	0.538840924	0.531228982	0.523163047	0.515315242	0.507855807	0.503214081	0.500860855	0.501735345	0.506030382	0.512535592	0.5155956	0.50694991	0.485063635	0.455800402	0.424374525	0.395587623	0.369750775	0.346257719	0.326260152	0.309540178	0.29638866	0.284002301
51	0.203897649	0.206042378	0.212681892	0.228370359	0.253644302	0.282384322	0.308697624	0.326573566	0.339672122	0.349712404	0.351938998	0.347342457	0.333697285	0.3171295	0.306590887	0.299867328	0.295664358	0.295379394	0.294398092	0.294109045	0.296291057	0.302976356	0.315176405	0.331841641	0.35073626	0.371738957	0.391750165	0.411390689	0.437536374	0.472162415	0.515031146	0.559466972	0.594751097	0.620742505	0.637330922	0.647546759	0.651668249	0.653442378	0.652970882	0.648917862	0.642935814	0.634613973	0.62704586	0.620009875	0.613398182	0.609174664	0.60362924	0.599052099	0.593287862	0.586022625	0.577670066	0.568879773	0.560364608	0.552270971	0.54681162	0.54355313	0.543036353	0.545611783	0.549455204	0.549021763	0.537186448	0.513539313	0.483199741	0.451281104	0.421777085	0.395119011	0.370775101	0.350215524	0.333121928	0.320052553	0.307817648
52	0.199021868	0.20129406	0.208264113	0.224944433	0.252000993	0.282621043	0.310791654	0.330113627	0.344422922	0.355371169	0.357839979	0.352809684	0.337714478	0.319545393	0.308112811	0.300773652	0.296226638	0.295859893	0.294893393	0.294543677	0.296826457	0.303932234	0.316806517	0.334582152	0.35479987	0.377305787	0.398871345	0.420141637	0.448464297	0.485671783	0.531191098	0.577461208	0.613718102	0.640085812	0.656729985	0.667059988	0.671309166	0.673098213	0.672490724	0.668232629	0.662328883	0.654046192	0.646291457	0.639178896	0.632171151	0.627525476	0.62180035	0.617145189	0.61114637	0.603601921	0.594820544	0.585760058	0.577038926	0.568665547	0.56299737	0.559671494	0.559480264	0.562485228	0.566882248	0.566686876	0.553384317	0.527321082	0.494258644	0.459426606	0.42755228	0.398892529	0.372835971	0.351016914	0.331806794	0.318609586	0.306647902
61	0.192349593	0.194459572	0.20046038	0.215649198	0.240458384	0.269616214	0.296007284	0.313218062	0.326308878	0.337076629	0.340366092	0.336180647	0.322380851	0.305578801	0.294430742	0.287246379	0.282885282	0.281905016	0.280998066	0.281022284	0.28358302	0.290722144	0.303363205	0.32060891	0.340071384	0.361506934	0.381811352	0.402605197	0.431061116	0.469614848	0.517083267	0.565203598	0.602237107	0.62905534	0.646229309	0.656677336	0.660993906	0.66224639	0.660095858	0.654194868	0.647820992	0.639136396	0.630531565	0.623325744	0.615705796	0.610016705	0.603999483	0.599482678	0.593029095	0.585017319	0.575962824	0.566156353	0.557105209	0.548735266	0.54225544	0.538438466	0.537634322	0.540555495	0.545556403	0.546066037	0.535257723	0.512442185	0.482003536	0.449965775	0.419869555	0.39272033	0.368147578	0.347035106	0.329614931	0.315747087	0.303285037
62	0.189922808	0.192356608	0.198682465	0.214562654	0.240488779	0.270653017	0.29795111	0.315662309	0.329070792	0.340340396	0.344115375	0.339936913	0.325389956	0.308132295	0.296315655	0.288817713	0.284552901	0.283460708	0.282480694	0.282505582	0.285331459	0.292586307	0.305225308	0.322714603	0.342517385	0.364199367	0.38466667	0.405650365	0.434055338	0.471986515	0.518235122	0.564951029	0.600978515	0.627020645	0.643694082	0.653842665	0.658126946	0.659400041	0.657133077	0.651200549	0.645139769	0.636863096	0.62872158	0.621946963	0.614654942	0.609086663	0.603456288	0.599359217	0.593177257	0.585259509	0.576302725	0.566431501	0.557587572	0.549446005	0.542922209	0.539250297	0.5384035	0.541365731	0.546372431	0.546651681	0.534964261	0.511096031	0.480027923	0.446611809	0.41576381	0.38835187	0.363121021	0.341610004	0.324640011	0.310606921	0.298051628
71	0.174444384	0.17665666	0.183046785	0.199039735	0.2246937	0.254748976	0.283468714	0.303049683	0.3183078	0.330577906	0.334188436	0.32882591	0.31176431	0.292155919	0.278687776	0.270241103	0.265603437	0.264560332	0.263062178	0.262205765	0.263885835	0.269961633	0.28121252	0.297837448	0.317805077	0.340718894	0.362804236	0.384881347	0.412822361	0.448503276	0.492220705	0.538804427	0.576229812	0.604245762	0.622343917	0.633467729	0.638530312	0.640676494	0.639531869	0.635179478	0.630621596	0.623633432	0.616394295	0.610270846	0.603437813	0.598331753	0.593378792	0.590157094	0.584424601	0.576779167	0.568200638	0.558616386	0.550068326	0.542249533	0.536043158	0.533013531	0.53351822	0.53801148	0.544945006	0.546001852	0.533668848	0.507925194	0.474248157	0.439358888	0.406089389	0.377403109	0.351318039	0.32942561	0.31063578	0.296439316	0.283967521
72	0.171976428	0.174014073	0.180394907	0.196133441	0.221265523	0.250380083	0.278205724	0.297183909	0.311683757	0.323278165	0.326541536	0.321552102	0.30559975	0.287056675	0.274256245	0.266138693	0.261756552	0.260763312	0.25920994	0.258247145	0.259834863	0.265654823	0.276415816	0.292497262	0.311776813	0.333844342	0.355025571	0.376034341	0.402495949	0.436304439	0.478140969	0.522968015	0.559480205	0.587057838	0.605067602	0.616199103	0.621486611	0.623702097	0.622661365	0.618412647	0.61389279	0.607049275	0.599997354	0.594009077	0.587368155	0.582418675	0.577690148	0.574593907	0.569037716	0.561607064	0.552938269	0.543492451	0.534948705	0.52717834	0.520864199	0.517772901	0.51797328	0.52211975	0.52872904	0.529754909	0.518212338	0.493924882	0.462013712	0.428237393	0.397312418	0.36926956	0.344308861	0.323219632	0.304756471	0.291666651	0.279385598
81	0.190463892	0.192460232	0.198132999	0.212438754	0.23534628	0.26104762	0.285042113	0.301363936	0.313573783	0.322952708	0.325259177	0.320803147	0.307656768	0.292669186	0.282121053	0.275425912	0.271799834	0.271043866	0.269989581	0.269678009	0.271817187	0.277920247	0.288542656	0.303677021	0.321256428	0.340795036	0.359109014	0.377960842	0.403423735	0.437487815	0.479544121	0.522577447	0.55573073	0.579967495	0.595627508	0.605196742	0.60915236	0.610301503	0.608291888	0.603126951	0.597879609	0.590648414	0.583319095	0.577053912	0.570267044	0.565206249	0.560036228	0.55666569	0.550978347	0.543644494	0.535403631	0.526344455	0.518368196	0.511023206	0.504894998	0.50156173	0.501101373	0.504419184	0.509827842	0.510379613	0.500658846	0.480485019	0.454182598	0.425166092	0.398204065	0.373934425	0.35143459	0.332045655	0.316322277	0.304046511	0.292897032
82	0.202625033	0.205026632	0.211371625	0.227290494	0.253019123	0.282011007	0.308810992	0.326990465	0.340682777	0.351496936	0.354653812	0.350094116	0.335351597	0.318427786	0.306352727	0.298803874	0.294814859	0.293900662	0.292651377	0.292392076	0.294881807	0.301597296	0.313271365	0.329889115	0.349167855	0.37027143	0.390323726	0.410902821	0.438393198	0.474615595	0.518774626	0.563636263	0.597785819	0.62270917	0.638744356	0.648604339	0.652870012	0.654344174	0.652311405	0.647116076	0.641874908	0.634507151	0.627033399	0.620712324	0.613786834	0.608512985	0.603294432	0.599751734	0.593820406	0.586217555	0.577536006	0.56809232	0.559743298	0.5520661	0.545598639	0.542165624	0.541691033	0.544988268	0.550507394	0.550453355	0.538204537	0.514106936	0.483254704	0.450168649	0.41983549	0.392648799	0.368029569	0.346391407	0.330159065	0.316397537	0.30389739
91	0.228279603	0.230144129	0.235697921	0.250206672	0.274334478	0.300774356	0.323932539	0.339635217	0.350741115	0.359090664	0.360731036	0.355944859	0.343054359	0.329361703	0.318917625	0.31249957	0.30940429	0.308529924	0.307582568	0.308190076	0.311667972	0.31913465	0.330757666	0.347299419	0.365481506	0.384277887	0.401999804	0.421365666	0.449587741	0.487372661	0.53272026	0.57594625	0.606761148	0.628759618	0.643053475	0.651794287	0.654834661	0.654900074	0.651463249	0.645156173	0.638740815	0.630906133	0.622793684	0.615624911	0.608296555	0.602767134	0.597468325	0.593378478	0.587094515	0.579280191	0.570760848	0.562099711	0.554364122	0.547172857	0.54124772	0.538110578	0.537267015	0.53998541	0.544868442	0.546061331	0.537109398	0.518860579	0.494633566	0.467586257	0.442049122	0.419242316	0.397818852	0.37913551	0.36392119	0.351720513	0.339855674
92	0.228376673	0.229716719	0.234409026	0.247066809	0.268126622	0.291156252	0.310968916	0.324152503	0.333134367	0.339949347	0.341145974	0.336745638	0.325803516	0.314152829	0.304998804	0.299250095	0.296400414	0.295439696	0.294287194	0.29472237	0.297758425	0.304303271	0.31472494	0.329433131	0.345491132	0.362094336	0.37749806	0.394503184	0.419681179	0.453773939	0.495311269	0.535447394	0.564454329	0.584974752	0.598276094	0.606410459	0.609004809	0.608899732	0.605230557	0.598745194	0.592268446	0.584486733	0.576460349	0.569570388	0.562551694	0.557408822	0.552265767	0.548359837	0.542347628	0.534821965	0.526593354	0.51830823	0.510877676	0.504026301	0.498285611	0.49522244	0.493964269	0.496075816	0.50064084	0.502345349	0.496427186	0.483017975	0.464491223	0.443169784	0.422823375	0.404600538	0.38662349	0.370859839	0.358530932	0.347296258	0.337020143
101	0.194590154	0.196898816	0.203387558	0.219519481	0.2460452	0.276213974	0.303145617	0.321590397	0.335098353	0.345777433	0.349018731	0.344428377	0.329772075	0.313570115	0.301339353	0.293845428	0.290230511	0.289047976	0.287686048	0.287681737	0.290790849	0.298088967	0.31009817	0.327764067	0.347803399	0.369276349	0.389560532	0.410520156	0.439026495	0.476539947	0.523136024	0.570373971	0.606230777	0.632247678	0.64901952	0.659252315	0.663508181	0.664883993	0.662431137	0.65682364	0.65078764	0.642952282	0.634840542	0.627858962	0.620826477	0.615493313	0.610605954	0.606734524	0.600507547	0.59218493	0.582520485	0.572684584	0.563706248	0.555482659	0.548749266	0.545185357	0.543855106	0.546348482	0.550996959	0.550177984	0.536825367	0.511561955	0.479027496	0.444820942	0.413844823	0.385646768	0.360429247	0.339181997	0.321458154	0.307943596	0.295404461
102	0.203492701	0.205887802	0.212752799	0.229724436	0.25812466	0.290271621	0.319232849	0.339088157	0.35373888	0.365268913	0.368775658	0.363661057	0.347602614	0.329827485	0.316693307	0.308673713	0.304809657	0.303683051	0.302263754	0.302335633	0.305745352	0.313625245	0.326511044	0.345302809	0.366861068	0.389730638	0.411433362	0.434015457	0.464720944	0.504969085	0.553826217	0.602605971	0.638994552	0.664948575	0.681551168	0.691756535	0.695956366	0.69719459	0.694675357	0.68917756	0.683171919	0.675591722	0.667410333	0.660315575	0.652946128	0.647561479	0.642409177	0.63840839	0.632030605	0.623707263	0.614000728	0.60431006	0.595372659	0.587265135	0.580587924	0.57715035	0.576207916	0.579246997	0.584426769	0.583735029	0.568943468	0.541339219	0.506362861	0.469345921	0.435641962	0.40593332	0.378494008	0.356650661	0.337330658	0.323537924	0.309836928
111	0.258066756	0.260810532	0.267717857	0.284604676	0.312520243	0.341487563	0.364046242	0.377918723	0.387333978	0.395122906	0.39700346	0.392510684	0.380241315	0.366914536	0.356784982	0.350467921	0.347475569	0.346581092	0.34625987	0.348196109	0.353368188	0.362608371	0.375966573	0.393582274	0.411696017	0.429409259	0.445929942	0.465168424	0.494600201	0.532477989	0.574634947	0.611234965	0.635089186	0.651788823	0.662463232	0.669014547	0.67057668	0.669545474	0.665177451	0.658490189	0.651930934	0.644425384	0.636469331	0.629439767	0.622303989	0.61676596	0.611523965	0.607220752	0.601162313	0.593855997	0.58593012	0.578310996	0.571443313	0.565329945	0.560501425	0.558096193	0.557213742	0.559219789	0.563232493	0.563729401	0.554634504	0.536340967	0.512217902	0.485598381	0.460546936	0.437978673	0.417461921	0.399713963	0.384642349	0.372239691	0.36075514
112	0.255702298	0.258171618	0.264710301	0.28056383	0.307226507	0.334851032	0.356355529	0.369595543	0.378375884	0.385955418	0.387703053	0.383432307	0.371466192	0.358485682	0.348632445	0.342578029	0.339663493	0.33871539	0.338433085	0.340251063	0.345260647	0.35417773	0.367188099	0.384183019	0.401686815	0.41889327	0.434821904	0.453764386	0.48274757	0.520045164	0.561658116	0.598012851	0.621798485	0.638546643	0.649167077	0.655582003	0.657104627	0.655863521	0.651388923	0.644708801	0.63805481	0.630626945	0.622546481	0.615441267	0.608126679	0.602703492	0.597520634	0.593239882	0.587062166	0.579719994	0.571954674	0.56447358	0.557640892	0.551507704	0.546838488	0.544371943	0.543309134	0.545272983	0.549242801	0.549812106	0.541429111	0.524312535	0.501394771	0.476333987	0.452402803	0.431229227	0.411328346	0.394134813	0.380112907	0.368543804	0.357053659
121	0.234596507	0.236971569	0.243813958	0.260898951	0.289400592	0.320753537	0.346850914	0.363502638	0.375008921	0.385099881	0.388089513	0.383422243	0.36864479	0.352198385	0.340211498	0.332527469	0.328815984	0.327551532	0.326498638	0.327549824	0.331971172	0.340758637	0.354464526	0.372916544	0.392927417	0.4135192	0.4328512	0.454389052	0.485338876	0.525905861	0.572812942	0.616290894	0.646486169	0.667947456	0.681340141	0.689356952	0.692282583	0.692291292	0.688416451	0.682208453	0.675503013	0.667747446	0.659287783	0.651793313	0.644196276	0.638505302	0.633271996	0.628578527	0.622052538	0.61394208	0.604505802	0.595640902	0.587141529	0.579517971	0.573705543	0.570772882	0.569620014	0.571877833	0.576235228	0.577171869	0.566703369	0.544884032	0.516421344	0.485081335	0.456544532	0.431421452	0.407487444	0.38746139	0.371257414	0.358032076	0.34515692
122	0.226799568	0.22965465	0.237254607	0.255644589	0.28625013	0.31946118	0.346975963	0.364640445	0.376873875	0.387437252	0.390575099	0.385891622	0.370913857	0.354228786	0.342088081	0.334378605	0.330617138	0.329597015	0.328764227	0.330023338	0.334896695	0.34443151	0.359145986	0.378696961	0.399702881	0.421310295	0.441659125	0.464148347	0.496086247	0.538036568	0.586084641	0.630355659	0.661155752	0.683204665	0.696952143	0.705030921	0.708062691	0.708015928	0.70423145	0.698038468	0.691198794	0.683385983	0.67467766	0.666984043	0.659335188	0.653532794	0.648178484	0.643389101	0.636719784	0.628593971	0.619099146	0.610080414	0.60139002	0.593536189	0.587474096	0.584347519	0.582931723	0.584843082	0.588741413	0.588544465	0.576351985	0.551963657	0.520761216	0.487463359	0.45714148	0.430083273	0.404741017	0.382826777	0.366132737	0.352179227	0.33870415
131	0.162005782	0.164395735	0.171360909	0.188141565	0.215669106	0.24707415	0.275294431	0.294586038	0.308687923	0.320767413	0.324756114	0.32029089	0.304213069	0.285991668	0.272997143	0.264957636	0.261152035	0.259995853	0.258540066	0.258482981	0.261452353	0.268632189	0.280828841	0.298522804	0.31893863	0.341245035	0.362646472	0.384908985	0.414421102	0.452604494	0.499269701	0.546903905	0.58312539	0.609749119	0.626626454	0.636970226	0.64141607	0.642682457	0.640233744	0.635099637	0.629263263	0.621856839	0.613938293	0.607029618	0.600149127	0.595076028	0.59063397	0.586748751	0.580624759	0.57254627	0.562993029	0.553391618	0.544320523	0.536340016	0.52993785	0.527066942	0.52641816	0.529329959	0.534625236	0.535331977	0.522576148	0.49671065	0.463213881	0.428158339	0.395177832	0.366776143	0.340055788	0.318220003	0.300058832	0.285578828	0.272212478
132	0.154687713	0.157099174	0.164161364	0.180733331	0.207922731	0.237878289	0.26457241	0.282916757	0.296192421	0.307190229	0.310631467	0.306295324	0.291816965	0.27548149	0.263566889	0.256186933	0.252836277	0.251979696	0.250710276	0.250876495	0.253953514	0.261070491	0.272774547	0.289888777	0.309490391	0.330713711	0.350904067	0.371829787	0.399848661	0.436253655	0.481267551	0.527547198	0.562939864	0.589226971	0.606022225	0.616323378	0.620807928	0.622264337	0.619966496	0.614956607	0.609283402	0.602102394	0.594185782	0.587382845	0.580669653	0.575610248	0.57127295	0.567620074	0.561600028	0.553577674	0.544095634	0.534783547	0.525987419	0.518098246	0.511858605	0.508767693	0.507700098	0.510242028	0.515070034	0.515117492	0.502351741	0.47738465	0.445632723	0.411316686	0.380138021	0.352458938	0.326891422	0.305290943	0.287778264	0.273701819	0.2606645
141	0.206173638	0.207591523	0.212679219	0.225944057	0.247567731	0.272408432	0.295831182	0.312291391	0.324468206	0.334219692	0.337056978	0.332499051	0.318391213	0.302800554	0.291048774	0.283902012	0.280560964	0.279408788	0.277742643	0.276848309	0.278473563	0.283410449	0.292233523	0.30609797	0.322704634	0.341413987	0.359674259	0.377771665	0.400868346	0.429694008	0.465915271	0.504944032	0.536183187	0.55971017	0.575368806	0.585260788	0.589681939	0.592015056	0.591128129	0.587415109	0.583380966	0.57769723	0.57153685	0.56624452	0.56069861	0.556769796	0.553178543	0.550645254	0.545674387	0.538739383	0.530577204	0.522221355	0.51468272	0.50781002	0.502131936	0.499580056	0.499271227	0.502616602	0.508561336	0.51096105	0.503162107	0.485268491	0.460601377	0.433716916	0.40810979	0.385840083	0.365036023	0.347887846	0.332027697	0.320959411	0.310060146
142	0.204804091	0.206302955	0.211411023	0.224728817	0.246425415	0.271076437	0.294246802	0.310533914	0.322646845	0.332271729	0.335240905	0.33090953	0.317151206	0.30191153	0.29034419	0.283288996	0.28006368	0.27896958	0.277298003	0.276471613	0.278106367	0.283110442	0.291919329	0.305698524	0.322202932	0.340750013	0.35866389	0.376634488	0.399462282	0.428057914	0.464166322	0.503303895	0.534952815	0.558937383	0.574862694	0.584892405	0.589428323	0.591892547	0.59089307	0.587094385	0.582863207	0.576984886	0.570639046	0.56527326	0.559779662	0.555962119	0.552328855	0.549756787	0.544637239	0.537608314	0.529231342	0.520656857	0.512904679	0.505934694	0.500107411	0.497434358	0.496885773	0.500019096	0.505883146	0.507877376	0.500209122	0.482764473	0.458699075	0.432330661	0.407114183	0.384970177	0.36446316	0.346472699	0.33156526	0.319890335	0.308905893
151	0.157698784	0.159325583	0.165060595	0.179420158	0.201974817	0.227991807	0.253877123	0.272643723	0.287352863	0.299256549	0.302847059	0.298083402	0.282345368	0.264295767	0.251468158	0.243523751	0.239627338	0.238609429	0.2366688	0.234968304	0.235359684	0.239257773	0.24733869	0.260669231	0.277869768	0.298798416	0.319604337	0.339436188	0.362185789	0.389196951	0.423613377	0.463721086	0.498710176	0.52638783	0.54498851	0.556826345	0.562869136	0.566698012	0.567479225	0.565377261	0.56274912	0.557657123	0.552183089	0.547697673	0.542562553	0.538980244	0.53560732	0.533922936	0.529416025	0.522757308	0.514518957	0.505329711	0.497207205	0.489888325	0.483941955	0.481114639	0.481555046	0.4861482	0.493531707	0.496581871	0.487900054	0.467334649	0.439281008	0.40882466	0.380006815	0.355034055	0.332201717	0.311446746	0.295474665	0.282126975	0.270144238
161	0.189045058	0.189925077	0.194568984	0.20753656	0.228685153	0.253198084	0.277430095	0.294508167	0.307743696	0.318187853	0.321146728	0.316372643	0.301296086	0.284169331	0.271600217	0.263842761	0.259748671	0.258542989	0.256451157	0.254817417	0.255346196	0.259517323	0.267756139	0.281198334	0.298112434	0.318168204	0.337780011	0.356683537	0.379112171	0.406417649	0.441206218	0.480384819	0.513649983	0.539196885	0.556412098	0.567352948	0.57283838	0.576010819	0.576254256	0.573627297	0.570585948	0.565234246	0.559641662	0.554983853	0.549757327	0.546042871	0.542596148	0.540610987	0.536165492	0.529549906	0.521472219	0.512749559	0.505065637	0.497939058	0.49219517	0.489369505	0.489488596	0.493748359	0.500875513	0.504407372	0.497953282	0.481316163	0.45796796	0.432025194	0.407211277	0.385265998	0.364331766	0.346354465	0.331318071	0.320005861	0.308829507
171	0.179621314	0.18109553	0.186668294	0.200836228	0.223127003	0.24856266	0.273680063	0.291627215	0.305549234	0.316557862	0.319732914	0.315138996	0.30021569	0.283138251	0.270592777	0.262793353	0.258979578	0.257882374	0.255871782	0.254112702	0.254474081	0.258249322	0.266132148	0.279226468	0.296037631	0.316392228	0.336563365	0.355554926	0.377314284	0.403393371	0.437002303	0.476164552	0.510552616	0.537818728	0.556266253	0.568123228	0.574305539	0.578163708	0.578972256	0.576764015	0.573774331	0.568559922	0.562991953	0.558378241	0.553200729	0.549694768	0.546384744	0.544606084	0.540171509	0.533363763	0.524891228	0.515628225	0.507436402	0.499924221	0.493881732	0.49092877	0.490874339	0.495035579	0.501957289	0.504923532	0.496781871	0.477769636	0.451617471	0.423818595	0.396606977	0.372794409	0.350912726	0.331208867	0.316059584	0.30312496	0.291496936
