1	0.225024187	0.225410654	0.229028028	0.239158084	0.25890423	0.283519518	0.306862515	0.324118809	0.336770702	0.347281019	0.352168161	0.350382302	0.33851111	0.321925494	0.308776167	0.299398669	0.293827943	0.291248166	0.289159312	0.286849717	0.286798248	0.289896239	0.297215067	0.310029493	0.327600253	0.348429943	0.369774305	0.388473609	0.409583343	0.437682025	0.473444325	0.51296616	0.546886938	0.570641636	0.583947899	0.590257739	0.593184862	0.594072159	0.592212472	0.588080863	0.581884262	0.574391506	0.566528447	0.559840076	0.553656516	0.5480911	0.54382017	0.539756774	0.534741251	0.528223503	0.519386346	0.51017871	0.501704078	0.494687434	0.489100542	0.485393648	0.485031231	0.487999718	0.493240653	0.497075184	0.495240463	0.485280806	0.467917471	0.447349558	0.425760789	0.40498353	0.386123523	0.369280379	0.354429755	0.341750942	0.331035553
4	0.205531	0.205745486	0.209127402	0.219424167	0.239247681	0.264405878	0.288886023	0.307260571	0.320700321	0.331661673	0.336710736	0.334667016	0.322358532	0.305092887	0.291615115	0.28228245	0.276836978	0.274325286	0.272204367	0.269794728	0.269522944	0.272584899	0.279959911	0.292700825	0.31018922	0.330785174	0.351876238	0.370621074	0.391547674	0.419185029	0.454891639	0.495325175	0.530941833	0.55731845	0.573298882	0.581953535	0.587033011	0.589021868	0.587871985	0.584501411	0.578470975	0.57096545	0.563406224	0.557128142	0.551312718	0.545707861	0.54142416	0.53769003	0.532961396	0.526012431	0.516622388	0.506919335	0.497928116	0.490369317	0.484117208	0.479799957	0.478888786	0.482036458	0.487041875	0.490001935	0.487014041	0.475412673	0.456546253	0.435438777	0.412901291	0.390867246	0.370847456	0.352848528	0.337031284	0.324101636	0.313262239
7	0.204981372	0.205179192	0.208545638	0.218514173	0.238269754	0.263256816	0.287714231	0.306212224	0.319812678	0.330882422	0.336010081	0.333957902	0.32163893	0.304226452	0.290829235	0.281533049	0.276104575	0.273589623	0.27149203	0.269031887	0.26855442	0.271527067	0.278695727	0.291206373	0.308465593	0.328843468	0.349732406	0.368308351	0.388866742	0.415707755	0.450449045	0.490211522	0.525708233	0.552414997	0.569024482	0.578256172	0.583841415	0.586232747	0.585431382	0.582412978	0.576680944	0.56934957	0.562118698	0.556049484	0.550375094	0.54488973	0.540799973	0.537323829	0.532730241	0.525745861	0.516354834	0.506671505	0.497655031	0.489972409	0.483593525	0.479236604	0.478306181	0.481328288	0.486225983	0.489097377	0.485923946	0.474368095	0.455668641	0.434371174	0.411699705	0.38994201	0.370403509	0.351989328	0.336279334	0.323365931	0.312489541
10	0.205609387	0.205696388	0.208945173	0.218782052	0.238194294	0.262912361	0.28739473	0.306076671	0.319725318	0.330739281	0.335908238	0.334012388	0.321760207	0.304354085	0.290944984	0.281722351	0.276329511	0.273766744	0.271645647	0.269241653	0.268701154	0.271442072	0.278415703	0.290652523	0.307598413	0.327682054	0.348309547	0.366522904	0.386622123	0.412587355	0.446155866	0.485156068	0.520599657	0.547545886	0.564825174	0.574563044	0.580612301	0.583434616	0.583022291	0.580420989	0.574957065	0.567710919	0.560611887	0.55475893	0.549294818	0.544137726	0.540309507	0.536874858	0.532464271	0.525592503	0.516304575	0.506603377	0.497514411	0.489830111	0.483304024	0.478803007	0.477900255	0.480890131	0.485540054	0.488203509	0.484909075	0.473397863	0.455070895	0.433838685	0.411310033	0.389583093	0.370293007	0.351826389	0.336395117	0.32326043	0.312329705
13	0.206912605	0.20697375	0.21032975	0.220140655	0.239540259	0.264268069	0.288673809	0.307195422	0.320806896	0.331841755	0.33704385	0.335225375	0.322935548	0.305474538	0.292005471	0.282686823	0.277317148	0.274761404	0.272687088	0.270329741	0.269637373	0.272267891	0.279095832	0.291273922	0.308207704	0.328422213	0.349085623	0.367237664	0.387337887	0.413120421	0.44610704	0.484550258	0.519829124	0.546536545	0.563523914	0.572941261	0.578833721	0.58164439	0.581285467	0.578800185	0.573538573	0.566377177	0.559356601	0.553601831	0.548130374	0.543081306	0.539435636	0.536043183	0.531582772	0.524636441	0.515561564	0.506047738	0.496916361	0.489244065	0.482705217	0.478304083	0.477728378	0.480685837	0.485357713	0.488193745	0.485011233	0.473814669	0.455705778	0.434702726	0.412349029	0.39103215	0.371058806	0.352945212	0.337837912	0.32487611	0.313710845
16	0.205633547	0.205627851	0.208799192	0.218434512	0.237448826	0.261736478	0.286103874	0.305014177	0.31891567	0.329964671	0.335147677	0.333323317	0.321181845	0.303853791	0.290484181	0.281277956	0.275972221	0.273461594	0.271250511	0.268800141	0.268048336	0.270558208	0.277128042	0.28887547	0.30528933	0.325055381	0.345394465	0.363161133	0.382556377	0.407390781	0.439485564	0.477409988	0.512969019	0.540563731	0.55894157	0.569709345	0.576556387	0.580231772	0.580531795	0.578368621	0.573338073	0.566477666	0.55971164	0.554167137	0.548827593	0.54398242	0.540502402	0.537209138	0.532860418	0.526110627	0.516999262	0.507382888	0.498125934	0.490281654	0.483484334	0.47892804	0.478108779	0.480777123	0.485136663	0.487757936	0.484273406	0.472697337	0.454094111	0.433298796	0.410771288	0.38895706	0.369482027	0.350955973	0.335798315	0.323038381	0.312079564
19	0.206812812	0.206670211	0.209701228	0.21912448	0.23772136	0.261686032	0.286158214	0.305379138	0.31952522	0.330765871	0.336037661	0.334256228	0.322116112	0.304786631	0.291551564	0.282471537	0.277208434	0.274640285	0.272440847	0.269954316	0.269057733	0.271383821	0.277714156	0.289092633	0.304985699	0.324303204	0.3442924	0.361751334	0.380518794	0.404140749	0.434763008	0.472014503	0.507806674	0.536719574	0.556832418	0.569099384	0.577136729	0.581746842	0.582924099	0.581473676	0.576814847	0.570110815	0.56349758	0.558119281	0.553068729	0.54838535	0.545047861	0.541881036	0.537691677	0.531037581	0.521840433	0.512047033	0.502641522	0.494686253	0.487755996	0.482948982	0.481821388	0.484174353	0.488168972	0.490276663	0.486420648	0.474828147	0.456297666	0.435230958	0.412732146	0.390744651	0.371071402	0.352730994	0.337059105	0.324258512	0.314143112
2	0.256616213	0.258187596	0.262989652	0.274759076	0.296848863	0.323562758	0.347828074	0.365013046	0.377128579	0.386896872	0.391031781	0.388956313	0.377740921	0.362237617	0.350121674	0.341522818	0.336519898	0.334416924	0.333117074	0.33184327	0.332944028	0.337518735	0.346473944	0.36063548	0.378891599	0.399359022	0.419806787	0.438500977	0.46143896	0.493270961	0.533175014	0.574113947	0.60688177	0.628789062	0.640457194	0.645600892	0.647335911	0.646440499	0.642494132	0.636211459	0.628277167	0.619436217	0.610569116	0.603128466	0.596257773	0.589982455	0.584998209	0.580296065	0.574748062	0.568079047	0.559402622	0.550448794	0.542197302	0.535322389	0.530024939	0.526296401	0.525457576	0.527699433	0.531521891	0.532870155	0.527656826	0.513958833	0.493103988	0.470221935	0.446850581	0.423490257	0.402090386	0.383367465	0.368210767	0.355466835	0.345188769
5	0.232666707	0.234072801	0.238671501	0.250399245	0.272648489	0.300126187	0.32564987	0.344170137	0.357269002	0.367641444	0.372097932	0.369774722	0.358008081	0.341833944	0.329391716	0.320784457	0.315880284	0.313823429	0.312426499	0.311079756	0.312034517	0.316614669	0.325623343	0.33985833	0.358204209	0.378564999	0.398789795	0.417581319	0.440418347	0.47183036	0.511550365	0.553171121	0.587381316	0.611552512	0.625638104	0.63284162	0.63650015	0.636686316	0.633448522	0.627980718	0.620273939	0.611423988	0.60290705	0.595666524	0.589016038	0.582673753	0.577589197	0.573116518	0.567781258	0.560676179	0.551549766	0.542045839	0.533208693	0.525916208	0.519934082	0.515580386	0.514430016	0.516719819	0.520444735	0.521152351	0.514869072	0.499953593	0.478217177	0.454187242	0.429427483	0.405730105	0.384195574	0.365127209	0.348422626	0.334771607	0.323787471
8	0.226631971	0.22792695	0.232424833	0.244042898	0.266137826	0.293441178	0.319141834	0.337795041	0.351155695	0.361647881	0.366203676	0.363899768	0.352072165	0.335745064	0.323315254	0.314774202	0.30988927	0.30779357	0.306382188	0.304985024	0.305742821	0.310192307	0.319096788	0.333207021	0.351318406	0.371484119	0.391567867	0.410142081	0.432516571	0.463161965	0.501972755	0.543067108	0.577423728	0.602058619	0.616674022	0.624304068	0.628482834	0.629096598	0.626294113	0.621336003	0.61390259	0.605268467	0.596973384	0.590000506	0.583436149	0.577191342	0.572272329	0.567963512	0.562803948	0.555669455	0.546515082	0.537066087	0.528142782	0.52064445	0.514445678	0.510045959	0.508833607	0.511239957	0.514915457	0.515613546	0.509312385	0.494167576	0.4724631	0.448669554	0.423529489	0.399285501	0.37743974	0.357551314	0.341983555	0.328634857	0.316879333
11	0.215862563	0.217038061	0.221487919	0.232998729	0.25510401	0.282536154	0.308587112	0.327791785	0.34152628	0.35218485	0.356888556	0.354676303	0.34275302	0.326159979	0.313469548	0.304828797	0.29986697	0.297795433	0.296417477	0.294980582	0.295570237	0.299830459	0.308579648	0.322520296	0.340586521	0.360751229	0.380808528	0.399240097	0.421322018	0.451182656	0.488971999	0.529623597	0.564353106	0.589639906	0.605265128	0.613654357	0.618438674	0.619701352	0.617533722	0.613065977	0.606021476	0.597475108	0.589366525	0.582648569	0.576383005	0.570371268	0.565674234	0.561457966	0.556420432	0.54932632	0.540016418	0.530377372	0.521383237	0.513707897	0.507303535	0.502851045	0.501724227	0.504130774	0.507719034	0.508329414	0.501795182	0.486311064	0.463955992	0.439687262	0.414479227	0.390491012	0.36899956	0.349391281	0.332792527	0.319408782	0.308243509
14	0.217374463	0.218541456	0.222995646	0.234371841	0.256195955	0.283419847	0.309473999	0.328836969	0.342643742	0.353412035	0.358130707	0.356016289	0.344080203	0.327449163	0.314785405	0.306105855	0.301243637	0.29906835	0.29763248	0.296232293	0.296730331	0.300737238	0.3091473	0.322840853	0.34063049	0.360724059	0.380681753	0.39892186	0.420666261	0.449826191	0.486682784	0.526648788	0.561449137	0.587107606	0.603199222	0.611899856	0.617043438	0.618666115	0.616758088	0.612540341	0.60571161	0.597408843	0.58949365	0.582893506	0.576657092	0.570872434	0.566424435	0.56228498	0.557341871	0.550289003	0.541145703	0.531661936	0.52262543	0.514993055	0.508514402	0.503990693	0.502990587	0.505335684	0.508806608	0.509357263	0.502760302	0.487185684	0.464999634	0.440738698	0.415680744	0.39143405	0.369266617	0.350090504	0.333669689	0.320152671	0.308928646
17	0.211336315	0.212367363	0.216688152	0.227966321	0.249552667	0.276624756	0.302914659	0.322776116	0.336999948	0.348020829	0.35295716	0.350881008	0.338799423	0.322041554	0.309332905	0.300609107	0.29566659	0.293501731	0.291990661	0.290442605	0.290842096	0.294791795	0.302989864	0.316331424	0.333855706	0.353735502	0.373706432	0.391644681	0.412778373	0.441034277	0.476881812	0.516549868	0.551821023	0.578491317	0.595740524	0.605558352	0.611523337	0.613944102	0.612782337	0.609057054	0.602620625	0.594553982	0.586795355	0.58038913	0.574255777	0.568630054	0.564292258	0.560184997	0.555335341	0.548318339	0.539136131	0.529549601	0.520248707	0.512417263	0.505751816	0.501139554	0.500025155	0.502125065	0.505391163	0.505901629	0.499021484	0.483189877	0.460788328	0.436301744	0.410850207	0.38634845	0.363952032	0.344527462	0.328088144	0.314670443	0.303488622
20	0.213060458	0.213925637	0.218064551	0.229010463	0.250045797	0.27662003	0.302888383	0.323099614	0.337643234	0.348748702	0.353678276	0.3516529	0.339732681	0.32316937	0.31060362	0.3020939	0.297263572	0.295063545	0.293380092	0.291764936	0.29199589	0.295724142	0.303631029	0.316498233	0.333416929	0.352728157	0.37215743	0.389674067	0.409939882	0.436894851	0.471415397	0.51053589	0.546284572	0.574250484	0.593133656	0.60450888	0.611544222	0.614938125	0.614538889	0.611276573	0.605082487	0.597179189	0.589533055	0.583289247	0.577438567	0.57190507	0.567745489	0.563783583	0.558966944	0.552057901	0.542830997	0.533069804	0.523740364	0.515749253	0.508922263	0.504130485	0.502679804	0.504455445	0.507391317	0.507462268	0.500227869	0.484438347	0.462045082	0.437778399	0.412322981	0.387856076	0.365667499	0.346190083	0.329595517	0.316640925	0.304708172
3	0.187988608	0.18930207	0.194255403	0.206518196	0.229257085	0.256678997	0.28232362	0.301394499	0.315334989	0.326580321	0.331727844	0.330019444	0.318303868	0.301864878	0.288845495	0.279660145	0.274430103	0.272286137	0.270626777	0.26859101	0.268767885	0.272267336	0.280154536	0.293609057	0.311861489	0.333213374	0.35499872	0.373914015	0.395183414	0.423617934	0.460239613	0.50124638	0.536980319	0.562606957	0.577329384	0.584531218	0.587943477	0.588866293	0.586784655	0.582353488	0.575709979	0.567733962	0.559519268	0.552660921	0.546396083	0.540731571	0.536380584	0.532232829	0.527078996	0.520332266	0.511248277	0.501766518	0.493000911	0.485789177	0.480062131	0.47602334	0.475239555	0.477868675	0.482351635	0.484097351	0.478411302	0.463520459	0.440874032	0.415956889	0.390667214	0.365578186	0.343424973	0.323641647	0.307161074	0.293746403	0.282302612
6	0.173131554	0.174215602	0.178888549	0.191051181	0.213824079	0.241478661	0.267935549	0.287981767	0.302670728	0.314410055	0.319761154	0.31787054	0.305892528	0.288984034	0.275889474	0.266901621	0.261868448	0.25987012	0.258094527	0.2559509	0.255887855	0.259271979	0.267006419	0.280144666	0.29810939	0.319151869	0.340457418	0.359121915	0.379755616	0.406964793	0.442457692	0.48314109	0.519759456	0.547443177	0.564498418	0.573771242	0.579175463	0.581221389	0.579906841	0.576267091	0.569928762	0.562123712	0.554444029	0.548018997	0.54209774	0.536488423	0.532252682	0.528549727	0.523775529	0.516691699	0.507258961	0.497452008	0.488309052	0.480601278	0.474245841	0.469757497	0.46868217	0.471358336	0.475420002	0.476437609	0.469884809	0.453796449	0.430800605	0.405685275	0.379211344	0.353481496	0.330549913	0.310757191	0.294301988	0.280642686	0.269354516
9	0.173442918	0.174550592	0.179234336	0.191256148	0.213752765	0.241276324	0.267770219	0.287948841	0.30282386	0.31453533	0.319921751	0.318111768	0.306091845	0.289148234	0.276091653	0.26713389	0.262074402	0.260056806	0.258353514	0.256190528	0.256001697	0.259294158	0.266858459	0.279731883	0.297481462	0.318287407	0.339374736	0.357834678	0.378094657	0.404619642	0.439184281	0.479150229	0.515601403	0.543492524	0.56102686	0.570662646	0.57643236	0.578833558	0.577889826	0.574619962	0.568533326	0.560883586	0.553386368	0.54712127	0.541384834	0.535863851	0.531819361	0.528375394	0.523799056	0.516725164	0.507262771	0.497432257	0.488307317	0.480513975	0.474015947	0.469508438	0.468394749	0.47110187	0.475133454	0.475963551	0.46927302	0.453398547	0.430462271	0.405212742	0.378992785	0.353653945	0.330944257	0.311183772	0.294134157	0.280807579	0.269519074
12	0.173015695	0.17405567	0.178659126	0.19045973	0.212784084	0.240110584	0.266613086	0.286915014	0.301867246	0.313570126	0.319037538	0.317369856	0.305416755	0.288409234	0.275355578	0.266435085	0.261423601	0.259421513	0.257698745	0.255612568	0.255312113	0.258389326	0.265727906	0.278447846	0.295905397	0.316464269	0.337362055	0.355550751	0.375405343	0.401178319	0.434592556	0.473950859	0.51042541	0.538651761	0.556819283	0.566999149	0.573228878	0.576073487	0.575541647	0.572615333	0.566732503	0.559126171	0.551783321	0.545802999	0.54021888	0.534989174	0.53109513	0.527679477	0.523191296	0.51623179	0.506886727	0.497064147	0.487795143	0.480013514	0.473406397	0.468775275	0.467655549	0.470281609	0.474133345	0.4748379	0.468060181	0.452191656	0.429333367	0.404183526	0.378277038	0.353034205	0.330074469	0.310685592	0.294154024	0.280559973	0.268249905
15	0.172633784	0.17356326	0.178031711	0.189822238	0.211910918	0.238954162	0.265382815	0.285768425	0.300713761	0.312428262	0.317889061	0.316200786	0.304346552	0.287390445	0.274274696	0.265381986	0.260404531	0.258345023	0.256607917	0.254530478	0.254111497	0.257044045	0.264210035	0.276726139	0.293971703	0.314383799	0.335157615	0.353223201	0.372896147	0.398219124	0.430929201	0.469482611	0.505843841	0.534103281	0.552444356	0.562856416	0.569280469	0.572388686	0.572120825	0.569432168	0.563826288	0.556472423	0.5492961	0.543377175	0.537863281	0.532814187	0.529178587	0.525783525	0.521329973	0.51435768	0.505152043	0.495435286	0.486121567	0.478243091	0.471623458	0.467001735	0.466037009	0.468521741	0.47224339	0.473080783	0.466478148	0.450732534	0.427897944	0.403055402	0.376966202	0.351820702	0.329003652	0.30965458	0.292831493	0.279358306	0.267862036
18	0.173205787	0.174078595	0.178538897	0.190175986	0.211968213	0.238772851	0.265195596	0.285816485	0.30092794	0.312692139	0.318192079	0.316588143	0.304765604	0.287780651	0.274762603	0.265918615	0.260990154	0.258918594	0.257147789	0.255015659	0.25454837	0.257422428	0.264422459	0.276601711	0.293508347	0.313653605	0.334237514	0.352103286	0.371349836	0.395988237	0.427996166	0.466308673	0.502774625	0.531621256	0.55092435	0.562152623	0.569278227	0.572952213	0.573109119	0.570661401	0.565287816	0.558007876	0.55094701	0.545199419	0.539842113	0.53490627	0.531331233	0.527983353	0.523605783	0.516781042	0.50755859	0.49783912	0.488416014	0.480475645	0.473685775	0.468934001	0.467888395	0.470121654	0.473629787	0.474273138	0.467317977	0.451265642	0.428523713	0.403635511	0.377553058	0.352120202	0.329237295	0.310143815	0.293301214	0.279877393	0.268199007
21	0.174559302	0.175326756	0.179636554	0.191002416	0.212398862	0.238894562	0.26541528	0.2863069	0.301784712	0.313638057	0.319159883	0.317559084	0.30572887	0.288812646	0.275865176	0.267113005	0.262209126	0.260153386	0.258295882	0.256038585	0.255466637	0.258187962	0.264909166	0.276679395	0.293161253	0.312883548	0.333154913	0.350720612	0.369296504	0.392754889	0.423385698	0.460817063	0.497297241	0.527022454	0.547735561	0.560444369	0.568575533	0.573175147	0.574166764	0.572369646	0.567313229	0.560346708	0.553437855	0.547843463	0.542752364	0.537995247	0.534578384	0.531344997	0.52712705	0.520373338	0.511192423	0.501367336	0.49189926	0.483810291	0.476909355	0.472059703	0.470697843	0.472712487	0.47594739	0.476249518	0.469144504	0.452901978	0.430033455	0.404890128	0.378938006	0.353716613	0.331602783	0.311761908	0.295033879	0.281393051	0.269726655
