1	0.176251291	0.177865497	0.183263813	0.19610482	0.218484891	0.243666473	0.266058831	0.280972199	0.293568778	0.304249279	0.306987881	0.302591003	0.287898449	0.271057428	0.25892891	0.251078564	0.247327626	0.246009074	0.243628087	0.241357978	0.241676927	0.246028532	0.254235421	0.268082177	0.286127718	0.307613181	0.329130447	0.347701103	0.370688882	0.400168759	0.437185402	0.478183907	0.512747383	0.536322061	0.549556056	0.557023998	0.559943328	0.561161867	0.560937296	0.557923551	0.551961574	0.545195073	0.538510802	0.53299998	0.528227533	0.524702996	0.520889801	0.517717359	0.513050499	0.505641254	0.496860382	0.488076382	0.480307758	0.474119412	0.46827242	0.466681267	0.466635161	0.470587126	0.47842433	0.483252276	0.478030494	0.462841591	0.440687193	0.416105477	0.391604747	0.370335234	0.350898819	0.333479624	0.318683267	0.306539998	0.295456323
4	0.177765653	0.179156619	0.184283823	0.196882683	0.218320997	0.242711648	0.265966965	0.281662961	0.294587061	0.305032032	0.307879741	0.303586898	0.289275649	0.273087362	0.261369059	0.253310006	0.24904359	0.248017068	0.245609873	0.24336035	0.243614083	0.247689554	0.255614376	0.268781391	0.285987566	0.307012996	0.327661478	0.345887565	0.367290746	0.395376173	0.431593482	0.472517478	0.507658601	0.533262014	0.548961353	0.558745889	0.563420375	0.565117522	0.565198794	0.562608214	0.557788996	0.551063603	0.544726056	0.539024423	0.534558837	0.531128448	0.527721645	0.524158736	0.519228631	0.512538077	0.504201814	0.495436486	0.486929724	0.479643741	0.473045993	0.471928766	0.471890607	0.475330403	0.482517069	0.486598407	0.481294689	0.46561614	0.442840152	0.417585266	0.39390041	0.372350385	0.352153872	0.33448861	0.320349881	0.308354265	0.297296848
7	0.179775725	0.181056859	0.185928473	0.198475111	0.219752262	0.24426599	0.267407562	0.2834345	0.296336225	0.306822751	0.309757163	0.305658994	0.29134396	0.274642531	0.263066414	0.255182228	0.250988966	0.249859589	0.247289121	0.245223954	0.24566096	0.249302656	0.25705184	0.270185306	0.287342007	0.308049594	0.328262911	0.346454494	0.367453276	0.394708967	0.429962996	0.470447052	0.504913558	0.53061912	0.547036346	0.557548954	0.562377825	0.564536241	0.564778493	0.562540403	0.558428167	0.551581859	0.545457599	0.540089979	0.536132874	0.532771947	0.528980973	0.525300927	0.520447469	0.513959825	0.506154413	0.49746013	0.488713973	0.480960652	0.47463921	0.473296777	0.473615634	0.476946124	0.483656971	0.487894794	0.482948562	0.466920245	0.443773024	0.41902021	0.395128858	0.37330088	0.353599032	0.336003542	0.321195546	0.309542366	0.298905389
10	0.180320967	0.181499299	0.186168034	0.198703632	0.21969245	0.244101117	0.267350071	0.283611131	0.296661757	0.307129103	0.31013495	0.306008186	0.291890606	0.27503222	0.263365807	0.255505598	0.251336158	0.249969876	0.247578118	0.245649656	0.245989849	0.249347154	0.257034562	0.269981947	0.286815816	0.307344115	0.327315852	0.345305354	0.365975803	0.392394796	0.426855846	0.466625744	0.5010523	0.52706954	0.544247833	0.55547395	0.560410677	0.563171858	0.563885293	0.562038229	0.558157098	0.551448782	0.545475498	0.540390271	0.536576653	0.533484595	0.529775725	0.526129383	0.52129068	0.514977407	0.507225285	0.498570385	0.489600318	0.481590279	0.475490949	0.47400933	0.474282833	0.477501448	0.484029587	0.488039477	0.482987595	0.467095569	0.44410732	0.419518811	0.39571734	0.37396209	0.354273219	0.336704397	0.321321918	0.309997053	0.299123477
13	0.185639966	0.186622639	0.191380545	0.204133439	0.224867791	0.249183309	0.272569589	0.288835509	0.301687768	0.311773634	0.314645714	0.310529476	0.296893995	0.279977272	0.267695314	0.260084546	0.255801212	0.254251896	0.252194391	0.25066474	0.250607937	0.254053961	0.262379693	0.275410294	0.291959967	0.311982382	0.331816876	0.350180382	0.37147563	0.397552389	0.431145282	0.469869269	0.503848336	0.529462024	0.54595481	0.556237192	0.560447909	0.563135726	0.564080827	0.562195596	0.558049897	0.551509354	0.546112561	0.541100765	0.53655858	0.533577258	0.529608965	0.526292485	0.521145464	0.514919134	0.507374784	0.498873795	0.490538852	0.48259641	0.477350394	0.474925662	0.475106751	0.478490773	0.484969473	0.489327078	0.484408368	0.468706756	0.446399422	0.422398468	0.399094168	0.377893421	0.358064563	0.340920553	0.326849797	0.315300255	0.304193205
16	0.180804593	0.181676986	0.186200338	0.19866372	0.218811066	0.242856411	0.266427706	0.283193026	0.296349302	0.306570997	0.309515357	0.30537863	0.291863761	0.274816817	0.262627405	0.255086975	0.250650284	0.249105476	0.246996142	0.245307369	0.245149009	0.248523824	0.256568908	0.269013457	0.285083063	0.304665382	0.324269389	0.342287903	0.362803576	0.387569758	0.419776615	0.457935566	0.492627538	0.51977026	0.538076561	0.549877115	0.555449613	0.559399651	0.561465817	0.560162836	0.556407569	0.550248903	0.545235363	0.540393085	0.535882193	0.533265577	0.52946398	0.526452207	0.521455694	0.515312622	0.507740192	0.498982019	0.49038661	0.482216164	0.476779025	0.474026711	0.473808137	0.476805492	0.482832227	0.486642222	0.481439943	0.465423433	0.442992876	0.418992349	0.394714845	0.373465129	0.35356839	0.335942715	0.321457327	0.310434599	0.298971776
19	0.181273844	0.181949519	0.186481029	0.198558483	0.21837739	0.242035645	0.265937781	0.283237107	0.296715731	0.307172373	0.310100311	0.306027995	0.292594351	0.275441611	0.26344809	0.256110483	0.251596764	0.2500948	0.247956306	0.246131851	0.245852924	0.249038738	0.256960585	0.268960028	0.284585097	0.303765481	0.323031397	0.340870921	0.360672186	0.384093625	0.414914418	0.452300395	0.487517283	0.516200512	0.536522035	0.55012688	0.55693483	0.562117298	0.565054829	0.564340903	0.561115978	0.555281803	0.550477335	0.545832927	0.541414473	0.538922056	0.535469866	0.532636791	0.527682276	0.521586799	0.514013043	0.50516783	0.496340191	0.488128836	0.482514024	0.479431839	0.478838158	0.481490199	0.487106	0.490596295	0.484668363	0.46822797	0.445337845	0.420558727	0.396072346	0.374650261	0.354691907	0.336576213	0.321861467	0.310153228	0.299267786
2	0.198052173	0.200810187	0.207307224	0.22205675	0.246952591	0.274162681	0.297519098	0.312316385	0.324366413	0.334612946	0.336708519	0.332102376	0.31803031	0.302397409	0.291242841	0.283901417	0.280415465	0.279429009	0.277732628	0.276599612	0.278125108	0.284109316	0.293898822	0.309267907	0.327801708	0.348802801	0.369446164	0.388101492	0.412775791	0.445730743	0.486058402	0.52775031	0.560842298	0.582723277	0.594648903	0.601165838	0.603263024	0.603067134	0.601234847	0.596445162	0.588983793	0.581490621	0.573870089	0.567559869	0.56209208	0.557827751	0.553516618	0.549713284	0.544451315	0.536890024	0.528049539	0.519362625	0.511557068	0.505115565	0.499198514	0.497633446	0.497279185	0.500368465	0.507127158	0.509910345	0.501463828	0.48286226	0.457153669	0.429405225	0.403617393	0.380074561	0.359152547	0.34187915	0.325792584	0.313421004	0.302201633
5	0.197357705	0.200037313	0.206368611	0.220918926	0.245365382	0.27230199	0.296513141	0.312449072	0.325002903	0.334972715	0.337449995	0.333032116	0.319226918	0.303685751	0.292735091	0.285229481	0.281401573	0.280873598	0.279034646	0.277864318	0.279544364	0.285101829	0.294884066	0.309756214	0.328111578	0.349049876	0.369133382	0.387775455	0.411409153	0.443790932	0.484481284	0.527028574	0.560550412	0.584083808	0.597870397	0.606201865	0.609419585	0.609445053	0.607378467	0.602800639	0.596417941	0.588218447	0.580699032	0.574075394	0.568929147	0.564657186	0.560220323	0.555882256	0.550308413	0.543159783	0.534997689	0.526333773	0.517807531	0.51044147	0.50411691	0.502897463	0.502702711	0.505549363	0.511343455	0.513332175	0.504858275	0.485435701	0.458813618	0.431396115	0.404274414	0.381019407	0.359619477	0.340957882	0.325609507	0.313770739	0.303033249
8	0.191533069	0.19401097	0.200108589	0.214737404	0.238907089	0.266001107	0.290393434	0.306713779	0.319476631	0.329590901	0.332081878	0.327700204	0.313930956	0.297983849	0.28703657	0.279662746	0.275849091	0.275054179	0.273254901	0.27233672	0.274078904	0.279287407	0.288950323	0.303905431	0.322130391	0.342842444	0.36262867	0.381048699	0.404504951	0.436212729	0.476239601	0.518435293	0.55195806	0.575809598	0.590464933	0.599509741	0.602959144	0.603366936	0.601647538	0.597316099	0.591395047	0.583177432	0.575914069	0.569544793	0.564704162	0.560552593	0.555887561	0.551340134	0.545802439	0.538838948	0.5309271	0.522266625	0.513485884	0.505766669	0.499541278	0.498345554	0.498322405	0.500984273	0.506439766	0.508356427	0.500082343	0.480258906	0.453261605	0.425827201	0.398645915	0.375145197	0.353757888	0.334701948	0.31977647	0.307611063	0.296252834
11	0.189677289	0.191922501	0.197892138	0.212514216	0.236589476	0.263977873	0.288862643	0.305686993	0.318829828	0.329121323	0.331779685	0.327421398	0.313496898	0.297254207	0.286011667	0.278574196	0.274714712	0.273731093	0.272066307	0.27107644	0.272678912	0.277676982	0.287226361	0.302160557	0.320153911	0.340861515	0.360527042	0.378939502	0.401946103	0.432773204	0.471709863	0.513522533	0.54722001	0.571721018	0.587460309	0.59741225	0.601211845	0.60242479	0.601242455	0.597439634	0.592046729	0.58393805	0.576929332	0.570883404	0.566245955	0.562281666	0.55757158	0.553164624	0.547620412	0.540833675	0.533008076	0.524382007	0.515479718	0.507488756	0.501398981	0.499792257	0.499800153	0.502430654	0.507782493	0.509527374	0.500907664	0.480575716	0.453228405	0.425393221	0.3983029	0.374443931	0.353149515	0.333452926	0.319033496	0.306635452	0.294875371
14	0.196090757	0.198058596	0.203926488	0.218561375	0.24195227	0.268775704	0.293656196	0.310687684	0.323779663	0.33367117	0.336350089	0.332098546	0.318754024	0.302359685	0.290623456	0.283544005	0.279565311	0.278422118	0.277046407	0.276289832	0.277459624	0.282357143	0.292209405	0.306676766	0.32405236	0.34388293	0.363191938	0.381646132	0.404823673	0.434340116	0.471685682	0.512041934	0.545653172	0.570612816	0.586759571	0.596745715	0.60039207	0.60208169	0.601731696	0.598266251	0.592800666	0.585261957	0.578864537	0.572996092	0.567771668	0.564117107	0.559444914	0.555428113	0.549591261	0.543025427	0.535539119	0.527111956	0.518761641	0.510832209	0.505516656	0.502953018	0.50266142	0.505289384	0.510371029	0.512396843	0.50386085	0.483768628	0.45715734	0.42901268	0.40298034	0.37922504	0.35763432	0.33977216	0.323166788	0.312176706	0.300186517
17	0.189511861	0.191339794	0.197098667	0.211396892	0.234371453	0.260814276	0.285993166	0.303438983	0.316789949	0.326897004	0.329460157	0.325192771	0.312034394	0.295575469	0.283967336	0.276863472	0.272769522	0.271561916	0.270119854	0.26930975	0.270319623	0.275071451	0.284690676	0.298747174	0.315685223	0.335238424	0.354329972	0.372459537	0.394781546	0.422971747	0.458836059	0.498512548	0.532712788	0.558778346	0.575982619	0.586833518	0.59153741	0.594248807	0.594832745	0.59190518	0.586745419	0.579494702	0.573566399	0.567887916	0.562598104	0.559115405	0.554652462	0.550836908	0.545261605	0.538644385	0.531035132	0.522427818	0.513933906	0.505824333	0.500342533	0.497492532	0.497054919	0.499497078	0.504285272	0.506041446	0.497449342	0.477513168	0.45070626	0.422877061	0.39669236	0.373160671	0.351611859	0.332587493	0.317397944	0.305435023	0.293901372
20	0.190907165	0.19248869	0.198083087	0.211935703	0.234165391	0.260246794	0.285716404	0.30381432	0.317403753	0.327727913	0.33041721	0.32628483	0.313121197	0.296726286	0.285303066	0.278421787	0.274263937	0.27306685	0.271487647	0.27049859	0.271319111	0.275834376	0.285164191	0.298584732	0.315019761	0.33408564	0.352580374	0.370417433	0.39175051	0.418327469	0.452785302	0.491810223	0.526679789	0.554447253	0.573685202	0.586425102	0.592468287	0.5964263	0.597805592	0.595459371	0.590695948	0.583781766	0.578028222	0.5725397	0.567282921	0.563986411	0.559608916	0.555995148	0.550441618	0.5438452	0.536187409	0.527537117	0.518847965	0.51059623	0.505104746	0.501791097	0.501030241	0.503194904	0.507592267	0.508867292	0.499773252	0.479429122	0.452781867	0.424872635	0.398448563	0.374305111	0.352669817	0.334380557	0.318429351	0.306852345	0.294762277
3	0.152878244	0.15555191	0.16217362	0.177310074	0.202387675	0.229710749	0.254117947	0.270540895	0.284067649	0.295364273	0.298052758	0.293820481	0.279635191	0.263679275	0.252180615	0.244357759	0.240680414	0.239768962	0.237877464	0.235933569	0.23665062	0.241566572	0.250029239	0.264474988	0.282773305	0.30458776	0.325979897	0.344734963	0.36730763	0.396801039	0.434172539	0.475819242	0.511958895	0.537172779	0.551500048	0.559478917	0.562662215	0.563632861	0.563186523	0.55963535	0.553153412	0.546204096	0.539060871	0.533197439	0.52836689	0.524471967	0.52083689	0.517542425	0.51253291	0.505221	0.496196484	0.487568357	0.479525469	0.47278905	0.46684917	0.465110696	0.464747083	0.467964654	0.474959324	0.477407473	0.468459231	0.448508131	0.42134265	0.392669435	0.36489154	0.340552977	0.31874067	0.299773077	0.284279091	0.271164051	0.26042098
6	0.148838661	0.151349179	0.157774867	0.172627438	0.196803287	0.223479617	0.248423225	0.265820226	0.279734116	0.290680358	0.293807098	0.289751793	0.275858994	0.259889037	0.248620175	0.240926544	0.23705005	0.236512225	0.234449674	0.232573135	0.233307975	0.237474991	0.245825884	0.259441286	0.277125329	0.298517379	0.319320945	0.337599894	0.358581195	0.386428423	0.422683247	0.463870415	0.499777106	0.526414846	0.542893115	0.553275227	0.558008505	0.559749001	0.559502626	0.556577992	0.551600504	0.544349241	0.53776906	0.531999594	0.527762065	0.524262509	0.520546777	0.516913479	0.511922302	0.50519039	0.496969817	0.488064421	0.47928072	0.471585408	0.465190131	0.463954029	0.463866919	0.467004568	0.47303932	0.475185234	0.466420307	0.445843717	0.418505485	0.388975327	0.36186541	0.337467902	0.315343957	0.295981934	0.279860814	0.268190893	0.256740311
9	0.150129072	0.152356401	0.158651063	0.173478706	0.197510122	0.224283738	0.249274251	0.266959379	0.281019453	0.291957041	0.295157572	0.291149233	0.277334023	0.261028454	0.249704696	0.242117321	0.238400428	0.237622281	0.23556512	0.233937757	0.23466971	0.238447318	0.246769631	0.260268008	0.277797076	0.298839803	0.319228682	0.337354809	0.358089949	0.385089771	0.420350256	0.461026962	0.49649846	0.523387871	0.540720964	0.551758337	0.556751894	0.559046759	0.559185717	0.556532551	0.552049853	0.544768868	0.538511809	0.533025542	0.529066133	0.525724583	0.521899376	0.51815789	0.513253889	0.506631963	0.498729986	0.489852671	0.480812849	0.472907976	0.466634516	0.465273891	0.465311292	0.468228156	0.47396475	0.476004359	0.467478274	0.446966958	0.418998883	0.3898026	0.362996554	0.338735373	0.316527751	0.297615437	0.280935866	0.26950348	0.257974367
12	0.149853636	0.151885662	0.157799546	0.172637821	0.1963581	0.222995779	0.248089475	0.26582984	0.279887914	0.29088791	0.294038696	0.290160909	0.276536895	0.260073938	0.248702287	0.241264261	0.237536592	0.236563503	0.234720936	0.2330786	0.233623469	0.237290454	0.245234936	0.258696726	0.276011741	0.296809035	0.316844503	0.334804978	0.355221159	0.381378873	0.415649478	0.455752636	0.490950029	0.518090191	0.536143286	0.547805488	0.552952774	0.55574995	0.556243045	0.554096217	0.549919952	0.542815103	0.536623534	0.531416007	0.527564555	0.524443652	0.520580827	0.516966016	0.512061938	0.505664398	0.497789245	0.489012969	0.480042188	0.471889393	0.465781824	0.464049526	0.464090266	0.466791032	0.472434653	0.474243782	0.465729102	0.445028371	0.417332495	0.388830716	0.361395999	0.337287295	0.315332827	0.295744981	0.280221668	0.267830979	0.256394929
15	0.149811087	0.151684388	0.157694807	0.172535113	0.195686017	0.222198096	0.247618969	0.265650728	0.279768115	0.290528368	0.293707025	0.289851259	0.276576289	0.259936368	0.248128165	0.240897561	0.236971785	0.235886432	0.234218058	0.232699482	0.2328885	0.236602397	0.24514843	0.258319512	0.275069363	0.295300453	0.315165286	0.333406206	0.353939786	0.379079732	0.411899274	0.450721832	0.486080124	0.513961168	0.532490814	0.54416512	0.549389386	0.552660802	0.554070319	0.552256707	0.548039671	0.541453363	0.535947914	0.530844931	0.526360546	0.523539014	0.519735727	0.516518488	0.511316886	0.504879966	0.497193136	0.488398364	0.479885069	0.471732742	0.466245626	0.463414982	0.463042324	0.46576602	0.471028691	0.473140595	0.464428319	0.443942728	0.416790768	0.388025093	0.361112064	0.336725835	0.314966655	0.295503288	0.280855293	0.267838197	0.256607188
18	0.150828196	0.15261111	0.158600127	0.173136899	0.19607739	0.222252528	0.247769685	0.26616561	0.280252286	0.291039219	0.294273596	0.290589278	0.277379417	0.260688078	0.248859387	0.241594885	0.237567012	0.236494889	0.234750584	0.233061343	0.233075663	0.236869648	0.245325862	0.25825575	0.274856446	0.294825532	0.314530487	0.33264438	0.352937066	0.37734331	0.409472092	0.447865479	0.483467322	0.511985962	0.531248009	0.543619207	0.549468709	0.55345471	0.555398011	0.553841673	0.549861093	0.543408226	0.537904482	0.532805902	0.528119077	0.525383985	0.521849412	0.518915748	0.513708882	0.507203191	0.499542085	0.490604257	0.482067196	0.474030898	0.468479308	0.465415716	0.464823357	0.46725824	0.472478072	0.474425779	0.465576596	0.444984608	0.417555586	0.38887579	0.362119288	0.337666743	0.315312796	0.295980143	0.280681135	0.268636805	0.257010509
21	0.154351432	0.155918283	0.161739975	0.175999631	0.198491734	0.224399309	0.249993926	0.268665742	0.283126711	0.29420373	0.297305929	0.293555537	0.280468397	0.263608448	0.252045886	0.244920217	0.240743592	0.239731425	0.237913317	0.236300272	0.23623281	0.23975509	0.24793646	0.260400793	0.276388442	0.295959399	0.315387093	0.333221034	0.352793013	0.37593395	0.406700024	0.444099037	0.479904331	0.50948811	0.530236661	0.544173199	0.551151873	0.556282624	0.559041608	0.558040329	0.554394036	0.548155803	0.542894967	0.538075597	0.533540738	0.531089882	0.527564595	0.52472117	0.519677096	0.513177842	0.505552874	0.496551439	0.487712793	0.479351678	0.47378847	0.470468332	0.469712269	0.471962405	0.47673568	0.478290464	0.46908586	0.448353688	0.421135004	0.392813559	0.365280148	0.340932702	0.31905874	0.299470335	0.284715816	0.271955515	0.260321213
