1	0.215551688	0.215669093	0.219226915	0.229891049	0.251047133	0.278156266	0.305505596	0.326504313	0.34177487	0.353859859	0.359332253	0.356867512	0.343232637	0.324632036	0.310319888	0.300264715	0.294165472	0.291695827	0.289670425	0.287311214	0.28703036	0.290112279	0.298090171	0.311755208	0.329603624	0.350956291	0.373188665	0.393078467	0.415361041	0.444145671	0.480893718	0.522834752	0.560936013	0.589880585	0.609078261	0.620699864	0.627566928	0.63163899	0.632463653	0.630180416	0.625034001	0.618070065	0.610715559	0.604277677	0.598488572	0.59308181	0.588918191	0.58509511	0.580382932	0.573780826	0.564586563	0.554055919	0.544129781	0.536346307	0.529941769	0.525654123	0.524493031	0.526883156	0.531574794	0.533742077	0.528810077	0.51416894	0.491104835	0.466395777	0.439765159	0.414107967	0.391173954	0.371190356	0.353537899	0.339056768	0.326620407
6	0.211086925	0.211304656	0.215075606	0.225926083	0.247256479	0.274530232	0.301949616	0.323026411	0.338446676	0.350666622	0.356109018	0.353685596	0.339996574	0.321392383	0.307115347	0.296830557	0.290699275	0.288290252	0.286276632	0.283952791	0.28371863	0.286949222	0.295009181	0.308631144	0.326671128	0.348223081	0.370490083	0.390506755	0.413061766	0.442033762	0.478834984	0.520931302	0.559206551	0.588195937	0.607253651	0.61865414	0.625421702	0.629433208	0.630351362	0.62801016	0.622675737	0.615554037	0.608081504	0.60164954	0.595928097	0.590578691	0.586294244	0.582448644	0.577747613	0.571114456	0.561756463	0.551253671	0.541474688	0.533597097	0.5270985	0.522771042	0.521813985	0.524346295	0.529094524	0.531225344	0.526115148	0.511081083	0.487790573	0.462124611	0.435589661	0.409953461	0.386602367	0.366219287	0.34920143	0.335028535	0.322460121
11	0.208391053	0.208650331	0.212506877	0.22350656	0.245049133	0.272324763	0.299663828	0.320804758	0.336389197	0.348540364	0.353997241	0.351551862	0.33781249	0.319177675	0.304829137	0.294503637	0.288338645	0.285945582	0.283900647	0.281528499	0.281289982	0.284586086	0.292725404	0.306372328	0.324603949	0.346169112	0.368656964	0.388784547	0.411423685	0.440555544	0.47749654	0.519561334	0.557837575	0.586848172	0.605690477	0.616939044	0.623636378	0.62756592	0.628389446	0.625985089	0.620525625	0.613330173	0.605907334	0.59951931	0.593803876	0.588424436	0.584152984	0.580258721	0.575500512	0.56882669	0.559426856	0.548988715	0.53935642	0.531545712	0.52494359	0.520585006	0.519695462	0.522353329	0.527135208	0.52923379	0.524147105	0.509302105	0.485862123	0.46026245	0.433411079	0.407952268	0.384546216	0.363847143	0.346488206	0.331593276	0.320086411
16	0.208056855	0.208452256	0.212420342	0.223363202	0.244922538	0.272203133	0.299398105	0.320513262	0.335999678	0.34819524	0.353673453	0.351340391	0.337572619	0.318930628	0.304585746	0.29449864	0.288414605	0.285783763	0.283749011	0.281326821	0.281148963	0.284601728	0.292696372	0.306296055	0.324456532	0.346125681	0.368684847	0.388845225	0.41126146	0.440337423	0.477275055	0.519290423	0.557263034	0.586071012	0.604728482	0.615767739	0.622225057	0.626140539	0.626769301	0.624373844	0.618997874	0.611908604	0.604414848	0.59797517	0.592241336	0.586850519	0.582492469	0.578428406	0.573666347	0.567183593	0.557825381	0.547568292	0.538004491	0.530083411	0.523576219	0.519251277	0.51841377	0.520926338	0.525559488	0.527679478	0.522624944	0.507957114	0.484523469	0.459333734	0.432745773	0.406773908	0.383805546	0.363207963	0.345362014	0.331006583	0.318189373
21	0.206252472	0.206624739	0.210601591	0.221667938	0.243180787	0.270399184	0.297474976	0.318476488	0.334012446	0.34620591	0.351558948	0.349238055	0.335593502	0.316996924	0.302654598	0.292624098	0.286610827	0.283918537	0.281911931	0.2794825	0.279413136	0.2828587	0.290864701	0.304524137	0.322776034	0.344437437	0.366806157	0.386847489	0.409190061	0.438253321	0.47512924	0.517014008	0.554753873	0.58355079	0.602348739	0.613384239	0.619836299	0.623593103	0.624039267	0.621680724	0.616515833	0.609351008	0.601757156	0.595413965	0.589611606	0.584209864	0.580013977	0.575986686	0.571185619	0.564676407	0.555355888	0.545255293	0.535545584	0.527547495	0.521286152	0.516960758	0.516003705	0.518480176	0.523267876	0.525608814	0.520461578	0.505444482	0.482410058	0.456903065	0.430382692	0.404698515	0.381354881	0.360963681	0.343534579	0.329613097	0.317801627
26	0.206220033	0.206619128	0.210489347	0.221627265	0.243213565	0.270618568	0.297696233	0.318736852	0.334273521	0.346488355	0.351834921	0.349486139	0.335871312	0.317161785	0.302747558	0.292717658	0.286815709	0.284196216	0.282087577	0.279737493	0.279642854	0.283070089	0.291160013	0.304840821	0.323184484	0.344821111	0.36723195	0.387292975	0.409681479	0.438653879	0.475451689	0.51739742	0.555135009	0.583960513	0.602778573	0.613818349	0.620287153	0.623906109	0.624302273	0.621964975	0.616716231	0.609567035	0.602121447	0.59586534	0.590020384	0.584503486	0.580309171	0.576289751	0.571500248	0.564933359	0.555640761	0.545447873	0.535777789	0.52778372	0.52156966	0.517203769	0.516157045	0.518642478	0.523489363	0.525774382	0.520560656	0.505275015	0.482289824	0.456709143	0.430013101	0.404456552	0.38101777	0.360490909	0.3430935	0.328884183	0.316829994
31	0.20582007	0.206207076	0.210025516	0.221145236	0.242700406	0.270080353	0.297141297	0.318131048	0.333677765	0.345958937	0.351381148	0.349025167	0.335372035	0.316569734	0.30199442	0.291954457	0.28617388	0.283562193	0.281450499	0.279094956	0.278982017	0.282516699	0.290565292	0.304171755	0.322617651	0.344195062	0.366427329	0.386543381	0.409113972	0.438213199	0.475164323	0.517171842	0.555112716	0.584142284	0.603020932	0.614114721	0.620671839	0.624136923	0.624490078	0.622172871	0.616852871	0.609596792	0.602205295	0.596095939	0.590266971	0.584658842	0.580388939	0.576473366	0.571731728	0.565089651	0.555687932	0.545523046	0.535722841	0.527599596	0.521371625	0.51700658	0.51598595	0.518612281	0.523694499	0.526089167	0.520938517	0.505832103	0.482478947	0.45725558	0.430543472	0.404713281	0.381367012	0.360710377	0.343402494	0.329241302	0.317187616
36	0.206524308	0.206954569	0.210755249	0.221861946	0.243410638	0.270758296	0.297800994	0.318777182	0.334266037	0.346513495	0.351996113	0.349565009	0.335852892	0.317002203	0.302504014	0.292555274	0.286784415	0.284266846	0.282153903	0.279723025	0.279633685	0.28313697	0.291129093	0.304735821	0.323133507	0.344748735	0.367072584	0.387132399	0.409689018	0.438689202	0.475535707	0.517482145	0.555306859	0.584245543	0.603041332	0.614115412	0.620737973	0.624201574	0.624463373	0.622131591	0.616822407	0.60960706	0.602238825	0.596161594	0.590388741	0.584727107	0.580498819	0.576605057	0.571934039	0.565306493	0.555910576	0.545724947	0.535982968	0.527883299	0.521567385	0.517154644	0.516194763	0.518981862	0.524066411	0.526389907	0.521228166	0.506083162	0.482962817	0.457708446	0.431010233	0.405077656	0.381843827	0.361405352	0.344417497	0.329617017	0.316782496
41	0.205638634	0.206074985	0.209988363	0.221099426	0.242626591	0.270013054	0.297151048	0.318002291	0.333429466	0.345715575	0.351177526	0.348720868	0.335021233	0.316146358	0.301734679	0.291742073	0.285976347	0.283516006	0.281378357	0.279008089	0.278855262	0.282320007	0.290318974	0.303942346	0.322389089	0.343912995	0.366206866	0.386311357	0.408904793	0.437893205	0.474626975	0.51651824	0.554192102	0.583063562	0.601752481	0.612679643	0.61932217	0.622632386	0.622780005	0.620513934	0.615173401	0.607916112	0.600670285	0.594641407	0.588843754	0.583181932	0.579015448	0.575238247	0.570578376	0.563884053	0.55444568	0.544305747	0.534628035	0.526445154	0.520077798	0.51563216	0.51472198	0.517579834	0.522646656	0.524947233	0.519745534	0.50451909	0.481499275	0.456233639	0.429720335	0.404161916	0.38067305	0.360210363	0.34274255	0.328107936	0.315651369
46	0.205047951	0.205479836	0.209379498	0.220587478	0.242185723	0.269634062	0.296750103	0.317630856	0.33300931	0.345217238	0.350716828	0.348327102	0.334637456	0.315661661	0.301214976	0.291308603	0.285648801	0.283263892	0.28115075	0.278744778	0.278545514	0.28198823	0.290000426	0.303551316	0.321964284	0.343506104	0.36571335	0.3857064	0.408248738	0.43712126	0.473668929	0.515224708	0.552704727	0.581415355	0.600055004	0.610902666	0.617474132	0.620773523	0.620917655	0.618627115	0.61332514	0.606147165	0.599002945	0.593045936	0.587330059	0.581759076	0.577591582	0.573849578	0.569362542	0.562622351	0.553276265	0.543186878	0.533555279	0.525498641	0.519032543	0.514583743	0.51373342	0.516681889	0.521785933	0.52398825	0.518511768	0.503275078	0.480123373	0.455009794	0.428329069	0.402542538	0.379289337	0.359090945	0.342255568	0.327132263	0.314899426
2	0.193535124	0.194968034	0.199916449	0.212438398	0.236285464	0.266193699	0.295201938	0.316751281	0.332006015	0.34382338	0.349075055	0.346691687	0.333826008	0.316364699	0.303047302	0.293569236	0.287815531	0.285722284	0.284282719	0.282806357	0.283755362	0.288293441	0.297974129	0.313364851	0.332292278	0.353792787	0.375354713	0.395239025	0.419154917	0.451375549	0.492132928	0.536210428	0.574720584	0.603248162	0.621797024	0.632492507	0.638360802	0.641168934	0.64023237	0.636062863	0.629195953	0.620762577	0.612165098	0.604602063	0.597781879	0.591534213	0.586470831	0.581804089	0.576373816	0.569274544	0.559701696	0.548989388	0.53898937	0.531093355	0.524631909	0.520194782	0.518711184	0.520517639	0.523697025	0.523144886	0.514297042	0.495029841	0.468098027	0.439353612	0.409669661	0.381861602	0.356584064	0.33491588	0.316164198	0.301593452	0.288729288
7	0.193869593	0.195294275	0.200370943	0.213004852	0.236928372	0.266751803	0.295614477	0.317075487	0.332375641	0.344138591	0.349298018	0.346902939	0.334022874	0.316663168	0.303390662	0.293805276	0.288071323	0.285975292	0.284558052	0.28306768	0.284008115	0.288686554	0.298354955	0.313624209	0.332673943	0.354187231	0.375871599	0.395764712	0.41975106	0.452052683	0.492721149	0.536692739	0.575077805	0.603538993	0.621752905	0.632348897	0.638060724	0.64069382	0.639816031	0.635548989	0.628483553	0.61996487	0.61130356	0.603770026	0.597109075	0.590942335	0.585791371	0.581110032	0.57560374	0.568555155	0.558874208	0.548217101	0.538418495	0.530534028	0.523925107	0.519542653	0.518291153	0.520245099	0.523451542	0.522844914	0.51404147	0.494992842	0.468116632	0.439624963	0.410361662	0.382500602	0.357236779	0.334986397	0.316701963	0.302351836	0.289160202
12	0.193572721	0.194924148	0.200079876	0.212800574	0.236828797	0.266527917	0.295154196	0.316528748	0.331799498	0.343569102	0.348680179	0.346260771	0.333425854	0.316212337	0.302958886	0.293327124	0.287669433	0.285592107	0.284136202	0.282632429	0.283570631	0.288246992	0.29803342	0.313281469	0.332340438	0.35383341	0.375623446	0.395497955	0.419472664	0.451841779	0.492411503	0.536237022	0.574513379	0.602812827	0.620798225	0.631160101	0.636719137	0.639255268	0.638249776	0.633944701	0.626843799	0.618306339	0.609619365	0.602120652	0.595549979	0.589348704	0.584195158	0.579464942	0.573967955	0.566863049	0.557166535	0.546578977	0.536895423	0.52896833	0.522380493	0.51801768	0.516784289	0.518720954	0.522036381	0.521487261	0.51277219	0.494130447	0.467221892	0.438814782	0.4096231	0.381089342	0.355845234	0.334311998	0.316430622	0.301849167	0.28926016
17	0.194256557	0.195801058	0.200999968	0.21376612	0.237811565	0.267494027	0.295958884	0.317414206	0.332737807	0.344481566	0.3495175	0.347208494	0.334353457	0.316996226	0.303749789	0.294332358	0.288625305	0.286329595	0.284900325	0.283394003	0.284381189	0.289117953	0.298838506	0.314093764	0.333251858	0.354794055	0.376578202	0.396495435	0.420298786	0.452718449	0.493421474	0.537326952	0.575405005	0.603771204	0.621709167	0.63190472	0.63732119	0.639885322	0.638842449	0.634542598	0.627633051	0.619195776	0.610326196	0.602758569	0.596147628	0.589952556	0.58477482	0.579807441	0.574223545	0.567264772	0.557672655	0.547326694	0.537669082	0.529655156	0.523211765	0.518849725	0.517575992	0.519376366	0.522742437	0.522360381	0.513733427	0.494987732	0.468379239	0.439544388	0.410404224	0.38211314	0.357128268	0.335185736	0.317111181	0.302272142	0.289865861
22	0.193359894	0.194961687	0.200107846	0.212856429	0.236959046	0.26671852	0.295099887	0.316485292	0.331857221	0.343551402	0.348516058	0.346171996	0.333292507	0.315873093	0.302611108	0.293220921	0.287669393	0.285389096	0.283900697	0.282363364	0.283384992	0.288282417	0.29801601	0.313245603	0.332567115	0.354175418	0.375825311	0.395786092	0.419565733	0.452018203	0.492776522	0.536664499	0.574577086	0.602773844	0.62071069	0.630774549	0.635986399	0.638326618	0.637098766	0.632842996	0.625887354	0.617441638	0.608606915	0.601170745	0.594496136	0.588204414	0.583110637	0.578128995	0.57256074	0.56552157	0.555979439	0.545816918	0.536047105	0.528019892	0.521760005	0.51734566	0.516033973	0.517869385	0.521269875	0.521062371	0.512402552	0.493597799	0.467299067	0.438542212	0.409121609	0.381285925	0.355746295	0.334490674	0.316715789	0.301639147	0.289559937
27	0.193930312	0.195486186	0.200578975	0.213397686	0.237501859	0.267246636	0.295620845	0.316931725	0.332247676	0.344042567	0.348970253	0.346531966	0.333663915	0.316270241	0.302843845	0.293450639	0.287995958	0.28567125	0.284134499	0.282627469	0.283704715	0.288571784	0.298295355	0.313567449	0.332908368	0.354476989	0.376123134	0.39614133	0.419958527	0.452286165	0.492958846	0.536786065	0.574639235	0.602871826	0.620821041	0.630900912	0.636191625	0.638401716	0.637012888	0.632851385	0.625980291	0.61736631	0.608665434	0.601396609	0.594688437	0.588300108	0.58323628	0.57828281	0.572709959	0.565599542	0.556074855	0.545889659	0.536164359	0.528100737	0.521886828	0.517472895	0.516151768	0.518108465	0.521653594	0.521538461	0.512830749	0.493802181	0.467312946	0.438738362	0.409819169	0.381860165	0.35637557	0.334715773	0.316644894	0.301717018	0.289637151
32	0.19382777	0.195365007	0.200420699	0.21324599	0.237280653	0.267078831	0.295467279	0.316789482	0.332101084	0.343877857	0.348965892	0.346564458	0.333656845	0.316119302	0.302641056	0.293298432	0.287916713	0.285651713	0.284096103	0.282550348	0.283596635	0.288468559	0.298159746	0.313405498	0.332785305	0.354246542	0.375773031	0.395764897	0.419618053	0.451872106	0.492453738	0.536288365	0.574151306	0.602568127	0.62069961	0.630876821	0.636340887	0.638479951	0.637097886	0.632979791	0.626039998	0.617462362	0.608792932	0.601618815	0.59494724	0.588570527	0.58347327	0.578645591	0.573227414	0.566045234	0.556401154	0.546173372	0.536416014	0.528237433	0.521933417	0.517491314	0.516112145	0.518243915	0.521887232	0.521684034	0.513034737	0.493850715	0.467397364	0.439077273	0.409877665	0.382042371	0.357350939	0.335683029	0.317881553	0.302883759	0.289476023
37	0.193817582	0.195357342	0.20044371	0.213323762	0.237379959	0.267190341	0.295553177	0.31676237	0.332071627	0.343860466	0.348879095	0.346397092	0.333439308	0.315926082	0.302498038	0.293158632	0.287809387	0.285626299	0.284044751	0.282451712	0.283495227	0.28838648	0.298087876	0.313331847	0.332750994	0.35428898	0.375874905	0.395865514	0.419751696	0.452026177	0.49266543	0.536413635	0.574186226	0.602429782	0.620375538	0.630452974	0.635873005	0.637836068	0.636314785	0.632240504	0.62528353	0.616601709	0.608004856	0.6008774	0.594152612	0.587733194	0.582700229	0.577954187	0.572551957	0.565359414	0.555697656	0.545460724	0.535695583	0.527526367	0.52122035	0.516799088	0.515506954	0.51768696	0.521317439	0.521153117	0.51251812	0.493518364	0.466962328	0.438344751	0.409416046	0.381458335	0.356419475	0.334760295	0.31635428	0.301587056	0.289463995
42	0.193149441	0.194668815	0.19975333	0.2126471	0.23672824	0.26657784	0.294933495	0.316095248	0.33131212	0.342980271	0.348090468	0.345654831	0.332731997	0.315057085	0.301561726	0.292280245	0.286966711	0.284887635	0.283281653	0.2816685	0.282687024	0.287587264	0.297249257	0.312469758	0.3318315	0.353316823	0.374838713	0.394821367	0.418842973	0.451167574	0.491729025	0.53551843	0.573240737	0.601342951	0.619129785	0.629079984	0.634528905	0.636389392	0.634756536	0.630554437	0.623625112	0.614977371	0.606506871	0.599445066	0.592848764	0.586370634	0.581347245	0.576688745	0.571328676	0.56404427	0.554365167	0.544186307	0.534502457	0.526297513	0.519900592	0.515387757	0.514166107	0.516549577	0.520305255	0.52012778	0.51120461	0.492067287	0.46588123	0.437705116	0.408560402	0.380577976	0.355527473	0.33445415	0.316356831	0.301313216	0.288191796
47	0.193621952	0.195169269	0.200241227	0.213099437	0.237221631	0.267031636	0.295388578	0.316511385	0.331675291	0.343382538	0.348453213	0.345964205	0.332974706	0.315270526	0.301858789	0.292535264	0.287209654	0.28516551	0.283629775	0.281991382	0.282935338	0.287823043	0.297498525	0.312661902	0.332068865	0.353591108	0.375144958	0.395109155	0.419234286	0.45160632	0.492246637	0.535997115	0.573716478	0.601857386	0.61958295	0.629410505	0.634843927	0.636667745	0.63502422	0.63079604	0.623810838	0.615192459	0.606702519	0.599649008	0.593110343	0.586641223	0.581525973	0.576975437	0.571723222	0.564277172	0.554568825	0.544404612	0.534729807	0.526517046	0.520004539	0.515471201	0.51434771	0.516769527	0.520510541	0.520347997	0.511609301	0.492531933	0.466143216	0.438182401	0.409021977	0.381322829	0.355907903	0.334456252	0.316616719	0.302003397	0.288967045
3	0.245288884	0.246647272	0.251121964	0.262801304	0.285960619	0.314995531	0.341775345	0.36090539	0.374096394	0.383534084	0.386803567	0.383526745	0.371928893	0.357308256	0.346407267	0.338451004	0.333458524	0.331672505	0.33096714	0.330939671	0.333678929	0.340321358	0.352079758	0.369062571	0.388535239	0.408980391	0.428958162	0.44894864	0.476388537	0.515532486	0.563239863	0.608941151	0.644471883	0.668919577	0.68427176	0.692860099	0.696910675	0.697598064	0.694548533	0.688431897	0.679843759	0.669994536	0.660089935	0.651316504	0.643182224	0.635681391	0.629375284	0.623483037	0.617110862	0.60977898	0.600485018	0.590377902	0.580976171	0.573487766	0.567174821	0.562814928	0.561141	0.562643037	0.565738412	0.565683896	0.558504257	0.542538384	0.519387558	0.494415068	0.468601343	0.443034591	0.419990882	0.399369297	0.381666714	0.367517573	0.354458039
8	0.243916394	0.24517478	0.249667031	0.261480324	0.284808969	0.31376572	0.340287355	0.359265517	0.372452709	0.381768384	0.384958935	0.381693341	0.369980656	0.355371348	0.344489874	0.33639861	0.33144107	0.329604497	0.328946463	0.328969871	0.331697044	0.338427949	0.350287839	0.367251142	0.386869077	0.40736519	0.427434463	0.447503358	0.475135048	0.514519838	0.562136375	0.607838037	0.643318287	0.667600822	0.682509068	0.690864331	0.694712709	0.695161315	0.692126462	0.68581507	0.676968448	0.66697992	0.656995493	0.648217879	0.64016832	0.632671016	0.626262502	0.620354513	0.613985997	0.606610248	0.597256812	0.587200018	0.577951509	0.570473419	0.564174996	0.559746336	0.558236197	0.559800338	0.56282531	0.56268573	0.555660013	0.54016612	0.517375546	0.492912482	0.467154776	0.441811094	0.418424778	0.398175272	0.380741266	0.366041685	0.353403382
13	0.241782903	0.243074206	0.247728996	0.259520226	0.282775956	0.311618246	0.33796379	0.35685428	0.370033667	0.379301194	0.382466678	0.379178346	0.367491307	0.353004661	0.342116663	0.333997079	0.329001888	0.327205559	0.326607121	0.326516343	0.329246299	0.336012002	0.347928224	0.36485591	0.384485027	0.404955808	0.425081784	0.445262991	0.472919597	0.512320867	0.559777562	0.605415992	0.640824207	0.66511644	0.679972283	0.688178135	0.691864335	0.692269161	0.689073148	0.682673436	0.673874673	0.663859083	0.65385042	0.645035693	0.637018865	0.629520788	0.62302177	0.617017739	0.610627923	0.603322226	0.593930141	0.583886026	0.57470915	0.567212545	0.560827419	0.556392773	0.554971925	0.556564453	0.55968949	0.559612909	0.55284005	0.53755096	0.51502356	0.490718407	0.46503095	0.439685174	0.416464036	0.396192076	0.378350078	0.36407873	0.351594691
18	0.242039454	0.243422271	0.248046157	0.259869815	0.283101684	0.311814883	0.337966324	0.356745109	0.369810646	0.378975885	0.382069548	0.378865849	0.367212663	0.352647483	0.341755181	0.33384551	0.328992287	0.32703657	0.326355847	0.326229192	0.328977007	0.335842443	0.347685511	0.364571983	0.384276205	0.404702597	0.42473345	0.444895649	0.472218026	0.511507633	0.559083966	0.604338851	0.639279245	0.663329982	0.677940563	0.685844048	0.68932622	0.689612817	0.686268123	0.679973517	0.67124067	0.661355119	0.651260445	0.642436509	0.634343821	0.626921387	0.620574727	0.614512628	0.608041974	0.60083597	0.591580776	0.581812484	0.572789307	0.565224385	0.559032456	0.554696539	0.55328947	0.554758512	0.557901329	0.557984707	0.551304284	0.536077089	0.513881427	0.489804734	0.464670091	0.439579622	0.416417317	0.39652403	0.379139507	0.364403787	0.351125436
23	0.240933805	0.242366875	0.246970172	0.258894166	0.282295525	0.311135853	0.337321464	0.356111331	0.369192685	0.378431243	0.381449808	0.378261088	0.366597208	0.351964159	0.340951339	0.333058214	0.328259359	0.326260324	0.325515482	0.325448156	0.328300677	0.335208238	0.347083469	0.364037344	0.38390684	0.404403788	0.42434813	0.44451479	0.471877234	0.511182343	0.558574929	0.603845835	0.638651651	0.662596192	0.677188925	0.685139061	0.688544647	0.688700275	0.685206596	0.67885718	0.670208791	0.660339815	0.650297795	0.641529162	0.633419187	0.625934122	0.619637809	0.613572794	0.607108833	0.59993544	0.590732703	0.581032871	0.571874528	0.564248587	0.558211616	0.55382992	0.55229875	0.55381	0.557004908	0.55715314	0.550388879	0.535161345	0.512633515	0.488299019	0.462918002	0.438055768	0.415059092	0.395133954	0.3771356	0.362676403	0.350432368
28	0.240206423	0.241713586	0.246340218	0.258254793	0.281623374	0.310441723	0.33637757	0.354987771	0.36800917	0.377188792	0.380182296	0.376955747	0.36535641	0.350733262	0.339646518	0.331823796	0.327149393	0.325079982	0.324373211	0.324287435	0.327145429	0.334039548	0.345835829	0.362736504	0.38254144	0.403003045	0.42290179	0.442996403	0.470375536	0.509534223	0.556826183	0.60193425	0.636616964	0.660540871	0.675083431	0.682956591	0.686376458	0.686304645	0.682661807	0.676300541	0.667587867	0.657692103	0.64771413	0.63908737	0.630990062	0.623449549	0.617190658	0.611164776	0.604775242	0.597482918	0.588285225	0.578630401	0.569428989	0.561809646	0.555833653	0.551385169	0.549849512	0.551576439	0.554866198	0.555149847	0.5484772	0.533400511	0.511156943	0.486991459	0.461960689	0.436847928	0.413635366	0.393843517	0.376583793	0.362008379	0.350035703
33	0.239826399	0.241155304	0.245685327	0.257486914	0.280584737	0.309141386	0.334797161	0.353192726	0.36594867	0.37510808	0.378196915	0.374907546	0.363407734	0.348827997	0.337801741	0.330015309	0.325449369	0.32354224	0.322665493	0.322537037	0.325329802	0.332188744	0.343856807	0.360525284	0.380190042	0.40043649	0.420108278	0.439989938	0.467067832	0.505728418	0.552487073	0.597201767	0.631654997	0.65553099	0.669986315	0.677809321	0.681333152	0.681233143	0.677554964	0.671333963	0.662737288	0.652772163	0.642946024	0.634545809	0.62653	0.618881738	0.612684682	0.606751529	0.600475534	0.59325118	0.584109263	0.57450049	0.565342482	0.557710205	0.551677338	0.54724189	0.545659162	0.547426083	0.550755328	0.551219634	0.544852117	0.529995051	0.50850437	0.485477381	0.460872773	0.436299895	0.413816235	0.3937443	0.376680708	0.362448362	0.350290408
38	0.237607125	0.23899055	0.243500397	0.255367825	0.278583839	0.307344005	0.33315679	0.351647356	0.36453915	0.373790456	0.376891293	0.373547962	0.361912823	0.347187751	0.336139334	0.328380426	0.323764616	0.321873966	0.320999505	0.320837439	0.323638004	0.330529796	0.342278111	0.359068504	0.378878753	0.399200207	0.418955579	0.438982143	0.466347313	0.505285649	0.552431647	0.597463976	0.632078936	0.65608497	0.670653003	0.678484275	0.682034465	0.681856348	0.67807501	0.671797859	0.663137454	0.653132975	0.643332714	0.634902567	0.626805152	0.619104898	0.612837506	0.606932917	0.600683329	0.593245074	0.583958487	0.574341795	0.565138626	0.557375736	0.551323709	0.546830096	0.545312249	0.547175231	0.550594404	0.550897897	0.544394346	0.529417644	0.507389352	0.483807818	0.458589629	0.433795107	0.411578592	0.391480402	0.374446843	0.359935153	0.347627304
43	0.237595386	0.238995863	0.243555249	0.255442287	0.278626483	0.307447723	0.333373703	0.351807903	0.364657352	0.373919923	0.377044879	0.373659103	0.361964126	0.347042913	0.335885412	0.328186415	0.323687824	0.321850236	0.321024438	0.320863873	0.323590321	0.330468614	0.342214553	0.358976072	0.378846195	0.399201084	0.419016121	0.439100826	0.466600756	0.505689365	0.552946643	0.59792473	0.632454445	0.656385364	0.670805224	0.67855992	0.682192066	0.681870919	0.677975428	0.671656993	0.662967455	0.652983412	0.643259834	0.634833202	0.626903283	0.61933072	0.613079272	0.60721221	0.601020038	0.59357491	0.584310468	0.57470618	0.565503101	0.557752525	0.551602986	0.547087927	0.545707101	0.54771794	0.551199851	0.551532521	0.544682891	0.529343926	0.507680259	0.483870029	0.458291519	0.433844446	0.411494861	0.391128876	0.373910815	0.359292483	0.347280191
48	0.236579352	0.237962532	0.242429354	0.254169448	0.277305826	0.306002806	0.331702674	0.349942741	0.362677096	0.371832748	0.374966824	0.371605041	0.359873557	0.344991421	0.333927237	0.326241343	0.321736801	0.319930272	0.319095436	0.318873794	0.321503506	0.328332503	0.339976492	0.356682996	0.376428135	0.396695271	0.416405681	0.436390554	0.463841082	0.502667233	0.549575803	0.594440635	0.628808061	0.652596327	0.666946163	0.674590402	0.678177384	0.677835284	0.673885346	0.667517216	0.658770879	0.648774899	0.639122273	0.630781199	0.622908253	0.615214258	0.609001268	0.603276548	0.59714702	0.589554546	0.580239648	0.570598628	0.561457094	0.553779855	0.5476082	0.542983114	0.541622325	0.54377144	0.5473605	0.547770278	0.541230014	0.526248421	0.505212473	0.481818532	0.456793327	0.43259537	0.410160369	0.390061087	0.372876577	0.358518275	0.346371593
4	0.195106788	0.196942868	0.202443948	0.215934328	0.241456547	0.273493059	0.303864928	0.32560489	0.340730906	0.352854931	0.358698811	0.35694618	0.344671233	0.327672875	0.314667455	0.305561442	0.300006548	0.297934272	0.296773614	0.295923787	0.29780974	0.303659068	0.314728838	0.331441525	0.351363986	0.373160657	0.394847712	0.415308404	0.440825537	0.475972745	0.520240107	0.56638362	0.605349888	0.633588529	0.651537294	0.6618208	0.667134142	0.669213445	0.667323305	0.66199213	0.653969417	0.644620052	0.635244326	0.627201902	0.619990103	0.61334494	0.607873506	0.602670521	0.596754949	0.589421749	0.579556329	0.568542665	0.558145052	0.549805918	0.543020772	0.538281685	0.536163583	0.537086434	0.53936727	0.537674679	0.527575474	0.506794432	0.477886325	0.447324912	0.416446708	0.386830091	0.360330386	0.337836067	0.319296771	0.303033945	0.290452115
9	0.194950532	0.196778965	0.20245124	0.216039988	0.241657238	0.273655146	0.303760622	0.325432774	0.34063456	0.352714004	0.358486728	0.356770179	0.344500051	0.32754368	0.314569388	0.305259846	0.299686213	0.297670853	0.296569923	0.295736375	0.297581637	0.303474833	0.314679081	0.331311539	0.351345611	0.373161616	0.394961992	0.415467615	0.441121723	0.476366301	0.520426259	0.566540199	0.605469621	0.633607762	0.651287974	0.661386387	0.666572003	0.6684514	0.666579463	0.66107303	0.652915525	0.643406151	0.633995704	0.625945973	0.618818341	0.612264324	0.606688405	0.601461263	0.59550186	0.588077024	0.578110706	0.567118408	0.556909445	0.548673657	0.541777164	0.536910873	0.535053868	0.53613898	0.538368818	0.536574544	0.52632199	0.505529473	0.476897892	0.446802589	0.415571543	0.386057205	0.360436027	0.337096271	0.317882352	0.301747474	0.288517945
14	0.193806257	0.195690486	0.201399935	0.21500434	0.240703244	0.2725662	0.302506971	0.324068794	0.339239928	0.351197749	0.356922148	0.355265159	0.343016411	0.326130886	0.313161018	0.303895415	0.298365242	0.29628209	0.29514374	0.294325676	0.296205112	0.30214018	0.313328459	0.329912859	0.349965136	0.371823885	0.393673591	0.414139619	0.439705107	0.475055991	0.519065181	0.565097859	0.603983255	0.632071665	0.649554871	0.659463917	0.664475064	0.666244108	0.664229084	0.658755566	0.650499674	0.640959359	0.63153181	0.623475838	0.616384054	0.609807697	0.604273689	0.598992708	0.59299085	0.585591231	0.575575708	0.564631736	0.554530527	0.546215585	0.539340385	0.534503989	0.532655975	0.53372383	0.535971435	0.534253468	0.524246295	0.504103025	0.47549764	0.445132799	0.414259311	0.384892602	0.358597861	0.336070074	0.317358554	0.302065667	0.288887794
19	0.192789127	0.194711145	0.200456021	0.214087109	0.239763605	0.271665309	0.301446986	0.323037399	0.338227445	0.350215372	0.355924312	0.354283636	0.341965921	0.324951869	0.311960597	0.302896485	0.297438329	0.295105129	0.293979234	0.293027301	0.29495403	0.301050551	0.312299066	0.328888598	0.349032134	0.370912819	0.392823222	0.413358818	0.438847235	0.474322955	0.518484158	0.564539348	0.603132183	0.631074513	0.648508557	0.658220222	0.663017268	0.664739578	0.662562235	0.65706407	0.648956573	0.639538095	0.630048329	0.621917946	0.614760615	0.608190356	0.602638382	0.597219541	0.591150678	0.583830776	0.573936176	0.563237863	0.553142693	0.544833128	0.538086602	0.533210927	0.531312775	0.532349761	0.534722525	0.533273361	0.523180577	0.50282388	0.474423441	0.443759086	0.412789953	0.383554491	0.357007366	0.334450131	0.315850258	0.300025761	0.28704327
24	0.191172651	0.19309159	0.198799825	0.212482804	0.238215252	0.270139589	0.299815875	0.321303705	0.336510635	0.348519982	0.354133212	0.352535002	0.340186231	0.323153758	0.310105368	0.301013268	0.295621348	0.293273145	0.292094964	0.291203026	0.293225549	0.299353567	0.310524285	0.327197544	0.347470552	0.369385611	0.391168377	0.411729324	0.437258248	0.47273196	0.517135896	0.563272483	0.601795393	0.629777065	0.647226164	0.656863865	0.661574739	0.663083693	0.6607597	0.655339961	0.647247234	0.637809098	0.628260024	0.620283054	0.613094101	0.606409702	0.600885206	0.595475884	0.589425804	0.582026896	0.572139068	0.561598516	0.551415666	0.542954605	0.536403547	0.53152797	0.529585342	0.530669616	0.533208122	0.531970176	0.521879053	0.501273849	0.472563773	0.442330114	0.411445107	0.381934452	0.355248824	0.332577279	0.314270981	0.298547677	0.285493542
29	0.189550129	0.191560625	0.1972391	0.210935653	0.236638353	0.268461451	0.298012459	0.319269082	0.3343854	0.346414154	0.352001549	0.350283451	0.338045034	0.32103198	0.307869534	0.29874328	0.293504754	0.291231261	0.289995242	0.289182672	0.291227883	0.29730231	0.308490343	0.325133686	0.345448969	0.367345612	0.38907009	0.409660188	0.435247507	0.470602946	0.514723527	0.560712225	0.598892434	0.626553008	0.643782523	0.653184092	0.65781503	0.659148357	0.656656135	0.651156319	0.643088827	0.633692354	0.624283345	0.616475458	0.609310375	0.602549419	0.59710698	0.591748677	0.585783061	0.578368262	0.568485175	0.557961445	0.547840057	0.539453326	0.532938887	0.528106541	0.526127721	0.527265498	0.529953805	0.528816407	0.518860407	0.498056068	0.469874889	0.439558842	0.408982369	0.380075308	0.354216316	0.330427843	0.312027375	0.297021682	0.283691535
34	0.187947146	0.189926065	0.195520765	0.209081473	0.234637345	0.266417872	0.29596071	0.31725603	0.332340094	0.34435499	0.350052826	0.348329366	0.336087019	0.318983436	0.305807542	0.296798543	0.291595067	0.289363337	0.288097123	0.287222644	0.289232382	0.295331828	0.306430369	0.322987584	0.343234909	0.364975903	0.386564236	0.407090626	0.432635285	0.467871927	0.512047794	0.557936925	0.596198003	0.624121154	0.641547497	0.651138324	0.655964516	0.657245818	0.654698813	0.649349717	0.641232058	0.631748634	0.622443634	0.614767136	0.60765247	0.600832221	0.595357714	0.590125072	0.584319422	0.576750824	0.566797693	0.556294917	0.546172378	0.537656596	0.531085694	0.526164211	0.524185059	0.525566432	0.528302801	0.527114964	0.517156986	0.496563	0.468370361	0.438309098	0.407453801	0.378195747	0.352242473	0.329750704	0.310995517	0.295744752	0.282036082
39	0.187783614	0.189762539	0.195378282	0.20905697	0.234639981	0.266553486	0.296149641	0.317479706	0.332543994	0.344603208	0.350378101	0.348661535	0.336274253	0.319000793	0.305735659	0.296660164	0.291507552	0.289368351	0.288013522	0.287105998	0.289138813	0.295249157	0.306383967	0.323012785	0.343360606	0.365170455	0.386868218	0.407487324	0.433195729	0.468578924	0.512786863	0.558842393	0.597296079	0.625369696	0.642920151	0.652522392	0.657377166	0.658582995	0.656009138	0.650631711	0.642500292	0.632910419	0.623613536	0.615925606	0.608807782	0.601826108	0.596302145	0.591046112	0.585144923	0.577605678	0.567542941	0.556941556	0.54676103	0.538164303	0.531405098	0.526415572	0.524477368	0.525906259	0.528739385	0.527634289	0.517699653	0.49713647	0.468807928	0.438552231	0.407559164	0.378512186	0.352000763	0.329674659	0.311226674	0.295553426	0.281974321
44	0.18665379	0.18859904	0.194137657	0.207693045	0.233296096	0.265193268	0.294769386	0.316006538	0.331020373	0.343109041	0.348861849	0.347022354	0.334525343	0.317245489	0.30398786	0.294948225	0.289791905	0.287756582	0.28646431	0.285537279	0.287450795	0.293534397	0.304596864	0.321159664	0.341503403	0.363311505	0.384971221	0.405621835	0.431474121	0.467081064	0.511486699	0.557709954	0.596139176	0.624158124	0.641549663	0.651025112	0.655900995	0.656970253	0.654321425	0.648890565	0.640694368	0.631126306	0.621901812	0.614309665	0.607225892	0.600285711	0.594735003	0.589600013	0.583891471	0.576152412	0.565991751	0.555381357	0.545202685	0.536624066	0.529834069	0.524826704	0.523071021	0.524827339	0.52779116	0.526691453	0.516714508	0.495995442	0.467924881	0.437752484	0.406545946	0.377240284	0.351157258	0.32947774	0.310292031	0.29494608	0.281873575
49	0.185684695	0.187595872	0.193151637	0.20671506	0.232249467	0.264058288	0.293617678	0.314860206	0.329868934	0.341859294	0.347659942	0.345841482	0.333324384	0.315909776	0.302706986	0.293668241	0.28853876	0.286494283	0.285215569	0.28429907	0.286169902	0.292282527	0.303345369	0.31990702	0.340265018	0.362109656	0.383733049	0.404354477	0.430385196	0.46597181	0.51031502	0.556582511	0.59502739	0.622980189	0.640357293	0.649744583	0.654619164	0.655636074	0.652939365	0.64748623	0.639280057	0.629629981	0.620479912	0.612893241	0.605738305	0.598840846	0.593292928	0.588149026	0.582435145	0.574625252	0.564502237	0.553880633	0.543748615	0.535150731	0.528269963	0.523276695	0.521575031	0.523362662	0.526424106	0.52541643	0.51555704	0.494825384	0.466396228	0.43663475	0.405837026	0.376450911	0.349881106	0.328257654	0.309296796	0.293520574	0.280861009
5	0.18556266	0.186567371	0.191345986	0.203656756	0.226437091	0.254685272	0.282761925	0.304462381	0.320282384	0.332710623	0.338478701	0.336561822	0.323870304	0.306254725	0.292636364	0.282996987	0.277304968	0.275223277	0.273429267	0.271146335	0.270683226	0.273485542	0.280915076	0.293827032	0.311042788	0.331877122	0.353550349	0.372493255	0.392913977	0.418610238	0.451591141	0.490750953	0.527714647	0.556540275	0.576006499	0.587796131	0.594833789	0.599251971	0.600477796	0.598437577	0.593220691	0.586222327	0.57892197	0.572665733	0.567133356	0.562049951	0.558176946	0.554621625	0.550048342	0.543556622	0.53444278	0.52396737	0.514096735	0.506347909	0.500000865	0.495618397	0.494201663	0.495982317	0.499517	0.499832299	0.492452896	0.475504302	0.450560563	0.423774602	0.396369222	0.370168398	0.346550118	0.326042533	0.309022151	0.294742516	0.281766187
10	0.185617934	0.186708179	0.19162533	0.20404197	0.226964784	0.255149796	0.283054159	0.304690546	0.320559796	0.332993775	0.338739889	0.33689477	0.324210378	0.306602964	0.292970939	0.283122738	0.277440069	0.275430456	0.273643072	0.271286348	0.270843714	0.273705201	0.281200203	0.294110168	0.3114054	0.332332526	0.354183229	0.373251716	0.393690999	0.419511742	0.452540439	0.491595117	0.528533617	0.557348287	0.576486061	0.588003239	0.594955021	0.599261948	0.600480971	0.598294841	0.593049783	0.585897694	0.578465259	0.572227058	0.566830506	0.561766904	0.55782695	0.554214289	0.549609801	0.543151169	0.533901466	0.52351222	0.513813171	0.505995693	0.499524318	0.495201683	0.493970487	0.49586022	0.499332967	0.49945568	0.492159397	0.475126568	0.45037556	0.4238353	0.396551897	0.370523674	0.346536659	0.325452923	0.308207265	0.294566132	0.282593825
15	0.18651632	0.187628588	0.192663669	0.205010061	0.227937131	0.256158367	0.283947146	0.305550912	0.321514257	0.333971879	0.339689138	0.337814153	0.325078245	0.307453464	0.293817549	0.284010686	0.278348741	0.276305674	0.274458072	0.272104544	0.271713074	0.274571659	0.282029569	0.294833703	0.312313134	0.333264118	0.355158544	0.37429105	0.394770043	0.420726298	0.453776846	0.492797289	0.529694687	0.558460004	0.577484576	0.588881311	0.595732501	0.599948635	0.601042003	0.598861128	0.593578307	0.586379089	0.578959873	0.572673035	0.567311179	0.562265104	0.55834693	0.554641773	0.549978753	0.543627686	0.534309876	0.523898338	0.51429595	0.506564361	0.500063309	0.495706669	0.494588027	0.496550244	0.500041875	0.500209213	0.492872112	0.475842225	0.451387551	0.425069252	0.397451873	0.371077206	0.348349357	0.327861951	0.310123253	0.295950669	0.283605739
20	0.186212203	0.187352621	0.19238154	0.204894338	0.227867775	0.255946574	0.283662894	0.305303024	0.321238989	0.333680525	0.339333581	0.337526854	0.324848231	0.307215003	0.293597298	0.283980398	0.278407754	0.276121494	0.274231698	0.271805437	0.271488448	0.274558791	0.282033445	0.294862687	0.312330449	0.333320981	0.355135688	0.3742415	0.394542906	0.420428614	0.453678309	0.492695186	0.529305755	0.558040654	0.577060253	0.588378596	0.594947839	0.599208646	0.600236479	0.598014642	0.592831266	0.58579427	0.578321062	0.572015037	0.566527155	0.561497487	0.557572452	0.553747504	0.549140305	0.542761425	0.533547592	0.52337226	0.513849475	0.506029207	0.499571752	0.495166432	0.494054714	0.495913661	0.49940192	0.499696964	0.492355499	0.475261151	0.45087654	0.423994696	0.396685274	0.371040747	0.346878958	0.326419397	0.309359619	0.294902681	0.283613678
25	0.186454577	0.187703605	0.192683608	0.205151152	0.228258327	0.256488535	0.284118695	0.305702384	0.321623941	0.334114615	0.339729918	0.337878273	0.32526684	0.307561881	0.293816878	0.284199725	0.278696653	0.276376605	0.274496627	0.272140397	0.271887326	0.274968973	0.282403603	0.295307657	0.312914476	0.33393857	0.355707434	0.374821682	0.39518556	0.421127218	0.454321365	0.493425385	0.53001371	0.558737109	0.577718224	0.588964334	0.595497367	0.599460127	0.600278344	0.598135363	0.593107493	0.586088388	0.578537955	0.572245123	0.566698282	0.561660369	0.557746756	0.553856155	0.54917803	0.542821606	0.533672554	0.523600624	0.51395387	0.506055565	0.499774403	0.495399082	0.4941316	0.496062801	0.499704748	0.500172862	0.492906718	0.475925762	0.451406116	0.424722396	0.397371845	0.371131362	0.347211859	0.327076092	0.310141474	0.296073486	0.284300661
30	0.186774816	0.188041182	0.193003393	0.205571268	0.228584292	0.256833087	0.284394373	0.305794683	0.321767777	0.334236082	0.339880488	0.337970945	0.325282255	0.307625144	0.293903208	0.284369636	0.278937616	0.276670109	0.274737469	0.272351936	0.272053632	0.27509067	0.282619444	0.295482748	0.313095673	0.334119828	0.355804099	0.374784373	0.395152804	0.420966558	0.454131553	0.493077065	0.529492374	0.558152128	0.577159168	0.588386583	0.594991128	0.598794769	0.599414124	0.59725329	0.592191433	0.585144015	0.577760964	0.571659361	0.566034077	0.560901571	0.557075166	0.553259349	0.548619118	0.542201314	0.532978126	0.522957878	0.51325302	0.505325675	0.499122928	0.494714735	0.493438149	0.495489771	0.499198531	0.499737977	0.492436011	0.47514204	0.450607937	0.424056185	0.396797419	0.370978837	0.347737892	0.327190795	0.309756321	0.295875405	0.283873775
35	0.187130748	0.188268975	0.193175098	0.205754435	0.228772751	0.25701928	0.284633655	0.306110146	0.322024018	0.334591529	0.340275339	0.338341647	0.325704799	0.307962253	0.29414116	0.284620637	0.279272919	0.27703801	0.27505317	0.27264209	0.272335259	0.275494874	0.282932773	0.29572401	0.31333593	0.334246358	0.355850925	0.374795161	0.395158525	0.42089357	0.453928042	0.492801519	0.529301332	0.558195037	0.577337992	0.588688493	0.59548076	0.599223516	0.599819254	0.597770305	0.592721019	0.585590747	0.578248516	0.572245357	0.566637066	0.561462295	0.557605627	0.55388344	0.549344927	0.542906544	0.533605015	0.523519117	0.51384727	0.505788936	0.499544663	0.495078039	0.493744131	0.495832943	0.499542906	0.49996384	0.492641257	0.475534213	0.451201447	0.424909671	0.39762351	0.371328315	0.347700273	0.327433944	0.310341068	0.295708131	0.284431521
40	0.187174177	0.188369445	0.193307274	0.205956825	0.229007928	0.257306309	0.284878899	0.306303522	0.322266673	0.334771852	0.340511765	0.338550863	0.325899806	0.308033346	0.294225124	0.284722511	0.279410678	0.277144844	0.275134887	0.272734337	0.272476599	0.275609822	0.283006016	0.2959051	0.313578766	0.334469944	0.356194291	0.375125692	0.395555635	0.421360535	0.454460489	0.493341493	0.529761548	0.558535912	0.577570155	0.588853153	0.595650471	0.599333702	0.599838168	0.597723516	0.592547869	0.585401823	0.578123233	0.572163609	0.566612453	0.56134752	0.557504419	0.553814562	0.549305625	0.542776085	0.533480345	0.523424846	0.513784831	0.5056602	0.499372705	0.494935209	0.493674628	0.495884435	0.499685177	0.500247628	0.492893126	0.475612115	0.451212111	0.424801273	0.397778798	0.371829888	0.348299322	0.32771887	0.310659446	0.296447836	0.284598478
45	0.18682267	0.188011012	0.192902215	0.205379075	0.228439126	0.256839699	0.284550633	0.305938798	0.321851863	0.334489525	0.340234764	0.33820731	0.325363489	0.30732058	0.293440835	0.283987075	0.278736659	0.276597757	0.274570164	0.272093936	0.271699592	0.274752199	0.282204924	0.295107719	0.312852372	0.333840248	0.355510477	0.374562525	0.395202481	0.421166819	0.454426675	0.493593165	0.530118734	0.558899848	0.577936099	0.589054541	0.595790165	0.599288186	0.59968108	0.597575857	0.592385308	0.585240875	0.578093221	0.572182966	0.56670092	0.561449539	0.55758141	0.553942227	0.5495301	0.542936361	0.533609168	0.523568254	0.51389077	0.50583881	0.499514098	0.494973236	0.493832488	0.496382157	0.500268778	0.500765274	0.493342849	0.476028418	0.451443988	0.425103074	0.397754168	0.371525195	0.347841007	0.327338748	0.310361717	0.296520726	0.285483099
50	0.186608225	0.187813432	0.192710848	0.205266083	0.228447574	0.256815434	0.28457996	0.306020274	0.321895164	0.334534303	0.340359921	0.338361002	0.325437187	0.307327763	0.293375938	0.283872539	0.278610996	0.276471121	0.274484747	0.272002308	0.271597081	0.274718922	0.282155506	0.295079744	0.312829527	0.333875258	0.35557829	0.374673282	0.395432986	0.421420627	0.454752133	0.494003592	0.530563483	0.55936467	0.578285643	0.589385363	0.59611406	0.599579988	0.600008145	0.597910632	0.592652374	0.585474354	0.578320272	0.572464795	0.566939627	0.56165148	0.557781237	0.554196595	0.549789612	0.543122954	0.533729782	0.523688782	0.514131972	0.506161687	0.499636965	0.495040073	0.494049029	0.496607566	0.500605745	0.501172404	0.493802865	0.476479726	0.452319013	0.425637753	0.398412637	0.372220338	0.348361363	0.3281804	0.311146206	0.297290228	0.285367219
