1	0.191457206	0.192953083	0.198354914	0.21175065	0.235205082	0.262034984	0.287595376	0.306179155	0.321167087	0.332750298	0.33556918	0.330456427	0.314387232	0.296341013	0.283684688	0.275161341	0.270885429	0.269478996	0.26739575	0.265093546	0.265437959	0.269448686	0.278413232	0.292712871	0.310800415	0.33223769	0.353584069	0.37381522	0.396962582	0.426159844	0.463685609	0.506869293	0.544075572	0.57234034	0.591393817	0.603621481	0.610796829	0.615014253	0.616689023	0.615155725	0.610543972	0.6038263	0.597222973	0.592045447	0.587755087	0.584180277	0.580445677	0.577431771	0.572404832	0.565048194	0.556492208	0.547657133	0.539367595	0.531630341	0.525148397	0.522794704	0.522502087	0.525219949	0.531807167	0.535473357	0.527465641	0.508191906	0.481425996	0.452526532	0.424329618	0.400083868	0.377627647	0.357450418	0.341552218	0.328556467	0.316173097
6	0.192940715	0.194524063	0.200274946	0.213584476	0.236431989	0.263252354	0.28905441	0.307285168	0.322075415	0.333473787	0.336475068	0.33166454	0.315748521	0.297402068	0.285246956	0.277122136	0.272892461	0.271775459	0.269312581	0.267241608	0.267657886	0.271751415	0.280380564	0.294470452	0.312763879	0.334657679	0.355847794	0.375644644	0.398282931	0.427101998	0.464182067	0.506920736	0.54418558	0.572229075	0.590811916	0.60332231	0.61028275	0.613751351	0.614949341	0.61345953	0.609701294	0.603036774	0.596597219	0.590835374	0.587023034	0.583984187	0.58009677	0.576235686	0.571274995	0.564774665	0.556919132	0.547617603	0.538869716	0.530685142	0.523969388	0.522057569	0.522648139	0.526151779	0.532848289	0.536422494	0.528864769	0.509106755	0.481541058	0.452281697	0.424088624	0.399688186	0.377217523	0.357218536	0.341582462	0.328279221	0.315933136
11	0.184736653	0.185387457	0.190763845	0.204905615	0.228022485	0.255016011	0.281351804	0.299953643	0.314544461	0.326122647	0.329175486	0.324389042	0.308658283	0.289650866	0.276980009	0.269108218	0.264514588	0.263379678	0.261255423	0.259388119	0.25957084	0.263629595	0.272744842	0.287346186	0.305490833	0.327721333	0.349156846	0.369360957	0.393021438	0.422236556	0.459440643	0.502037785	0.539082951	0.567604096	0.58677944	0.59889265	0.604924055	0.608690878	0.610554984	0.609106901	0.604971398	0.597814648	0.591508733	0.585856649	0.581242468	0.578318288	0.573990303	0.570480936	0.565558672	0.559055	0.550681733	0.541621905	0.532814397	0.52462666	0.519079293	0.516285533	0.516744112	0.520454025	0.526922134	0.530477685	0.523233428	0.502934382	0.475299194	0.445880416	0.417872424	0.392985536	0.37035357	0.3507683	0.333136766	0.320921005	0.308723776
16	0.183970983	0.184842394	0.190345124	0.204476234	0.227406872	0.254397842	0.280908764	0.299479929	0.313746246	0.325245577	0.328467691	0.323865061	0.308203975	0.289027096	0.27633209	0.268396712	0.263592633	0.262609464	0.260575831	0.258641465	0.258681258	0.262977455	0.272438473	0.287059689	0.305028355	0.327122742	0.348893975	0.368927077	0.392625031	0.421641831	0.458602874	0.501067621	0.537962222	0.566534791	0.585372413	0.597214303	0.603192696	0.606884345	0.608777548	0.607209207	0.603075977	0.596253681	0.590056672	0.584333008	0.579287416	0.576245531	0.572067878	0.568774303	0.563891935	0.557245644	0.54879566	0.539831437	0.531158307	0.522932015	0.517483348	0.514460137	0.51463979	0.518389415	0.524662853	0.528373337	0.52100327	0.501059292	0.473772481	0.444355789	0.416591612	0.391465343	0.368561492	0.34839484	0.332746837	0.319738021	0.307418359
21	0.18274165	0.183736094	0.189122963	0.203153117	0.226225223	0.252939531	0.279152564	0.297645593	0.311839217	0.323275682	0.326471381	0.321824806	0.306534959	0.287204825	0.27481954	0.266872679	0.261912424	0.260833781	0.25915857	0.257244091	0.257178623	0.261531545	0.27104945	0.285440622	0.303257315	0.325221651	0.34679717	0.366753543	0.390240921	0.41895279	0.455724815	0.497840473	0.534616984	0.56298166	0.5816405	0.593512963	0.599527167	0.603541962	0.605216671	0.603064737	0.599414888	0.593019778	0.586910592	0.581496333	0.576007112	0.572590052	0.568418214	0.565434989	0.560729339	0.553946594	0.545677172	0.536585383	0.527977374	0.519757316	0.514145403	0.5110542	0.51102848	0.514927101	0.521310864	0.524984292	0.517567297	0.497840943	0.470612839	0.441654527	0.413867672	0.389502506	0.366396315	0.346616335	0.330216104	0.317241959	0.304844166
26	0.182649538	0.183770767	0.189153832	0.203388796	0.226363978	0.253190286	0.279385108	0.297644669	0.311799139	0.323271548	0.326522228	0.321854378	0.306508266	0.287437176	0.27484169	0.266729729	0.261800866	0.260598975	0.258922267	0.25710457	0.257098535	0.261480107	0.271017809	0.285286687	0.303177592	0.325183022	0.346653062	0.366704898	0.390129607	0.419101521	0.456009682	0.498139466	0.534673969	0.563041844	0.581678085	0.593488219	0.599663904	0.603566084	0.604848523	0.60238485	0.599100806	0.592907134	0.586823569	0.581641702	0.576090444	0.572350409	0.568154518	0.56534494	0.560604575	0.553841478	0.545497809	0.536187239	0.527588665	0.519529144	0.513633694	0.510370816	0.510420518	0.514492991	0.521176093	0.524501905	0.517104536	0.497618165	0.471020265	0.441469939	0.414250302	0.389380566	0.366849572	0.346779593	0.330382178	0.31768841	0.305604149
31	0.185486899	0.186780875	0.192186023	0.206461262	0.229351674	0.255981982	0.282095301	0.300334226	0.314569335	0.325950225	0.329248772	0.324437363	0.309029728	0.29063834	0.277910852	0.269703367	0.265116271	0.263912648	0.262213371	0.26053114	0.260740113	0.26506787	0.27424279	0.288366618	0.306212209	0.327917816	0.349117903	0.369152869	0.392421445	0.421100209	0.457675304	0.499562697	0.536058309	0.564273422	0.58320732	0.59524774	0.601651155	0.605636507	0.60653179	0.603954106	0.600966351	0.594964024	0.588914031	0.583950433	0.578448702	0.574560343	0.570496911	0.568069677	0.563352881	0.556541622	0.54807675	0.538418165	0.529961545	0.522104057	0.515744013	0.512483232	0.512495293	0.516697885	0.523656196	0.526633829	0.518902851	0.499496468	0.472689702	0.443549826	0.415671172	0.391384265	0.368522002	0.348589597	0.33307902	0.320112458	0.307819733
36	0.186158371	0.187374459	0.192724834	0.20701265	0.229942789	0.256470693	0.282478191	0.300752766	0.314896393	0.326182287	0.329535656	0.324743118	0.309312987	0.29113264	0.278223626	0.270078093	0.265600183	0.264450869	0.262524608	0.260867304	0.261234427	0.265553734	0.274588929	0.288769936	0.306667094	0.328225155	0.349407786	0.369351815	0.392615014	0.421214855	0.457792242	0.49960484	0.535838508	0.563980955	0.582835949	0.594769123	0.601128902	0.604974461	0.605790813	0.603221147	0.600103458	0.59421264	0.588206992	0.583321726	0.577804702	0.573944372	0.5699907	0.567692649	0.562939688	0.556028125	0.547571453	0.537927807	0.529444405	0.521707491	0.515160145	0.512051831	0.512079399	0.516269911	0.523288621	0.526577436	0.518709683	0.499344374	0.472625039	0.443484596	0.416095095	0.39153593	0.368494979	0.349105974	0.332563298	0.319752645	0.30744117
41	0.186848197	0.188169802	0.193471475	0.207743163	0.230501243	0.257105755	0.282964445	0.301108249	0.315277674	0.326582223	0.329866716	0.324999278	0.309528147	0.29159637	0.278493571	0.270313775	0.266023304	0.264845764	0.262872857	0.261154318	0.261710411	0.26607411	0.274925124	0.28914881	0.307094982	0.328465185	0.349459017	0.369471446	0.392706359	0.421334589	0.457894079	0.499600251	0.535658507	0.563511942	0.58218846	0.594060115	0.600374364	0.604215702	0.604821556	0.602289264	0.598988026	0.593294589	0.587291718	0.582394534	0.577001563	0.573055966	0.569307999	0.567124425	0.562341941	0.555398052	0.546733878	0.537105156	0.528716579	0.521111027	0.514662534	0.51140334	0.511368404	0.515617753	0.522927565	0.526015862	0.518231917	0.49907204	0.472685849	0.443656845	0.415933029	0.391908736	0.369379085	0.350382527	0.334111351	0.320906591	0.308871514
46	0.186728625	0.187856684	0.193226836	0.207416661	0.23036465	0.256905589	0.282687423	0.300893035	0.314982083	0.326141295	0.329399744	0.324632674	0.309101634	0.291270167	0.278218114	0.270087538	0.265890929	0.264625814	0.26256823	0.260954417	0.261552291	0.265919406	0.274714314	0.288847883	0.30679957	0.328084955	0.348965184	0.368969891	0.3922278	0.420704257	0.457099739	0.49872306	0.534483843	0.562173578	0.580700081	0.59256198	0.598879771	0.602609464	0.603087179	0.600425168	0.597075738	0.591513865	0.585487164	0.580623609	0.575191986	0.571386185	0.567894074	0.565734951	0.560912172	0.553872132	0.545163878	0.53564896	0.527261429	0.519696069	0.51318847	0.510131644	0.51008678	0.5141165	0.521237219	0.524425623	0.516527133	0.497578647	0.471367138	0.442438743	0.415317882	0.391025379	0.368657605	0.349103964	0.333397892	0.320644595	0.308231006
2	0.171903912	0.174480386	0.181230756	0.19665981	0.222966892	0.25211244	0.278789068	0.297567036	0.312414844	0.32366796	0.326295067	0.321324912	0.306179045	0.289347543	0.277665998	0.269687415	0.265760999	0.264730724	0.263130483	0.26160426	0.263058251	0.26866121	0.27919473	0.295032956	0.313995876	0.335426252	0.356082065	0.376176632	0.400702825	0.433189191	0.474450904	0.519285926	0.556754532	0.584365187	0.60265436	0.614168313	0.620142888	0.623131152	0.623153941	0.619751328	0.613356505	0.605382461	0.597780132	0.591479393	0.58613827	0.581777243	0.577262175	0.573319501	0.567452722	0.559707582	0.550865229	0.54191425	0.533500725	0.525669636	0.519074099	0.516617273	0.515952145	0.517984371	0.522778084	0.523444546	0.510895184	0.487362928	0.456596357	0.424027905	0.393550796	0.366897692	0.342356885	0.321911702	0.304435284	0.290897075	0.278425552
7	0.17486692	0.17734585	0.184167113	0.199448409	0.225135824	0.254492964	0.281445916	0.300109002	0.314609612	0.325728357	0.328505533	0.323880693	0.308774522	0.291319071	0.279926092	0.27235251	0.268331866	0.267451067	0.265566194	0.264527856	0.26623126	0.271706664	0.282077616	0.298013521	0.31730803	0.339066408	0.359735806	0.379663862	0.404322277	0.436948998	0.478296445	0.523287968	0.560664961	0.588381097	0.606659771	0.61832446	0.623942202	0.625909887	0.625264498	0.62196531	0.616462169	0.608175353	0.600549828	0.59370845	0.588839047	0.584945494	0.580036686	0.5749505	0.56919223	0.56201607	0.553786463	0.544550337	0.535633195	0.527395789	0.520619331	0.518635875	0.518958051	0.521767662	0.526857034	0.527559092	0.516053836	0.491749077	0.460095966	0.427496424	0.396894955	0.36990951	0.345361925	0.323956213	0.307384955	0.293454416	0.281138718
12	0.170733274	0.172585111	0.179240292	0.195302947	0.221087181	0.25023407	0.277473358	0.296115161	0.31029891	0.32133335	0.324070733	0.319431277	0.304819952	0.287380649	0.275622058	0.268327882	0.264110828	0.263312174	0.261693218	0.260731818	0.262134334	0.267618918	0.278379822	0.294665954	0.31354357	0.335391443	0.355984231	0.375925728	0.40108208	0.433410094	0.474050552	0.51825513	0.555288879	0.582944729	0.601299008	0.612505369	0.617204637	0.619383864	0.619485009	0.61629168	0.610445153	0.601823332	0.594401499	0.587655183	0.581988246	0.57834884	0.573153617	0.568588897	0.562933338	0.556036221	0.547380573	0.538196098	0.529316343	0.521093152	0.515566411	0.512501789	0.512423237	0.51528094	0.5198946	0.520406422	0.509217833	0.485148831	0.454393841	0.421564516	0.392020573	0.364843123	0.340434011	0.31976003	0.302983937	0.290112142	0.27754508
17	0.171414889	0.173375914	0.180159703	0.196072959	0.221748571	0.250892395	0.278313073	0.296970052	0.310867122	0.321914805	0.324781814	0.320343665	0.305740733	0.287848625	0.27623795	0.268888855	0.26431669	0.263646623	0.262188142	0.261201614	0.262397528	0.26812536	0.279308354	0.295400809	0.314223631	0.336021155	0.356978303	0.37682033	0.401972131	0.43425467	0.474666732	0.51892047	0.555928013	0.583857052	0.601884287	0.612937644	0.61768738	0.620054693	0.620210313	0.616673322	0.610910634	0.602806871	0.59542747	0.588747332	0.582509975	0.578797664	0.573629428	0.569396708	0.563740407	0.556487821	0.547801368	0.538705877	0.530023128	0.521863217	0.516430938	0.513112415	0.512668542	0.515433232	0.520067586	0.520632098	0.509424202	0.485557841	0.454434929	0.422127626	0.392271889	0.36546702	0.34090519	0.319744493	0.30275205	0.289745495	0.277225031
22	0.17248066	0.174570932	0.18127212	0.197301037	0.222922016	0.252149971	0.279318184	0.297865413	0.311736043	0.322822242	0.325695098	0.321089066	0.306622096	0.288566126	0.277069595	0.269589404	0.264912479	0.264193351	0.263018734	0.261988906	0.263051985	0.268904854	0.280182221	0.296228905	0.314961928	0.336802935	0.357756429	0.377614358	0.402790368	0.435098622	0.475728785	0.519800618	0.556550495	0.584248445	0.601956748	0.612828009	0.617711184	0.620128122	0.620055794	0.61602069	0.610750527	0.603018984	0.595681162	0.589302968	0.582771055	0.578518712	0.573430344	0.569475926	0.563928805	0.556618938	0.548056091	0.538839455	0.530290802	0.522216497	0.516562111	0.513291537	0.512835594	0.515961352	0.520822127	0.521638184	0.51024115	0.486515402	0.455972192	0.423506201	0.393772011	0.366324533	0.34189648	0.321299539	0.303537739	0.290922112	0.279076809
27	0.170965859	0.173205591	0.179942966	0.196186361	0.22202205	0.251090062	0.278199439	0.296630528	0.310454021	0.321532139	0.324437278	0.319909905	0.305422356	0.287682094	0.276028629	0.268383228	0.263771706	0.262841118	0.261806696	0.260793216	0.262057995	0.267832508	0.278893307	0.294880742	0.313744612	0.335578432	0.356283547	0.376340278	0.401326975	0.433658762	0.474144441	0.518111627	0.554695343	0.582303925	0.600088823	0.6109445	0.615927609	0.618375389	0.617899396	0.613579491	0.608583059	0.601040726	0.593707341	0.587531268	0.58097804	0.576410557	0.571324176	0.567658872	0.562115516	0.554813522	0.546307398	0.536811469	0.528133568	0.520093922	0.513948564	0.510671457	0.510198721	0.513323797	0.518406196	0.518748599	0.507328595	0.484022105	0.453883729	0.421329301	0.391757895	0.364861425	0.340484757	0.319623926	0.302599459	0.288982288	0.277079425
32	0.17290128	0.175222837	0.181845638	0.198165748	0.223778584	0.252755357	0.279921522	0.298370199	0.312391889	0.323336372	0.326451145	0.321736074	0.306997	0.289694008	0.277668877	0.269947201	0.265687279	0.264731492	0.263435693	0.262527483	0.264028495	0.269851824	0.280757218	0.296566579	0.315512089	0.33712847	0.357703597	0.377768925	0.402872617	0.435344642	0.475994435	0.520152067	0.556764984	0.584453273	0.602561194	0.613747706	0.618858171	0.621357061	0.620510597	0.616085471	0.611383417	0.604055782	0.596764273	0.590735857	0.584201029	0.579359405	0.574457225	0.571153418	0.565501832	0.558075345	0.549310187	0.539578474	0.531062452	0.523212315	0.516846797	0.513385897	0.513073398	0.516559043	0.522113401	0.522390917	0.510730052	0.48714342	0.456358439	0.424101647	0.393867329	0.367179282	0.34278594	0.321836967	0.305021919	0.291588341	0.27987258
37	0.174307992	0.17664682	0.183220554	0.199485977	0.22500227	0.254016636	0.281159863	0.299611554	0.313533795	0.32450201	0.327599422	0.322839252	0.308044678	0.290860718	0.278659635	0.270861113	0.266720717	0.265805763	0.264462316	0.263576779	0.26516751	0.27099465	0.28178924	0.297655395	0.316655699	0.338225531	0.358756986	0.378924046	0.404111622	0.436608131	0.477387558	0.521453614	0.55786883	0.585370565	0.603308607	0.614284015	0.619338965	0.621790849	0.620743188	0.616226761	0.611538672	0.604354559	0.597072755	0.591119757	0.584554553	0.579715924	0.574922614	0.571639921	0.566012375	0.558648329	0.549826621	0.540146853	0.531655323	0.524011174	0.517421706	0.51416851	0.513812316	0.51737833	0.523189584	0.523663618	0.5119032	0.488390161	0.45795471	0.425659559	0.395215016	0.368879783	0.344324201	0.322752384	0.306470961	0.293223362	0.280862445
42	0.17460385	0.176892479	0.183512757	0.199815752	0.225497501	0.254458678	0.28148844	0.299969786	0.31383262	0.324846242	0.327894394	0.323028026	0.308076739	0.29107746	0.278779278	0.270985369	0.266969605	0.266077961	0.264596874	0.263745288	0.265458991	0.271293762	0.28199084	0.29792419	0.316907614	0.33834185	0.35884473	0.379017909	0.404317522	0.436844267	0.477704048	0.521732859	0.558065576	0.585450519	0.603301986	0.614209616	0.619263122	0.621713886	0.620480609	0.615975981	0.61110786	0.604069992	0.59686863	0.590885557	0.58437383	0.579549589	0.574915626	0.571712205	0.566047909	0.558633495	0.549623231	0.539878588	0.531464786	0.523801665	0.517267116	0.514053496	0.513795936	0.51736196	0.52332817	0.523764656	0.512120412	0.488592012	0.458071614	0.425756852	0.395466414	0.368763011	0.344187062	0.323429022	0.306979186	0.293600088	0.281064477
47	0.174999601	0.177288387	0.183902914	0.200070086	0.225954579	0.254963051	0.282082259	0.300576526	0.314459	0.325416585	0.328434439	0.323667791	0.30858669	0.291738659	0.279220509	0.271503525	0.267517113	0.266519899	0.264880422	0.264223416	0.265955022	0.271807681	0.282427047	0.298428694	0.317574008	0.339026294	0.359583071	0.379793645	0.405291533	0.437759916	0.47872241	0.523047732	0.559366921	0.586560999	0.604364807	0.615232858	0.62016154	0.622466473	0.621198591	0.616562142	0.611649647	0.604559909	0.597348345	0.591326154	0.584809471	0.580057677	0.575513394	0.572431492	0.566770028	0.559048439	0.550062241	0.540379259	0.531889621	0.524236646	0.517624842	0.514433972	0.514066441	0.517610682	0.523567482	0.523888798	0.512198794	0.488731872	0.458433575	0.426166026	0.396105372	0.369279672	0.345046107	0.324049624	0.306585645	0.293452174	0.281034378
3	0.217720098	0.220125916	0.226242798	0.240943794	0.266912373	0.295331975	0.319534199	0.33638282	0.349240826	0.35819508	0.359172409	0.353614652	0.34024154	0.326046179	0.316263639	0.309378011	0.306030363	0.305199808	0.304406074	0.304399801	0.307757583	0.315479234	0.328186323	0.34588169	0.365363294	0.385749098	0.405055126	0.425666162	0.454773401	0.495552362	0.544646544	0.591760454	0.626536262	0.650484954	0.666053025	0.675689487	0.679765031	0.680576645	0.678307891	0.672785257	0.664529106	0.655063176	0.645782405	0.638040139	0.63123095	0.625252008	0.619173432	0.613978234	0.607098448	0.598827097	0.590166989	0.581527214	0.573404083	0.565793255	0.559434004	0.556890325	0.555963264	0.557753477	0.56268051	0.56416933	0.553920354	0.533805594	0.507271566	0.478795131	0.451034323	0.426619347	0.403608581	0.384561298	0.367354579	0.354246559	0.3410928
8	0.219681138	0.222004484	0.228242622	0.242991481	0.268711102	0.297448152	0.322154142	0.338866349	0.351506204	0.360276486	0.361530476	0.356370276	0.342903424	0.328049855	0.318496334	0.312199782	0.308668957	0.308055011	0.306995061	0.307511196	0.311047229	0.318741059	0.331358013	0.349233588	0.369113928	0.38991025	0.40914874	0.42954123	0.458823695	0.499709259	0.548656836	0.595531579	0.630015875	0.65385821	0.669098317	0.678883141	0.682808296	0.682670695	0.679782733	0.674322845	0.667042021	0.657155935	0.648155232	0.639843982	0.633251343	0.627772003	0.621374875	0.6151255	0.608377715	0.600899958	0.592703733	0.583697205	0.575142449	0.567158212	0.560586919	0.558334128	0.558480554	0.561048456	0.565974441	0.567240568	0.557479592	0.536176134	0.508454504	0.479241717	0.451628952	0.426628277	0.404017293	0.383818116	0.366773214	0.353782788	0.341147942
13	0.21528664	0.216945099	0.222959934	0.238284301	0.263843252	0.292397792	0.317382663	0.334102547	0.346280475	0.355237389	0.356255889	0.351037729	0.337955427	0.322981682	0.313000786	0.30689107	0.303238106	0.30267803	0.301847072	0.302465625	0.3056585	0.313337837	0.32653763	0.344623327	0.364360155	0.38540264	0.404747515	0.425389114	0.455391903	0.496447694	0.545338638	0.592130338	0.626612772	0.650738796	0.666328173	0.675527473	0.678687824	0.678698498	0.676500899	0.670974698	0.663123828	0.653003991	0.644053623	0.635751559	0.628554209	0.623315997	0.616647752	0.610673544	0.603899527	0.596378567	0.587836905	0.578990683	0.570529995	0.562477035	0.556964008	0.553763714	0.553462222	0.556167565	0.560812353	0.562013388	0.552573624	0.531675607	0.504488938	0.475389593	0.448418771	0.423130123	0.400196042	0.38051637	0.363414222	0.350610322	0.338224402
18	0.215415571	0.217294148	0.223464535	0.23876789	0.264356487	0.292933707	0.31792903	0.334636335	0.346519078	0.355261758	0.356577939	0.351507602	0.338417203	0.323082959	0.31320829	0.306955346	0.302949936	0.302647898	0.301989483	0.302531305	0.305554435	0.313475856	0.327036226	0.344990651	0.364538092	0.385520784	0.405169902	0.425706313	0.455579649	0.496306506	0.544752849	0.591366429	0.625427924	0.649528034	0.66454293	0.673525757	0.676639467	0.676775235	0.67453137	0.668718358	0.661212372	0.651567637	0.642702991	0.634460128	0.626676273	0.62141566	0.614804598	0.60921265	0.602537201	0.594852903	0.586399621	0.577664852	0.569366686	0.561292443	0.555906099	0.552596991	0.552033129	0.554714127	0.559357796	0.560472317	0.551254801	0.530860671	0.503737002	0.474741505	0.447744874	0.423078751	0.399831796	0.380524669	0.363344942	0.350513982	0.338272666
23	0.215256058	0.217262956	0.223298062	0.238484564	0.264041317	0.292194159	0.316852038	0.33324948	0.344927885	0.35372199	0.354985263	0.349893579	0.33704188	0.321865413	0.312123797	0.305846452	0.301725626	0.301280032	0.300845689	0.301465566	0.304356222	0.312204305	0.32574948	0.343387682	0.362677881	0.383370385	0.402720716	0.423047446	0.452532712	0.492763316	0.540811847	0.58662918	0.620341351	0.644256925	0.659081937	0.668021378	0.671249858	0.671620403	0.669108153	0.66278755	0.655765036	0.646515766	0.637700159	0.629801677	0.62175218	0.61606758	0.609502817	0.60423869	0.597740121	0.589979782	0.581629152	0.572741382	0.564507814	0.556532621	0.550789389	0.547468136	0.546942127	0.549800548	0.554589081	0.555971945	0.546837689	0.526807825	0.500758383	0.472570058	0.445907404	0.421185707	0.398697406	0.379328013	0.362927861	0.350054558	0.337580327
28	0.214408937	0.216331314	0.222445259	0.237868446	0.26341894	0.291569601	0.31610995	0.332295269	0.344016151	0.352725139	0.353957444	0.348809817	0.335944281	0.320953829	0.311125656	0.304623041	0.300609539	0.299988662	0.299703805	0.300285308	0.303311156	0.311155562	0.324554922	0.342211518	0.361576331	0.382358661	0.401649461	0.422071094	0.451553599	0.491932792	0.539899261	0.585749783	0.619316831	0.642887669	0.657734983	0.666560502	0.669810959	0.670154033	0.667228765	0.660699463	0.653936058	0.644880667	0.636167043	0.628562206	0.620544648	0.61449327	0.608042401	0.602984207	0.596513198	0.588891007	0.580467534	0.571441696	0.563131845	0.555280533	0.549270408	0.54593167	0.545349804	0.548387873	0.553463414	0.554844948	0.545695217	0.526221513	0.50029875	0.472544338	0.445728744	0.421298544	0.399231612	0.379352816	0.363263406	0.350007598	0.337789118
33	0.213931574	0.216117662	0.222067933	0.237441732	0.262835631	0.290821418	0.315380576	0.331615537	0.343439481	0.352084565	0.353434898	0.348258992	0.335279441	0.320781464	0.310680367	0.304137813	0.300439518	0.29983374	0.299301083	0.299891302	0.303174276	0.311034045	0.324037181	0.341573813	0.360888785	0.381333605	0.400297256	0.420591721	0.449929549	0.48996265	0.537755319	0.583358024	0.616769458	0.640479957	0.655625534	0.664861187	0.668343057	0.66874061	0.665470306	0.658823497	0.65221627	0.643427757	0.63477765	0.627288913	0.619286105	0.613089357	0.606849798	0.602294094	0.595675232	0.587873146	0.5792026	0.569862172	0.561672696	0.554120751	0.547725016	0.544302638	0.543594026	0.546778534	0.55216696	0.553199917	0.543880704	0.524425278	0.498363906	0.470482597	0.443787645	0.419703465	0.397352464	0.377383859	0.361936817	0.349018197	0.336915607
38	0.212659851	0.214698868	0.220584824	0.235974844	0.261200554	0.289061944	0.313463829	0.329697468	0.341296918	0.349933276	0.351228851	0.345980441	0.333001344	0.318729396	0.308419341	0.301945168	0.29832848	0.297612963	0.297108976	0.297737051	0.301052521	0.308828606	0.321749698	0.33918086	0.358513512	0.378850109	0.397752544	0.418043486	0.447239174	0.48717898	0.534805338	0.580449168	0.613586688	0.637108146	0.652242549	0.661279289	0.664701512	0.664962811	0.661669133	0.655020903	0.648348976	0.639529566	0.630869217	0.623432931	0.61542038	0.609256144	0.603098686	0.598596952	0.591978172	0.584084308	0.575378562	0.566035206	0.557896406	0.55030604	0.543892077	0.540390888	0.539810483	0.543015636	0.548462342	0.549629396	0.540419837	0.52120692	0.495481882	0.468449357	0.441992109	0.418196476	0.396236266	0.376256156	0.360748321	0.347411592	0.335574549
43	0.212495265	0.214544354	0.220541238	0.236083241	0.261740374	0.289989591	0.31451212	0.330900387	0.342775986	0.351474466	0.352820551	0.347519898	0.334283908	0.319895414	0.309347297	0.302712127	0.299260398	0.298554292	0.297881532	0.298563839	0.302106824	0.310071037	0.322930481	0.340608764	0.360186632	0.380568748	0.399627103	0.42022326	0.449954522	0.49033094	0.538520138	0.584395355	0.617714961	0.64119048	0.656293276	0.665373965	0.668725088	0.668998504	0.665389819	0.658645353	0.651799999	0.643141264	0.634464298	0.626991124	0.618996128	0.61280848	0.606802346	0.602373512	0.595714308	0.587750382	0.578813275	0.569294666	0.561090002	0.553576443	0.547185846	0.543768012	0.543104711	0.546432521	0.552090019	0.553003062	0.543424873	0.523866371	0.497986049	0.469689452	0.442676898	0.418541753	0.396186389	0.376667273	0.360342522	0.347417216	0.335454635
48	0.211637312	0.213715776	0.219668414	0.235182082	0.260791996	0.289087603	0.313590325	0.329927508	0.341703317	0.35024513	0.351568728	0.346281818	0.33299945	0.31879591	0.308237856	0.301594001	0.298245242	0.297458329	0.296677702	0.297434091	0.301007549	0.308948176	0.321813999	0.339538463	0.35910619	0.379444336	0.398498926	0.419040587	0.448838458	0.489106936	0.537274937	0.583083794	0.616127771	0.639326465	0.65422	0.66324204	0.666382354	0.666591775	0.662929216	0.656112595	0.649124125	0.640632897	0.631992836	0.624458759	0.616524052	0.610360061	0.604577438	0.600135458	0.593469134	0.585368172	0.576467199	0.567085084	0.558976194	0.551399001	0.545083837	0.541676086	0.541004573	0.544209561	0.549798118	0.550895513	0.541247946	0.521655416	0.496107321	0.467707588	0.441049042	0.416948079	0.394665218	0.375123559	0.359056822	0.345573754	0.333758175
4	0.172971571	0.176032386	0.183463548	0.199979931	0.228293534	0.259781127	0.28771929	0.306656173	0.321610502	0.333409111	0.336740041	0.332411751	0.317620059	0.300873869	0.289291131	0.281455475	0.27765165	0.2766812	0.275355894	0.274630677	0.27720399	0.284092471	0.296096516	0.313419774	0.333465329	0.355285347	0.376177594	0.397056389	0.423655095	0.45977147	0.504779589	0.55231762	0.590302839	0.617502504	0.635240579	0.646130538	0.651554624	0.653766245	0.652707615	0.648104549	0.640613819	0.631893168	0.623620677	0.616803648	0.610879026	0.606079688	0.600956913	0.596452514	0.590104957	0.581991021	0.572690443	0.56330724	0.554522565	0.546224726	0.539395818	0.536527436	0.535138745	0.536465542	0.540495726	0.539900181	0.525846736	0.499979241	0.466638298	0.431854622	0.399529884	0.371094148	0.345584811	0.323800692	0.305168218	0.291605396	0.278334403
9	0.175749487	0.178766389	0.186078582	0.202417128	0.23010077	0.261544598	0.289371857	0.307958162	0.32262105	0.333898089	0.337610936	0.333521225	0.318948728	0.301833313	0.290775453	0.283562014	0.279735641	0.27894895	0.277472129	0.277164041	0.279805495	0.286575227	0.298351269	0.315732469	0.335871145	0.35771761	0.378347974	0.398808198	0.425364286	0.461325389	0.506295392	0.553267179	0.591196461	0.618565915	0.636251174	0.647431276	0.652699261	0.654015573	0.652382701	0.647905836	0.641329211	0.632080877	0.623854681	0.616490275	0.611029388	0.606435066	0.601042914	0.595574431	0.589540255	0.582182511	0.57334185	0.563622002	0.554248947	0.545747526	0.538458773	0.535983746	0.535655967	0.537613372	0.541733122	0.541137691	0.52814034	0.501747234	0.467963955	0.43300315	0.401139501	0.373184812	0.347557032	0.325592025	0.307817172	0.29341321	0.281457561
14	0.17230986	0.174502849	0.181776277	0.198888276	0.22652285	0.257827562	0.28601039	0.304696418	0.318794818	0.330318763	0.333744557	0.329791301	0.315630704	0.298472346	0.286979573	0.279929816	0.275789361	0.27507357	0.273751701	0.273544024	0.275899722	0.282704193	0.294981039	0.312540044	0.332236912	0.354274598	0.374950954	0.395490294	0.422489991	0.45808907	0.502358302	0.548907063	0.586178319	0.613528356	0.631385563	0.642127257	0.646231818	0.647835476	0.646893523	0.642494069	0.635696661	0.626226447	0.618075011	0.610760398	0.604657361	0.600577296	0.594953264	0.589908738	0.58387305	0.576484956	0.567440861	0.55792942	0.54868391	0.540089923	0.534239916	0.530709721	0.530002833	0.532005722	0.535616072	0.535114557	0.522270034	0.496263166	0.462964489	0.4288006	0.397325073	0.368482669	0.343364558	0.321194652	0.304481848	0.29023827	0.277772868
19	0.171889935	0.174383455	0.181727089	0.198633567	0.226136977	0.257388272	0.285586425	0.30422484	0.31806274	0.329541542	0.333081435	0.329279283	0.315231345	0.29764185	0.286236585	0.279174023	0.274702159	0.274104393	0.273014133	0.272701136	0.274965029	0.281950122	0.294579987	0.311992572	0.331549841	0.353528227	0.374549283	0.394900816	0.421948706	0.457386469	0.501548246	0.548061306	0.585326969	0.612760645	0.630223839	0.640809572	0.645112948	0.646694453	0.645695454	0.640886642	0.634190782	0.625284078	0.617243721	0.610010839	0.603208747	0.598945852	0.593338418	0.588649389	0.582629167	0.575009435	0.565999256	0.556407918	0.547318616	0.538744386	0.532886787	0.529200391	0.528166091	0.530273649	0.533782941	0.533328532	0.520612084	0.494917024	0.461926868	0.428070021	0.396525773	0.367724431	0.341843323	0.320784959	0.30300582	0.289411852	0.277031356
24	0.171667261	0.174213617	0.181495597	0.198499347	0.226125651	0.257322591	0.28541111	0.303900684	0.317738012	0.329205759	0.332803343	0.328929716	0.315012209	0.297385706	0.286018728	0.278765348	0.274180269	0.273476807	0.272742286	0.272559136	0.274669831	0.281700286	0.294425736	0.311633799	0.331312302	0.353346594	0.374366206	0.394853834	0.421904412	0.457502464	0.501713758	0.548195506	0.585482016	0.61293964	0.630328169	0.640950482	0.645265214	0.647098516	0.645917507	0.640502454	0.634303173	0.625721927	0.617763101	0.61080136	0.60369796	0.599004576	0.593242206	0.588856961	0.582937006	0.575160282	0.566255732	0.556634147	0.547530022	0.539014692	0.532762732	0.529124736	0.528031448	0.530334751	0.534368554	0.533590428	0.520787529	0.495083663	0.462086048	0.428038861	0.396259076	0.368112047	0.342445497	0.320149621	0.302754947	0.289080249	0.276547957
29	0.168711132	0.171389386	0.178687801	0.195866689	0.223669351	0.254826195	0.282940655	0.301405631	0.315240372	0.326657009	0.330356923	0.326394841	0.312390205	0.294874901	0.283432749	0.27598623	0.271525498	0.270758672	0.269905214	0.269712882	0.271880226	0.278894082	0.291503243	0.308762721	0.328463152	0.350551255	0.371441282	0.392012201	0.41888043	0.454403181	0.498583364	0.544827086	0.581660487	0.609008528	0.626405146	0.636960878	0.641438595	0.643171539	0.641601011	0.636055187	0.630058225	0.621696381	0.613657096	0.606943895	0.599853647	0.594937853	0.589385597	0.585259399	0.579248171	0.571553273	0.562603927	0.552815237	0.543707862	0.535386661	0.528861762	0.525049726	0.523941841	0.52640383	0.530592423	0.529841546	0.516901604	0.491338704	0.458562195	0.424744601	0.39292487	0.364767659	0.34018814	0.317772238	0.30039849	0.286306223	0.273728174
34	0.168537896	0.171265501	0.178476546	0.195675742	0.223168921	0.254074062	0.282036146	0.300447584	0.314290844	0.325727277	0.329506534	0.325457269	0.311278031	0.294353368	0.282598079	0.275130903	0.270998389	0.270129231	0.269196462	0.269065366	0.271569871	0.278688649	0.290907231	0.30800674	0.327763099	0.349552287	0.370153653	0.390809524	0.417679616	0.453303857	0.497533083	0.543829391	0.580903551	0.608400012	0.626056825	0.636783002	0.641495737	0.643288754	0.641441181	0.635765665	0.62992387	0.621864364	0.613901302	0.607343778	0.600327627	0.59510474	0.589639084	0.585846975	0.579767106	0.571973625	0.562890514	0.552731186	0.543786692	0.535627313	0.52882571	0.524921108	0.523824338	0.526476962	0.531074724	0.52999337	0.517084081	0.4915756	0.458879166	0.424743028	0.392818044	0.36486781	0.339005589	0.317430072	0.299717623	0.286099486	0.274147303
39	0.168233534	0.170914839	0.178030938	0.195307223	0.222631451	0.253573124	0.281446534	0.299832378	0.313749414	0.325038069	0.328818493	0.32474	0.310578182	0.293734954	0.281899906	0.274452987	0.270372818	0.26958741	0.26851582	0.268387212	0.270974781	0.277980007	0.290260227	0.30738758	0.327170069	0.348956048	0.36955083	0.390274984	0.417240401	0.452946752	0.49729238	0.543780203	0.580741769	0.607978948	0.625525893	0.636178329	0.64079699	0.642464347	0.640480672	0.634764235	0.628844406	0.620775429	0.612854089	0.60627874	0.599197889	0.594015373	0.58862515	0.584925738	0.578821016	0.570915748	0.56169758	0.551535162	0.542665124	0.534547885	0.527473018	0.52376115	0.522676576	0.525285318	0.530035431	0.529297042	0.516184139	0.490878035	0.458290272	0.424549138	0.392705131	0.364790884	0.33908986	0.316840071	0.300039207	0.285838343	0.273447005
44	0.167670339	0.170410847	0.177583426	0.194712602	0.222315563	0.253320807	0.281116672	0.299609983	0.313561245	0.3247508	0.328611188	0.324460226	0.310073957	0.293299002	0.281222463	0.273754744	0.269877442	0.268980152	0.267824383	0.267756112	0.270499218	0.277674209	0.289603941	0.306928387	0.326800043	0.34848369	0.369048873	0.389840715	0.417065677	0.45289231	0.497432702	0.543953647	0.580973667	0.608152826	0.625639996	0.63620799	0.640758151	0.6424726	0.640214444	0.634496803	0.628470362	0.620508896	0.612525326	0.60597351	0.599013574	0.593841642	0.588596119	0.584907359	0.578902485	0.570858444	0.561539211	0.551271143	0.542316485	0.534284684	0.527279038	0.523582307	0.522501709	0.525204839	0.530331504	0.529375516	0.516140623	0.490881219	0.458388583	0.424102436	0.392555707	0.364341794	0.338653929	0.317001037	0.299716797	0.286160975	0.273279488
49	0.167035055	0.169759337	0.176890315	0.194051732	0.22170703	0.252656401	0.280500303	0.298954611	0.312728291	0.324113519	0.327848854	0.323730487	0.309200791	0.292641682	0.280430953	0.272966731	0.26911975	0.268241282	0.266965241	0.266890348	0.269725412	0.276817929	0.288813589	0.306130339	0.32609374	0.347790142	0.368431668	0.389319659	0.416643527	0.452513928	0.497081959	0.543723971	0.580527711	0.607511588	0.624845967	0.635338191	0.639685291	0.641388249	0.639020592	0.633327658	0.627262892	0.619328284	0.611365738	0.60473987	0.597791844	0.592594181	0.587687554	0.583945267	0.577783811	0.569859152	0.560394331	0.550205793	0.54132669	0.533245811	0.526296753	0.522542631	0.521498183	0.524267651	0.529215646	0.528424501	0.515410065	0.490205982	0.45765081	0.423916454	0.391698393	0.363996117	0.338422394	0.316349765	0.298734003	0.285580618	0.272456625
5	0.164462236	0.166809237	0.173494339	0.188423463	0.213194462	0.240787289	0.266857996	0.285812557	0.301066942	0.312932788	0.31600114	0.311507974	0.296508266	0.279564093	0.267461709	0.259317123	0.255532418	0.254542312	0.252502752	0.250092057	0.250311039	0.254112337	0.262294187	0.275793631	0.293051238	0.31405969	0.334916488	0.354001015	0.37486947	0.400652302	0.434452791	0.474538114	0.51079874	0.538889095	0.558027918	0.57035083	0.577382893	0.581934114	0.584053124	0.582637469	0.578057096	0.571636879	0.565275115	0.560307775	0.556336416	0.552945441	0.549551292	0.546681384	0.54174552	0.534835949	0.526190772	0.517218583	0.508917232	0.501296315	0.495136483	0.492543011	0.491906112	0.4941376	0.499510929	0.500957553	0.490140643	0.46867956	0.440418937	0.410196314	0.381523435	0.356417903	0.333551758	0.313782408	0.297101518	0.284437911	0.27283056
10	0.168693296	0.171004155	0.177603725	0.192474185	0.216619645	0.244232328	0.270507309	0.289352989	0.30466396	0.316199072	0.31949867	0.315185249	0.300114967	0.282412773	0.270833452	0.263269641	0.259306118	0.258443771	0.256317855	0.254502895	0.254711806	0.258350199	0.266441772	0.279942566	0.297605429	0.318818126	0.339385116	0.358340409	0.379375048	0.405433473	0.439239053	0.479284565	0.515604534	0.543874683	0.563049433	0.575656672	0.58267985	0.586284381	0.587806405	0.586545366	0.58275503	0.575923866	0.569697206	0.564250877	0.560519138	0.557699909	0.55384792	0.550040928	0.545399235	0.539156919	0.53095858	0.521828226	0.512957599	0.504839027	0.498221247	0.496138325	0.496559471	0.499513544	0.504968331	0.506426924	0.496897749	0.474701517	0.445348178	0.41481279	0.386681147	0.361058413	0.33848056	0.317922491	0.302594017	0.289338332	0.277664462
15	0.163441561	0.165163858	0.171718376	0.187198424	0.211575881	0.239176654	0.265959154	0.284987508	0.299765127	0.311526755	0.314822935	0.31059985	0.296119252	0.27813015	0.266080491	0.258667435	0.254428083	0.25375017	0.251670528	0.249850283	0.249830781	0.25358204	0.262228378	0.276052782	0.293280081	0.314760957	0.335497494	0.354552329	0.376087338	0.401901618	0.435088953	0.474620407	0.51060554	0.538983051	0.558177602	0.57020873	0.576194042	0.580248707	0.582559639	0.5812705	0.577172116	0.569995711	0.563915798	0.558627541	0.554292144	0.551756316	0.547804807	0.544303846	0.539552597	0.533195431	0.524856482	0.515952483	0.507287319	0.499290211	0.493811764	0.490794734	0.490674633	0.493689806	0.498733234	0.500076033	0.490299701	0.467959629	0.439007907	0.408820344	0.380778887	0.355148801	0.33195275	0.311799876	0.295739914	0.283212779	0.271242721
20	0.166605724	0.168367264	0.175001799	0.190402964	0.214505579	0.242094559	0.268802635	0.287820041	0.302320379	0.313878001	0.31734352	0.313362016	0.298907584	0.280685853	0.268788221	0.261227225	0.256722824	0.256137738	0.254241939	0.252410274	0.252255133	0.256219994	0.265215654	0.278884651	0.295885329	0.317267269	0.338383546	0.357251835	0.378697246	0.404252399	0.437321278	0.476820569	0.512653567	0.541215567	0.560095892	0.572030208	0.578073942	0.582196145	0.584373807	0.582699382	0.578805064	0.572224075	0.566191929	0.560835742	0.555894284	0.553204791	0.549174662	0.546068552	0.541415671	0.534819253	0.526538863	0.517610435	0.509014512	0.501018848	0.495524735	0.492359064	0.491985618	0.495058443	0.500075354	0.501472454	0.491910818	0.470100139	0.441439045	0.411660972	0.383388459	0.357726125	0.334888616	0.314799584	0.298509492	0.285915262	0.274669024
25	0.167009547	0.168989899	0.175468079	0.190998299	0.215305503	0.242760343	0.269359726	0.288234683	0.302796542	0.314432373	0.317810671	0.313670049	0.299356074	0.281247791	0.269346792	0.261729227	0.257134769	0.256392319	0.254831541	0.253014455	0.252820435	0.256812234	0.265739077	0.279293704	0.296334656	0.317713086	0.33870159	0.357710753	0.379009679	0.404647145	0.4379177	0.477242735	0.512932191	0.541452635	0.560272613	0.572215394	0.578487064	0.582726132	0.584631914	0.582528523	0.579176142	0.572886029	0.566837823	0.561836553	0.556555125	0.55340268	0.549346262	0.546647559	0.542009799	0.535352116	0.52726638	0.518132519	0.509517201	0.501510832	0.495802702	0.492507087	0.492189731	0.495511118	0.500792878	0.50214608	0.492324041	0.470349192	0.442049113	0.41162463	0.383857129	0.358170053	0.334611072	0.314889334	0.298514091	0.28554246	0.274382508
30	0.164454789	0.166373219	0.173014729	0.188746306	0.213157728	0.24059447	0.267288306	0.286078326	0.300631299	0.312295285	0.315771575	0.311612809	0.297274566	0.279277417	0.26716383	0.259383038	0.254834409	0.25400843	0.252547183	0.250699246	0.250614187	0.254553558	0.263445696	0.276880069	0.294053091	0.315433546	0.336323697	0.355349592	0.376729167	0.402474521	0.435616243	0.47483778	0.510358314	0.538613155	0.557506754	0.569397585	0.575644781	0.579875185	0.58144245	0.579073923	0.575942373	0.56977972	0.563787379	0.558911843	0.553652994	0.550217493	0.546214037	0.543734299	0.539073062	0.532396125	0.524196787	0.514859534	0.506319481	0.498409204	0.492449243	0.489059242	0.488799187	0.492307233	0.497809378	0.498980832	0.489049324	0.467378372	0.439270065	0.408654805	0.380859099	0.355402368	0.332556592	0.31255744	0.297123023	0.284427443	0.27288755
35	0.168041533	0.170079489	0.176558474	0.192363975	0.216578539	0.243976785	0.270531349	0.289340478	0.304095054	0.315646236	0.31913159	0.31482729	0.300327367	0.28279917	0.270394868	0.262546393	0.258353855	0.257492306	0.255817239	0.253977683	0.254147534	0.258076697	0.266710468	0.280196477	0.297358797	0.318582078	0.339335102	0.358405553	0.37981602	0.405637849	0.439006767	0.478306636	0.513893779	0.542348777	0.561590166	0.57380059	0.580333821	0.584588705	0.585771984	0.583290006	0.58025338	0.574468066	0.568440977	0.563745176	0.55848353	0.554803651	0.551040693	0.548928302	0.544211598	0.537427699	0.52896036	0.519356889	0.510871748	0.503082502	0.496784117	0.493324061	0.493009146	0.496669992	0.502571746	0.503667963	0.493426271	0.471944842	0.443620202	0.412918483	0.385082841	0.359611753	0.336529679	0.316810764	0.301221897	0.288025276	0.277133609
40	0.169197768	0.171211571	0.177632852	0.193385306	0.217668712	0.244998332	0.27140874	0.290226966	0.304817329	0.316332183	0.319859606	0.315553252	0.301023677	0.28367803	0.271273189	0.263353997	0.259269681	0.258437269	0.256641286	0.254900828	0.255121163	0.25900449	0.267496246	0.280959765	0.298276138	0.319387817	0.339975737	0.35906308	0.380428416	0.406197497	0.439514305	0.478774118	0.514239414	0.542461544	0.561575908	0.573638878	0.580164323	0.584319849	0.585337194	0.582939608	0.579802036	0.57407084	0.568019375	0.563351668	0.558088612	0.554452193	0.550719185	0.548691782	0.543939856	0.537150362	0.52868295	0.519105696	0.510735768	0.503016155	0.496497587	0.493137793	0.492806149	0.496428316	0.502328377	0.503477353	0.493392427	0.471834968	0.443684545	0.414163462	0.385651873	0.360786453	0.337125356	0.318334161	0.301351355	0.289430073	0.277903297
45	0.167906101	0.169961153	0.176430955	0.192118166	0.216490242	0.243842283	0.270248238	0.289094914	0.303598161	0.315123862	0.318706697	0.314364872	0.29960434	0.282456269	0.269842607	0.26196796	0.258025121	0.257126594	0.255188226	0.25355995	0.253907992	0.257881986	0.26618934	0.279768326	0.297079062	0.317998854	0.338581948	0.357667357	0.379300666	0.405068171	0.438395553	0.477762819	0.512968491	0.541036382	0.559971005	0.572117104	0.578456215	0.582518559	0.583370402	0.580840943	0.577602191	0.572011961	0.566022011	0.561241517	0.556078838	0.552464608	0.549004133	0.54706371	0.54236721	0.535386583	0.52679307	0.517088865	0.508715765	0.501042345	0.494679042	0.491325693	0.490911192	0.494669294	0.500743324	0.501869927	0.491832673	0.470449797	0.442605714	0.412713973	0.384431581	0.359676119	0.336769998	0.316368186	0.301206901	0.287960196	0.276846324
50	0.168143612	0.170122574	0.176542939	0.192164924	0.216651399	0.244085282	0.270543542	0.289423913	0.304018827	0.315557837	0.319074677	0.314801066	0.299965052	0.282780364	0.269996656	0.262101927	0.258270483	0.257297306	0.255321474	0.253600354	0.25401246	0.257938911	0.266304453	0.279929524	0.297302494	0.318312636	0.338958114	0.358246312	0.379898598	0.405750131	0.439322283	0.478930529	0.514188166	0.542142913	0.561131033	0.5732181	0.57944063	0.583633662	0.584402442	0.58189469	0.578601651	0.573044421	0.566986197	0.562266246	0.55700221	0.553485528	0.550127039	0.548153708	0.543367266	0.536367804	0.527589223	0.518065992	0.509668138	0.50201409	0.495635387	0.49234258	0.492002041	0.495621362	0.501770137	0.503013301	0.493032796	0.471642276	0.443846658	0.413958547	0.385449161	0.360379139	0.337316119	0.317923963	0.30131959	0.28935125	0.277407636
