1	0.214909736	0.21645726	0.22233089	0.237234242	0.260709898	0.287488259	0.31241782	0.330076934	0.344875114	0.356094601	0.35989927	0.35565304	0.340797732	0.323109933	0.309059719	0.299720711	0.295723686	0.294335824	0.291724805	0.288887261	0.288986796	0.293121059	0.302332739	0.316480062	0.335265663	0.356785859	0.378267042	0.398365853	0.421169895	0.450019031	0.486991312	0.528842157	0.567263096	0.595319134	0.613960012	0.626254644	0.634403066	0.638382695	0.63964687	0.637532344	0.633143012	0.628354495	0.622605558	0.616455409	0.610992133	0.606843301	0.603834068	0.601031086	0.59652501	0.58936246	0.580751436	0.571883266	0.562892143	0.555237506	0.54844503	0.544914719	0.544831182	0.548394342	0.555234978	0.559852151	0.552913223	0.534303162	0.509127289	0.481955087	0.454736081	0.431589639	0.409949001	0.391334999	0.375472321	0.361610498	0.349601662
6	0.210795094	0.212458814	0.218622585	0.233512734	0.257193389	0.284315464	0.309407465	0.327202181	0.342196902	0.353089556	0.356927615	0.352752259	0.337425067	0.319131673	0.305351592	0.296282052	0.292364791	0.290834526	0.287875089	0.285569822	0.286274198	0.290458324	0.298938663	0.313079061	0.332005225	0.353461047	0.375090038	0.395356887	0.418371966	0.4479453	0.485438569	0.527313235	0.565539816	0.593113914	0.611616941	0.623811393	0.631664266	0.635490111	0.636953117	0.634772184	0.630727308	0.626244178	0.619931044	0.613648311	0.608384592	0.603713106	0.600314631	0.59787585	0.593984306	0.587195663	0.578024207	0.568068181	0.559439567	0.552029985	0.545595512	0.542458669	0.542173583	0.545279194	0.552301502	0.556786128	0.549921569	0.531301087	0.505637724	0.477921099	0.450878323	0.427291528	0.405293219	0.386810209	0.370537604	0.356026689	0.344130559
11	0.208754047	0.210490873	0.216668567	0.231563423	0.255306808	0.282518059	0.30771532	0.325563005	0.340366415	0.351345979	0.355399551	0.351158275	0.335744231	0.317174785	0.30355029	0.294518225	0.290303725	0.288815314	0.286001968	0.283648939	0.284289632	0.288613384	0.297096171	0.311355878	0.330095788	0.351520036	0.373343772	0.393775896	0.416821427	0.446503835	0.483797808	0.525745633	0.563921461	0.591244052	0.609526605	0.621534921	0.629382211	0.633105174	0.634446579	0.632190324	0.628143177	0.623657297	0.617181837	0.610949811	0.605802766	0.601148431	0.597764906	0.595288361	0.591416736	0.584676836	0.575642243	0.565516038	0.556841188	0.549371698	0.543147395	0.539951638	0.539614879	0.542795578	0.549839353	0.554462124	0.547633836	0.529158551	0.50377826	0.475695762	0.449082227	0.424935759	0.403450819	0.385387288	0.368245162	0.353956584	0.34262142
16	0.20745288	0.209152118	0.21523444	0.23019349	0.254119487	0.281343335	0.306633293	0.324576925	0.339257091	0.350352999	0.354472922	0.350284283	0.334861737	0.316287277	0.302752565	0.293736374	0.289383612	0.287858329	0.285299221	0.282816706	0.283317297	0.287729693	0.296331035	0.310646401	0.329423686	0.350814142	0.372684754	0.393136951	0.416241943	0.445885814	0.483241292	0.525160756	0.563241008	0.590460334	0.608665624	0.620486846	0.628230677	0.632015463	0.633321391	0.630965047	0.62685138	0.622355902	0.615828038	0.609608927	0.604543526	0.599970515	0.596710373	0.594154718	0.590217039	0.583355575	0.574322591	0.564296731	0.555662829	0.54831559	0.54201937	0.53874632	0.538550126	0.541717168	0.548842963	0.55342976	0.546499777	0.527768472	0.502072782	0.474270826	0.447528447	0.422933237	0.401533425	0.383285316	0.367088724	0.352808415	0.34062086
21	0.206739862	0.208343785	0.214443841	0.2293865	0.253310145	0.280490956	0.305632438	0.32359927	0.338280634	0.349325922	0.353426541	0.349275027	0.333966168	0.315599465	0.302043859	0.293005218	0.288579079	0.287086725	0.284777577	0.282190672	0.282611641	0.287026085	0.295686998	0.310116648	0.328823091	0.350107625	0.371866739	0.39218521	0.415205831	0.444708691	0.48174199	0.523523824	0.561443151	0.588625124	0.606785907	0.618546304	0.626178298	0.629888744	0.631216258	0.628861277	0.624689621	0.620153871	0.613694157	0.6076031	0.60256215	0.597924948	0.594838284	0.592206714	0.58813646	0.581258262	0.572233057	0.562349318	0.553745551	0.54653932	0.54011847	0.536710132	0.536495593	0.539739819	0.546741309	0.551259795	0.544214024	0.525826522	0.500400415	0.472519029	0.445284866	0.42151158	0.399912058	0.382026511	0.365762948	0.350823288	0.338839267
26	0.206621421	0.208313259	0.21442315	0.229348401	0.253213538	0.280355071	0.305510722	0.323467591	0.338062481	0.349160533	0.353202948	0.349080752	0.333880793	0.315510072	0.301935039	0.292920001	0.288385117	0.286862701	0.284661092	0.282014436	0.282404953	0.286850207	0.295596637	0.309977322	0.328681073	0.350010132	0.371819942	0.392082533	0.41508706	0.444620546	0.481669558	0.523461224	0.56142938	0.588622248	0.606882561	0.618593484	0.626194759	0.629941698	0.631265467	0.628869013	0.624612044	0.620045581	0.613580806	0.607560004	0.602586978	0.598028956	0.594858516	0.592182827	0.588075216	0.581088986	0.572114937	0.562231676	0.553675188	0.546486647	0.540078844	0.536577074	0.536431858	0.539695117	0.546839767	0.551293051	0.544486944	0.525810322	0.500428619	0.472732106	0.445518357	0.421991399	0.400522603	0.382720421	0.365805357	0.351699423	0.339423339
31	0.20615553	0.207795505	0.213993596	0.228962403	0.252835477	0.279924517	0.305142793	0.323163528	0.337787613	0.348992808	0.353046784	0.348979909	0.333782779	0.315374101	0.301635587	0.292658525	0.288040407	0.286472624	0.284417944	0.281741046	0.282127542	0.286575749	0.295346744	0.309685129	0.32840768	0.349794364	0.371663792	0.391955599	0.414953736	0.444668562	0.481738139	0.52355422	0.561526427	0.588844167	0.607205376	0.61889227	0.626452913	0.630310655	0.631679128	0.629295262	0.624966339	0.620327787	0.613778169	0.607849325	0.602951076	0.598406997	0.595176183	0.592369704	0.588197076	0.581323428	0.572409303	0.562586162	0.55403747	0.546812897	0.540326837	0.536760929	0.536647203	0.540016397	0.547211201	0.551510731	0.544544892	0.525873934	0.500390655	0.472637988	0.445353177	0.421318167	0.399758981	0.381808	0.365129986	0.35068495	0.338876903
36	0.205844664	0.207548272	0.213683443	0.228597599	0.252445395	0.279522157	0.304679051	0.322733149	0.337236532	0.348497574	0.352515167	0.348482132	0.333360469	0.314972814	0.301222702	0.292201632	0.287542888	0.285939157	0.283901469	0.281232469	0.281585635	0.286081576	0.29491246	0.309190981	0.327905701	0.349328925	0.371206829	0.39141271	0.414473079	0.444183735	0.481261693	0.523114672	0.56118159	0.588423505	0.606790959	0.618461006	0.625951897	0.629750506	0.631075296	0.628731427	0.624384464	0.619667782	0.613142764	0.607266484	0.602311282	0.597779025	0.594647844	0.591868473	0.587664553	0.580788902	0.57174921	0.562097444	0.553612254	0.54637418	0.539899633	0.536342043	0.536217103	0.53963247	0.546898106	0.551434504	0.544658638	0.525968711	0.500238072	0.472594349	0.445610096	0.4213474	0.399774241	0.381542288	0.365617985	0.350566329	0.338881371
41	0.206391153	0.208136566	0.214260966	0.229185758	0.252992364	0.279973925	0.305054225	0.32300536	0.337434703	0.348569692	0.352729255	0.348752929	0.333635529	0.315283322	0.301567018	0.292674637	0.287950178	0.286350097	0.284354937	0.281639709	0.282039689	0.286575121	0.295381976	0.309701153	0.328394993	0.349838025	0.371608378	0.391815268	0.414818105	0.444391722	0.481367837	0.522979612	0.560779084	0.587827176	0.605898636	0.617398439	0.624753974	0.628526269	0.629805663	0.627319705	0.622947122	0.618278385	0.61175835	0.605917493	0.601068136	0.59645728	0.593397366	0.590520845	0.586287894	0.579471277	0.570511645	0.560895094	0.552446645	0.545313218	0.538861501	0.535284998	0.535086453	0.538509095	0.545754319	0.550301845	0.543422742	0.524906266	0.499406934	0.472013303	0.445128385	0.421196391	0.3995905	0.381739305	0.365039153	0.3512366	0.339025736
46	0.205419282	0.207211553	0.213455513	0.228453482	0.252488056	0.279597528	0.304692743	0.322746812	0.337177392	0.348402196	0.352502285	0.348465283	0.333393875	0.315083254	0.301335067	0.292250693	0.287626083	0.286014107	0.284055439	0.281385893	0.28175855	0.286299914	0.295229493	0.309561095	0.328278661	0.34974251	0.371554376	0.391761094	0.414684334	0.444208335	0.481058587	0.522420211	0.560049499	0.58697331	0.605007675	0.616462912	0.623819834	0.62766463	0.628928774	0.62656812	0.622251957	0.617512221	0.610994776	0.605243064	0.600365094	0.595862951	0.592780812	0.5899758	0.585849214	0.578929704	0.570066746	0.560490154	0.552120213	0.544969481	0.538528594	0.535081974	0.534948093	0.538386728	0.545499881	0.549852863	0.542980991	0.524057201	0.498318989	0.470736222	0.443416121	0.419410218	0.398187975	0.380196877	0.363734279	0.349536933	0.337634882
2	0.195577261	0.198278873	0.205702128	0.222867287	0.249221866	0.278379693	0.304383015	0.322296337	0.33686287	0.347741827	0.351349688	0.347282915	0.333252919	0.316750963	0.30355595	0.294759125	0.291126514	0.290128907	0.287943679	0.286003554	0.287463178	0.293042276	0.30390251	0.319804073	0.339574293	0.360895929	0.381590938	0.401573516	0.425887586	0.458073983	0.49850844	0.542248133	0.580774009	0.608107605	0.626006535	0.637479015	0.64452278	0.647010851	0.646617378	0.642715596	0.636812337	0.630979265	0.624028424	0.616813771	0.61027903	0.60516272	0.60136585	0.597664127	0.5924949	0.584923445	0.576047827	0.566931164	0.557900732	0.550139222	0.543263085	0.53961368	0.53930285	0.541936518	0.547152385	0.548724989	0.537840604	0.515141368	0.485850707	0.455008624	0.425484509	0.399470849	0.375662304	0.356333872	0.339466232	0.324807077	0.312721846
7	0.195130525	0.198144245	0.205730069	0.222614542	0.249030363	0.278447812	0.304551471	0.322546451	0.337190157	0.347649494	0.351390409	0.347405011	0.332969904	0.315703127	0.302932982	0.294437417	0.290710208	0.289527025	0.287190001	0.285805641	0.287661699	0.293363499	0.303492761	0.319289828	0.33915726	0.360464385	0.38135979	0.401390575	0.425912639	0.458727444	0.499773593	0.543465709	0.581738284	0.608546022	0.626139095	0.637389656	0.644193465	0.646526953	0.646212727	0.642279619	0.636648916	0.63083203	0.623363899	0.616050156	0.609867266	0.604386848	0.600196153	0.596883918	0.592332089	0.584993829	0.575606076	0.565542141	0.556846598	0.549294962	0.54286996	0.539648303	0.539040592	0.541302006	0.546653852	0.548354947	0.537766782	0.515052637	0.485687954	0.455047124	0.425146371	0.399215093	0.375979336	0.356695545	0.339087923	0.324038098	0.312234566
12	0.195337217	0.198162161	0.205700856	0.222681174	0.249159709	0.278697142	0.304669348	0.322660675	0.33711146	0.347705345	0.351543473	0.34752668	0.333068116	0.315711458	0.302975347	0.294469256	0.290674001	0.289541318	0.287319641	0.285808651	0.287593816	0.293380348	0.303589084	0.319530351	0.339273667	0.360512017	0.381556248	0.40170746	0.426257656	0.459198903	0.500052519	0.543986438	0.582323659	0.608950568	0.626398587	0.637483839	0.644285807	0.646554301	0.64616152	0.642061091	0.636382769	0.630557528	0.622923589	0.615622144	0.609499857	0.604014573	0.599859901	0.596455482	0.591807563	0.584422512	0.575057709	0.564842069	0.556135229	0.54865991	0.542285393	0.538982248	0.538278915	0.54046666	0.545692389	0.547340655	0.536685108	0.51434518	0.485263978	0.454419628	0.424953245	0.399236585	0.375733224	0.35641963	0.339399042	0.324111766	0.312395346
17	0.195145112	0.197988021	0.205436704	0.222387013	0.248923803	0.278363539	0.304380006	0.322443704	0.336859294	0.347476034	0.35128042	0.347210622	0.332758707	0.315373338	0.302799802	0.294321616	0.290305477	0.28913078	0.287161212	0.285561688	0.28721132	0.293101006	0.303345382	0.319299112	0.339042616	0.360186938	0.381337281	0.401523126	0.426094115	0.459052299	0.499953979	0.543782932	0.581910838	0.608510648	0.625811566	0.636724075	0.643410632	0.645642571	0.645251894	0.641081121	0.635350942	0.629586387	0.621790148	0.614618652	0.608602945	0.603164496	0.599240237	0.595802899	0.591022686	0.583576293	0.574288278	0.564252033	0.555571502	0.548160103	0.541793376	0.538307534	0.537631062	0.539974954	0.545534484	0.547125253	0.536794997	0.514251636	0.48518613	0.454206053	0.424631677	0.398442982	0.375062558	0.355649512	0.338838834	0.324118646	0.311426523
22	0.19668833	0.199444766	0.206979648	0.223916527	0.250502685	0.279798441	0.30578719	0.323794702	0.338135445	0.348808545	0.352585776	0.348596466	0.334166552	0.316827344	0.30413513	0.295638415	0.291482903	0.290279542	0.288537062	0.286877114	0.288474256	0.294323547	0.304647278	0.320654593	0.340423665	0.361558186	0.382720102	0.402922057	0.427480069	0.460509707	0.501435166	0.545130183	0.583262284	0.609656666	0.626875723	0.637616021	0.644120648	0.646364603	0.645927536	0.641745304	0.635924664	0.63009704	0.622340877	0.615203703	0.609210673	0.603769033	0.599838447	0.596297604	0.591414521	0.583996419	0.574772719	0.564859336	0.556234139	0.548882632	0.542352069	0.538956308	0.53842119	0.540975143	0.546506908	0.548053789	0.537604261	0.515033849	0.485857562	0.455083686	0.425698599	0.399799948	0.376734676	0.357517538	0.34003994	0.325165378	0.313321159
27	0.195281849	0.198071978	0.20557403	0.222525348	0.249096847	0.278368553	0.304382236	0.322487373	0.336755604	0.34735453	0.351153227	0.347197104	0.332802268	0.315524337	0.30280155	0.294386438	0.290129649	0.288918652	0.287326019	0.28555411	0.287121816	0.293048634	0.303440792	0.319382479	0.33907637	0.360271633	0.381407488	0.401528026	0.426084971	0.459028278	0.499666109	0.543381051	0.581439166	0.607827841	0.625044277	0.635747683	0.642188914	0.644561408	0.644165237	0.639913181	0.634013071	0.628143491	0.620356912	0.613267624	0.607448032	0.602055448	0.598126253	0.594469257	0.589532066	0.582130849	0.572899802	0.563078556	0.554517764	0.547180152	0.540654192	0.53708025	0.53654026	0.53906347	0.544483597	0.546077534	0.535463348	0.512973428	0.484055974	0.453174329	0.423791501	0.398203692	0.375271281	0.35650883	0.338352764	0.32454484	0.312010873
32	0.195263515	0.198111437	0.205593363	0.222541259	0.249027849	0.278288217	0.304296255	0.322384138	0.33660927	0.347246463	0.351065006	0.347141908	0.332853267	0.315551248	0.302820057	0.294331874	0.290035016	0.288795887	0.287242084	0.285460365	0.287036634	0.292991332	0.303477462	0.319402149	0.339114869	0.360360911	0.3815059	0.40155153	0.426031493	0.459041053	0.499752737	0.543355685	0.581496192	0.607802402	0.625020288	0.635684038	0.642033583	0.644361791	0.643989832	0.639720965	0.633694168	0.627752868	0.620001864	0.61311405	0.607230933	0.601840215	0.59791305	0.59422166	0.589269072	0.581810202	0.572622956	0.562925692	0.554399813	0.547089224	0.540566286	0.536889269	0.536340578	0.538820216	0.544399494	0.545945482	0.535320921	0.513034082	0.483767638	0.452887251	0.423512486	0.39788883	0.374736372	0.355322551	0.33839166	0.323909867	0.311565191
37	0.195926087	0.19868932	0.206213266	0.223198434	0.249695354	0.278936119	0.304834878	0.322944908	0.337123755	0.347851406	0.351693175	0.347734316	0.333404001	0.316158413	0.303345555	0.294903849	0.290580464	0.289329886	0.28779691	0.285975222	0.287489542	0.293459897	0.303984506	0.319919083	0.339526338	0.36078447	0.381909607	0.401987565	0.426506325	0.45939211	0.499857234	0.543468339	0.581477789	0.607765306	0.625024728	0.635673463	0.642002855	0.644375212	0.644013584	0.639778644	0.633754566	0.627775454	0.620032441	0.613194199	0.607283624	0.601850823	0.597929434	0.594209434	0.589268236	0.581791175	0.572605008	0.562916793	0.554406598	0.547200088	0.540653078	0.536973844	0.536464818	0.539066379	0.544525563	0.546012755	0.535604198	0.513264646	0.484241818	0.453737353	0.424504953	0.39877945	0.375207514	0.356727537	0.33911831	0.324317224	0.312390748
42	0.195352634	0.198210148	0.205755568	0.222722577	0.249233683	0.278444408	0.304331748	0.322402506	0.336527429	0.347210222	0.351027321	0.347107177	0.332825627	0.315636228	0.302765939	0.294368117	0.289980906	0.288678289	0.287258482	0.285416098	0.286974068	0.292928211	0.30343524	0.319449532	0.33912808	0.360376992	0.381545888	0.401570397	0.426026313	0.458942412	0.499524771	0.542974258	0.580858943	0.607127276	0.624280053	0.634764528	0.641033214	0.643356587	0.642959997	0.638658543	0.632615878	0.626648473	0.618904907	0.612107982	0.606266951	0.600762416	0.596965274	0.593290969	0.588326782	0.580897786	0.571713452	0.562017943	0.55360401	0.546329606	0.539796169	0.536174079	0.535673191	0.53828173	0.543876432	0.545457807	0.535030702	0.512705169	0.483687627	0.453065734	0.423773037	0.398204049	0.375080349	0.356083974	0.338724869	0.324418739	0.311897159
47	0.196178804	0.198970327	0.206594623	0.22355971	0.250059406	0.279377357	0.305252836	0.32331221	0.337389033	0.348088439	0.351912392	0.347989859	0.333712559	0.316469877	0.303515154	0.295061287	0.290675485	0.289349809	0.287956959	0.286113813	0.287647617	0.2935963	0.304262519	0.320243439	0.339957931	0.361292759	0.382479569	0.402553532	0.42701909	0.460042818	0.500656265	0.544073148	0.581967776	0.608182549	0.625252944	0.635755308	0.641963066	0.644299417	0.643856959	0.639603312	0.633622102	0.627586205	0.619806864	0.613033248	0.607202628	0.601767442	0.597848309	0.594127286	0.589189787	0.581785363	0.57254663	0.562921065	0.554479448	0.547252619	0.540677869	0.537079071	0.536684331	0.539312923	0.544979012	0.546744995	0.536350065	0.513926468	0.484836709	0.45417778	0.424891503	0.399392167	0.376205253	0.356797036	0.339469914	0.325282361	0.312867674
3	0.247453813	0.249946862	0.256755755	0.273038158	0.298848599	0.326683162	0.349971777	0.36558245	0.377981013	0.386651901	0.388503542	0.384049715	0.371891197	0.358162879	0.347290729	0.339886243	0.336967474	0.336308925	0.334990243	0.334504386	0.337702531	0.345305398	0.358227495	0.375807264	0.395913834	0.416088535	0.43516272	0.455100607	0.483249105	0.522655387	0.569696823	0.615172608	0.651029926	0.67443874	0.689251901	0.698815154	0.70419144	0.704696474	0.702207265	0.696322141	0.688654602	0.681232959	0.673024895	0.664506129	0.656718416	0.650495416	0.645321625	0.640341064	0.634324849	0.626534691	0.617839179	0.60934141	0.600791022	0.593410925	0.586716187	0.583146776	0.582618321	0.584959625	0.589944927	0.59188586	0.582959805	0.56365462	0.53860182	0.511927236	0.485027918	0.461450872	0.439599643	0.422129491	0.404967953	0.390721773	0.378567738
8	0.246544534	0.249167461	0.256025934	0.271951423	0.297535151	0.325274625	0.348286038	0.363770668	0.375925293	0.383965184	0.38582008	0.381483044	0.369098765	0.354884019	0.344417827	0.337326551	0.334330259	0.333538809	0.332019308	0.331993361	0.335694948	0.343341856	0.355456328	0.372752618	0.392614403	0.412421647	0.431589742	0.451438249	0.479489365	0.519131711	0.566044071	0.611123106	0.646293882	0.668823797	0.683249521	0.692471905	0.697452548	0.69773791	0.69534277	0.689266776	0.681918152	0.674748018	0.666043839	0.657474648	0.649952327	0.643381769	0.637918348	0.633372422	0.627978613	0.620431672	0.611371781	0.601824796	0.593764608	0.586715212	0.580526172	0.577354142	0.576506283	0.578290467	0.583468884	0.585937848	0.577921737	0.559617182	0.535374216	0.509218845	0.483537561	0.460515541	0.439220548	0.421612131	0.40441395	0.389915799	0.378051768
13	0.244812357	0.247401423	0.254300373	0.270413837	0.296329471	0.324382161	0.34752461	0.363129533	0.375337421	0.383548007	0.3854664	0.381056775	0.368505204	0.3540875	0.343600711	0.336503458	0.333429617	0.332664228	0.331309743	0.331261165	0.334890309	0.342698221	0.354929244	0.372561452	0.392603721	0.412519135	0.43192771	0.452141294	0.480399711	0.520540186	0.568025846	0.613391669	0.648716741	0.671164695	0.685554527	0.694673882	0.699634875	0.699901987	0.697272513	0.691146893	0.683696782	0.676596694	0.66766008	0.659064531	0.651680586	0.644995545	0.639563742	0.635121623	0.629620391	0.621940778	0.612772672	0.603247244	0.595112322	0.588066531	0.581921892	0.578729267	0.577890373	0.57978039	0.585027071	0.587165674	0.578801118	0.559799524	0.535023161	0.508500222	0.482256189	0.458438679	0.437245758	0.419136392	0.402753615	0.387776409	0.375828941
18	0.245615638	0.248227293	0.255114041	0.271188047	0.297255881	0.325329811	0.348561003	0.36419028	0.376307083	0.384478933	0.386464352	0.382008436	0.369486916	0.354963491	0.344622915	0.33762412	0.334268832	0.333458791	0.332262735	0.332187056	0.335646107	0.343609986	0.355977451	0.37363635	0.393693297	0.413660017	0.433135773	0.453305417	0.481577987	0.521738252	0.568902561	0.614311167	0.649482333	0.671816277	0.686085323	0.694998242	0.699824692	0.700041234	0.697407589	0.69113894	0.683681455	0.676558142	0.667511802	0.658961555	0.651678987	0.645056762	0.63979218	0.635173442	0.629596561	0.621900661	0.612857522	0.603358173	0.595204559	0.58821248	0.58207422	0.57872589	0.577838256	0.579839537	0.585060536	0.587346678	0.578979261	0.560231729	0.535828075	0.5091939	0.482903645	0.460020668	0.438263329	0.420861385	0.403938777	0.389249284	0.377130044
23	0.24387342	0.246461613	0.253305217	0.269361328	0.295380203	0.323382449	0.346537932	0.362250507	0.374254416	0.38249437	0.384505467	0.380106639	0.367614684	0.35327063	0.342844773	0.335783847	0.332306171	0.331482925	0.33055787	0.330314069	0.333743442	0.341724599	0.354073784	0.371723793	0.391636107	0.411494409	0.430958031	0.451075323	0.479345054	0.519362375	0.566580097	0.611919867	0.646990056	0.66927282	0.683511139	0.692355515	0.697125654	0.697390989	0.694815827	0.68852073	0.680884567	0.673706463	0.664697545	0.65622751	0.648986343	0.642286712	0.637084255	0.63239689	0.62671003	0.61904038	0.610042943	0.600688475	0.592540136	0.585636651	0.579421279	0.575926268	0.575088873	0.57709944	0.582477136	0.584796806	0.576560858	0.557801768	0.533507198	0.506850372	0.480740805	0.457652991	0.436418363	0.418621924	0.401646065	0.387102381	0.375399262
28	0.244783219	0.247291556	0.254001753	0.26985544	0.295450121	0.322981047	0.34569906	0.361072734	0.372772434	0.380895007	0.382863525	0.378575478	0.36620953	0.351925849	0.341544065	0.334622558	0.331161337	0.330274682	0.329456968	0.329207276	0.332517615	0.340317011	0.352597378	0.36998796	0.389686727	0.40932684	0.42858743	0.448442696	0.476328809	0.515973524	0.562591391	0.607265188	0.641904991	0.663854884	0.677860373	0.686546711	0.691081075	0.691253869	0.688542	0.682194018	0.674570681	0.667333751	0.658448085	0.65019317	0.643028705	0.636377711	0.631246069	0.626478242	0.620836686	0.613166337	0.604253537	0.59504165	0.58707053	0.580331246	0.574255532	0.570758954	0.56993383	0.572003803	0.577368195	0.57973918	0.571917355	0.554116717	0.530529875	0.504947613	0.479194587	0.456735106	0.436110439	0.418919715	0.402704185	0.388426174	0.375827957
33	0.246047754	0.248556066	0.255318044	0.271120977	0.296748715	0.324278596	0.346904389	0.362177721	0.373760315	0.381845832	0.383875579	0.379638119	0.367385477	0.353200107	0.342706755	0.335697407	0.332157785	0.331340423	0.330654746	0.330347967	0.333676127	0.341499383	0.353909814	0.371251421	0.390906494	0.410571553	0.429798311	0.449677428	0.477578161	0.517208327	0.563828515	0.608511486	0.643105376	0.664977527	0.678906898	0.687408667	0.691837884	0.691935571	0.68916986	0.682668091	0.674871168	0.667563874	0.658606197	0.650391879	0.643321641	0.636794971	0.63159795	0.62679912	0.621138182	0.613541455	0.604809602	0.595577015	0.587687775	0.580994868	0.574852509	0.571436823	0.570660891	0.572800825	0.578259701	0.580664207	0.572897742	0.55495795	0.531385476	0.505337057	0.48040364	0.457642255	0.436810389	0.419897086	0.403605131	0.389020687	0.376772129
38	0.241904086	0.244428436	0.251161569	0.267022002	0.292756346	0.320378116	0.343215438	0.358714829	0.370369489	0.378616008	0.380523968	0.376246496	0.363942533	0.349672124	0.339178189	0.332128901	0.328543547	0.327655358	0.326913281	0.326577858	0.329889792	0.337826482	0.350268799	0.367675176	0.387385926	0.407218111	0.426543536	0.446382171	0.474367936	0.514100149	0.560696869	0.605531327	0.640328011	0.662400661	0.676481638	0.685103032	0.689648213	0.689827089	0.68721578	0.680886233	0.673166787	0.66583281	0.656842188	0.648719326	0.641650434	0.63508749	0.629880103	0.625056892	0.619294854	0.611686136	0.60277728	0.593668542	0.585724518	0.578959093	0.572845401	0.569265751	0.568475981	0.570660232	0.576016638	0.578506633	0.570416322	0.552407734	0.528721018	0.502932221	0.477239187	0.454534874	0.433349608	0.416728231	0.400491078	0.385515854	0.373256289
43	0.241856914	0.24444358	0.251198015	0.266939489	0.29248687	0.319921753	0.342607264	0.357989181	0.369502085	0.377712381	0.379633216	0.375373174	0.363127233	0.348825949	0.33826994	0.331291124	0.327700025	0.326782058	0.326207789	0.325815063	0.329065755	0.33692359	0.349340902	0.366675318	0.386404393	0.406168484	0.425451097	0.445195896	0.47308872	0.51276094	0.559359923	0.604044036	0.638800341	0.660673381	0.674644773	0.683128107	0.68755684	0.687751696	0.685099401	0.678644116	0.670903104	0.663461335	0.654548333	0.646413218	0.639327218	0.632755815	0.627614289	0.622752734	0.617068487	0.60943338	0.600540016	0.591431811	0.583507908	0.576756104	0.57057834	0.567070991	0.566333647	0.568533919	0.573988696	0.576449915	0.568899239	0.551117331	0.527441291	0.502231643	0.476914396	0.454332061	0.433640938	0.416618489	0.400357166	0.386141046	0.374010381
48	0.240221238	0.24272056	0.24951019	0.265381303	0.291034472	0.318524138	0.341258947	0.356681129	0.368217577	0.376458801	0.378424099	0.374136269	0.361832238	0.347511041	0.336901308	0.329879133	0.326149564	0.325223676	0.324646323	0.324254243	0.327577666	0.335470701	0.347981427	0.365370557	0.385090987	0.405030018	0.42439652	0.444190226	0.47224908	0.512047059	0.558709506	0.603423241	0.638099869	0.660010777	0.673973396	0.682499567	0.686859648	0.687114899	0.684456942	0.678006288	0.670187749	0.662694704	0.653803254	0.645730363	0.638603016	0.631920883	0.626864243	0.622019054	0.616282808	0.608584916	0.599678249	0.590581091	0.582688528	0.575922102	0.569719861	0.566196598	0.565490241	0.567706327	0.573149862	0.575433926	0.567849088	0.549963957	0.526371161	0.500553936	0.475187781	0.452381787	0.431488153	0.414126254	0.398552286	0.38336142	0.371640598
4	0.196797228	0.200031529	0.208076581	0.226250413	0.254358688	0.285377702	0.312090837	0.329949073	0.344411152	0.35561249	0.359897849	0.356526243	0.343186659	0.32712292	0.314354255	0.305925533	0.302466092	0.301545148	0.299738301	0.298537366	0.301006728	0.307821162	0.320007076	0.337083695	0.357635822	0.379043388	0.399598417	0.419878974	0.445804771	0.480850914	0.524496414	0.57021925	0.609153347	0.635951484	0.65330844	0.664306312	0.67073161	0.672575408	0.671375518	0.666354961	0.659428178	0.652682723	0.645083524	0.637338614	0.630392852	0.625030292	0.620749152	0.616639451	0.611111056	0.603082561	0.593783912	0.584215386	0.574831638	0.566794504	0.559530455	0.555488854	0.554421402	0.556228007	0.560550517	0.561362973	0.549226473	0.524752353	0.493672518	0.461073763	0.430161061	0.402955268	0.378516282	0.358505511	0.340712046	0.325418087	0.313076749
9	0.197171172	0.200423902	0.208684838	0.226650973	0.254810603	0.286089873	0.312673818	0.330477861	0.344909657	0.355627058	0.359956265	0.356661154	0.342948231	0.326348947	0.313995796	0.305923653	0.302400302	0.301289095	0.29929814	0.298647395	0.301514075	0.308459586	0.319918766	0.337058531	0.357534823	0.378831895	0.399665987	0.420099672	0.446017896	0.481687554	0.525684516	0.571389926	0.609941469	0.636058239	0.652936397	0.66358743	0.669849733	0.671497705	0.670287218	0.665125641	0.658508137	0.651860356	0.64367856	0.635883306	0.629276419	0.623396625	0.618849556	0.615051	0.610115166	0.602426367	0.592711699	0.582235634	0.573193506	0.565357166	0.558615589	0.55492094	0.553606577	0.554878001	0.559432076	0.560145469	0.548578506	0.524423978	0.493500982	0.460950211	0.429880809	0.402868797	0.378583489	0.358314263	0.340442639	0.325628687	0.312630596
14	0.196746696	0.200070764	0.208211871	0.226218422	0.254568166	0.285987023	0.312586339	0.330416309	0.34476786	0.35560322	0.360040846	0.356714662	0.342904865	0.326036016	0.313689187	0.305628986	0.301931426	0.300846365	0.298983763	0.29821583	0.301025875	0.308100283	0.319590005	0.336814111	0.3573035	0.378585274	0.399613403	0.420102666	0.446113023	0.481910206	0.525868417	0.571545704	0.610090078	0.636175153	0.652939933	0.66344735	0.669669743	0.671245437	0.669924142	0.664661964	0.657920916	0.651284105	0.643018092	0.635216893	0.628684738	0.622831924	0.61830172	0.614506513	0.609405237	0.60173359	0.592100327	0.581577561	0.572468817	0.564713678	0.558098878	0.554344022	0.552944711	0.554378098	0.558781013	0.559378205	0.547971668	0.52358888	0.492890991	0.460450329	0.429107283	0.402667284	0.378413796	0.358108022	0.340541622	0.324238721	0.312564974
19	0.195404194	0.198714467	0.206827925	0.224857772	0.253278895	0.284713975	0.311467163	0.329363672	0.343589293	0.354566152	0.359069765	0.355733625	0.341891788	0.324937639	0.312578923	0.30447914	0.300535059	0.299434658	0.297858977	0.296926112	0.299542761	0.306673992	0.318384398	0.335748829	0.356312593	0.377577414	0.398618111	0.41918391	0.445318473	0.481197533	0.525184056	0.570815367	0.609204028	0.635065633	0.651655263	0.6619543	0.667999324	0.669611676	0.668291711	0.662957228	0.656073611	0.649427359	0.64114101	0.633549551	0.627098081	0.621234218	0.616858092	0.61299192	0.607812456	0.600066398	0.590456166	0.580122701	0.571070792	0.563325802	0.556633187	0.552813699	0.551605844	0.553136873	0.557630042	0.558204171	0.546532255	0.52242067	0.491660397	0.459246558	0.428383965	0.401412954	0.377218107	0.357738984	0.3393699	0.323331305	0.311450704
24	0.194199403	0.197471227	0.205553916	0.223558456	0.251965025	0.283194701	0.309841146	0.327717929	0.34187905	0.352836985	0.357338482	0.354041171	0.340265031	0.323390164	0.311046263	0.302913932	0.298899074	0.297828488	0.296369757	0.295398571	0.298048851	0.305173301	0.316916351	0.334237477	0.354720421	0.375922774	0.396998907	0.417571346	0.443731026	0.479664713	0.52368388	0.569381889	0.607777711	0.633601211	0.650183704	0.660398718	0.666382569	0.667933404	0.666583588	0.661206631	0.654263449	0.647551424	0.639124196	0.631639586	0.625267865	0.619344644	0.614939765	0.610961516	0.605717936	0.598013733	0.588401696	0.578186944	0.569171559	0.561524299	0.554750048	0.550833534	0.549623717	0.551237217	0.555899912	0.556656657	0.545068031	0.521150469	0.490072725	0.457728325	0.426774941	0.399668092	0.375221507	0.355637115	0.337394089	0.321892976	0.309591458
29	0.192048019	0.19527564	0.203348268	0.221313496	0.249627945	0.280706672	0.307143602	0.324931026	0.339002162	0.349928512	0.354402285	0.351191727	0.337477908	0.320647407	0.308239941	0.300156035	0.296135954	0.295036914	0.293746935	0.292711467	0.295285835	0.302411005	0.314196482	0.331504425	0.351917319	0.373145723	0.39423527	0.414796594	0.440834919	0.476648597	0.520404495	0.565829597	0.603978104	0.629591714	0.645933235	0.656008192	0.661735489	0.663237803	0.661862666	0.656469134	0.649548877	0.642815994	0.634459706	0.627053285	0.620831782	0.615000862	0.610609799	0.606522489	0.601256222	0.593549826	0.584115122	0.574009434	0.565038318	0.557505323	0.550776133	0.546807111	0.545671614	0.547341002	0.551946195	0.552559096	0.540844365	0.516920792	0.486295139	0.454291932	0.423477965	0.396636103	0.372471123	0.352497766	0.335010453	0.319018002	0.306754764
34	0.190690309	0.194028184	0.202133537	0.220063687	0.248214686	0.279395322	0.305976712	0.323914359	0.337939013	0.349010311	0.353438439	0.350229398	0.336523115	0.319661725	0.307236291	0.29908843	0.294938667	0.293764308	0.292574082	0.291418577	0.294005502	0.30121316	0.313022793	0.330260636	0.350659196	0.371970293	0.393082602	0.413577011	0.439701496	0.475485464	0.519238326	0.564820357	0.603176318	0.629059169	0.645695358	0.655827665	0.66166654	0.663292791	0.661980077	0.656685505	0.64968679	0.642771163	0.634354388	0.627052892	0.620809769	0.614935094	0.61057399	0.606508226	0.601231824	0.593439741	0.583804674	0.57381428	0.564967336	0.557350338	0.550565099	0.546520738	0.545296882	0.546902206	0.551576747	0.552350221	0.54067375	0.516860603	0.485985207	0.453754781	0.422617886	0.396334539	0.371968432	0.351775479	0.334380076	0.318350099	0.306510142
39	0.190617432	0.193835269	0.201896834	0.219842658	0.24799275	0.27914524	0.305729789	0.323646353	0.33774388	0.348765247	0.353236617	0.350077799	0.336340286	0.319390542	0.306899332	0.2987702	0.294548424	0.293309302	0.292184535	0.291009753	0.293561937	0.300769256	0.31264841	0.329854418	0.350306869	0.371699682	0.392860518	0.41335715	0.439429356	0.475343805	0.519225604	0.564768065	0.603191999	0.629101669	0.64583735	0.655958884	0.661826235	0.663497959	0.662179345	0.656757515	0.649661334	0.642714149	0.634355328	0.627053603	0.620759959	0.614888452	0.610525434	0.606421936	0.601059177	0.593278699	0.583720267	0.573637949	0.564733251	0.55714123	0.550263076	0.546156384	0.545083452	0.546810221	0.551469882	0.552136652	0.540461897	0.516540505	0.485735282	0.453541753	0.422601627	0.395714696	0.371499744	0.351715323	0.334016009	0.318871308	0.306675054
44	0.190914277	0.194077607	0.202201341	0.220141753	0.248377346	0.279480479	0.306032923	0.32395104	0.338001896	0.3491068	0.353570396	0.350317762	0.33654802	0.319672771	0.307000496	0.29888942	0.294595082	0.293350916	0.292260136	0.291092238	0.293710501	0.300899054	0.312817334	0.330095006	0.350543603	0.37210505	0.393338948	0.41386344	0.440073176	0.476124419	0.520018792	0.565527959	0.603936367	0.629714153	0.646218734	0.656231286	0.661925617	0.66355473	0.662159944	0.656723164	0.649597847	0.642590002	0.634189119	0.626903482	0.620619684	0.614774854	0.610442636	0.606220108	0.600918286	0.593188732	0.583603428	0.573568819	0.564781757	0.557211519	0.550283104	0.54629188	0.545229244	0.54707598	0.551837833	0.552565766	0.541186029	0.517221084	0.48635917	0.454011962	0.423386638	0.396780362	0.372441806	0.352394102	0.334336987	0.319261924	0.306469858
49	0.189667954	0.19288618	0.201038625	0.218937572	0.247020465	0.278027455	0.304491433	0.322449937	0.336388317	0.347509729	0.351928536	0.348683948	0.334959111	0.318036063	0.305409983	0.297336613	0.29306886	0.291769836	0.290683701	0.289518935	0.292118816	0.299323998	0.311258939	0.328489351	0.348901774	0.370373213	0.39159053	0.412123682	0.438341835	0.47433807	0.518175188	0.563760606	0.602146405	0.627954204	0.644513123	0.654523103	0.660219856	0.661888818	0.660553375	0.655098308	0.64794238	0.64086975	0.632501705	0.625253992	0.61896072	0.613156739	0.608767783	0.604519308	0.599252235	0.591429634	0.581773635	0.571706567	0.562874104	0.555357832	0.548451136	0.544350215	0.543249247	0.545019553	0.549816461	0.550730365	0.539324312	0.515424654	0.484776032	0.45247586	0.421566024	0.394901499	0.370829299	0.351001265	0.333912454	0.318212287	0.305410048
5	0.188435659	0.191020051	0.198388376	0.214802673	0.23957397	0.267303203	0.292906708	0.311186261	0.326633671	0.337759428	0.341641391	0.338009683	0.324094459	0.307047131	0.293828954	0.284945234	0.281464842	0.280363967	0.277524516	0.275097139	0.275682696	0.279430657	0.287388306	0.300670988	0.318925914	0.339749619	0.360391582	0.379546532	0.400301261	0.426292893	0.459604186	0.498481829	0.535290447	0.562967619	0.581897083	0.594502317	0.602425979	0.606650164	0.60874695	0.606978978	0.602893134	0.598404611	0.592553122	0.586746658	0.581627371	0.577372784	0.574248064	0.57189307	0.568066564	0.561343932	0.55232555	0.542717291	0.534223131	0.526737821	0.520034644	0.5167244	0.516304319	0.51878051	0.524394834	0.526928291	0.51768466	0.496807296	0.469631726	0.440773683	0.413010507	0.3889129	0.366890887	0.348938658	0.332153788	0.31833425	0.306715706
10	0.186902196	0.1894801	0.19696941	0.213279774	0.238294638	0.266305661	0.291934341	0.310327967	0.325628112	0.336733864	0.341009718	0.33737501	0.32304178	0.305539658	0.292414173	0.283884942	0.280257323	0.27902329	0.276269801	0.274049919	0.274624169	0.278444982	0.286309311	0.29971776	0.31780475	0.338654636	0.359735804	0.379044194	0.400003854	0.426426749	0.460176776	0.499172368	0.536024138	0.563421709	0.582125207	0.5944802	0.60245784	0.606408241	0.608153388	0.606162724	0.602251532	0.597895638	0.591731691	0.585765806	0.580811792	0.576384979	0.573270398	0.571093998	0.567536204	0.560820504	0.551747759	0.541825807	0.533263893	0.525950411	0.519711144	0.516614448	0.515915126	0.518169531	0.523875213	0.526421244	0.51746041	0.496415081	0.469119476	0.440293336	0.412060948	0.387809552	0.36568151	0.347858323	0.330747857	0.317019087	0.30568879
15	0.188052025	0.190572619	0.197983203	0.214263643	0.239397911	0.267274311	0.293002878	0.311399838	0.326497279	0.33769959	0.342051985	0.338405451	0.323936975	0.306346965	0.293352235	0.284837323	0.281030897	0.279853451	0.277220322	0.274852236	0.275350794	0.2793103	0.287185152	0.300660133	0.318697657	0.339442186	0.360637791	0.380029173	0.401075892	0.427544503	0.46105926	0.5000214	0.536925782	0.564141004	0.582644483	0.594738912	0.602638768	0.606521208	0.608237595	0.606128577	0.602218583	0.597812417	0.591483821	0.585622827	0.580809781	0.576414576	0.573420805	0.571078413	0.567405614	0.560770977	0.551664638	0.541686562	0.533177124	0.525978918	0.519873743	0.516792345	0.515949874	0.518190671	0.524031297	0.52642701	0.517508707	0.496640389	0.469643716	0.440826246	0.413109162	0.388941448	0.366905989	0.348407384	0.331717294	0.31821517	0.305857123
20	0.187909343	0.190485723	0.197779745	0.214020198	0.239153454	0.267017147	0.292643281	0.31107675	0.3261925	0.337482526	0.341761051	0.338185779	0.323841743	0.306235305	0.293288766	0.284767523	0.280780216	0.279560311	0.277187774	0.274730213	0.274981745	0.279001702	0.286966865	0.300587785	0.318542761	0.33921859	0.360362142	0.379784938	0.400775151	0.427177584	0.460626255	0.499637803	0.536404541	0.563462811	0.581906659	0.593924912	0.601710992	0.605638107	0.607257466	0.605061001	0.601077653	0.596747417	0.590346283	0.584527722	0.579808845	0.575405476	0.57246738	0.570098734	0.566362726	0.559662632	0.550663027	0.540781067	0.532295152	0.525171567	0.518997105	0.515682887	0.514981175	0.51740813	0.523199479	0.525712186	0.516812563	0.496117842	0.469320338	0.440538757	0.41277572	0.388515361	0.366645803	0.348747715	0.332589476	0.317645125	0.306346072
25	0.188540219	0.191171956	0.198456853	0.214732037	0.239782673	0.267507846	0.293158569	0.311602972	0.326591767	0.337922228	0.342157914	0.338586534	0.32432081	0.306899153	0.293909001	0.285370317	0.281319596	0.280072803	0.277870612	0.275393811	0.275646202	0.279712231	0.287735083	0.301217162	0.319194892	0.339870239	0.361019121	0.380281917	0.401263629	0.42774536	0.461240633	0.500240494	0.536878046	0.563882367	0.582263533	0.594102806	0.601803444	0.605709022	0.607273589	0.605013267	0.600862586	0.596404716	0.590090084	0.584360431	0.579666784	0.575337069	0.572507051	0.570017063	0.566125653	0.559376732	0.550358036	0.540631451	0.532167752	0.525157176	0.519010098	0.515518638	0.514859442	0.517376766	0.523249608	0.525838126	0.516826022	0.496199721	0.46945912	0.440907147	0.412934864	0.388848664	0.366865651	0.34869806	0.332796274	0.318512679	0.307015673
30	0.189039196	0.191600239	0.198897037	0.215173021	0.240246278	0.268017336	0.293624642	0.312054521	0.327028057	0.338342247	0.342552909	0.339030793	0.324859585	0.307305066	0.294321154	0.28582357	0.281681392	0.280441394	0.278353165	0.275715528	0.275961628	0.27999663	0.28811603	0.301599795	0.319567016	0.340299947	0.361466566	0.380731323	0.401707564	0.428168633	0.461650922	0.500554911	0.537115157	0.564168988	0.582574	0.594398143	0.601971507	0.606015589	0.607567648	0.605303957	0.60114537	0.596653966	0.590278337	0.584709786	0.580122452	0.575775644	0.57277983	0.57025685	0.566360091	0.559534619	0.55060437	0.540966973	0.532521764	0.525470759	0.519174045	0.515715446	0.515177002	0.51776174	0.523584311	0.526132933	0.517151487	0.496558331	0.469787691	0.441222915	0.413724444	0.389337428	0.367991566	0.349566777	0.333138173	0.319144282	0.308298338
35	0.188948082	0.191533144	0.198856113	0.215136176	0.240168881	0.268023058	0.293579855	0.312089964	0.32700231	0.338376831	0.342669351	0.33912216	0.324986718	0.307595973	0.294398415	0.28591963	0.281680901	0.280418101	0.27849961	0.275759775	0.275979023	0.280024141	0.288200277	0.301744109	0.3196125	0.340349571	0.361541432	0.380727348	0.401725147	0.428125865	0.461412179	0.50019004	0.536898646	0.563977211	0.582463359	0.594384204	0.601964511	0.606043277	0.607628757	0.605338644	0.601118189	0.596549792	0.590138639	0.584638409	0.580038903	0.575725911	0.572818794	0.570214605	0.566274001	0.559479151	0.550516014	0.54094428	0.532604156	0.525638032	0.51935007	0.515778327	0.515166186	0.517707974	0.523635395	0.526103089	0.517170886	0.496482984	0.469530652	0.440947185	0.41342388	0.389256324	0.367271829	0.349225447	0.332637496	0.31886437	0.3069204
40	0.188860152	0.191523459	0.198836179	0.215115799	0.240187453	0.267967441	0.293600277	0.312136387	0.327011639	0.338477995	0.342696517	0.339236036	0.325109201	0.307551767	0.294419711	0.285874022	0.281631972	0.28035488	0.27839217	0.275730213	0.275897044	0.279955228	0.288175963	0.301744025	0.319575467	0.340348222	0.361582714	0.38080864	0.401741624	0.428191112	0.46166101	0.500331923	0.536938907	0.564006173	0.582454407	0.594251782	0.60183659	0.605968187	0.607551213	0.605265547	0.601021389	0.596479493	0.590085498	0.584597153	0.579962021	0.575698692	0.572835689	0.570179892	0.5662258	0.559429418	0.550631341	0.541001013	0.53267314	0.525665137	0.519284294	0.515804821	0.515310888	0.517909414	0.523791687	0.526322639	0.517291982	0.496531571	0.469673287	0.440619014	0.413345149	0.389061391	0.3675547	0.349197705	0.332725031	0.318703497	0.307625822
45	0.187555443	0.190215298	0.197608467	0.214026236	0.239208618	0.267027166	0.292737977	0.311366422	0.326185086	0.337676834	0.34191643	0.3384654	0.324270048	0.306711717	0.293479264	0.28492283	0.280611689	0.279302823	0.27744461	0.274757324	0.274945039	0.279076858	0.287367375	0.3009792	0.318976056	0.339937825	0.361249466	0.380482035	0.401632021	0.428288006	0.461812422	0.500657264	0.53740734	0.564477449	0.582826958	0.594567051	0.602032757	0.606131935	0.607693801	0.605369205	0.60102689	0.596410289	0.589965141	0.584547576	0.579980796	0.57564035	0.572685259	0.570021508	0.566056497	0.559228372	0.550372986	0.540806145	0.532517421	0.525542573	0.519177582	0.515622185	0.515092493	0.517784764	0.523749154	0.526412178	0.517227517	0.49650375	0.469391666	0.440293638	0.412945429	0.388320565	0.366555082	0.34817635	0.332294125	0.317514308	0.306160914
50	0.1882522	0.190812894	0.198224357	0.214513095	0.239660395	0.267454114	0.293136716	0.311691668	0.326600818	0.338082061	0.342373043	0.338862895	0.324673263	0.307098057	0.293780809	0.285194852	0.280836492	0.279559979	0.277741514	0.274922911	0.275111351	0.279253	0.287573889	0.301187561	0.319123621	0.340056197	0.361362719	0.38065563	0.401763967	0.428423158	0.461843926	0.500745901	0.537527355	0.564546478	0.582952537	0.594658989	0.602100288	0.606193924	0.607750495	0.605432935	0.601091177	0.596445641	0.590049079	0.584591043	0.580037846	0.575673428	0.57272103	0.570033108	0.566100337	0.559290676	0.550411108	0.540931059	0.532589377	0.525598748	0.519141271	0.515646745	0.515224131	0.517998039	0.523941474	0.526493983	0.517646438	0.496865562	0.470022204	0.441003429	0.4131091	0.38919564	0.366745091	0.348740414	0.332414263	0.318327323	0.307085712
