1 	 0.23341	 0.23159	 0.23341	 0.24176	 0.26150	 0.29070	 0.32362	 0.34659	 0.36774	 0.38989	 0.40435	 0.39802	 0.36388	 0.32243	 0.29195	 0.27237	 0.26082	 0.25464	 0.25014	 0.24483	 0.24171	 0.24262	 0.24845	 0.25977	 0.27780	 0.30329	 0.33413	 0.36850	 0.41168	 0.45552	 0.49570	 0.53850	 0.57475	 0.59862	 0.61199	 0.61913	 0.62339	 0.62299	 0.62161	 0.61864	 0.61218	 0.60359	 0.59570	 0.58934	 0.58193	 0.57380	 0.56760	 0.56341	 0.55894	 0.55182	 0.54456	 0.53870	 0.53352	 0.53023	 0.53035	 0.53615	 0.55109	 0.57085	 0.59947	 0.63989	 0.67701	 0.69150	 0.67845	 0.64693	 0.60995	 0.58125	 0.55784	 0.53309	 0.51216	 0.49615	 0.48068
6 	 0.23456	 0.23259	 0.23482	 0.24358	 0.26333	 0.29309	 0.32555	 0.34843	 0.36939	 0.39166	 0.40619	 0.39907	 0.36441	 0.32308	 0.29347	 0.27390	 0.26226	 0.25607	 0.25058	 0.24530	 0.24245	 0.24310	 0.24889	 0.26064	 0.27944	 0.30413	 0.33452	 0.36952	 0.41349	 0.45744	 0.49799	 0.54187	 0.57783	 0.60086	 0.61420	 0.62095	 0.62490	 0.62448	 0.62319	 0.62057	 0.61370	 0.60498	 0.59703	 0.58989	 0.58280	 0.57511	 0.56949	 0.56523	 0.56018	 0.55266	 0.54571	 0.54014	 0.53522	 0.53201	 0.53170	 0.53845	 0.55308	 0.57241	 0.60220	 0.64288	 0.68031	 0.69475	 0.68136	 0.64899	 0.61198	 0.58324	 0.55989	 0.53488	 0.51435	 0.49775	 0.48196
11 	 0.23452	 0.23314	 0.23584	 0.24392	 0.26364	 0.29312	 0.32636	 0.34870	 0.36977	 0.39196	 0.40637	 0.39942	 0.36469	 0.32353	 0.29392	 0.27474	 0.26315	 0.25707	 0.25130	 0.24586	 0.24284	 0.24395	 0.24951	 0.26065	 0.27895	 0.30494	 0.33609	 0.37126	 0.41415	 0.45751	 0.49802	 0.54196	 0.57853	 0.60151	 0.61421	 0.62126	 0.62472	 0.62398	 0.62236	 0.61960	 0.61360	 0.60534	 0.59764	 0.58986	 0.58279	 0.57499	 0.56932	 0.56510	 0.56004	 0.55307	 0.54600	 0.53968	 0.53406	 0.53050	 0.53017	 0.53730	 0.55254	 0.57314	 0.60422	 0.64463	 0.68244	 0.69679	 0.68257	 0.64973	 0.61238	 0.58339	 0.56012	 0.53573	 0.51432	 0.49812	 0.48243
16 	 0.23609	 0.23389	 0.23623	 0.24472	 0.26439	 0.29421	 0.32718	 0.34981	 0.37083	 0.39305	 0.40745	 0.40058	 0.36588	 0.32397	 0.29448	 0.27564	 0.26384	 0.25748	 0.25180	 0.24688	 0.24409	 0.24490	 0.25068	 0.26244	 0.28069	 0.30648	 0.33711	 0.37246	 0.41608	 0.45972	 0.50041	 0.54425	 0.58016	 0.60284	 0.61613	 0.62309	 0.62571	 0.62481	 0.62319	 0.62040	 0.61450	 0.60535	 0.59773	 0.59000	 0.58273	 0.57554	 0.56919	 0.56465	 0.55950	 0.55265	 0.54601	 0.54011	 0.53420	 0.53043	 0.53079	 0.53747	 0.55335	 0.57420	 0.60500	 0.64569	 0.68480	 0.69849	 0.68394	 0.65144	 0.61370	 0.58498	 0.56168	 0.53695	 0.51588	 0.49926	 0.48377
21 	 0.23656	 0.23418	 0.23654	 0.24533	 0.26459	 0.29425	 0.32770	 0.35048	 0.37110	 0.39336	 0.40778	 0.40100	 0.36657	 0.32449	 0.29466	 0.27583	 0.26382	 0.25765	 0.25196	 0.24718	 0.24415	 0.24509	 0.25148	 0.26338	 0.28112	 0.30686	 0.33782	 0.37322	 0.41728	 0.46076	 0.50114	 0.54479	 0.58075	 0.60383	 0.61695	 0.62351	 0.62575	 0.62497	 0.62393	 0.62114	 0.61487	 0.60592	 0.59851	 0.59086	 0.58291	 0.57563	 0.56922	 0.56514	 0.56009	 0.55326	 0.54625	 0.54034	 0.53467	 0.53077	 0.53190	 0.53778	 0.55335	 0.57443	 0.60517	 0.64614	 0.68506	 0.69889	 0.68480	 0.65181	 0.61415	 0.58480	 0.56132	 0.53695	 0.51655	 0.49961	 0.48407
26 	 0.23658	 0.23431	 0.23670	 0.24549	 0.26469	 0.29434	 0.32788	 0.35078	 0.37122	 0.39347	 0.40810	 0.40137	 0.36696	 0.32448	 0.29477	 0.27583	 0.26364	 0.25762	 0.25194	 0.24705	 0.24398	 0.24503	 0.25156	 0.26332	 0.28109	 0.30680	 0.33794	 0.37339	 0.41752	 0.46086	 0.50113	 0.54489	 0.58092	 0.60416	 0.61705	 0.62365	 0.62581	 0.62526	 0.62421	 0.62116	 0.61511	 0.60639	 0.59906	 0.59140	 0.58309	 0.57567	 0.56937	 0.56541	 0.56042	 0.55336	 0.54633	 0.54055	 0.53492	 0.53102	 0.53220	 0.53794	 0.55338	 0.57457	 0.60516	 0.64627	 0.68513	 0.69926	 0.68486	 0.65188	 0.61440	 0.58526	 0.56172	 0.53715	 0.51608	 0.49968	 0.48436
31 	 0.23719	 0.23499	 0.23737	 0.24611	 0.26539	 0.29503	 0.32844	 0.35131	 0.37177	 0.39412	 0.40872	 0.40193	 0.36751	 0.32482	 0.29526	 0.27631	 0.26390	 0.25774	 0.25222	 0.24740	 0.24415	 0.24531	 0.25193	 0.26373	 0.28150	 0.30713	 0.33833	 0.37383	 0.41805	 0.46154	 0.50197	 0.54584	 0.58187	 0.60496	 0.61760	 0.62390	 0.62626	 0.62573	 0.62457	 0.62122	 0.61518	 0.60677	 0.59942	 0.59178	 0.58311	 0.57550	 0.56919	 0.56542	 0.56049	 0.55341	 0.54644	 0.54049	 0.53493	 0.53104	 0.53226	 0.53791	 0.55338	 0.57474	 0.60553	 0.64682	 0.68599	 0.70046	 0.68609	 0.65261	 0.61525	 0.58615	 0.56234	 0.53757	 0.51663	 0.50025	 0.48499
36 	 0.23778	 0.23563	 0.23802	 0.24682	 0.26621	 0.29564	 0.32914	 0.35188	 0.37232	 0.39473	 0.40935	 0.40252	 0.36808	 0.32544	 0.29587	 0.27681	 0.26433	 0.25813	 0.25276	 0.24796	 0.24471	 0.24582	 0.25248	 0.26404	 0.28190	 0.30762	 0.33877	 0.37435	 0.41842	 0.46190	 0.50240	 0.54622	 0.58208	 0.60519	 0.61792	 0.62427	 0.62664	 0.62621	 0.62493	 0.62140	 0.61562	 0.60741	 0.59997	 0.59243	 0.58369	 0.57579	 0.56959	 0.56598	 0.56108	 0.55394	 0.54696	 0.54099	 0.53551	 0.53167	 0.53264	 0.53832	 0.55380	 0.57519	 0.60643	 0.64764	 0.68704	 0.70136	 0.68698	 0.65354	 0.61593	 0.58668	 0.56267	 0.53847	 0.51729	 0.50113	 0.48552
41 	 0.23783	 0.23576	 0.23807	 0.24700	 0.26649	 0.29595	 0.32929	 0.35195	 0.37253	 0.39494	 0.40963	 0.40270	 0.36810	 0.32561	 0.29596	 0.27675	 0.26430	 0.25806	 0.25276	 0.24796	 0.24469	 0.24584	 0.25240	 0.26403	 0.28185	 0.30761	 0.33886	 0.37446	 0.41868	 0.46231	 0.50304	 0.54699	 0.58271	 0.60566	 0.61829	 0.62449	 0.62679	 0.62637	 0.62483	 0.62115	 0.61553	 0.60741	 0.59984	 0.59244	 0.58361	 0.57548	 0.56936	 0.56584	 0.56099	 0.55373	 0.54675	 0.54065	 0.53523	 0.53156	 0.53237	 0.53810	 0.55369	 0.57528	 0.60675	 0.64820	 0.68767	 0.70192	 0.68743	 0.65367	 0.61642	 0.58673	 0.56305	 0.53832	 0.51788	 0.50107	 0.48644
46 	 0.23821	 0.23605	 0.23847	 0.24755	 0.26693	 0.29632	 0.32971	 0.35235	 0.37286	 0.39541	 0.41005	 0.40312	 0.36839	 0.32593	 0.29625	 0.27693	 0.26458	 0.25825	 0.25307	 0.24824	 0.24508	 0.24617	 0.25267	 0.26427	 0.28211	 0.30800	 0.33914	 0.37487	 0.41906	 0.46295	 0.50380	 0.54779	 0.58344	 0.60626	 0.61875	 0.62488	 0.62727	 0.62669	 0.62486	 0.62103	 0.61550	 0.60743	 0.59992	 0.59260	 0.58371	 0.57542	 0.56930	 0.56600	 0.56110	 0.55384	 0.54677	 0.54054	 0.53516	 0.53157	 0.53240	 0.53804	 0.55373	 0.57563	 0.60732	 0.64887	 0.68830	 0.70275	 0.68804	 0.65446	 0.61651	 0.58747	 0.56386	 0.53925	 0.51928	 0.50187	 0.48635
2 	 0.23029	 0.22803	 0.22972	 0.23749	 0.25606	 0.28469	 0.31676	 0.33840	 0.35851	 0.38085	 0.39625	 0.39085	 0.35696	 0.31555	 0.28556	 0.26614	 0.25468	 0.24826	 0.24339	 0.23844	 0.23528	 0.23595	 0.24161	 0.25310	 0.27037	 0.29457	 0.32429	 0.35810	 0.40130	 0.44585	 0.48744	 0.53236	 0.56970	 0.59375	 0.60667	 0.61273	 0.61590	 0.61375	 0.60980	 0.60406	 0.59532	 0.58496	 0.57639	 0.56987	 0.56277	 0.55503	 0.54906	 0.54468	 0.53994	 0.53252	 0.52563	 0.51980	 0.51493	 0.51207	 0.51246	 0.51943	 0.53449	 0.55293	 0.58054	 0.62352	 0.66716	 0.68975	 0.68189	 0.65210	 0.61647	 0.59027	 0.56883	 0.54554	 0.52623	 0.51045	 0.49575
7 	 0.23090	 0.22874	 0.23069	 0.23868	 0.25713	 0.28605	 0.31745	 0.33908	 0.35914	 0.38160	 0.39710	 0.39077	 0.35653	 0.31538	 0.28610	 0.26674	 0.25516	 0.24866	 0.24309	 0.23800	 0.23523	 0.23585	 0.24153	 0.25293	 0.27096	 0.29453	 0.32374	 0.35803	 0.40190	 0.44662	 0.48857	 0.53419	 0.57119	 0.59419	 0.60700	 0.61284	 0.61526	 0.61294	 0.60915	 0.60369	 0.59461	 0.58433	 0.57568	 0.56832	 0.56140	 0.55400	 0.54830	 0.54398	 0.53883	 0.53122	 0.52448	 0.51910	 0.51422	 0.51130	 0.51175	 0.51921	 0.53406	 0.55227	 0.58083	 0.62356	 0.66765	 0.69024	 0.68226	 0.65250	 0.61698	 0.59065	 0.56965	 0.54702	 0.52716	 0.51152	 0.49629
12 	 0.23104	 0.22929	 0.23172	 0.23904	 0.25731	 0.28604	 0.31818	 0.33924	 0.35928	 0.38175	 0.39691	 0.39088	 0.35669	 0.31570	 0.28657	 0.26762	 0.25599	 0.24964	 0.24366	 0.23845	 0.23561	 0.23660	 0.24199	 0.25302	 0.27052	 0.29530	 0.32525	 0.35953	 0.40230	 0.44637	 0.48824	 0.53392	 0.57130	 0.59423	 0.60633	 0.61242	 0.61450	 0.61182	 0.60769	 0.60198	 0.59375	 0.58393	 0.57551	 0.56756	 0.56089	 0.55364	 0.54770	 0.54314	 0.53794	 0.53096	 0.52436	 0.51826	 0.51272	 0.50942	 0.50975	 0.51754	 0.53312	 0.55257	 0.58218	 0.62444	 0.66868	 0.69103	 0.68293	 0.65235	 0.61704	 0.59063	 0.56973	 0.54635	 0.52756	 0.51186	 0.49675
17 	 0.23232	 0.22981	 0.23185	 0.23960	 0.25780	 0.28671	 0.31870	 0.33994	 0.35992	 0.38224	 0.39739	 0.39146	 0.35744	 0.31586	 0.28664	 0.26813	 0.25631	 0.24965	 0.24386	 0.23922	 0.23650	 0.23714	 0.24281	 0.25444	 0.27180	 0.29635	 0.32583	 0.36018	 0.40368	 0.44788	 0.48973	 0.53503	 0.57184	 0.59463	 0.60729	 0.61318	 0.61448	 0.61178	 0.60770	 0.60211	 0.59387	 0.58327	 0.57496	 0.56719	 0.56023	 0.55335	 0.54691	 0.54216	 0.53698	 0.53027	 0.52377	 0.51801	 0.51227	 0.50872	 0.50979	 0.51706	 0.53306	 0.55263	 0.58186	 0.62432	 0.66919	 0.69125	 0.68258	 0.65287	 0.61757	 0.59104	 0.56994	 0.54718	 0.52817	 0.51255	 0.49794
22 	 0.23241	 0.22982	 0.23187	 0.23989	 0.25767	 0.28649	 0.31869	 0.34011	 0.35964	 0.38192	 0.39719	 0.39130	 0.35753	 0.31569	 0.28639	 0.26791	 0.25587	 0.24943	 0.24355	 0.23904	 0.23617	 0.23699	 0.24336	 0.25486	 0.27179	 0.29624	 0.32596	 0.36048	 0.40423	 0.44827	 0.48983	 0.53504	 0.57204	 0.59508	 0.60749	 0.61298	 0.61388	 0.61126	 0.60760	 0.60182	 0.59339	 0.58303	 0.57503	 0.56726	 0.55955	 0.55273	 0.54617	 0.54181	 0.53680	 0.53006	 0.52321	 0.51754	 0.51201	 0.50835	 0.51012	 0.51664	 0.53229	 0.55192	 0.58094	 0.62324	 0.66816	 0.69050	 0.68213	 0.65250	 0.61686	 0.59067	 0.56941	 0.54690	 0.52728	 0.51202	 0.49751
27 	 0.23260	 0.23008	 0.23218	 0.24015	 0.25792	 0.28665	 0.31897	 0.34038	 0.35983	 0.38212	 0.39743	 0.39168	 0.35791	 0.31592	 0.28659	 0.26805	 0.25583	 0.24949	 0.24373	 0.23904	 0.23604	 0.23703	 0.24348	 0.25486	 0.27184	 0.29624	 0.32616	 0.36058	 0.40439	 0.44833	 0.48981	 0.53497	 0.57183	 0.59502	 0.60723	 0.61263	 0.61363	 0.61101	 0.60743	 0.60158	 0.59313	 0.58306	 0.57505	 0.56733	 0.55928	 0.55228	 0.54589	 0.54174	 0.53671	 0.52976	 0.52295	 0.51723	 0.51188	 0.50831	 0.50997	 0.51636	 0.53195	 0.55161	 0.58050	 0.62296	 0.66801	 0.69041	 0.68225	 0.65266	 0.61711	 0.59095	 0.56964	 0.54693	 0.52771	 0.51249	 0.49755
32 	 0.23291	 0.23050	 0.23253	 0.24045	 0.25836	 0.28693	 0.31912	 0.34053	 0.35989	 0.38219	 0.39748	 0.39159	 0.35794	 0.31580	 0.28673	 0.26814	 0.25573	 0.24929	 0.24376	 0.23920	 0.23605	 0.23707	 0.24358	 0.25496	 0.27190	 0.29625	 0.32617	 0.36065	 0.40443	 0.44839	 0.48994	 0.53522	 0.57199	 0.59507	 0.60704	 0.61231	 0.61318	 0.61082	 0.60706	 0.60088	 0.59255	 0.58276	 0.57480	 0.56709	 0.55866	 0.55160	 0.54520	 0.54127	 0.53633	 0.52936	 0.52256	 0.51675	 0.51146	 0.50796	 0.50956	 0.51587	 0.53138	 0.55109	 0.58025	 0.62267	 0.66752	 0.69023	 0.68210	 0.65242	 0.61711	 0.59052	 0.56950	 0.54673	 0.52755	 0.51145	 0.49725
37 	 0.23369	 0.23118	 0.23328	 0.24130	 0.25924	 0.28766	 0.31980	 0.34106	 0.36037	 0.38281	 0.39811	 0.39221	 0.35852	 0.31658	 0.28747	 0.26874	 0.25631	 0.24984	 0.24440	 0.23982	 0.23661	 0.23767	 0.24415	 0.25546	 0.27237	 0.29680	 0.32667	 0.36105	 0.40480	 0.44882	 0.49044	 0.53546	 0.57215	 0.59507	 0.60708	 0.61225	 0.61331	 0.61099	 0.60706	 0.60065	 0.59262	 0.58294	 0.57486	 0.56734	 0.55885	 0.55146	 0.54515	 0.54147	 0.53654	 0.52943	 0.52268	 0.51677	 0.51152	 0.50803	 0.50949	 0.51587	 0.53134	 0.55121	 0.58042	 0.62280	 0.66746	 0.69030	 0.68242	 0.65271	 0.61696	 0.59069	 0.56992	 0.54743	 0.52859	 0.51283	 0.49774
42 	 0.23332	 0.23087	 0.23293	 0.24102	 0.25902	 0.28741	 0.31943	 0.34065	 0.36008	 0.38237	 0.39779	 0.39182	 0.35808	 0.31612	 0.28708	 0.26822	 0.25586	 0.24936	 0.24389	 0.23932	 0.23613	 0.23712	 0.24353	 0.25489	 0.27178	 0.29627	 0.32603	 0.36062	 0.40433	 0.44845	 0.49017	 0.53528	 0.57174	 0.59455	 0.60643	 0.61161	 0.61270	 0.61023	 0.60608	 0.59949	 0.59169	 0.58206	 0.57395	 0.56655	 0.55808	 0.55038	 0.54422	 0.54066	 0.53567	 0.52858	 0.52179	 0.51576	 0.51054	 0.50725	 0.50861	 0.51487	 0.53031	 0.55027	 0.57978	 0.62205	 0.66720	 0.69000	 0.68212	 0.65231	 0.61734	 0.59070	 0.56972	 0.54748	 0.52801	 0.51333	 0.49837
47 	 0.23347	 0.23104	 0.23317	 0.24138	 0.25929	 0.28763	 0.31966	 0.34078	 0.36011	 0.38256	 0.39790	 0.39190	 0.35808	 0.31630	 0.28709	 0.26819	 0.25591	 0.24929	 0.24391	 0.23944	 0.23627	 0.23720	 0.24355	 0.25483	 0.27176	 0.29631	 0.32602	 0.36059	 0.40437	 0.44853	 0.49041	 0.53552	 0.57180	 0.59450	 0.60637	 0.61145	 0.61252	 0.60998	 0.60557	 0.59876	 0.59109	 0.58152	 0.57344	 0.56613	 0.55767	 0.54987	 0.54367	 0.54022	 0.53524	 0.52814	 0.52135	 0.51527	 0.51002	 0.50681	 0.50806	 0.51440	 0.52991	 0.55007	 0.57972	 0.62214	 0.66705	 0.68995	 0.68191	 0.65265	 0.61713	 0.59115	 0.57016	 0.54730	 0.52864	 0.51303	 0.49840
3 	 0.26839	 0.26287	 0.26127	 0.26574	 0.28048	 0.30474	 0.33277	 0.35132	 0.36849	 0.38673	 0.39805	 0.39031	 0.35809	 0.31988	 0.29165	 0.27286	 0.26182	 0.25579	 0.25110	 0.24606	 0.24303	 0.24411	 0.25024	 0.26249	 0.28059	 0.30501	 0.33428	 0.36722	 0.41001	 0.45706	 0.50418	 0.55339	 0.59337	 0.61836	 0.63171	 0.63844	 0.64261	 0.64111	 0.63731	 0.63192	 0.62326	 0.61290	 0.60348	 0.59580	 0.58742	 0.57838	 0.57171	 0.56682	 0.56152	 0.55372	 0.54626	 0.54019	 0.53512	 0.53208	 0.53267	 0.53983	 0.55499	 0.57374	 0.60213	 0.64594	 0.69399	 0.72390	 0.72402	 0.70268	 0.67623	 0.65855	 0.64475	 0.62945	 0.61794	 0.60878	 0.59724
8 	 0.26978	 0.26434	 0.26304	 0.26769	 0.28218	 0.30660	 0.33379	 0.35235	 0.36936	 0.38778	 0.39898	 0.39043	 0.35798	 0.32004	 0.29254	 0.27398	 0.26277	 0.25659	 0.25122	 0.24602	 0.24342	 0.24446	 0.25070	 0.26282	 0.28162	 0.30552	 0.33428	 0.36776	 0.41124	 0.45861	 0.50644	 0.55651	 0.59605	 0.61980	 0.63281	 0.63903	 0.64225	 0.64060	 0.63692	 0.63173	 0.62266	 0.61219	 0.60273	 0.59418	 0.58587	 0.57733	 0.57081	 0.56588	 0.56023	 0.55225	 0.54494	 0.53929	 0.53422	 0.53127	 0.53163	 0.53940	 0.55436	 0.57293	 0.60209	 0.64568	 0.69382	 0.72400	 0.72435	 0.70303	 0.67669	 0.65877	 0.64532	 0.63048	 0.61909	 0.60969	 0.59815
13 	 0.26949	 0.26437	 0.26353	 0.26755	 0.28194	 0.30617	 0.33398	 0.35201	 0.36905	 0.38712	 0.39825	 0.39006	 0.35752	 0.31960	 0.29231	 0.27436	 0.26305	 0.25700	 0.25121	 0.24612	 0.24359	 0.24480	 0.25090	 0.26266	 0.28108	 0.30603	 0.33532	 0.36874	 0.41124	 0.45803	 0.50581	 0.55562	 0.59537	 0.61890	 0.63140	 0.63802	 0.64083	 0.63856	 0.63437	 0.62900	 0.62091	 0.61062	 0.60138	 0.59228	 0.58429	 0.57582	 0.56896	 0.56380	 0.55825	 0.55081	 0.54374	 0.53744	 0.53160	 0.52822	 0.52865	 0.53671	 0.55246	 0.57215	 0.60214	 0.64523	 0.69369	 0.72354	 0.72334	 0.70146	 0.67552	 0.65728	 0.64383	 0.62941	 0.61776	 0.60866	 0.59779
18 	 0.27006	 0.26435	 0.26306	 0.26756	 0.28179	 0.30620	 0.33398	 0.35217	 0.36904	 0.38730	 0.39832	 0.39011	 0.35791	 0.31959	 0.29205	 0.27428	 0.26291	 0.25658	 0.25093	 0.24624	 0.24370	 0.24476	 0.25105	 0.26327	 0.28139	 0.30621	 0.33515	 0.36870	 0.41183	 0.45859	 0.50607	 0.55569	 0.59484	 0.61831	 0.63134	 0.63783	 0.63983	 0.63773	 0.63391	 0.62868	 0.62048	 0.60966	 0.60069	 0.59178	 0.58337	 0.57531	 0.56809	 0.56287	 0.55718	 0.55009	 0.54300	 0.53705	 0.53115	 0.52743	 0.52859	 0.53602	 0.55202	 0.57181	 0.60164	 0.64458	 0.69344	 0.72288	 0.72272	 0.70159	 0.67557	 0.65699	 0.64360	 0.62850	 0.61771	 0.60836	 0.59768
23 	 0.27057	 0.26464	 0.26345	 0.26807	 0.28200	 0.30618	 0.33427	 0.35253	 0.36905	 0.38719	 0.39827	 0.39019	 0.35828	 0.31970	 0.29208	 0.27426	 0.26259	 0.25657	 0.25091	 0.24633	 0.24357	 0.24480	 0.25160	 0.26385	 0.28153	 0.30617	 0.33534	 0.36899	 0.41231	 0.45885	 0.50607	 0.55536	 0.59467	 0.61847	 0.63116	 0.63737	 0.63902	 0.63705	 0.63369	 0.62829	 0.62001	 0.60947	 0.60070	 0.59173	 0.58274	 0.57458	 0.56738	 0.56259	 0.55707	 0.54978	 0.54261	 0.53666	 0.53090	 0.52711	 0.52888	 0.53561	 0.55122	 0.57112	 0.60062	 0.64369	 0.69265	 0.72232	 0.72258	 0.70114	 0.67551	 0.65748	 0.64376	 0.62934	 0.61835	 0.60886	 0.59809
28 	 0.27044	 0.26461	 0.26351	 0.26805	 0.28198	 0.30615	 0.33435	 0.35262	 0.36897	 0.38719	 0.39839	 0.39042	 0.35843	 0.31959	 0.29210	 0.27412	 0.26233	 0.25640	 0.25076	 0.24612	 0.24326	 0.24462	 0.25152	 0.26364	 0.28139	 0.30604	 0.33532	 0.36898	 0.41230	 0.45876	 0.50579	 0.55512	 0.59437	 0.61833	 0.63095	 0.63701	 0.63868	 0.63689	 0.63353	 0.62806	 0.61984	 0.60954	 0.60074	 0.59182	 0.58246	 0.57427	 0.56719	 0.56253	 0.55703	 0.54973	 0.54243	 0.53645	 0.53076	 0.52701	 0.52890	 0.53545	 0.55095	 0.57085	 0.60019	 0.64345	 0.69233	 0.72216	 0.72250	 0.70105	 0.67523	 0.65704	 0.64359	 0.62894	 0.61800	 0.60848	 0.59757
33 	 0.27074	 0.26507	 0.26394	 0.26852	 0.28245	 0.30650	 0.33449	 0.35271	 0.36902	 0.38720	 0.39832	 0.39026	 0.35845	 0.31968	 0.29230	 0.27433	 0.26236	 0.25628	 0.25094	 0.24630	 0.24329	 0.24478	 0.25174	 0.26387	 0.28153	 0.30610	 0.33553	 0.36904	 0.41238	 0.45890	 0.50603	 0.55533	 0.59440	 0.61816	 0.63052	 0.63648	 0.63813	 0.63644	 0.63291	 0.62706	 0.61899	 0.60901	 0.60022	 0.59132	 0.58174	 0.57323	 0.56628	 0.56185	 0.55643	 0.54893	 0.54174	 0.53569	 0.53015	 0.52646	 0.52811	 0.53462	 0.55005	 0.56995	 0.59946	 0.64252	 0.69123	 0.72124	 0.72209	 0.70069	 0.67471	 0.65652	 0.64274	 0.62849	 0.61733	 0.60797	 0.59701
38 	 0.27111	 0.26552	 0.26428	 0.26897	 0.28295	 0.30689	 0.33485	 0.35301	 0.36935	 0.38763	 0.39875	 0.39065	 0.35874	 0.32002	 0.29260	 0.27456	 0.26259	 0.25639	 0.25108	 0.24646	 0.24342	 0.24485	 0.25186	 0.26381	 0.28151	 0.30615	 0.33549	 0.36907	 0.41238	 0.45889	 0.50600	 0.55529	 0.59419	 0.61793	 0.63023	 0.63616	 0.63805	 0.63637	 0.63269	 0.62664	 0.61886	 0.60892	 0.60012	 0.59141	 0.58168	 0.57303	 0.56609	 0.56179	 0.55640	 0.54888	 0.54171	 0.53555	 0.53003	 0.52643	 0.52798	 0.53451	 0.54994	 0.57002	 0.59970	 0.64270	 0.69151	 0.72171	 0.72235	 0.70089	 0.67546	 0.65706	 0.64342	 0.62882	 0.61827	 0.60889	 0.59801
43 	 0.27115	 0.26544	 0.26424	 0.26907	 0.28306	 0.30697	 0.33487	 0.35291	 0.36923	 0.38752	 0.39867	 0.39043	 0.35860	 0.31995	 0.29255	 0.27437	 0.26243	 0.25624	 0.25102	 0.24636	 0.24334	 0.24482	 0.25170	 0.26371	 0.28137	 0.30611	 0.33536	 0.36902	 0.41238	 0.45900	 0.50628	 0.55554	 0.59438	 0.61786	 0.63008	 0.63588	 0.63775	 0.63594	 0.63197	 0.62561	 0.61807	 0.60827	 0.59933	 0.59077	 0.58103	 0.57219	 0.56531	 0.56122	 0.55579	 0.54817	 0.54101	 0.53468	 0.52920	 0.52569	 0.52720	 0.53363	 0.54910	 0.56934	 0.59912	 0.64212	 0.69093	 0.72099	 0.72178	 0.70058	 0.67467	 0.65691	 0.64353	 0.62861	 0.61774	 0.60824	 0.59734
48 	 0.27156	 0.26591	 0.26471	 0.26953	 0.28354	 0.30734	 0.33519	 0.35312	 0.36942	 0.38772	 0.39883	 0.39062	 0.35866	 0.32014	 0.29265	 0.27438	 0.26251	 0.25636	 0.25115	 0.24646	 0.24354	 0.24495	 0.25176	 0.26367	 0.28147	 0.30620	 0.33535	 0.36916	 0.41252	 0.45932	 0.50677	 0.55612	 0.59470	 0.61802	 0.63014	 0.63581	 0.63765	 0.63567	 0.63139	 0.62498	 0.61735	 0.60770	 0.59878	 0.59029	 0.58061	 0.57147	 0.56460	 0.56068	 0.55528	 0.54765	 0.54042	 0.53402	 0.52856	 0.52523	 0.52659	 0.53305	 0.54854	 0.56896	 0.59902	 0.64195	 0.69075	 0.72100	 0.72193	 0.70054	 0.67498	 0.65680	 0.64367	 0.62938	 0.61789	 0.60890	 0.59826
4 	 0.27067	 0.26572	 0.26476	 0.27016	 0.28606	 0.31243	 0.34254	 0.36205	 0.38017	 0.40047	 0.41393	 0.40687	 0.37268	 0.33162	 0.30138	 0.28153	 0.26963	 0.26301	 0.25799	 0.25286	 0.24980	 0.25064	 0.25657	 0.26874	 0.28658	 0.31108	 0.34110	 0.37544	 0.41957	 0.46591	 0.51031	 0.55697	 0.59431	 0.61768	 0.62991	 0.63578	 0.63935	 0.63752	 0.63359	 0.62805	 0.61926	 0.60880	 0.59971	 0.59260	 0.58484	 0.57627	 0.56999	 0.56522	 0.56005	 0.55242	 0.54532	 0.53953	 0.53479	 0.53211	 0.53288	 0.54078	 0.55660	 0.57580	 0.60527	 0.65090	 0.69998	 0.72829	 0.72576	 0.70142	 0.67322	 0.65317	 0.63776	 0.62150	 0.60798	 0.59756	 0.58573
9 	 0.27112	 0.26635	 0.26570	 0.27111	 0.28693	 0.31344	 0.34274	 0.36233	 0.38062	 0.40111	 0.41448	 0.40657	 0.37206	 0.33118	 0.30167	 0.28206	 0.27004	 0.26327	 0.25762	 0.25237	 0.24977	 0.25058	 0.25664	 0.26837	 0.28694	 0.31093	 0.34054	 0.37533	 0.42006	 0.46651	 0.51117	 0.55841	 0.59538	 0.61770	 0.62979	 0.63548	 0.63818	 0.63641	 0.63271	 0.62753	 0.61838	 0.60799	 0.59898	 0.59101	 0.58334	 0.57521	 0.56907	 0.56442	 0.55888	 0.55113	 0.54420	 0.53874	 0.53387	 0.53117	 0.53206	 0.54026	 0.55598	 0.57523	 0.60579	 0.65115	 0.70047	 0.72904	 0.72599	 0.70199	 0.67307	 0.65320	 0.63780	 0.62162	 0.60833	 0.59754	 0.58543
14 	 0.27047	 0.26611	 0.26580	 0.27060	 0.28637	 0.31274	 0.34271	 0.36180	 0.37998	 0.40035	 0.41362	 0.40613	 0.37152	 0.33041	 0.30124	 0.28212	 0.27010	 0.26337	 0.25734	 0.25233	 0.24973	 0.25064	 0.25661	 0.26812	 0.28625	 0.31129	 0.34125	 0.37607	 0.41994	 0.46588	 0.51055	 0.55759	 0.59475	 0.61703	 0.62862	 0.63461	 0.63695	 0.63460	 0.63039	 0.62493	 0.61674	 0.60652	 0.59769	 0.58914	 0.58169	 0.57381	 0.56733	 0.56228	 0.55686	 0.54974	 0.54300	 0.53701	 0.53141	 0.52822	 0.52905	 0.53775	 0.55423	 0.57460	 0.60592	 0.65146	 0.70145	 0.72982	 0.72601	 0.70147	 0.67233	 0.65220	 0.63696	 0.62049	 0.60772	 0.59678	 0.58483
19 	 0.27145	 0.26618	 0.26554	 0.27087	 0.28652	 0.31310	 0.34325	 0.36250	 0.38062	 0.40124	 0.41447	 0.40689	 0.37250	 0.33093	 0.30125	 0.28233	 0.27009	 0.26318	 0.25729	 0.25256	 0.24994	 0.25085	 0.25692	 0.26901	 0.28688	 0.31193	 0.34187	 0.37695	 0.42162	 0.46786	 0.51267	 0.55978	 0.59663	 0.61872	 0.63085	 0.63638	 0.63790	 0.63557	 0.63164	 0.62618	 0.61789	 0.60710	 0.59843	 0.59002	 0.58220	 0.57448	 0.56760	 0.56259	 0.55709	 0.55009	 0.54334	 0.53763	 0.53192	 0.52850	 0.53028	 0.53825	 0.55513	 0.57583	 0.60717	 0.65313	 0.70360	 0.73154	 0.72780	 0.70260	 0.67354	 0.65315	 0.63795	 0.62159	 0.60853	 0.59811	 0.58641
24 	 0.27114	 0.26593	 0.26543	 0.27089	 0.28613	 0.31263	 0.34289	 0.36231	 0.38003	 0.40053	 0.41386	 0.40643	 0.37234	 0.33056	 0.30087	 0.28194	 0.26941	 0.26277	 0.25689	 0.25219	 0.24941	 0.25057	 0.25727	 0.26918	 0.28671	 0.31157	 0.34169	 0.37687	 0.42171	 0.46763	 0.51211	 0.55897	 0.59587	 0.61831	 0.63003	 0.63538	 0.63650	 0.63431	 0.63078	 0.62529	 0.61678	 0.60644	 0.59791	 0.58953	 0.58101	 0.57323	 0.56638	 0.56176	 0.55633	 0.54932	 0.54234	 0.53661	 0.53114	 0.52772	 0.52997	 0.53738	 0.55377	 0.57447	 0.60561	 0.65129	 0.70182	 0.72981	 0.72645	 0.70145	 0.67255	 0.65232	 0.63641	 0.62021	 0.60725	 0.59656	 0.58442
29 	 0.27143	 0.26640	 0.26590	 0.27128	 0.28656	 0.31295	 0.34332	 0.36277	 0.38040	 0.40087	 0.41432	 0.40700	 0.37278	 0.33083	 0.30117	 0.28212	 0.26944	 0.26289	 0.25698	 0.25232	 0.24941	 0.25059	 0.25739	 0.26933	 0.28688	 0.31174	 0.34203	 0.37714	 0.42203	 0.46792	 0.51237	 0.55923	 0.59630	 0.61875	 0.63028	 0.63558	 0.63675	 0.63462	 0.63114	 0.62549	 0.61703	 0.60680	 0.59839	 0.58997	 0.58112	 0.57331	 0.56648	 0.56201	 0.55666	 0.54950	 0.54251	 0.53684	 0.53137	 0.52795	 0.53023	 0.53746	 0.55378	 0.57452	 0.60572	 0.65131	 0.70200	 0.73026	 0.72671	 0.70166	 0.67300	 0.65243	 0.63742	 0.61994	 0.60808	 0.59696	 0.58517
34 	 0.27211	 0.26705	 0.26646	 0.27191	 0.28718	 0.31355	 0.34378	 0.36310	 0.38070	 0.40123	 0.41459	 0.40715	 0.37299	 0.33099	 0.30143	 0.28243	 0.26960	 0.26293	 0.25726	 0.25257	 0.24952	 0.25077	 0.25760	 0.26946	 0.28699	 0.31189	 0.34222	 0.37729	 0.42218	 0.46815	 0.51272	 0.55977	 0.59653	 0.61893	 0.63031	 0.63544	 0.63675	 0.63476	 0.63110	 0.62499	 0.61684	 0.60684	 0.59838	 0.59002	 0.58088	 0.57281	 0.56603	 0.56179	 0.55653	 0.54927	 0.54231	 0.53653	 0.53119	 0.52788	 0.52997	 0.53720	 0.55349	 0.57434	 0.60566	 0.65151	 0.70213	 0.73054	 0.72726	 0.70194	 0.67349	 0.65306	 0.63747	 0.62085	 0.60859	 0.59767	 0.58557
39 	 0.27253	 0.26745	 0.26691	 0.27242	 0.28779	 0.31402	 0.34411	 0.36337	 0.38100	 0.40160	 0.41502	 0.40758	 0.37345	 0.33148	 0.30197	 0.28280	 0.26994	 0.26321	 0.25768	 0.25295	 0.24991	 0.25113	 0.25798	 0.26977	 0.28727	 0.31221	 0.34240	 0.37761	 0.42238	 0.46842	 0.51304	 0.55991	 0.59656	 0.61894	 0.63036	 0.63544	 0.63680	 0.63483	 0.63101	 0.62478	 0.61681	 0.60698	 0.59837	 0.59018	 0.58098	 0.57267	 0.56602	 0.56186	 0.55657	 0.54924	 0.54234	 0.53647	 0.53117	 0.52795	 0.52989	 0.53706	 0.55336	 0.57442	 0.60573	 0.65164	 0.70223	 0.73078	 0.72768	 0.70223	 0.67354	 0.65317	 0.63764	 0.62067	 0.60809	 0.59797	 0.58615
44 	 0.27286	 0.26779	 0.26728	 0.27285	 0.28816	 0.31430	 0.34422	 0.36331	 0.38083	 0.40140	 0.41477	 0.40721	 0.37314	 0.33138	 0.30189	 0.28262	 0.26983	 0.26311	 0.25766	 0.25298	 0.24998	 0.25124	 0.25793	 0.26968	 0.28713	 0.31206	 0.34221	 0.37738	 0.42207	 0.46820	 0.51297	 0.55978	 0.59626	 0.61838	 0.62969	 0.63467	 0.63608	 0.63397	 0.62988	 0.62336	 0.61560	 0.60586	 0.59734	 0.58928	 0.58003	 0.57150	 0.56491	 0.56097	 0.55571	 0.54839	 0.54141	 0.53538	 0.53011	 0.52707	 0.52885	 0.53597	 0.55233	 0.57353	 0.60510	 0.65084	 0.70135	 0.72994	 0.72704	 0.70154	 0.67320	 0.65265	 0.63726	 0.62114	 0.60778	 0.59784	 0.58614
49 	 0.27216	 0.26713	 0.26661	 0.27232	 0.28767	 0.31366	 0.34373	 0.36283	 0.38037	 0.40104	 0.41439	 0.40676	 0.37256	 0.33090	 0.30126	 0.28194	 0.26925	 0.26243	 0.25687	 0.25227	 0.24931	 0.25056	 0.25718	 0.26889	 0.28652	 0.31150	 0.34164	 0.37689	 0.42179	 0.46811	 0.51300	 0.56004	 0.59647	 0.61846	 0.62969	 0.63457	 0.63591	 0.63375	 0.62935	 0.62277	 0.61501	 0.60531	 0.59670	 0.58875	 0.57943	 0.57087	 0.56427	 0.56040	 0.55518	 0.54771	 0.54074	 0.53460	 0.52942	 0.52641	 0.52822	 0.53542	 0.55179	 0.57305	 0.60503	 0.65091	 0.70153	 0.73019	 0.72696	 0.70213	 0.67334	 0.65324	 0.63769	 0.62055	 0.60870	 0.59735	 0.58579
5 	 0.28538	 0.28023	 0.27939	 0.28554	 0.30326	 0.33308	 0.36702	 0.38921	 0.40988	 0.43379	 0.45001	 0.44268	 0.40355	 0.35671	 0.32290	 0.30078	 0.28750	 0.27998	 0.27434	 0.26889	 0.26562	 0.26648	 0.27275	 0.28596	 0.30541	 0.33219	 0.36517	 0.40348	 0.45224	 0.50211	 0.54926	 0.60033	 0.64090	 0.66606	 0.67908	 0.68504	 0.68866	 0.68701	 0.68239	 0.67632	 0.66700	 0.65605	 0.64621	 0.63840	 0.62984	 0.62054	 0.61405	 0.60881	 0.60302	 0.59506	 0.58746	 0.58144	 0.57639	 0.57368	 0.57474	 0.58424	 0.60264	 0.62551	 0.66098	 0.71539	 0.77181	 0.79779	 0.78497	 0.75112	 0.71624	 0.69260	 0.67370	 0.65540	 0.64068	 0.62922	 0.61533
10 	 0.28737	 0.28230	 0.28180	 0.28786	 0.30551	 0.33544	 0.36866	 0.39103	 0.41189	 0.43603	 0.45212	 0.44388	 0.40437	 0.35765	 0.32443	 0.30271	 0.28920	 0.28149	 0.27529	 0.26963	 0.26683	 0.26776	 0.27410	 0.28715	 0.30716	 0.33348	 0.36620	 0.40503	 0.45459	 0.50469	 0.55238	 0.60427	 0.64442	 0.66856	 0.68148	 0.68713	 0.68975	 0.68804	 0.68367	 0.67802	 0.66829	 0.65728	 0.64746	 0.63880	 0.63034	 0.62141	 0.61502	 0.60988	 0.60379	 0.59557	 0.58817	 0.58243	 0.57722	 0.57449	 0.57571	 0.58548	 0.60385	 0.62700	 0.66360	 0.71787	 0.77436	 0.80046	 0.78731	 0.75299	 0.71822	 0.69443	 0.67609	 0.65723	 0.64273	 0.63110	 0.61751
15 	 0.28754	 0.28296	 0.28280	 0.28839	 0.30586	 0.33571	 0.36963	 0.39159	 0.41245	 0.43643	 0.45251	 0.44468	 0.40501	 0.35801	 0.32499	 0.30378	 0.29028	 0.28253	 0.27604	 0.27059	 0.26786	 0.26874	 0.27507	 0.28783	 0.30753	 0.33488	 0.36789	 0.40677	 0.45550	 0.50501	 0.55261	 0.60421	 0.64460	 0.66877	 0.68137	 0.68764	 0.69003	 0.68779	 0.68292	 0.67696	 0.66835	 0.65739	 0.64793	 0.63868	 0.63053	 0.62188	 0.61511	 0.60942	 0.60346	 0.59588	 0.58863	 0.58242	 0.57648	 0.57318	 0.57446	 0.58460	 0.60390	 0.62809	 0.66543	 0.71972	 0.77692	 0.80270	 0.78828	 0.75368	 0.71872	 0.69462	 0.67599	 0.65776	 0.64297	 0.63153	 0.61830
20 	 0.28903	 0.28365	 0.28310	 0.28916	 0.30654	 0.33653	 0.37047	 0.39249	 0.41326	 0.43715	 0.45319	 0.44529	 0.40602	 0.35881	 0.32539	 0.30443	 0.29076	 0.28285	 0.27661	 0.27141	 0.26859	 0.26943	 0.27603	 0.28910	 0.30857	 0.33587	 0.36881	 0.40778	 0.45711	 0.50673	 0.55426	 0.60575	 0.64577	 0.66983	 0.68277	 0.68852	 0.69009	 0.68803	 0.68349	 0.67760	 0.66883	 0.65748	 0.64812	 0.63904	 0.63037	 0.62199	 0.61494	 0.60935	 0.60327	 0.59602	 0.58862	 0.58265	 0.57669	 0.57319	 0.57537	 0.58472	 0.60416	 0.62855	 0.66572	 0.71975	 0.77731	 0.80265	 0.78870	 0.75387	 0.71964	 0.69536	 0.67662	 0.65833	 0.64386	 0.63256	 0.61873
25 	 0.28940	 0.28398	 0.28355	 0.28965	 0.30670	 0.33652	 0.37080	 0.39292	 0.41334	 0.43734	 0.45338	 0.44560	 0.40645	 0.35887	 0.32547	 0.30434	 0.29039	 0.28281	 0.27635	 0.27140	 0.26842	 0.26948	 0.27666	 0.28970	 0.30872	 0.33585	 0.36912	 0.40824	 0.45783	 0.50726	 0.55444	 0.60592	 0.64598	 0.67039	 0.68299	 0.68848	 0.68970	 0.68775	 0.68356	 0.67751	 0.66857	 0.65757	 0.64847	 0.63936	 0.63001	 0.62161	 0.61444	 0.60930	 0.60336	 0.59599	 0.58842	 0.58244	 0.57662	 0.57314	 0.57567	 0.58459	 0.60364	 0.62812	 0.66514	 0.71939	 0.77679	 0.80241	 0.78876	 0.75397	 0.71955	 0.69486	 0.67648	 0.65839	 0.64406	 0.63231	 0.61900
30 	 0.28978	 0.28446	 0.28403	 0.29019	 0.30725	 0.33693	 0.37125	 0.39339	 0.41365	 0.43764	 0.45379	 0.44615	 0.40698	 0.35914	 0.32584	 0.30468	 0.29055	 0.28303	 0.27668	 0.27156	 0.26848	 0.26967	 0.27684	 0.28984	 0.30894	 0.33610	 0.36948	 0.40852	 0.45813	 0.50755	 0.55480	 0.60626	 0.64623	 0.67068	 0.68304	 0.68839	 0.68955	 0.68772	 0.68355	 0.67724	 0.66831	 0.65755	 0.64844	 0.63929	 0.62970	 0.62113	 0.61409	 0.60913	 0.60318	 0.59560	 0.58814	 0.58216	 0.57639	 0.57305	 0.57560	 0.58439	 0.60326	 0.62776	 0.66489	 0.71908	 0.77661	 0.80227	 0.78869	 0.75425	 0.71971	 0.69537	 0.67632	 0.65862	 0.64384	 0.63254	 0.61917
35 	 0.29068	 0.28536	 0.28491	 0.29106	 0.30830	 0.33795	 0.37203	 0.39411	 0.41426	 0.43828	 0.45440	 0.44669	 0.40753	 0.35969	 0.32649	 0.30522	 0.29092	 0.28328	 0.27726	 0.27209	 0.26890	 0.27017	 0.27742	 0.29038	 0.30954	 0.33676	 0.37011	 0.40926	 0.45890	 0.50844	 0.55599	 0.60754	 0.64742	 0.67154	 0.68356	 0.68864	 0.68976	 0.68789	 0.68338	 0.67672	 0.66808	 0.65760	 0.64831	 0.63933	 0.62932	 0.62048	 0.61350	 0.60875	 0.60294	 0.59532	 0.58780	 0.58177	 0.57611	 0.57283	 0.57534	 0.58409	 0.60305	 0.62782	 0.66502	 0.71933	 0.77703	 0.80280	 0.78923	 0.75461	 0.71978	 0.69551	 0.67737	 0.65875	 0.64420	 0.63325	 0.62006
40 	 0.29071	 0.28536	 0.28490	 0.29120	 0.30843	 0.33800	 0.37209	 0.39411	 0.41430	 0.43843	 0.45457	 0.44678	 0.40763	 0.35989	 0.32667	 0.30536	 0.29110	 0.28339	 0.27737	 0.27224	 0.26899	 0.27020	 0.27745	 0.29033	 0.30946	 0.33667	 0.37002	 0.40911	 0.45868	 0.50819	 0.55560	 0.60692	 0.64664	 0.67079	 0.68302	 0.68812	 0.68953	 0.68779	 0.68326	 0.67642	 0.66801	 0.65764	 0.64835	 0.63952	 0.62948	 0.62050	 0.61362	 0.60901	 0.60315	 0.59549	 0.58803	 0.58188	 0.57627	 0.57301	 0.57528	 0.58400	 0.60296	 0.62771	 0.66515	 0.71920	 0.77673	 0.80265	 0.78910	 0.75454	 0.71979	 0.69575	 0.67721	 0.65860	 0.64450	 0.63331	 0.62028
45 	 0.29122	 0.28590	 0.28543	 0.29187	 0.30894	 0.33856	 0.37251	 0.39440	 0.41466	 0.43880	 0.45506	 0.44713	 0.40786	 0.36030	 0.32700	 0.30547	 0.29123	 0.28347	 0.27752	 0.27245	 0.26925	 0.27047	 0.27751	 0.29045	 0.30957	 0.33684	 0.37014	 0.40937	 0.45893	 0.50859	 0.55612	 0.60757	 0.64710	 0.67112	 0.68320	 0.68824	 0.68970	 0.68784	 0.68289	 0.67585	 0.66762	 0.65731	 0.64801	 0.63936	 0.62933	 0.62004	 0.61319	 0.60876	 0.60295	 0.59525	 0.58765	 0.58140	 0.57588	 0.57279	 0.57499	 0.58369	 0.60262	 0.62763	 0.66534	 0.71960	 0.77717	 0.80308	 0.78960	 0.75473	 0.72052	 0.69604	 0.67763	 0.66005	 0.64544	 0.63380	 0.62045
50 	 0.29128	 0.28607	 0.28566	 0.29210	 0.30921	 0.33873	 0.37267	 0.39456	 0.41478	 0.43904	 0.45516	 0.44717	 0.40791	 0.36042	 0.32707	 0.30552	 0.29134	 0.28357	 0.27759	 0.27250	 0.26934	 0.27056	 0.27762	 0.29043	 0.30965	 0.33695	 0.37023	 0.40957	 0.45917	 0.50895	 0.55670	 0.60819	 0.64769	 0.67146	 0.68345	 0.68843	 0.68982	 0.68781	 0.68273	 0.67562	 0.66741	 0.65719	 0.64782	 0.63923	 0.62909	 0.61978	 0.61302	 0.60869	 0.60281	 0.59511	 0.58748	 0.58112	 0.57563	 0.57259	 0.57477	 0.58344	 0.60250	 0.62766	 0.66552	 0.71992	 0.77743	 0.80330	 0.78978	 0.75516	 0.72053	 0.69607	 0.67769	 0.65979	 0.64589	 0.63389	 0.62062
