1 	 0.23972	 0.23738	 0.23910	 0.24824	 0.26797	 0.29865	 0.33115	 0.35418	 0.37475	 0.39736	 0.41235	 0.40616	 0.37106	 0.32890	 0.29788	 0.27849	 0.26734	 0.26062	 0.25533	 0.25051	 0.24801	 0.24941	 0.25595	 0.26662	 0.28452	 0.31042	 0.34112	 0.37652	 0.42128	 0.46585	 0.50665	 0.54934	 0.58437	 0.60775	 0.62094	 0.62671	 0.63043	 0.63018	 0.62687	 0.62333	 0.61768	 0.61033	 0.60276	 0.59511	 0.58780	 0.58008	 0.57509	 0.57156	 0.56565	 0.55808	 0.55005	 0.54401	 0.53828	 0.53455	 0.53516	 0.54204	 0.55700	 0.57854	 0.60891	 0.64954	 0.68850	 0.70346	 0.68875	 0.65502	 0.61707	 0.58724	 0.56400	 0.53987	 0.51951	 0.50247	 0.48763
6 	 0.24020	 0.23798	 0.23956	 0.24873	 0.26877	 0.29926	 0.33156	 0.35463	 0.37489	 0.39759	 0.41290	 0.40641	 0.37103	 0.32870	 0.29762	 0.27834	 0.26710	 0.26064	 0.25513	 0.25037	 0.24798	 0.24966	 0.25608	 0.26675	 0.28439	 0.31061	 0.34157	 0.37702	 0.42177	 0.46636	 0.50744	 0.55066	 0.58580	 0.60875	 0.62130	 0.62668	 0.62991	 0.62959	 0.62619	 0.62261	 0.61714	 0.61004	 0.60249	 0.59477	 0.58711	 0.57936	 0.57429	 0.57089	 0.56505	 0.55733	 0.54912	 0.54339	 0.53784	 0.53401	 0.53470	 0.54147	 0.55653	 0.57834	 0.60908	 0.65000	 0.68973	 0.70459	 0.69028	 0.65586	 0.61761	 0.58855	 0.56418	 0.54038	 0.52003	 0.50349	 0.48829
11 	 0.24046	 0.23825	 0.23994	 0.24920	 0.26932	 0.29968	 0.33209	 0.35498	 0.37511	 0.39788	 0.41321	 0.40657	 0.37117	 0.32882	 0.29791	 0.27861	 0.26713	 0.26075	 0.25513	 0.25051	 0.24813	 0.24983	 0.25610	 0.26706	 0.28471	 0.31086	 0.34201	 0.37736	 0.42208	 0.46678	 0.50798	 0.55152	 0.58687	 0.60949	 0.62187	 0.62722	 0.63010	 0.62968	 0.62644	 0.62279	 0.61742	 0.61037	 0.60293	 0.59498	 0.58727	 0.57967	 0.57439	 0.57086	 0.56519	 0.55747	 0.54943	 0.54364	 0.53815	 0.53431	 0.53486	 0.54157	 0.55677	 0.57847	 0.60948	 0.65080	 0.69037	 0.70521	 0.69057	 0.65622	 0.61777	 0.58823	 0.56450	 0.54022	 0.51919	 0.50294	 0.48793
16 	 0.24119	 0.23891	 0.24073	 0.25006	 0.27006	 0.30036	 0.33286	 0.35569	 0.37579	 0.39854	 0.41381	 0.40704	 0.37166	 0.32943	 0.29857	 0.27924	 0.26762	 0.26121	 0.25564	 0.25102	 0.24883	 0.25030	 0.25658	 0.26767	 0.28537	 0.31144	 0.34254	 0.37796	 0.42276	 0.46748	 0.50901	 0.55276	 0.58818	 0.61063	 0.62286	 0.62800	 0.63079	 0.63016	 0.62677	 0.62303	 0.61774	 0.61069	 0.60322	 0.59519	 0.58745	 0.57993	 0.57450	 0.57093	 0.56521	 0.55760	 0.54960	 0.54372	 0.53835	 0.53456	 0.53516	 0.54195	 0.55711	 0.57893	 0.61016	 0.65165	 0.69159	 0.70654	 0.69197	 0.65723	 0.61901	 0.58984	 0.56610	 0.54149	 0.52125	 0.50442	 0.49021
21 	 0.24163	 0.23944	 0.24123	 0.25065	 0.27064	 0.30087	 0.33328	 0.35616	 0.37620	 0.39896	 0.41419	 0.40740	 0.37206	 0.32984	 0.29893	 0.27960	 0.26792	 0.26154	 0.25593	 0.25143	 0.24919	 0.25062	 0.25692	 0.26809	 0.28578	 0.31185	 0.34292	 0.37834	 0.42325	 0.46808	 0.50964	 0.55351	 0.58899	 0.61135	 0.62348	 0.62860	 0.63123	 0.63053	 0.62711	 0.62332	 0.61798	 0.61096	 0.60344	 0.59537	 0.58765	 0.58010	 0.57455	 0.57098	 0.56525	 0.55778	 0.54975	 0.54381	 0.53839	 0.53458	 0.53528	 0.54216	 0.55741	 0.57915	 0.61050	 0.65204	 0.69208	 0.70712	 0.69212	 0.65759	 0.61939	 0.58987	 0.56621	 0.54159	 0.52110	 0.50425	 0.48929
26 	 0.24176	 0.23952	 0.24137	 0.25075	 0.27073	 0.30095	 0.33341	 0.35624	 0.37629	 0.39906	 0.41428	 0.40755	 0.37221	 0.32990	 0.29900	 0.27970	 0.26802	 0.26166	 0.25596	 0.25145	 0.24921	 0.25061	 0.25688	 0.26814	 0.28587	 0.31190	 0.34297	 0.37847	 0.42339	 0.46818	 0.50983	 0.55374	 0.58921	 0.61153	 0.62366	 0.62868	 0.63119	 0.63048	 0.62712	 0.62338	 0.61790	 0.61091	 0.60334	 0.59532	 0.58754	 0.58005	 0.57448	 0.57086	 0.56519	 0.55761	 0.54963	 0.54372	 0.53833	 0.53457	 0.53523	 0.54209	 0.55738	 0.57920	 0.61073	 0.65237	 0.69237	 0.70733	 0.69266	 0.65768	 0.61935	 0.58989	 0.56612	 0.54170	 0.52112	 0.50441	 0.48996
31 	 0.24201	 0.23976	 0.24159	 0.25093	 0.27098	 0.30122	 0.33363	 0.35643	 0.37654	 0.39924	 0.41457	 0.40776	 0.37227	 0.33004	 0.29915	 0.27980	 0.26802	 0.26162	 0.25596	 0.25148	 0.24926	 0.25070	 0.25689	 0.26821	 0.28593	 0.31192	 0.34296	 0.37847	 0.42346	 0.46832	 0.51013	 0.55412	 0.58958	 0.61182	 0.62378	 0.62880	 0.63128	 0.63044	 0.62698	 0.62327	 0.61786	 0.61079	 0.60319	 0.59514	 0.58732	 0.57981	 0.57424	 0.57058	 0.56500	 0.55746	 0.54949	 0.54351	 0.53814	 0.53446	 0.53516	 0.54206	 0.55747	 0.57939	 0.61093	 0.65295	 0.69322	 0.70840	 0.69328	 0.65853	 0.62010	 0.59020	 0.56701	 0.54219	 0.52192	 0.50485	 0.49022
36 	 0.24223	 0.24003	 0.24196	 0.25127	 0.27125	 0.30153	 0.33394	 0.35679	 0.37678	 0.39954	 0.41481	 0.40801	 0.37256	 0.33030	 0.29944	 0.28002	 0.26829	 0.26189	 0.25624	 0.25183	 0.24957	 0.25092	 0.25714	 0.26849	 0.28623	 0.31219	 0.34325	 0.37882	 0.42389	 0.46873	 0.51062	 0.55469	 0.59019	 0.61237	 0.62440	 0.62931	 0.63166	 0.63073	 0.62734	 0.62350	 0.61814	 0.61105	 0.60348	 0.59541	 0.58756	 0.57997	 0.57436	 0.57073	 0.56507	 0.55758	 0.54967	 0.54366	 0.53830	 0.53459	 0.53533	 0.54227	 0.55770	 0.57962	 0.61130	 0.65333	 0.69365	 0.70862	 0.69353	 0.65878	 0.61985	 0.59054	 0.56698	 0.54211	 0.52190	 0.50571	 0.48989
41 	 0.24276	 0.24053	 0.24241	 0.25171	 0.27177	 0.30192	 0.33432	 0.35712	 0.37720	 0.39998	 0.41520	 0.40835	 0.37276	 0.33055	 0.29969	 0.28033	 0.26850	 0.26210	 0.25649	 0.25201	 0.24986	 0.25117	 0.25744	 0.26881	 0.28663	 0.31259	 0.34364	 0.37929	 0.42444	 0.46940	 0.51152	 0.55574	 0.59126	 0.61332	 0.62511	 0.62990	 0.63211	 0.63105	 0.62749	 0.62364	 0.61822	 0.61109	 0.60347	 0.59530	 0.58741	 0.57981	 0.57415	 0.57058	 0.56497	 0.55744	 0.54952	 0.54350	 0.53817	 0.53446	 0.53532	 0.54225	 0.55786	 0.57990	 0.61175	 0.65389	 0.69447	 0.70938	 0.69442	 0.65924	 0.62081	 0.59128	 0.56775	 0.54337	 0.52281	 0.50540	 0.49133
46 	 0.24295	 0.24066	 0.24262	 0.25198	 0.27204	 0.30210	 0.33453	 0.35726	 0.37733	 0.40017	 0.41542	 0.40840	 0.37286	 0.33063	 0.29972	 0.28041	 0.26852	 0.26212	 0.25650	 0.25207	 0.24977	 0.25110	 0.25733	 0.26875	 0.28656	 0.31247	 0.34365	 0.37932	 0.42446	 0.46949	 0.51148	 0.55582	 0.59134	 0.61343	 0.62515	 0.62990	 0.63204	 0.63098	 0.62750	 0.62361	 0.61812	 0.61101	 0.60337	 0.59523	 0.58729	 0.57976	 0.57407	 0.57040	 0.56476	 0.55727	 0.54933	 0.54341	 0.53811	 0.53429	 0.53520	 0.54228	 0.55782	 0.57996	 0.61194	 0.65430	 0.69485	 0.71017	 0.69502	 0.65950	 0.62083	 0.59113	 0.56778	 0.54282	 0.52279	 0.50595	 0.49122
2 	 0.23516	 0.23258	 0.23401	 0.24232	 0.26090	 0.29060	 0.32187	 0.34365	 0.36333	 0.38606	 0.40183	 0.39644	 0.36178	 0.31991	 0.28924	 0.27017	 0.25907	 0.25217	 0.24681	 0.24208	 0.23972	 0.24115	 0.24756	 0.25781	 0.27483	 0.29961	 0.32904	 0.36360	 0.40823	 0.45339	 0.49560	 0.53980	 0.57577	 0.59925	 0.61170	 0.61646	 0.61873	 0.61661	 0.61071	 0.60428	 0.59634	 0.58747	 0.57914	 0.57124	 0.56401	 0.55670	 0.55168	 0.54794	 0.54197	 0.53447	 0.52649	 0.52060	 0.51494	 0.51155	 0.51303	 0.52068	 0.53593	 0.55614	 0.58551	 0.62804	 0.67307	 0.69626	 0.68732	 0.65606	 0.62020	 0.59377	 0.57201	 0.55010	 0.53133	 0.51549	 0.50179
7 	 0.23577	 0.23328	 0.23467	 0.24287	 0.26159	 0.29112	 0.32230	 0.34397	 0.36339	 0.38615	 0.40215	 0.39649	 0.36178	 0.31981	 0.28909	 0.27013	 0.25892	 0.25216	 0.24659	 0.24202	 0.23972	 0.24133	 0.24753	 0.25793	 0.27484	 0.29967	 0.32940	 0.36398	 0.40849	 0.45367	 0.49606	 0.54068	 0.57675	 0.59975	 0.61167	 0.61605	 0.61786	 0.61562	 0.60960	 0.60306	 0.59529	 0.58669	 0.57837	 0.57033	 0.56290	 0.55567	 0.55052	 0.54687	 0.54102	 0.53334	 0.52532	 0.51969	 0.51413	 0.51074	 0.51221	 0.51973	 0.53514	 0.55530	 0.58489	 0.62752	 0.67291	 0.69623	 0.68728	 0.65628	 0.62026	 0.59364	 0.57301	 0.55031	 0.53157	 0.51594	 0.50158
12 	 0.23607	 0.23361	 0.23497	 0.24330	 0.26214	 0.29147	 0.32252	 0.34410	 0.36327	 0.38602	 0.40192	 0.39614	 0.36150	 0.31969	 0.28923	 0.27029	 0.25876	 0.25214	 0.24648	 0.24197	 0.23977	 0.24134	 0.24746	 0.25814	 0.27498	 0.29975	 0.32951	 0.36402	 0.40851	 0.45371	 0.49636	 0.54134	 0.57756	 0.60018	 0.61174	 0.61607	 0.61746	 0.61511	 0.60916	 0.60255	 0.59485	 0.58624	 0.57795	 0.56977	 0.56229	 0.55512	 0.54963	 0.54601	 0.54026	 0.53273	 0.52479	 0.51916	 0.51381	 0.51031	 0.51169	 0.51926	 0.53459	 0.55475	 0.58442	 0.62705	 0.67221	 0.69573	 0.68649	 0.65540	 0.61971	 0.59336	 0.57195	 0.54951	 0.53083	 0.51579	 0.50169
17 	 0.23677	 0.23423	 0.23570	 0.24403	 0.26273	 0.29196	 0.32313	 0.34454	 0.36365	 0.38643	 0.40232	 0.39649	 0.36183	 0.32010	 0.28966	 0.27068	 0.25915	 0.25247	 0.24688	 0.24244	 0.24024	 0.24169	 0.24781	 0.25858	 0.27543	 0.30013	 0.32992	 0.36432	 0.40876	 0.45400	 0.49680	 0.54183	 0.57811	 0.60053	 0.61209	 0.61617	 0.61751	 0.61503	 0.60898	 0.60235	 0.59467	 0.58618	 0.57785	 0.56966	 0.56220	 0.55510	 0.54958	 0.54587	 0.54014	 0.53260	 0.52481	 0.51909	 0.51384	 0.51032	 0.51169	 0.51922	 0.53452	 0.55474	 0.58454	 0.62736	 0.67283	 0.69591	 0.68713	 0.65620	 0.62067	 0.59419	 0.57296	 0.55063	 0.53156	 0.51634	 0.50232
22 	 0.23694	 0.23443	 0.23595	 0.24421	 0.26296	 0.29211	 0.32323	 0.34472	 0.36378	 0.38650	 0.40236	 0.39645	 0.36187	 0.32016	 0.28974	 0.27079	 0.25913	 0.25250	 0.24685	 0.24242	 0.24029	 0.24161	 0.24775	 0.25863	 0.27549	 0.30017	 0.32984	 0.36428	 0.40876	 0.45402	 0.49671	 0.54183	 0.57815	 0.60050	 0.61203	 0.61606	 0.61727	 0.61470	 0.60867	 0.60198	 0.59434	 0.58575	 0.57747	 0.56915	 0.56174	 0.55464	 0.54908	 0.54540	 0.53974	 0.53223	 0.52442	 0.51866	 0.51333	 0.50990	 0.51134	 0.51890	 0.53425	 0.55432	 0.58426	 0.62712	 0.67247	 0.69596	 0.68709	 0.65620	 0.62051	 0.59425	 0.57324	 0.55075	 0.53170	 0.51664	 0.50240
27 	 0.23742	 0.23489	 0.23634	 0.24468	 0.26340	 0.29254	 0.32364	 0.34504	 0.36410	 0.38683	 0.40271	 0.39676	 0.36210	 0.32041	 0.29005	 0.27104	 0.25939	 0.25278	 0.24706	 0.24269	 0.24060	 0.24192	 0.24801	 0.25893	 0.27575	 0.30038	 0.33004	 0.36453	 0.40906	 0.45433	 0.49727	 0.54242	 0.57869	 0.60089	 0.61236	 0.61625	 0.61730	 0.61463	 0.60859	 0.60192	 0.59418	 0.58564	 0.57726	 0.56901	 0.56149	 0.55442	 0.54883	 0.54512	 0.53948	 0.53195	 0.52414	 0.51844	 0.51308	 0.50970	 0.51114	 0.51873	 0.53411	 0.55433	 0.58423	 0.62720	 0.67267	 0.69618	 0.68730	 0.65634	 0.62094	 0.59466	 0.57343	 0.55134	 0.53250	 0.51746	 0.50292
32 	 0.23746	 0.23489	 0.23640	 0.24478	 0.26347	 0.29248	 0.32352	 0.34485	 0.36388	 0.38653	 0.40231	 0.39641	 0.36174	 0.32022	 0.28993	 0.27094	 0.25925	 0.25259	 0.24694	 0.24256	 0.24047	 0.24175	 0.24783	 0.25876	 0.27563	 0.30018	 0.32990	 0.36428	 0.40878	 0.45407	 0.49704	 0.54225	 0.57849	 0.60066	 0.61195	 0.61590	 0.61682	 0.61395	 0.60790	 0.60117	 0.59346	 0.58493	 0.57657	 0.56826	 0.56074	 0.55365	 0.54804	 0.54432	 0.53871	 0.53132	 0.52357	 0.51775	 0.51248	 0.50913	 0.51066	 0.51820	 0.53362	 0.55382	 0.58380	 0.62667	 0.67212	 0.69596	 0.68690	 0.65593	 0.62025	 0.59409	 0.57325	 0.55112	 0.53215	 0.51733	 0.50240
37 	 0.23753	 0.23501	 0.23660	 0.24486	 0.26352	 0.29252	 0.32358	 0.34493	 0.36397	 0.38659	 0.40237	 0.39650	 0.36182	 0.32025	 0.28991	 0.27089	 0.25925	 0.25251	 0.24687	 0.24256	 0.24044	 0.24170	 0.24782	 0.25874	 0.27560	 0.30013	 0.32980	 0.36424	 0.40876	 0.45401	 0.49701	 0.54223	 0.57848	 0.60063	 0.61190	 0.61570	 0.61661	 0.61376	 0.60775	 0.60095	 0.59321	 0.58461	 0.57619	 0.56796	 0.56044	 0.55340	 0.54780	 0.54405	 0.53842	 0.53105	 0.52326	 0.51750	 0.51217	 0.50878	 0.51030	 0.51796	 0.53344	 0.55360	 0.58364	 0.62660	 0.67194	 0.69559	 0.68673	 0.65580	 0.62053	 0.59411	 0.57342	 0.55119	 0.53221	 0.51654	 0.50313
42 	 0.23781	 0.23543	 0.23694	 0.24519	 0.26380	 0.29281	 0.32384	 0.34511	 0.36404	 0.38670	 0.40253	 0.39649	 0.36192	 0.32032	 0.29002	 0.27106	 0.25939	 0.25265	 0.24702	 0.24272	 0.24056	 0.24182	 0.24787	 0.25885	 0.27577	 0.30029	 0.32994	 0.36443	 0.40895	 0.45427	 0.49736	 0.54266	 0.57883	 0.60087	 0.61207	 0.61568	 0.61651	 0.61356	 0.60743	 0.60062	 0.59280	 0.58421	 0.57587	 0.56759	 0.56003	 0.55295	 0.54733	 0.54359	 0.53803	 0.53060	 0.52288	 0.51707	 0.51173	 0.50840	 0.51005	 0.51775	 0.53316	 0.55339	 0.58341	 0.62645	 0.67185	 0.69559	 0.68676	 0.65595	 0.62051	 0.59476	 0.57312	 0.55119	 0.53259	 0.51774	 0.50372
47 	 0.23801	 0.23549	 0.23697	 0.24531	 0.26390	 0.29288	 0.32392	 0.34521	 0.36424	 0.38687	 0.40265	 0.39660	 0.36195	 0.32036	 0.29004	 0.27107	 0.25929	 0.25258	 0.24695	 0.24261	 0.24052	 0.24169	 0.24776	 0.25874	 0.27567	 0.30019	 0.32987	 0.36435	 0.40894	 0.45422	 0.49738	 0.54265	 0.57876	 0.60078	 0.61179	 0.61539	 0.61612	 0.61307	 0.60688	 0.60006	 0.59235	 0.58368	 0.57531	 0.56695	 0.55940	 0.55235	 0.54678	 0.54306	 0.53744	 0.53001	 0.52230	 0.51654	 0.51121	 0.50796	 0.50965	 0.51729	 0.53298	 0.55311	 0.58332	 0.62640	 0.67191	 0.69567	 0.68690	 0.65600	 0.62043	 0.59464	 0.57392	 0.55099	 0.53292	 0.51753	 0.50394
3 	 0.27307	 0.26740	 0.26570	 0.27067	 0.28526	 0.31054	 0.33775	 0.35649	 0.37308	 0.39185	 0.40354	 0.39581	 0.36317	 0.32439	 0.29549	 0.27716	 0.26646	 0.25991	 0.25465	 0.25002	 0.24776	 0.24952	 0.25646	 0.26748	 0.28539	 0.31054	 0.33955	 0.37323	 0.41728	 0.46487	 0.51256	 0.56082	 0.59926	 0.62375	 0.63690	 0.64239	 0.64551	 0.64405	 0.63852	 0.63247	 0.62470	 0.61561	 0.60656	 0.59754	 0.58910	 0.58053	 0.57476	 0.57056	 0.56405	 0.55606	 0.54758	 0.54136	 0.53542	 0.53184	 0.53314	 0.54095	 0.55602	 0.57637	 0.60591	 0.64879	 0.69721	 0.72787	 0.72717	 0.70488	 0.67783	 0.65964	 0.64668	 0.63132	 0.62044	 0.61183	 0.60067
8 	 0.27357	 0.26790	 0.26605	 0.27111	 0.28583	 0.31088	 0.33796	 0.35654	 0.37280	 0.39156	 0.40341	 0.39556	 0.36297	 0.32405	 0.29510	 0.27694	 0.26609	 0.25979	 0.25432	 0.24974	 0.24753	 0.24952	 0.25635	 0.26749	 0.28527	 0.31054	 0.33974	 0.37339	 0.41743	 0.46518	 0.51310	 0.56184	 0.60030	 0.62427	 0.63669	 0.64175	 0.64447	 0.64276	 0.63707	 0.63090	 0.62327	 0.61443	 0.60539	 0.59636	 0.58761	 0.57907	 0.57315	 0.56898	 0.56251	 0.55444	 0.54597	 0.53991	 0.53426	 0.53055	 0.53180	 0.53951	 0.55463	 0.57501	 0.60467	 0.64781	 0.69647	 0.72711	 0.72712	 0.70432	 0.67768	 0.65963	 0.64642	 0.63110	 0.62020	 0.61151	 0.60075
13 	 0.27368	 0.26803	 0.26638	 0.27143	 0.28619	 0.31102	 0.33807	 0.35652	 0.37257	 0.39129	 0.40305	 0.39505	 0.36252	 0.32382	 0.29515	 0.27689	 0.26591	 0.25957	 0.25403	 0.24957	 0.24740	 0.24937	 0.25612	 0.26759	 0.28530	 0.31043	 0.33967	 0.37321	 0.41718	 0.46499	 0.51301	 0.56207	 0.60071	 0.62417	 0.63633	 0.64108	 0.64341	 0.64161	 0.63599	 0.62969	 0.62211	 0.61338	 0.60432	 0.59512	 0.58637	 0.57800	 0.57172	 0.56744	 0.56118	 0.55318	 0.54482	 0.53884	 0.53325	 0.52954	 0.53075	 0.53834	 0.55337	 0.57374	 0.60359	 0.64669	 0.69520	 0.72565	 0.72575	 0.70320	 0.67675	 0.65867	 0.64515	 0.62994	 0.61925	 0.61040	 0.59993
18 	 0.27417	 0.26856	 0.26685	 0.27190	 0.28657	 0.31125	 0.33823	 0.35661	 0.37253	 0.39126	 0.40298	 0.39491	 0.36238	 0.32379	 0.29517	 0.27693	 0.26575	 0.25947	 0.25398	 0.24947	 0.24743	 0.24928	 0.25600	 0.26753	 0.28529	 0.31037	 0.33961	 0.37323	 0.41720	 0.46509	 0.51344	 0.56261	 0.60113	 0.62435	 0.63627	 0.64086	 0.64285	 0.64080	 0.63501	 0.62874	 0.62117	 0.61238	 0.60331	 0.59400	 0.58523	 0.57686	 0.57069	 0.56635	 0.56005	 0.55205	 0.54377	 0.53776	 0.53224	 0.52862	 0.52985	 0.53742	 0.55260	 0.57297	 0.60291	 0.64603	 0.69448	 0.72523	 0.72496	 0.70300	 0.67670	 0.65871	 0.64583	 0.62999	 0.61929	 0.61048	 0.59924
23 	 0.27438	 0.26877	 0.26712	 0.27211	 0.28682	 0.31151	 0.33856	 0.35691	 0.37277	 0.39147	 0.40315	 0.39513	 0.36259	 0.32397	 0.29535	 0.27705	 0.26596	 0.25960	 0.25409	 0.24964	 0.24761	 0.24940	 0.25606	 0.26767	 0.28547	 0.31040	 0.33959	 0.37317	 0.41720	 0.46497	 0.51321	 0.56233	 0.60092	 0.62412	 0.63603	 0.64070	 0.64267	 0.64063	 0.63492	 0.62857	 0.62105	 0.61223	 0.60320	 0.59389	 0.58510	 0.57676	 0.57052	 0.56617	 0.56000	 0.55202	 0.54380	 0.53773	 0.53222	 0.52856	 0.52984	 0.53748	 0.55267	 0.57293	 0.60300	 0.64612	 0.69474	 0.72508	 0.72543	 0.70301	 0.67657	 0.65888	 0.64533	 0.63049	 0.61986	 0.61145	 0.60026
28 	 0.27486	 0.26913	 0.26746	 0.27249	 0.28716	 0.31174	 0.33886	 0.35711	 0.37301	 0.39170	 0.40334	 0.39530	 0.36275	 0.32418	 0.29554	 0.27727	 0.26608	 0.25969	 0.25414	 0.24976	 0.24771	 0.24942	 0.25607	 0.26774	 0.28549	 0.31040	 0.33963	 0.37323	 0.41722	 0.46498	 0.51330	 0.56234	 0.60091	 0.62412	 0.63606	 0.64070	 0.64266	 0.64067	 0.63496	 0.62863	 0.62104	 0.61232	 0.60334	 0.59395	 0.58516	 0.57686	 0.57059	 0.56624	 0.56013	 0.55214	 0.54393	 0.53783	 0.53230	 0.52864	 0.52997	 0.53757	 0.55270	 0.57301	 0.60309	 0.64632	 0.69484	 0.72551	 0.72571	 0.70313	 0.67681	 0.65946	 0.64564	 0.63131	 0.62058	 0.61194	 0.60092
33 	 0.27488	 0.26923	 0.26754	 0.27256	 0.28721	 0.31181	 0.33873	 0.35696	 0.37288	 0.39153	 0.40311	 0.39499	 0.36261	 0.32406	 0.29551	 0.27729	 0.26600	 0.25968	 0.25416	 0.24980	 0.24775	 0.24937	 0.25604	 0.26775	 0.28552	 0.31041	 0.33954	 0.37312	 0.41713	 0.46492	 0.51331	 0.56244	 0.60099	 0.62404	 0.63579	 0.64031	 0.64211	 0.63997	 0.63426	 0.62786	 0.62020	 0.61142	 0.60242	 0.59302	 0.58423	 0.57602	 0.56969	 0.56534	 0.55924	 0.55135	 0.54309	 0.53700	 0.53148	 0.52782	 0.52915	 0.53681	 0.55194	 0.57226	 0.60232	 0.64553	 0.69399	 0.72457	 0.72490	 0.70285	 0.67632	 0.65945	 0.64538	 0.63129	 0.62049	 0.61123	 0.60077
38 	 0.27519	 0.26949	 0.26787	 0.27279	 0.28743	 0.31205	 0.33894	 0.35726	 0.37307	 0.39173	 0.40335	 0.39522	 0.36272	 0.32420	 0.29559	 0.27735	 0.26602	 0.25970	 0.25411	 0.24974	 0.24769	 0.24935	 0.25593	 0.26764	 0.28541	 0.31026	 0.33939	 0.37301	 0.41703	 0.46476	 0.51303	 0.56218	 0.60072	 0.62384	 0.63565	 0.64024	 0.64204	 0.63988	 0.63419	 0.62786	 0.62027	 0.61152	 0.60255	 0.59317	 0.58444	 0.57608	 0.56977	 0.56547	 0.55936	 0.55149	 0.54330	 0.53716	 0.53160	 0.52801	 0.52939	 0.53704	 0.55212	 0.57256	 0.60270	 0.64604	 0.69470	 0.72512	 0.72559	 0.70321	 0.67644	 0.65916	 0.64622	 0.63108	 0.62001	 0.61223	 0.60094
43 	 0.27542	 0.26979	 0.26810	 0.27312	 0.28767	 0.31211	 0.33905	 0.35722	 0.37311	 0.39162	 0.40322	 0.39508	 0.36263	 0.32417	 0.29559	 0.27736	 0.26603	 0.25971	 0.25415	 0.24979	 0.24777	 0.24938	 0.25599	 0.26773	 0.28546	 0.31041	 0.33949	 0.37313	 0.41718	 0.46497	 0.51348	 0.56268	 0.60120	 0.62406	 0.63566	 0.63992	 0.64158	 0.63923	 0.63335	 0.62699	 0.61940	 0.61058	 0.60151	 0.59215	 0.58335	 0.57504	 0.56866	 0.56436	 0.55823	 0.55039	 0.54223	 0.53605	 0.53058	 0.52706	 0.52850	 0.53616	 0.55132	 0.57166	 0.60178	 0.64512	 0.69357	 0.72455	 0.72472	 0.70257	 0.67636	 0.65871	 0.64565	 0.63057	 0.61980	 0.61155	 0.60017
48 	 0.27542	 0.26973	 0.26816	 0.27310	 0.28768	 0.31211	 0.33893	 0.35708	 0.37284	 0.39142	 0.40301	 0.39482	 0.36242	 0.32395	 0.29539	 0.27712	 0.26582	 0.25947	 0.25387	 0.24954	 0.24757	 0.24910	 0.25570	 0.26745	 0.28527	 0.31011	 0.33925	 0.37290	 0.41698	 0.46478	 0.51338	 0.56260	 0.60095	 0.62373	 0.63511	 0.63937	 0.64089	 0.63845	 0.63259	 0.62613	 0.61852	 0.60973	 0.60064	 0.59126	 0.58246	 0.57415	 0.56777	 0.56346	 0.55741	 0.54956	 0.54142	 0.53523	 0.52972	 0.52626	 0.52769	 0.53545	 0.55064	 0.57098	 0.60125	 0.64454	 0.69317	 0.72367	 0.72411	 0.70200	 0.67605	 0.65897	 0.64568	 0.63049	 0.61979	 0.61157	 0.60062
4 	 0.27430	 0.26919	 0.26805	 0.27391	 0.28999	 0.31737	 0.34665	 0.36634	 0.38421	 0.40511	 0.41899	 0.41199	 0.37726	 0.33547	 0.30458	 0.28518	 0.27359	 0.26650	 0.26097	 0.25629	 0.25385	 0.25544	 0.26225	 0.27309	 0.29076	 0.31604	 0.34596	 0.38102	 0.42636	 0.47330	 0.51806	 0.56363	 0.59976	 0.62284	 0.63495	 0.63962	 0.64225	 0.64052	 0.63494	 0.62883	 0.62106	 0.61207	 0.60336	 0.59491	 0.58694	 0.57886	 0.57336	 0.56924	 0.56298	 0.55521	 0.54706	 0.54121	 0.53561	 0.53233	 0.53407	 0.54236	 0.55820	 0.57926	 0.61041	 0.65546	 0.70516	 0.73435	 0.73049	 0.70507	 0.67543	 0.65538	 0.63949	 0.62272	 0.61010	 0.60002	 0.58843
9 	 0.27455	 0.26957	 0.26845	 0.27430	 0.29046	 0.31761	 0.34673	 0.36636	 0.38399	 0.40490	 0.41903	 0.41189	 0.37707	 0.33518	 0.30425	 0.28490	 0.27326	 0.26627	 0.26054	 0.25587	 0.25356	 0.25538	 0.26203	 0.27294	 0.29048	 0.31597	 0.34617	 0.38122	 0.42662	 0.47365	 0.51860	 0.56476	 0.60100	 0.62346	 0.63489	 0.63910	 0.64130	 0.63943	 0.63374	 0.62748	 0.61978	 0.61101	 0.60237	 0.59377	 0.58566	 0.57753	 0.57189	 0.56784	 0.56158	 0.55374	 0.54559	 0.53991	 0.53455	 0.53114	 0.53288	 0.54119	 0.55710	 0.57826	 0.60962	 0.65505	 0.70525	 0.73453	 0.73072	 0.70476	 0.67486	 0.65491	 0.63935	 0.62271	 0.60931	 0.59927	 0.58739
14 	 0.27471	 0.26969	 0.26861	 0.27454	 0.29087	 0.31792	 0.34713	 0.36669	 0.38412	 0.40522	 0.41939	 0.41205	 0.37706	 0.33524	 0.30433	 0.28485	 0.27289	 0.26605	 0.26025	 0.25572	 0.25345	 0.25521	 0.26177	 0.27309	 0.29061	 0.31604	 0.34639	 0.38150	 0.42707	 0.47429	 0.51974	 0.56626	 0.60281	 0.62500	 0.63614	 0.64022	 0.64200	 0.63998	 0.63432	 0.62800	 0.62028	 0.61154	 0.60281	 0.59404	 0.58587	 0.57796	 0.57201	 0.56778	 0.56169	 0.55389	 0.54583	 0.54014	 0.53487	 0.53149	 0.53319	 0.54141	 0.55743	 0.57865	 0.61047	 0.65618	 0.70664	 0.73569	 0.73187	 0.70536	 0.67565	 0.65515	 0.63999	 0.62244	 0.60991	 0.59973	 0.58737
19 	 0.27471	 0.26968	 0.26864	 0.27460	 0.29088	 0.31794	 0.34714	 0.36663	 0.38413	 0.40513	 0.41920	 0.41187	 0.37687	 0.33509	 0.30423	 0.28476	 0.27271	 0.26582	 0.26003	 0.25551	 0.25342	 0.25505	 0.26154	 0.27296	 0.29063	 0.31589	 0.34628	 0.38148	 0.42711	 0.47441	 0.51996	 0.56674	 0.60338	 0.62546	 0.63645	 0.64044	 0.64201	 0.63985	 0.63415	 0.62771	 0.62003	 0.61130	 0.60251	 0.59372	 0.58552	 0.57756	 0.57153	 0.56726	 0.56117	 0.55343	 0.54546	 0.53969	 0.53441	 0.53105	 0.53282	 0.54113	 0.55720	 0.57843	 0.61036	 0.65622	 0.70682	 0.73606	 0.73205	 0.70535	 0.67532	 0.65536	 0.63960	 0.62274	 0.60963	 0.59902	 0.58750
24 	 0.27486	 0.26980	 0.26881	 0.27470	 0.29096	 0.31784	 0.34696	 0.36642	 0.38362	 0.40463	 0.41869	 0.41122	 0.37642	 0.33478	 0.30408	 0.28466	 0.27260	 0.26572	 0.25991	 0.25548	 0.25332	 0.25492	 0.26139	 0.27286	 0.29042	 0.31562	 0.34592	 0.38100	 0.42644	 0.47363	 0.51928	 0.56593	 0.60240	 0.62429	 0.63521	 0.63915	 0.64059	 0.63841	 0.63267	 0.62629	 0.61857	 0.60983	 0.60111	 0.59230	 0.58410	 0.57616	 0.57010	 0.56590	 0.55985	 0.55211	 0.54419	 0.53841	 0.53317	 0.52985	 0.53158	 0.53982	 0.55593	 0.57716	 0.60890	 0.65478	 0.70526	 0.73448	 0.73063	 0.70432	 0.67454	 0.65473	 0.63875	 0.62201	 0.60891	 0.59894	 0.58657
29 	 0.27525	 0.27021	 0.26916	 0.27511	 0.29128	 0.31808	 0.34715	 0.36647	 0.38373	 0.40465	 0.41865	 0.41127	 0.37646	 0.33488	 0.30420	 0.28484	 0.27271	 0.26576	 0.25993	 0.25552	 0.25345	 0.25493	 0.26142	 0.27292	 0.29046	 0.31563	 0.34573	 0.38080	 0.42630	 0.47341	 0.51908	 0.56577	 0.60232	 0.62421	 0.63504	 0.63898	 0.64042	 0.63808	 0.63243	 0.62599	 0.61829	 0.60959	 0.60076	 0.59195	 0.58375	 0.57585	 0.56974	 0.56558	 0.55950	 0.55190	 0.54400	 0.53819	 0.53289	 0.52959	 0.53133	 0.53959	 0.55569	 0.57687	 0.60871	 0.65457	 0.70505	 0.73452	 0.73062	 0.70465	 0.67500	 0.65446	 0.63979	 0.62216	 0.60948	 0.59973	 0.58824
34 	 0.27602	 0.27098	 0.27001	 0.27591	 0.29204	 0.31888	 0.34806	 0.36755	 0.38490	 0.40586	 0.41984	 0.41242	 0.37746	 0.33570	 0.30495	 0.28554	 0.27326	 0.26642	 0.26054	 0.25610	 0.25405	 0.25548	 0.26200	 0.27358	 0.29116	 0.31644	 0.34671	 0.38190	 0.42758	 0.47492	 0.52069	 0.56766	 0.60424	 0.62614	 0.63691	 0.64072	 0.64201	 0.63968	 0.63393	 0.62736	 0.61963	 0.61085	 0.60210	 0.59321	 0.58497	 0.57705	 0.57087	 0.56672	 0.56066	 0.55297	 0.54502	 0.53920	 0.53389	 0.53067	 0.53250	 0.54085	 0.55701	 0.57830	 0.61046	 0.65660	 0.70726	 0.73652	 0.73241	 0.70607	 0.67616	 0.65578	 0.64062	 0.62358	 0.61125	 0.60067	 0.58835
39 	 0.27598	 0.27093	 0.26996	 0.27588	 0.29203	 0.31875	 0.34775	 0.36716	 0.38442	 0.40534	 0.41936	 0.41189	 0.37698	 0.33536	 0.30468	 0.28527	 0.27310	 0.26622	 0.26037	 0.25594	 0.25391	 0.25536	 0.26180	 0.27337	 0.29096	 0.31605	 0.34628	 0.38145	 0.42704	 0.47430	 0.52006	 0.56695	 0.60348	 0.62523	 0.63596	 0.63977	 0.64099	 0.63860	 0.63285	 0.62632	 0.61861	 0.60983	 0.60104	 0.59216	 0.58398	 0.57606	 0.56994	 0.56575	 0.55976	 0.55211	 0.54416	 0.53824	 0.53309	 0.52979	 0.53161	 0.53989	 0.55611	 0.57745	 0.60946	 0.65558	 0.70625	 0.73536	 0.73187	 0.70535	 0.67543	 0.65527	 0.64013	 0.62256	 0.61009	 0.60006	 0.58841
44 	 0.27586	 0.27083	 0.26982	 0.27575	 0.29184	 0.31842	 0.34735	 0.36663	 0.38386	 0.40460	 0.41850	 0.41110	 0.37638	 0.33486	 0.30429	 0.28491	 0.27277	 0.26586	 0.26001	 0.25561	 0.25358	 0.25492	 0.26137	 0.27291	 0.29045	 0.31557	 0.34576	 0.38083	 0.42628	 0.47346	 0.51926	 0.56609	 0.60250	 0.62408	 0.63478	 0.63840	 0.63953	 0.63700	 0.63113	 0.62472	 0.61701	 0.60821	 0.59936	 0.59053	 0.58225	 0.57435	 0.56825	 0.56408	 0.55810	 0.55049	 0.54264	 0.53680	 0.53151	 0.52837	 0.53022	 0.53857	 0.55482	 0.57607	 0.60809	 0.65411	 0.70482	 0.73433	 0.73084	 0.70472	 0.67493	 0.65513	 0.64023	 0.62279	 0.61018	 0.60076	 0.58825
49 	 0.27776	 0.27274	 0.27181	 0.27759	 0.29363	 0.32026	 0.34922	 0.36850	 0.38571	 0.40650	 0.42040	 0.41285	 0.37805	 0.33650	 0.30592	 0.28653	 0.27429	 0.26744	 0.26158	 0.25722	 0.25515	 0.25656	 0.26298	 0.27457	 0.29219	 0.31731	 0.34758	 0.38271	 0.42828	 0.47561	 0.52155	 0.56843	 0.60487	 0.62634	 0.63688	 0.64039	 0.64145	 0.63881	 0.63296	 0.62649	 0.61871	 0.60984	 0.60098	 0.59219	 0.58381	 0.57599	 0.56990	 0.56565	 0.55964	 0.55200	 0.54414	 0.53835	 0.53309	 0.52987	 0.53176	 0.54019	 0.55643	 0.57775	 0.60995	 0.65604	 0.70678	 0.73628	 0.73232	 0.70616	 0.67618	 0.65646	 0.64096	 0.62444	 0.61179	 0.60187	 0.58943
5 	 0.29008	 0.28493	 0.28379	 0.29063	 0.30864	 0.33922	 0.37233	 0.39439	 0.41491	 0.43912	 0.45591	 0.44872	 0.40919	 0.36195	 0.32732	 0.30564	 0.29273	 0.28473	 0.27862	 0.27345	 0.27083	 0.27243	 0.27966	 0.29155	 0.31083	 0.33855	 0.37165	 0.41058	 0.46053	 0.51063	 0.55782	 0.60727	 0.64652	 0.67192	 0.68509	 0.69004	 0.69306	 0.69150	 0.68546	 0.67869	 0.67038	 0.66083	 0.65149	 0.64262	 0.63410	 0.62537	 0.61964	 0.61499	 0.60818	 0.59999	 0.59143	 0.58503	 0.57910	 0.57584	 0.57765	 0.58711	 0.60530	 0.62988	 0.66613	 0.71877	 0.77561	 0.80332	 0.79102	 0.75650	 0.72052	 0.69639	 0.67734	 0.65789	 0.64429	 0.63278	 0.61957
10 	 0.29111	 0.28599	 0.28494	 0.29167	 0.30987	 0.34030	 0.37328	 0.39534	 0.41551	 0.43986	 0.45685	 0.44938	 0.40974	 0.36239	 0.32775	 0.30610	 0.29307	 0.28522	 0.27893	 0.27388	 0.27126	 0.27313	 0.28020	 0.29228	 0.31144	 0.33928	 0.37276	 0.41166	 0.46167	 0.51208	 0.55949	 0.60956	 0.64907	 0.67393	 0.68638	 0.69104	 0.69359	 0.69188	 0.68567	 0.67878	 0.67055	 0.66126	 0.65192	 0.64289	 0.63415	 0.62539	 0.61952	 0.61506	 0.60830	 0.59997	 0.59133	 0.58511	 0.57934	 0.57600	 0.57779	 0.58724	 0.60547	 0.63026	 0.66697	 0.71984	 0.77692	 0.80455	 0.79240	 0.75710	 0.72104	 0.69681	 0.67836	 0.65887	 0.64472	 0.63353	 0.61981
15 	 0.29153	 0.28642	 0.28552	 0.29235	 0.31063	 0.34085	 0.37381	 0.39576	 0.41576	 0.44007	 0.45709	 0.44944	 0.40979	 0.36257	 0.32812	 0.30643	 0.29306	 0.28534	 0.27896	 0.27394	 0.27146	 0.27321	 0.28020	 0.29261	 0.31181	 0.33952	 0.37308	 0.41201	 0.46196	 0.51237	 0.56006	 0.61045	 0.65008	 0.67454	 0.68682	 0.69125	 0.69331	 0.69147	 0.68530	 0.67832	 0.67018	 0.66091	 0.65156	 0.64240	 0.63363	 0.62501	 0.61889	 0.61432	 0.60764	 0.59939	 0.59090	 0.58466	 0.57912	 0.57562	 0.57743	 0.58683	 0.60517	 0.62993	 0.66681	 0.71994	 0.77698	 0.80496	 0.79199	 0.75723	 0.72143	 0.69719	 0.67849	 0.65862	 0.64473	 0.63375	 0.61954
20 	 0.29302	 0.28779	 0.28687	 0.29372	 0.31201	 0.34220	 0.37521	 0.39715	 0.41711	 0.44145	 0.45841	 0.45070	 0.41102	 0.36382	 0.32939	 0.30770	 0.29423	 0.28650	 0.28008	 0.27511	 0.27272	 0.27441	 0.28130	 0.29374	 0.31293	 0.34057	 0.37417	 0.41312	 0.46309	 0.51341	 0.56113	 0.61155	 0.65125	 0.67561	 0.68790	 0.69234	 0.69444	 0.69252	 0.68646	 0.67949	 0.67141	 0.66217	 0.65280	 0.64370	 0.63494	 0.62636	 0.62014	 0.61551	 0.60888	 0.60069	 0.59230	 0.58604	 0.58040	 0.57704	 0.57880	 0.58827	 0.60655	 0.63129	 0.66836	 0.72161	 0.77876	 0.80603	 0.79388	 0.75842	 0.72273	 0.69832	 0.67996	 0.65992	 0.64623	 0.63528	 0.62116
25 	 0.29346	 0.28820	 0.28730	 0.29423	 0.31256	 0.34266	 0.37557	 0.39751	 0.41746	 0.44166	 0.45858	 0.45090	 0.41118	 0.36406	 0.32961	 0.30793	 0.29439	 0.28660	 0.28024	 0.27533	 0.27294	 0.27453	 0.28147	 0.29406	 0.31333	 0.34095	 0.37453	 0.41353	 0.46366	 0.51416	 0.56222	 0.61287	 0.65247	 0.67659	 0.68841	 0.69269	 0.69439	 0.69231	 0.68602	 0.67900	 0.67082	 0.66153	 0.65212	 0.64294	 0.63408	 0.62551	 0.61923	 0.61457	 0.60792	 0.59978	 0.59138	 0.58505	 0.57958	 0.57619	 0.57804	 0.58757	 0.60600	 0.63084	 0.66803	 0.72146	 0.77866	 0.80604	 0.79366	 0.75836	 0.72254	 0.69822	 0.67925	 0.66017	 0.64640	 0.63530	 0.62162
30 	 0.29418	 0.28898	 0.28814	 0.29500	 0.31322	 0.34326	 0.37617	 0.39805	 0.41790	 0.44214	 0.45903	 0.45128	 0.41156	 0.36450	 0.33003	 0.30836	 0.29488	 0.28700	 0.28062	 0.27573	 0.27330	 0.27488	 0.28184	 0.29450	 0.31378	 0.34137	 0.37494	 0.41398	 0.46409	 0.51473	 0.56288	 0.61364	 0.65325	 0.67730	 0.68910	 0.69324	 0.69473	 0.69245	 0.68616	 0.67903	 0.67079	 0.66146	 0.65209	 0.64281	 0.63394	 0.62535	 0.61904	 0.61434	 0.60778	 0.59969	 0.59133	 0.58496	 0.57940	 0.57609	 0.57798	 0.58757	 0.60603	 0.63078	 0.66817	 0.72164	 0.77886	 0.80627	 0.79384	 0.75880	 0.72284	 0.69898	 0.68020	 0.66130	 0.64680	 0.63616	 0.62256
35 	 0.29412	 0.28899	 0.28809	 0.29488	 0.31314	 0.34320	 0.37612	 0.39794	 0.41788	 0.44210	 0.45897	 0.45128	 0.41160	 0.36443	 0.32999	 0.30823	 0.29467	 0.28684	 0.28041	 0.27557	 0.27329	 0.27473	 0.28164	 0.29428	 0.31356	 0.34118	 0.37471	 0.41377	 0.46396	 0.51448	 0.56264	 0.61336	 0.65298	 0.67700	 0.68871	 0.69277	 0.69434	 0.69202	 0.68575	 0.67867	 0.67048	 0.66114	 0.65173	 0.64244	 0.63364	 0.62502	 0.61866	 0.61400	 0.60751	 0.59942	 0.59105	 0.58462	 0.57919	 0.57588	 0.57774	 0.58729	 0.60582	 0.63076	 0.66807	 0.72147	 0.77890	 0.80635	 0.79398	 0.75882	 0.72301	 0.69895	 0.68039	 0.66062	 0.64687	 0.63598	 0.62344
40 	 0.29430	 0.28904	 0.28821	 0.29512	 0.31326	 0.34336	 0.37625	 0.39805	 0.41795	 0.44220	 0.45907	 0.45122	 0.41158	 0.36444	 0.33003	 0.30833	 0.29472	 0.28686	 0.28045	 0.27564	 0.27329	 0.27479	 0.28167	 0.29432	 0.31360	 0.34117	 0.37469	 0.41376	 0.46395	 0.51444	 0.56258	 0.61325	 0.65293	 0.67682	 0.68859	 0.69259	 0.69409	 0.69174	 0.68541	 0.67832	 0.67014	 0.66083	 0.65143	 0.64215	 0.63328	 0.62474	 0.61838	 0.61373	 0.60719	 0.59914	 0.59081	 0.58443	 0.57888	 0.57569	 0.57760	 0.58713	 0.60567	 0.63062	 0.66809	 0.72154	 0.77906	 0.80632	 0.79428	 0.75878	 0.72303	 0.69905	 0.68017	 0.66091	 0.64699	 0.63581	 0.62277
45 	 0.29481	 0.28959	 0.28876	 0.29558	 0.31375	 0.34374	 0.37652	 0.39835	 0.41820	 0.44246	 0.45929	 0.45148	 0.41176	 0.36467	 0.33027	 0.30863	 0.29507	 0.28722	 0.28079	 0.27595	 0.27356	 0.27502	 0.28188	 0.29460	 0.31391	 0.34142	 0.37495	 0.41404	 0.46418	 0.51471	 0.56295	 0.61365	 0.65327	 0.67723	 0.68874	 0.69276	 0.69423	 0.69178	 0.68541	 0.67831	 0.67011	 0.66073	 0.65125	 0.64201	 0.63322	 0.62464	 0.61831	 0.61361	 0.60710	 0.59909	 0.59072	 0.58437	 0.57884	 0.57561	 0.57759	 0.58723	 0.60576	 0.63071	 0.66818	 0.72176	 0.77908	 0.80666	 0.79447	 0.75919	 0.72318	 0.69932	 0.68058	 0.66140	 0.64730	 0.63670	 0.62287
50 	 0.29519	 0.28993	 0.28911	 0.29602	 0.31412	 0.34413	 0.37690	 0.39859	 0.41851	 0.44270	 0.45955	 0.45174	 0.41200	 0.36492	 0.33048	 0.30873	 0.29517	 0.28735	 0.28091	 0.27607	 0.27366	 0.27514	 0.28197	 0.29466	 0.31401	 0.34164	 0.37529	 0.41442	 0.46465	 0.51526	 0.56366	 0.61439	 0.65399	 0.67778	 0.68927	 0.69295	 0.69421	 0.69162	 0.68522	 0.67803	 0.66986	 0.66051	 0.65105	 0.64173	 0.63280	 0.62426	 0.61792	 0.61332	 0.60672	 0.59874	 0.59034	 0.58396	 0.57849	 0.57531	 0.57738	 0.58704	 0.60572	 0.63066	 0.66820	 0.72193	 0.77931	 0.80683	 0.79449	 0.75928	 0.72332	 0.69923	 0.68074	 0.66159	 0.64788	 0.63652	 0.62402
