1	0.177851777	0.178210134	0.182939063	0.196746068	0.225879473	0.26514415	0.301839506	0.329985726	0.352758608	0.37120564	0.380667196	0.378081082	0.364995752	0.348495441	0.335521718	0.326972232	0.321544352	0.317234903	0.313154117	0.309688091	0.309753868	0.315564165	0.329614275	0.353188429	0.383550718	0.416658631	0.447588358	0.473740995	0.504159324	0.548177175	0.606714924	0.669697434	0.721775264	0.755940059	0.773015946	0.778747998	0.778175691	0.774168313	0.767145922	0.758171439	0.747935959	0.737432563	0.727560645	0.719835052	0.713767977	0.708783154	0.704390376	0.698996887	0.691566027	0.681806036	0.669167342	0.655582307	0.642583194	0.630719386	0.620490945	0.6127481	0.608467832	0.607669311	0.608896862	0.604904616	0.586522588	0.551405119	0.507689278	0.465351205	0.424156067	0.385162522	0.350012829	0.321419799	0.297878807	0.279062664	0.264052654
4	0.180143417	0.180274921	0.184545805	0.197551743	0.225455865	0.263773218	0.300632477	0.329981419	0.353801438	0.372497971	0.381718011	0.378847238	0.365500058	0.349077581	0.336560076	0.328564563	0.323537323	0.31932668	0.315097737	0.311535879	0.311418666	0.316834374	0.33012881	0.352664754	0.381757011	0.41352379	0.44344348	0.468580296	0.497508959	0.540057053	0.597704762	0.660928296	0.714610161	0.751259262	0.771124688	0.77946	0.780852982	0.778503938	0.772772669	0.764792002	0.755414087	0.745521476	0.736019133	0.728633068	0.722731783	0.717911381	0.713848303	0.708779613	0.701702827	0.692238204	0.679876337	0.666400857	0.653189103	0.641177851	0.630784223	0.622714561	0.618051436	0.616834046	0.6171932	0.612045769	0.592185935	0.555781156	0.511563158	0.468736037	0.426871106	0.387603024	0.352874052	0.323606018	0.300223661	0.281271702	0.265668505
7	0.181370363	0.181400397	0.185544691	0.198442564	0.226282394	0.264569825	0.30166528	0.331438105	0.355644485	0.374538097	0.383786007	0.380851682	0.367413004	0.351036284	0.338474769	0.330513734	0.325639457	0.321401043	0.317155727	0.313502767	0.313270675	0.318571673	0.33174149	0.354185264	0.383231612	0.414843915	0.444589262	0.46959065	0.498230351	0.540313138	0.597563303	0.660783824	0.714817933	0.75209125	0.772606051	0.781564571	0.783463814	0.781438295	0.776041284	0.768368337	0.759249525	0.749567767	0.740193797	0.732831493	0.72699679	0.72228001	0.718234463	0.713273423	0.706302289	0.696918808	0.684590725	0.671116	0.657854045	0.645759374	0.635339516	0.62711682	0.622345193	0.620963481	0.621083816	0.615542493	0.595161817	0.558049548	0.513714654	0.470547411	0.428451605	0.388992966	0.353487566	0.325074725	0.301251892	0.282681557	0.266907542
10	0.18139009	0.181291424	0.18515926	0.197746668	0.224894892	0.262491848	0.299518096	0.329674735	0.354265314	0.373292021	0.382512763	0.379455372	0.366020361	0.3496928	0.33737374	0.329699477	0.324953965	0.320851402	0.316599061	0.312785355	0.31241672	0.317455045	0.330148248	0.351941616	0.380242752	0.411158457	0.440337876	0.46475018	0.492389423	0.533011261	0.588869814	0.651564436	0.706080769	0.744658449	0.766630569	0.776762789	0.779486629	0.778268068	0.773630109	0.766543397	0.757880471	0.748555876	0.739420841	0.732318306	0.726686098	0.722102882	0.718230752	0.713400425	0.706637718	0.697498665	0.685373979	0.671914058	0.658625605	0.646527598	0.636077619	0.627911308	0.622968705	0.621477161	0.62138138	0.615557353	0.594906832	0.557998711	0.513652047	0.470330099	0.428185744	0.388675356	0.353895824	0.324738524	0.301255591	0.282019448	0.266612129
13	0.182464466	0.182188565	0.185945334	0.198238361	0.225038363	0.262247659	0.299446109	0.330254077	0.355357563	0.374640605	0.383992905	0.380929591	0.367326947	0.351021345	0.338825847	0.331187734	0.326544564	0.322431342	0.318182327	0.314298193	0.313670626	0.318389586	0.330800384	0.352367	0.380335572	0.410928076	0.439853008	0.463979432	0.490746334	0.530256092	0.585057399	0.647388532	0.702509759	0.742223661	0.765425636	0.776460611	0.779806457	0.779273208	0.775185106	0.76869942	0.760613324	0.751584849	0.742738125	0.735720513	0.730067868	0.72564504	0.722048413	0.71740543	0.710732135	0.701751837	0.689767131	0.676349291	0.663021383	0.650709014	0.640182689	0.631921015	0.626868085	0.625257144	0.624848129	0.618667651	0.597820893	0.560466234	0.515786629	0.472409829	0.43026965	0.3903461	0.35520729	0.326137758	0.302197646	0.283095853	0.268073977
16	0.186732462	0.18639492	0.189946546	0.201986664	0.228487771	0.265379183	0.30250732	0.333744806	0.359333235	0.378736643	0.38810124	0.384994612	0.371307954	0.354952903	0.342821562	0.335315058	0.330671934	0.326554098	0.322291537	0.318344397	0.317538786	0.322024968	0.334114946	0.35529298	0.382875963	0.413079549	0.441765271	0.465559962	0.49169907	0.530197513	0.584039936	0.645830726	0.70114019	0.741535794	0.765660173	0.777539421	0.781595017	0.781687315	0.778167988	0.772095616	0.76446385	0.755770231	0.747109745	0.740354278	0.73498872	0.73066326	0.727199821	0.722736864	0.716252549	0.707443186	0.695688488	0.682327788	0.668980524	0.65672652	0.646249557	0.637892363	0.632687099	0.630989799	0.630506756	0.624056904	0.602757258	0.565176255	0.520556092	0.476752742	0.434945667	0.395260295	0.359883385	0.330425551	0.306632384	0.287802992	0.271870955
19	0.183703418	0.183360558	0.186809675	0.198609172	0.224341576	0.260549018	0.297471357	0.328896723	0.35472187	0.374278788	0.383627064	0.380443451	0.366753881	0.350525225	0.338574978	0.33127779	0.326753331	0.32272601	0.31840854	0.314371396	0.313456626	0.317738192	0.329411841	0.349965719	0.376894983	0.406588809	0.434846659	0.458217149	0.48355698	0.5208748	0.573405307	0.634755658	0.690707	0.732273858	0.757669719	0.770639382	0.775460109	0.776098652	0.773081343	0.767349965	0.759969823	0.75162675	0.743203693	0.736506143	0.731240247	0.727034012	0.723667481	0.719341437	0.713049103	0.704425479	0.692642087	0.67929503	0.665891244	0.653671147	0.643162925	0.63486686	0.629665296	0.627823278	0.627176427	0.620592639	0.59919143	0.56148118	0.516945546	0.473437236	0.431096975	0.391350544	0.35600508	0.326496209	0.303263013	0.284090031	0.268446566
2	0.170961043	0.172169633	0.177489708	0.191780812	0.221470916	0.261105857	0.296196739	0.321023147	0.34027051	0.356094169	0.364256149	0.361634407	0.349416004	0.334331618	0.32253204	0.314711889	0.30979412	0.3059295	0.302742442	0.300784943	0.302531423	0.309788509	0.324956673	0.348695039	0.377667636	0.408105812	0.436412933	0.461267078	0.492197288	0.53700563	0.593793899	0.650023359	0.692599673	0.71852082	0.730299984	0.733432802	0.731595263	0.726627996	0.718700883	0.708952731	0.698338014	0.687924067	0.678303527	0.670754206	0.664726438	0.659633638	0.654914744	0.649368149	0.6422719	0.633552781	0.622530651	0.610556072	0.5991547	0.588827821	0.579717756	0.572660872	0.568535588	0.567093216	0.567132079	0.563070257	0.546912643	0.516065332	0.477883171	0.439736504	0.402473162	0.366953492	0.334696877	0.308683811	0.286674266	0.268306299	0.254261428
5	0.197731999	0.198709435	0.203530675	0.216756596	0.244765759	0.282737286	0.317521394	0.343094088	0.362891391	0.378667181	0.386490668	0.38379417	0.37184671	0.357322346	0.346247759	0.339178585	0.334784319	0.331031106	0.328015138	0.326095191	0.327737632	0.334709142	0.34907207	0.371551736	0.398986347	0.427533287	0.454104183	0.478288319	0.509206516	0.555311928	0.614721599	0.673312381	0.7175409	0.745097064	0.758767221	0.763586316	0.762626067	0.757814369	0.749442395	0.738882669	0.727523016	0.716330791	0.705878898	0.697595671	0.69067335	0.684823006	0.679672696	0.673954784	0.667026374	0.658642187	0.648169541	0.636680411	0.625492214	0.615420992	0.606652622	0.599590265	0.595145305	0.593111064	0.592085207	0.586758361	0.569776143	0.539023303	0.501404572	0.46414441	0.427191613	0.391675577	0.360276781	0.333965175	0.312383958	0.294526934	0.279297693
8	0.193316814	0.194164273	0.198765453	0.211780381	0.239676272	0.277833844	0.313254748	0.339853281	0.360505921	0.376713437	0.384679654	0.381885044	0.36971656	0.355083999	0.34404121	0.337058044	0.332780933	0.329169764	0.326008707	0.324010303	0.325598996	0.332561391	0.346926585	0.36948215	0.396947527	0.425429415	0.452061481	0.476409322	0.507722707	0.554827133	0.615856252	0.67662028	0.723194662	0.752942266	0.768418658	0.774488691	0.774288661	0.769770919	0.761430567	0.750677171	0.738992389	0.727415321	0.716523364	0.707635267	0.700251502	0.694131053	0.688649557	0.682660886	0.675477165	0.666946678	0.656223085	0.644484963	0.633081032	0.622604967	0.613525097	0.606218077	0.601479445	0.599178886	0.597728345	0.591611374	0.573362965	0.541455809	0.502473961	0.463889297	0.426087596	0.390178841	0.357793547	0.330680008	0.308497288	0.290481408	0.275750524
11	0.180462646	0.18131311	0.185770971	0.198645215	0.226253782	0.264318973	0.300250997	0.327680472	0.348992056	0.365490315	0.373550419	0.370620259	0.358287695	0.343567408	0.332640642	0.325791848	0.321500111	0.317883134	0.314753684	0.312686976	0.314202101	0.321014555	0.335237589	0.357571008	0.38474162	0.412938242	0.439273958	0.463156073	0.493494376	0.539097339	0.598649994	0.65885933	0.705733231	0.736450669	0.753164401	0.760304848	0.761057789	0.75764103	0.750413769	0.740645915	0.729760252	0.718926995	0.708642654	0.700241072	0.693239994	0.687448344	0.682270089	0.676565908	0.669600359	0.66117986	0.650499793	0.638711696	0.627188747	0.616647488	0.607480042	0.600010227	0.595114448	0.592651974	0.590960884	0.584553311	0.565672413	0.532668291	0.492872193	0.453901019	0.415298605	0.37872192	0.345868118	0.319121014	0.296650958	0.277989141	0.263025494
14	0.168356299	0.168908575	0.173136343	0.185643134	0.212729181	0.250418387	0.286699397	0.315029054	0.337173908	0.354032143	0.362279604	0.359347152	0.346739805	0.3318756	0.320935979	0.314139241	0.309863872	0.306214862	0.302981804	0.300678222	0.301835759	0.308322454	0.32207093	0.343925112	0.370565416	0.398329844	0.42427686	0.447262505	0.475441684	0.517664491	0.573459444	0.631448822	0.678403148	0.710295935	0.728395457	0.736830215	0.738827802	0.737039717	0.73165499	0.723686489	0.714596723	0.70507056	0.695926248	0.688460931	0.682406833	0.677444804	0.6729718	0.667769019	0.661148116	0.652956066	0.642368925	0.630552657	0.618876683	0.608107917	0.598740502	0.591143162	0.586139438	0.583584721	0.581895725	0.575152681	0.555811892	0.522316744	0.482217323	0.442413635	0.403595359	0.36654388	0.333306045	0.305556351	0.283556217	0.265473892	0.250250098
17	0.1689084	0.16939117	0.173423877	0.185653259	0.212274794	0.249497651	0.285829649	0.314693077	0.337380524	0.354524074	0.362903848	0.359874157	0.347242884	0.332404759	0.321529454	0.314755913	0.310570667	0.306947383	0.30365009	0.301276445	0.302248193	0.30846496	0.321930258	0.343412833	0.369685661	0.397122473	0.422822875	0.44549382	0.472934888	0.514088152	0.569042758	0.626896221	0.674589555	0.707669446	0.72699179	0.736380298	0.739043455	0.73795971	0.733165718	0.725682741	0.716964607	0.707756863	0.698774101	0.691528102	0.685531895	0.680565826	0.67619386	0.671127424	0.664683443	0.656659662	0.646199371	0.634439041	0.622753361	0.611951765	0.602470555	0.59474386	0.589704721	0.58706614	0.584976013	0.577902231	0.558229909	0.524048888	0.483486507	0.443622597	0.404521254	0.36736478	0.3340452	0.306592984	0.284178024	0.265810831	0.250267415
20	0.168748945	0.169188108	0.173059084	0.185021853	0.211047329	0.247777056	0.283984207	0.313051963	0.335946973	0.35318456	0.361585123	0.358655765	0.346065068	0.33128829	0.32052926	0.313942817	0.30982491	0.306169284	0.302826672	0.300370615	0.301264404	0.307227221	0.320305971	0.341302866	0.367069133	0.39404765	0.419332995	0.441534784	0.468087738	0.507890627	0.561182617	0.61800758	0.665506194	0.698959662	0.718807405	0.728741949	0.731903317	0.731218091	0.726913385	0.719943164	0.711589264	0.702748151	0.694099548	0.687030017	0.681252973	0.676448815	0.672275127	0.667440045	0.661232399	0.65343073	0.643167503	0.631578669	0.620011968	0.609386865	0.600102209	0.592510647	0.587439562	0.584676861	0.582691277	0.575670817	0.556130375	0.522514405	0.482270048	0.442382375	0.403402802	0.366832289	0.333806111	0.30645888	0.283929577	0.265379328	0.249914679
