11 	 0.27906	 0.27915	 0.28359	 0.29623	 0.32002	 0.34980	 0.37519	 0.39465	 0.41021	 0.42018	 0.42385	 0.41743	 0.40541	 0.39390	 0.38453	 0.37816	 0.37523	 0.37200	 0.36762	 0.36374	 0.36513	 0.37103	 0.38290	 0.40073	 0.42120	 0.44127	 0.46138	 0.48011	 0.50835	 0.55008	 0.59621	 0.63701	 0.66849	 0.68436	 0.69096	 0.69442	 0.69601	 0.69339	 0.68750	 0.68054	 0.67221	 0.66422	 0.65750	 0.65251	 0.64956	 0.64468	 0.64122	 0.63701	 0.63255	 0.62664	 0.61851	 0.61121	 0.60256	 0.59512	 0.59056	 0.58524	 0.58266	 0.58222	 0.58424	 0.58747	 0.58700	 0.57575	 0.55466	 0.52750	 0.50028	 0.47455	 0.45242	 0.43133	 0.41482	 0.39973	 0.38777
21 	 0.22863	 0.22850	 0.23257	 0.24423	 0.26628	 0.29420	 0.31840	 0.33719	 0.35254	 0.36249	 0.36605	 0.35976	 0.34796	 0.33629	 0.32727	 0.32100	 0.31809	 0.31495	 0.31078	 0.30656	 0.30745	 0.31277	 0.32380	 0.34080	 0.36079	 0.38086	 0.40110	 0.41992	 0.44819	 0.49030	 0.53798	 0.58183	 0.61670	 0.63529	 0.64351	 0.64781	 0.64953	 0.64700	 0.64098	 0.63370	 0.62476	 0.61628	 0.60917	 0.60387	 0.60056	 0.59547	 0.59194	 0.58751	 0.58274	 0.57629	 0.56740	 0.55932	 0.54995	 0.54185	 0.53689	 0.53129	 0.52871	 0.52860	 0.53142	 0.53530	 0.53480	 0.52289	 0.50171	 0.47480	 0.44820	 0.42350	 0.40077	 0.38072	 0.36360	 0.34905	 0.33759
22 	 0.25669	 0.25677	 0.26148	 0.27447	 0.29880	 0.32900	 0.35516	 0.37549	 0.39193	 0.40261	 0.40659	 0.40004	 0.38774	 0.37603	 0.36648	 0.36018	 0.35730	 0.35417	 0.34977	 0.34569	 0.34693	 0.35271	 0.36460	 0.38281	 0.40407	 0.42522	 0.44651	 0.46608	 0.49531	 0.53861	 0.58792	 0.63347	 0.66984	 0.68923	 0.69800	 0.70251	 0.70447	 0.70184	 0.69560	 0.68817	 0.67916	 0.67061	 0.66336	 0.65785	 0.65446	 0.64935	 0.64572	 0.64125	 0.63636	 0.62954	 0.62035	 0.61190	 0.60220	 0.59380	 0.58845	 0.58273	 0.57998	 0.57969	 0.58210	 0.58518	 0.58286	 0.56826	 0.54355	 0.51331	 0.48298	 0.45553	 0.43091	 0.40905	 0.39180	 0.37616	 0.36392
31 	 0.21947	 0.21984	 0.22486	 0.23799	 0.26216	 0.29211	 0.31863	 0.33953	 0.35686	 0.36853	 0.37318	 0.36744	 0.35523	 0.34277	 0.33331	 0.32695	 0.32400	 0.32094	 0.31644	 0.31174	 0.31209	 0.31691	 0.32774	 0.34486	 0.36552	 0.38684	 0.40816	 0.42718	 0.45414	 0.49390	 0.53992	 0.58443	 0.62221	 0.64395	 0.65428	 0.65968	 0.66207	 0.66001	 0.65447	 0.64754	 0.63904	 0.63088	 0.62404	 0.61899	 0.61619	 0.61158	 0.60852	 0.60446	 0.59972	 0.59310	 0.58396	 0.57525	 0.56540	 0.55692	 0.55158	 0.54600	 0.54344	 0.54325	 0.54613	 0.54924	 0.54625	 0.52974	 0.50272	 0.47141	 0.43958	 0.41110	 0.38626	 0.36350	 0.34618	 0.33000	 0.31875
32 	 0.21655	 0.21682	 0.22180	 0.23501	 0.25878	 0.28824	 0.31421	 0.33485	 0.35193	 0.36323	 0.36756	 0.36165	 0.34983	 0.33811	 0.32881	 0.32269	 0.31991	 0.31683	 0.31240	 0.30779	 0.30812	 0.31292	 0.32365	 0.34079	 0.36134	 0.38252	 0.40384	 0.42269	 0.44958	 0.48958	 0.53616	 0.58140	 0.61965	 0.64146	 0.65181	 0.65719	 0.65953	 0.65733	 0.65181	 0.64500	 0.63651	 0.62824	 0.62132	 0.61617	 0.61316	 0.60849	 0.60528	 0.60104	 0.59616	 0.58926	 0.57988	 0.57102	 0.56088	 0.55206	 0.54646	 0.54050	 0.53777	 0.53756	 0.54040	 0.54322	 0.53940	 0.52253	 0.49561	 0.46374	 0.43298	 0.40487	 0.37959	 0.35758	 0.34021	 0.32473	 0.31218
41 	 0.26345	 0.26470	 0.27082	 0.28635	 0.31452	 0.34888	 0.37701	 0.39777	 0.41430	 0.42527	 0.42949	 0.42305	 0.41071	 0.39915	 0.38979	 0.38343	 0.38073	 0.37783	 0.37412	 0.37113	 0.37413	 0.38194	 0.39589	 0.41621	 0.43882	 0.46028	 0.48187	 0.50278	 0.53554	 0.58378	 0.63677	 0.68297	 0.71758	 0.73512	 0.74262	 0.74616	 0.74751	 0.74379	 0.73652	 0.72801	 0.71807	 0.70863	 0.70065	 0.69414	 0.68985	 0.68401	 0.67960	 0.67445	 0.66883	 0.66163	 0.65239	 0.64403	 0.63430	 0.62588	 0.62057	 0.61456	 0.61130	 0.61029	 0.61102	 0.61148	 0.60589	 0.58741	 0.55812	 0.52428	 0.49042	 0.46007	 0.43369	 0.41014	 0.39149	 0.37490	 0.36212
42 	 0.26624	 0.26732	 0.27345	 0.28904	 0.31755	 0.35226	 0.38093	 0.40222	 0.41920	 0.43057	 0.43492	 0.42835	 0.41591	 0.40416	 0.39491	 0.38858	 0.38590	 0.38294	 0.37931	 0.37633	 0.37928	 0.38717	 0.40140	 0.42218	 0.44523	 0.46727	 0.48941	 0.51085	 0.54422	 0.59349	 0.64793	 0.69530	 0.73060	 0.74855	 0.75640	 0.76017	 0.76164	 0.75820	 0.75105	 0.74255	 0.73267	 0.72324	 0.71536	 0.70907	 0.70498	 0.69905	 0.69477	 0.68973	 0.68404	 0.67664	 0.66701	 0.65827	 0.64818	 0.63928	 0.63337	 0.62692	 0.62311	 0.62166	 0.62242	 0.62291	 0.61692	 0.59722	 0.56687	 0.53169	 0.49712	 0.46616	 0.43889	 0.41478	 0.39594	 0.37898	 0.36572
51 	 0.22322	 0.22431	 0.22980	 0.24305	 0.26728	 0.29606	 0.31930	 0.33606	 0.34936	 0.35776	 0.36054	 0.35459	 0.34404	 0.33397	 0.32612	 0.32033	 0.31784	 0.31540	 0.31268	 0.31043	 0.31368	 0.32147	 0.33507	 0.35413	 0.37523	 0.39567	 0.41661	 0.43868	 0.47586	 0.53231	 0.59573	 0.65114	 0.69146	 0.71254	 0.72180	 0.72580	 0.72657	 0.72116	 0.71117	 0.69917	 0.68561	 0.67270	 0.66160	 0.65233	 0.64534	 0.63693	 0.63035	 0.62324	 0.61564	 0.60642	 0.59517	 0.58474	 0.57327	 0.56326	 0.55662	 0.55032	 0.54712	 0.54661	 0.54942	 0.55306	 0.55108	 0.53657	 0.51202	 0.48215	 0.45197	 0.42437	 0.39964	 0.37719	 0.35919	 0.34324	 0.33005
52 	 0.23502	 0.23611	 0.24119	 0.25352	 0.27560	 0.30151	 0.32194	 0.33652	 0.34787	 0.35472	 0.35696	 0.35174	 0.34236	 0.33339	 0.32615	 0.32072	 0.31837	 0.31613	 0.31345	 0.31125	 0.31418	 0.32119	 0.33337	 0.35034	 0.36884	 0.38660	 0.40505	 0.42454	 0.45817	 0.50905	 0.56517	 0.61338	 0.64844	 0.66590	 0.67305	 0.67604	 0.67621	 0.67090	 0.66139	 0.65008	 0.63725	 0.62523	 0.61487	 0.60628	 0.59986	 0.59194	 0.58590	 0.57919	 0.57226	 0.56432	 0.55447	 0.54580	 0.53589	 0.52733	 0.52240	 0.51691	 0.51448	 0.51444	 0.51657	 0.51982	 0.51974	 0.50967	 0.49096	 0.46689	 0.44198	 0.41828	 0.39695	 0.37763	 0.36253	 0.34765	 0.33668
61 	 0.20412	 0.20543	 0.21093	 0.22394	 0.24721	 0.27434	 0.29554	 0.31058	 0.32241	 0.32967	 0.33218	 0.32718	 0.31785	 0.30878	 0.30170	 0.29637	 0.29413	 0.29202	 0.28963	 0.28759	 0.29068	 0.29790	 0.31032	 0.32756	 0.34637	 0.36442	 0.38309	 0.40274	 0.43639	 0.48728	 0.54307	 0.59064	 0.62533	 0.64248	 0.64939	 0.65233	 0.65237	 0.64705	 0.63760	 0.62648	 0.61378	 0.60183	 0.59155	 0.58301	 0.57666	 0.56884	 0.56275	 0.55621	 0.54939	 0.54154	 0.53202	 0.52352	 0.51372	 0.50522	 0.50036	 0.49486	 0.49228	 0.49191	 0.49395	 0.49639	 0.49483	 0.48280	 0.46236	 0.43714	 0.41057	 0.38607	 0.36383	 0.34392	 0.32703	 0.31261	 0.30146
62 	 0.21261	 0.21393	 0.21946	 0.23252	 0.25580	 0.28276	 0.30345	 0.31791	 0.32920	 0.33611	 0.33847	 0.33338	 0.32427	 0.31545	 0.30846	 0.30328	 0.30108	 0.29898	 0.29670	 0.29479	 0.29806	 0.30550	 0.31814	 0.33532	 0.35396	 0.37163	 0.38989	 0.40971	 0.44402	 0.49598	 0.55254	 0.60029	 0.63430	 0.65112	 0.65778	 0.66040	 0.66023	 0.65456	 0.64465	 0.63288	 0.61952	 0.60713	 0.59641	 0.58753	 0.58069	 0.57248	 0.56605	 0.55915	 0.55224	 0.54435	 0.53484	 0.52633	 0.51663	 0.50824	 0.50360	 0.49815	 0.49551	 0.49501	 0.49683	 0.49950	 0.49855	 0.48780	 0.46812	 0.44356	 0.41784	 0.39457	 0.37270	 0.35328	 0.33696	 0.32244	 0.31099
71 	 0.22130	 0.22250	 0.22832	 0.24247	 0.26838	 0.29956	 0.32552	 0.34473	 0.36013	 0.37017	 0.37392	 0.36796	 0.35625	 0.34479	 0.33613	 0.33008	 0.32754	 0.32490	 0.32156	 0.31858	 0.32104	 0.32821	 0.34128	 0.36020	 0.38148	 0.40224	 0.42322	 0.44421	 0.47744	 0.52709	 0.58302	 0.63327	 0.67160	 0.69235	 0.70176	 0.70623	 0.70763	 0.70362	 0.69562	 0.68590	 0.67440	 0.66381	 0.65473	 0.64733	 0.64210	 0.63536	 0.63042	 0.62461	 0.61824	 0.61024	 0.60008	 0.59067	 0.58006	 0.57087	 0.56508	 0.55903	 0.55608	 0.55558	 0.55781	 0.56041	 0.55643	 0.53890	 0.51127	 0.47874	 0.44621	 0.41734	 0.39164	 0.36831	 0.35135	 0.33374	 0.32111
72 	 0.21393	 0.21495	 0.22044	 0.23390	 0.25797	 0.28700	 0.31093	 0.32849	 0.34261	 0.35163	 0.35510	 0.34971	 0.33909	 0.32849	 0.32040	 0.31471	 0.31221	 0.30969	 0.30649	 0.30340	 0.30547	 0.31181	 0.32355	 0.34080	 0.36004	 0.37890	 0.39819	 0.41700	 0.44700	 0.49215	 0.54278	 0.58836	 0.62370	 0.64246	 0.65076	 0.65454	 0.65567	 0.65186	 0.64429	 0.63516	 0.62423	 0.61422	 0.60571	 0.59888	 0.59409	 0.58779	 0.58306	 0.57775	 0.57196	 0.56471	 0.55562	 0.54731	 0.53763	 0.52935	 0.52462	 0.51916	 0.51668	 0.51652	 0.51846	 0.52053	 0.51759	 0.50294	 0.47899	 0.45006	 0.42132	 0.39547	 0.37131	 0.35136	 0.33331	 0.31940	 0.30743
81 	 0.25754	 0.25908	 0.26548	 0.28101	 0.30889	 0.34216	 0.36894	 0.38826	 0.40351	 0.41324	 0.41693	 0.41070	 0.39929	 0.38861	 0.38016	 0.37435	 0.37202	 0.36955	 0.36658	 0.36452	 0.36813	 0.37651	 0.39104	 0.41148	 0.43357	 0.45439	 0.47545	 0.49702	 0.53194	 0.58381	 0.64014	 0.68790	 0.72245	 0.73967	 0.74690	 0.75010	 0.75098	 0.74648	 0.73806	 0.72815	 0.71665	 0.70587	 0.69668	 0.68902	 0.68353	 0.67636	 0.67115	 0.66515	 0.65873	 0.65101	 0.64147	 0.63286	 0.62291	 0.61430	 0.60889	 0.60279	 0.59942	 0.59829	 0.59908	 0.59977	 0.59411	 0.57628	 0.54826	 0.51469	 0.48206	 0.45224	 0.42571	 0.40234	 0.38369	 0.36831	 0.35504
82 	 0.25925	 0.26083	 0.26760	 0.28375	 0.31272	 0.34710	 0.37434	 0.39378	 0.40904	 0.41892	 0.42263	 0.41652	 0.40489	 0.39389	 0.38502	 0.37908	 0.37657	 0.37393	 0.37104	 0.36907	 0.37287	 0.38155	 0.39646	 0.41716	 0.43947	 0.46040	 0.48159	 0.50351	 0.53923	 0.59209	 0.64950	 0.69780	 0.73242	 0.74954	 0.75662	 0.75982	 0.76055	 0.75586	 0.74717	 0.73689	 0.72514	 0.71402	 0.70455	 0.69673	 0.69090	 0.68345	 0.67793	 0.67183	 0.66526	 0.65731	 0.64761	 0.63882	 0.62873	 0.62018	 0.61481	 0.60854	 0.60529	 0.60417	 0.60514	 0.60616	 0.60086	 0.58278	 0.55376	 0.51992	 0.48629	 0.45588	 0.42943	 0.40532	 0.38733	 0.37082	 0.35825
91 	 0.24383	 0.24499	 0.25081	 0.26476	 0.28957	 0.31906	 0.34263	 0.35950	 0.37285	 0.38125	 0.38447	 0.37910	 0.36894	 0.35916	 0.35139	 0.34592	 0.34369	 0.34131	 0.33846	 0.33606	 0.33881	 0.34588	 0.35836	 0.37573	 0.39473	 0.41287	 0.43144	 0.45013	 0.48098	 0.52697	 0.57708	 0.61974	 0.65096	 0.66632	 0.67239	 0.67495	 0.67550	 0.67138	 0.66348	 0.65403	 0.64295	 0.63285	 0.62436	 0.61746	 0.61254	 0.60582	 0.60107	 0.59565	 0.58992	 0.58322	 0.57478	 0.56719	 0.55821	 0.55082	 0.54658	 0.54138	 0.53893	 0.53843	 0.53990	 0.54178	 0.54008	 0.52742	 0.50572	 0.47878	 0.45099	 0.42580	 0.40324	 0.38294	 0.36625	 0.35200	 0.34057
92 	 0.25420	 0.25553	 0.26174	 0.27659	 0.30354	 0.33574	 0.36168	 0.38025	 0.39489	 0.40425	 0.40782	 0.40200	 0.39093	 0.38032	 0.37182	 0.36601	 0.36356	 0.36086	 0.35779	 0.35538	 0.35841	 0.36611	 0.37962	 0.39866	 0.41939	 0.43909	 0.45895	 0.47900	 0.51114	 0.55874	 0.61050	 0.65450	 0.68658	 0.70228	 0.70857	 0.71125	 0.71191	 0.70763	 0.69972	 0.69027	 0.67927	 0.66915	 0.66058	 0.65371	 0.64872	 0.64215	 0.63732	 0.63188	 0.62622	 0.61916	 0.61053	 0.60271	 0.59367	 0.58594	 0.58133	 0.57595	 0.57318	 0.57239	 0.57359	 0.57512	 0.57197	 0.55727	 0.53289	 0.50245	 0.47268	 0.44509	 0.42071	 0.39926	 0.38159	 0.36628	 0.35393
101 	 0.24109	 0.24215	 0.24783	 0.26131	 0.28496	 0.31292	 0.33535	 0.35149	 0.36407	 0.37150	 0.37406	 0.36857	 0.35879	 0.34954	 0.34195	 0.33649	 0.33402	 0.33161	 0.32884	 0.32654	 0.32915	 0.33600	 0.34824	 0.36520	 0.38388	 0.40196	 0.42040	 0.43907	 0.47035	 0.51776	 0.57030	 0.61617	 0.65057	 0.66831	 0.67573	 0.67901	 0.67970	 0.67518	 0.66670	 0.65666	 0.64476	 0.63368	 0.62427	 0.61658	 0.61080	 0.60360	 0.59831	 0.59234	 0.58604	 0.57857	 0.56919	 0.56086	 0.55129	 0.54317	 0.53827	 0.53275	 0.53042	 0.53065	 0.53292	 0.53566	 0.53480	 0.52350	 0.50316	 0.47727	 0.45015	 0.42592	 0.40330	 0.38327	 0.36779	 0.35305	 0.34159
102 	 0.22867	 0.22950	 0.23476	 0.24745	 0.27009	 0.29691	 0.31860	 0.33421	 0.34643	 0.35376	 0.35620	 0.35087	 0.34132	 0.33218	 0.32481	 0.31931	 0.31691	 0.31454	 0.31177	 0.30921	 0.31158	 0.31809	 0.32983	 0.34619	 0.36434	 0.38191	 0.39974	 0.41787	 0.44807	 0.49377	 0.54394	 0.58707	 0.61881	 0.63474	 0.64116	 0.64386	 0.64434	 0.64015	 0.63208	 0.62255	 0.61114	 0.60063	 0.59189	 0.58463	 0.57929	 0.57254	 0.56759	 0.56194	 0.55611	 0.54914	 0.54043	 0.53266	 0.52366	 0.51597	 0.51148	 0.50627	 0.50401	 0.50397	 0.50612	 0.50913	 0.50912	 0.49948	 0.48095	 0.45760	 0.43268	 0.40996	 0.38961	 0.37042	 0.35631	 0.34171	 0.33036
111 	 0.21769	 0.21842	 0.22311	 0.23599	 0.25878	 0.28631	 0.31223	 0.33257	 0.34922	 0.36004	 0.36466	 0.35923	 0.34797	 0.33715	 0.32876	 0.32233	 0.31867	 0.31535	 0.31099	 0.30736	 0.30639	 0.31037	 0.32056	 0.33640	 0.35517	 0.37423	 0.39371	 0.41225	 0.43683	 0.47273	 0.51362	 0.55360	 0.58743	 0.60853	 0.61938	 0.62510	 0.62774	 0.62614	 0.62198	 0.61647	 0.60823	 0.60006	 0.59442	 0.59033	 0.58750	 0.58312	 0.57954	 0.57664	 0.57327	 0.56704	 0.55857	 0.55039	 0.54099	 0.53228	 0.52599	 0.52152	 0.51888	 0.51910	 0.52186	 0.52341	 0.51954	 0.50460	 0.48004	 0.45150	 0.42178	 0.39549	 0.37212	 0.35107	 0.33427	 0.31999	 0.30898
121 	 0.26533	 0.26811	 0.27494	 0.29107	 0.31913	 0.34939	 0.37286	 0.38894	 0.40089	 0.40878	 0.41256	 0.40734	 0.39782	 0.38991	 0.38332	 0.37802	 0.37498	 0.37270	 0.37072	 0.37112	 0.37478	 0.38365	 0.39866	 0.41740	 0.43685	 0.45374	 0.47142	 0.49283	 0.52835	 0.57939	 0.63059	 0.66960	 0.69487	 0.70755	 0.71284	 0.71554	 0.71542	 0.70994	 0.70117	 0.69105	 0.67874	 0.66673	 0.65719	 0.64938	 0.64265	 0.63476	 0.62798	 0.62244	 0.61706	 0.61016	 0.60218	 0.59517	 0.58710	 0.57964	 0.57432	 0.57027	 0.56706	 0.56586	 0.56645	 0.56601	 0.56261	 0.55008	 0.52768	 0.50059	 0.47245	 0.44665	 0.42328	 0.40267	 0.38592	 0.37093	 0.35961
122 	 0.26866	 0.27155	 0.27879	 0.29630	 0.32682	 0.35982	 0.38557	 0.40407	 0.41808	 0.42715	 0.43072	 0.42485	 0.41455	 0.40590	 0.39858	 0.39320	 0.38997	 0.38736	 0.38533	 0.38563	 0.38970	 0.39954	 0.41552	 0.43589	 0.45779	 0.47701	 0.49635	 0.51922	 0.55676	 0.61143	 0.66753	 0.71077	 0.73835	 0.75242	 0.75829	 0.76135	 0.76169	 0.75596	 0.74679	 0.73633	 0.72383	 0.71153	 0.70110	 0.69293	 0.68587	 0.67802	 0.67132	 0.66559	 0.65967	 0.65196	 0.64364	 0.63580	 0.62705	 0.61867	 0.61251	 0.60775	 0.60485	 0.60383	 0.60445	 0.60307	 0.59788	 0.58185	 0.55489	 0.52295	 0.49084	 0.46185	 0.43591	 0.41338	 0.39491	 0.37890	 0.36657
131 	 0.22711	 0.22835	 0.23373	 0.24839	 0.27447	 0.30606	 0.33464	 0.35790	 0.37665	 0.38931	 0.39398	 0.38736	 0.37481	 0.36326	 0.35387	 0.34750	 0.34362	 0.33985	 0.33598	 0.33269	 0.33283	 0.33898	 0.35185	 0.37094	 0.39440	 0.41764	 0.44048	 0.46281	 0.49364	 0.54049	 0.59597	 0.64963	 0.69263	 0.71963	 0.73338	 0.74098	 0.74433	 0.74156	 0.73512	 0.72720	 0.71704	 0.70657	 0.69793	 0.69185	 0.68752	 0.68256	 0.67827	 0.67399	 0.66849	 0.65990	 0.64903	 0.63834	 0.62662	 0.61549	 0.60712	 0.60081	 0.59763	 0.59723	 0.59959	 0.59999	 0.59288	 0.57112	 0.53757	 0.50074	 0.46433	 0.43235	 0.40336	 0.37826	 0.35866	 0.34199	 0.32922
132 	 0.22284	 0.22389	 0.22931	 0.24348	 0.26793	 0.29693	 0.32308	 0.34392	 0.36063	 0.37164	 0.37593	 0.37023	 0.35849	 0.34776	 0.33894	 0.33270	 0.32885	 0.32522	 0.32181	 0.31867	 0.31865	 0.32416	 0.33558	 0.35256	 0.37347	 0.39435	 0.41495	 0.43517	 0.46347	 0.50642	 0.55681	 0.60544	 0.64516	 0.67010	 0.68256	 0.68940	 0.69248	 0.68964	 0.68334	 0.67561	 0.66544	 0.65513	 0.64659	 0.64070	 0.63654	 0.63163	 0.62740	 0.62335	 0.61831	 0.61029	 0.60063	 0.59112	 0.58027	 0.57020	 0.56304	 0.55774	 0.55561	 0.55594	 0.55871	 0.55978	 0.55515	 0.53757	 0.50895	 0.47595	 0.44361	 0.41415	 0.38736	 0.36469	 0.34653	 0.33114	 0.31873
141 	 0.22310	 0.22420	 0.23018	 0.24549	 0.27179	 0.30300	 0.33066	 0.35253	 0.37065	 0.38246	 0.38638	 0.37977	 0.36742	 0.35617	 0.34685	 0.34023	 0.33625	 0.33273	 0.32939	 0.32613	 0.32642	 0.33277	 0.34554	 0.36450	 0.38773	 0.41109	 0.43375	 0.45598	 0.48703	 0.53439	 0.58979	 0.64171	 0.68226	 0.70665	 0.71809	 0.72400	 0.72623	 0.72297	 0.71589	 0.70758	 0.69717	 0.68639	 0.67738	 0.67072	 0.66623	 0.66103	 0.65653	 0.65205	 0.64668	 0.63781	 0.62739	 0.61677	 0.60517	 0.59446	 0.58681	 0.58033	 0.57794	 0.57812	 0.58114	 0.58258	 0.57689	 0.55711	 0.52600	 0.49071	 0.45658	 0.42532	 0.39794	 0.37382	 0.35411	 0.33820	 0.32528
142 	 0.21281	 0.21362	 0.21911	 0.23320	 0.25738	 0.28636	 0.31235	 0.33343	 0.35107	 0.36242	 0.36605	 0.35967	 0.34809	 0.33764	 0.32912	 0.32295	 0.31914	 0.31569	 0.31255	 0.30899	 0.30897	 0.31464	 0.32622	 0.34364	 0.36504	 0.38683	 0.40808	 0.42873	 0.45710	 0.50093	 0.55278	 0.60256	 0.64292	 0.66824	 0.68087	 0.68757	 0.69055	 0.68824	 0.68199	 0.67427	 0.66417	 0.65377	 0.64507	 0.63863	 0.63437	 0.62943	 0.62519	 0.62088	 0.61588	 0.60736	 0.59737	 0.58705	 0.57572	 0.56539	 0.55785	 0.55138	 0.54890	 0.54873	 0.55158	 0.55285	 0.54767	 0.52984	 0.50166	 0.46925	 0.43694	 0.40773	 0.38135	 0.35839	 0.34013	 0.32434	 0.31197
151 	 0.25590	 0.25828	 0.26593	 0.28387	 0.31437	 0.34917	 0.37762	 0.39849	 0.41523	 0.42614	 0.42965	 0.42296	 0.41093	 0.40073	 0.39209	 0.38576	 0.38208	 0.37906	 0.37707	 0.37610	 0.37954	 0.38945	 0.40568	 0.42781	 0.45235	 0.47530	 0.49776	 0.52242	 0.56087	 0.61832	 0.68083	 0.73221	 0.76662	 0.78512	 0.79308	 0.79657	 0.79737	 0.79245	 0.78324	 0.77287	 0.76082	 0.74841	 0.73790	 0.72941	 0.72288	 0.71558	 0.70916	 0.70312	 0.69682	 0.68765	 0.67768	 0.66791	 0.65724	 0.64749	 0.64012	 0.63385	 0.63106	 0.62980	 0.63045	 0.62864	 0.62076	 0.59966	 0.56705	 0.53034	 0.49440	 0.46198	 0.43339	 0.40820	 0.38798	 0.37136	 0.35736
152 	 0.24255	 0.24467	 0.25210	 0.26897	 0.29753	 0.32988	 0.35585	 0.37478	 0.39004	 0.39965	 0.40263	 0.39641	 0.38526	 0.37581	 0.36785	 0.36191	 0.35840	 0.35536	 0.35360	 0.35269	 0.35577	 0.36478	 0.37972	 0.40020	 0.42269	 0.44362	 0.46444	 0.48750	 0.52388	 0.57864	 0.63804	 0.68703	 0.72037	 0.73821	 0.74574	 0.74883	 0.74960	 0.74465	 0.73522	 0.72451	 0.71222	 0.69986	 0.68911	 0.68023	 0.67367	 0.66631	 0.65984	 0.65375	 0.64748	 0.63845	 0.62924	 0.62020	 0.61028	 0.60118	 0.59439	 0.58839	 0.58606	 0.58510	 0.58629	 0.58555	 0.57956	 0.56230	 0.53421	 0.50136	 0.46871	 0.43941	 0.41328	 0.38996	 0.37060	 0.35537	 0.34244
161 	 0.21762	 0.21918	 0.22522	 0.23882	 0.26212	 0.28969	 0.31235	 0.32875	 0.34242	 0.35068	 0.35355	 0.34818	 0.33799	 0.32892	 0.32199	 0.31634	 0.31306	 0.31018	 0.30822	 0.30685	 0.30899	 0.31594	 0.32844	 0.34672	 0.36651	 0.38575	 0.40539	 0.42663	 0.46028	 0.51314	 0.57440	 0.62998	 0.67103	 0.69440	 0.70480	 0.70943	 0.71134	 0.70655	 0.69600	 0.68381	 0.67008	 0.65647	 0.64472	 0.63468	 0.62778	 0.62050	 0.61406	 0.60740	 0.60031	 0.59038	 0.58002	 0.56938	 0.55810	 0.54855	 0.54155	 0.53534	 0.53277	 0.53245	 0.53533	 0.53725	 0.53448	 0.52021	 0.49658	 0.46834	 0.43888	 0.41206	 0.38774	 0.36559	 0.34832	 0.33272	 0.31998
162 	 0.22511	 0.22686	 0.23299	 0.24745	 0.27261	 0.30260	 0.32732	 0.34547	 0.36052	 0.36963	 0.37279	 0.36687	 0.35577	 0.34620	 0.33874	 0.33279	 0.32949	 0.32652	 0.32419	 0.32274	 0.32520	 0.33280	 0.34652	 0.36620	 0.38782	 0.40908	 0.43038	 0.45300	 0.48890	 0.54469	 0.60970	 0.66864	 0.71211	 0.73695	 0.74839	 0.75363	 0.75588	 0.75104	 0.74058	 0.72857	 0.71462	 0.70087	 0.68892	 0.67880	 0.67193	 0.66446	 0.65820	 0.65128	 0.64378	 0.63322	 0.62176	 0.61020	 0.59783	 0.58734	 0.57963	 0.57288	 0.56979	 0.56926	 0.57183	 0.57350	 0.56878	 0.55110	 0.52303	 0.49046	 0.45814	 0.42814	 0.40143	 0.37838	 0.35878	 0.34278	 0.32967
171 	 0.19317	 0.19436	 0.19960	 0.21232	 0.23439	 0.26106	 0.28422	 0.30179	 0.31685	 0.32599	 0.32940	 0.32404	 0.31337	 0.30384	 0.29672	 0.29099	 0.28770	 0.28488	 0.28212	 0.27956	 0.28042	 0.28606	 0.29743	 0.31427	 0.33352	 0.35346	 0.37316	 0.39281	 0.42231	 0.46888	 0.52450	 0.57744	 0.61882	 0.64348	 0.65525	 0.66109	 0.66393	 0.66080	 0.65249	 0.64297	 0.63120	 0.61973	 0.61001	 0.60185	 0.59683	 0.59154	 0.58712	 0.58174	 0.57566	 0.56649	 0.55600	 0.54548	 0.53404	 0.52424	 0.51736	 0.51128	 0.50851	 0.50826	 0.51111	 0.51344	 0.50989	 0.49358	 0.46855	 0.43916	 0.40999	 0.38215	 0.35752	 0.33577	 0.31746	 0.30235	 0.29025
172 	 0.18780	 0.18899	 0.19411	 0.20662	 0.22855	 0.25444	 0.27684	 0.29360	 0.30795	 0.31651	 0.31981	 0.31479	 0.30463	 0.29542	 0.28853	 0.28292	 0.27969	 0.27696	 0.27433	 0.27169	 0.27240	 0.27782	 0.28882	 0.30463	 0.32275	 0.34157	 0.36004	 0.37834	 0.40594	 0.44941	 0.50044	 0.54825	 0.58537	 0.60708	 0.61707	 0.62186	 0.62432	 0.62137	 0.61353	 0.60477	 0.59369	 0.58305	 0.57405	 0.56641	 0.56185	 0.55684	 0.55259	 0.54762	 0.54211	 0.53388	 0.52423	 0.51494	 0.50455	 0.49572	 0.48979	 0.48425	 0.48173	 0.48156	 0.48394	 0.48581	 0.48300	 0.46884	 0.44674	 0.42010	 0.39283	 0.36745	 0.34414	 0.32400	 0.30748	 0.29323	 0.28200
181 	 0.24411	 0.24558	 0.25141	 0.26597	 0.29233	 0.32344	 0.34906	 0.36761	 0.38317	 0.39277	 0.39637	 0.39029	 0.37883	 0.36889	 0.36119	 0.35525	 0.35195	 0.34908	 0.34653	 0.34496	 0.34750	 0.35541	 0.36962	 0.38896	 0.41021	 0.43109	 0.45148	 0.47277	 0.50661	 0.55788	 0.61525	 0.66490	 0.70000	 0.71881	 0.72690	 0.73050	 0.73228	 0.72837	 0.71973	 0.71023	 0.69872	 0.68763	 0.67803	 0.66969	 0.66452	 0.65884	 0.65380	 0.64799	 0.64190	 0.63325	 0.62325	 0.61386	 0.60353	 0.59476	 0.58801	 0.58178	 0.57849	 0.57736	 0.57872	 0.58019	 0.57660	 0.56094	 0.53503	 0.50404	 0.47350	 0.44503	 0.41954	 0.39658	 0.37821	 0.36225	 0.34958
182 	 0.24256	 0.24427	 0.25019	 0.26492	 0.29126	 0.32183	 0.34673	 0.36429	 0.37899	 0.38803	 0.39161	 0.38587	 0.37465	 0.36481	 0.35707	 0.35108	 0.34770	 0.34490	 0.34266	 0.34123	 0.34386	 0.35189	 0.36606	 0.38496	 0.40561	 0.42604	 0.44577	 0.46683	 0.50085	 0.55244	 0.60940	 0.65785	 0.69175	 0.70966	 0.71723	 0.72054	 0.72196	 0.71750	 0.70837	 0.69872	 0.68667	 0.67507	 0.66535	 0.65701	 0.65158	 0.64561	 0.64037	 0.63452	 0.62826	 0.61964	 0.60980	 0.60067	 0.59052	 0.58183	 0.57556	 0.56961	 0.56659	 0.56568	 0.56717	 0.56909	 0.56630	 0.55144	 0.52653	 0.49685	 0.46693	 0.43951	 0.41452	 0.39200	 0.37464	 0.35863	 0.34609
191 	 0.23384	 0.23618	 0.24297	 0.25876	 0.28625	 0.31719	 0.34174	 0.35878	 0.37288	 0.38094	 0.38381	 0.37820	 0.36836	 0.35989	 0.35307	 0.34752	 0.34450	 0.34216	 0.34046	 0.33975	 0.34320	 0.35213	 0.36733	 0.38699	 0.40837	 0.42917	 0.44937	 0.47164	 0.50934	 0.56730	 0.63148	 0.68556	 0.72244	 0.74204	 0.75041	 0.75395	 0.75507	 0.74929	 0.73814	 0.72623	 0.71189	 0.69811	 0.68607	 0.67551	 0.66813	 0.66023	 0.65348	 0.64614	 0.63862	 0.62881	 0.61763	 0.60759	 0.59674	 0.58745	 0.58050	 0.57429	 0.57134	 0.57064	 0.57177	 0.57224	 0.56681	 0.54914	 0.52195	 0.48959	 0.45788	 0.42872	 0.40195	 0.37948	 0.36058	 0.34381	 0.33106
192 	 0.22915	 0.23172	 0.23862	 0.25456	 0.28219	 0.31343	 0.33824	 0.35522	 0.36936	 0.37761	 0.38073	 0.37535	 0.36546	 0.35682	 0.34988	 0.34428	 0.34111	 0.33882	 0.33710	 0.33645	 0.33988	 0.34888	 0.36416	 0.38381	 0.40517	 0.42599	 0.44606	 0.46805	 0.50538	 0.56275	 0.62577	 0.67873	 0.71471	 0.73349	 0.74140	 0.74469	 0.74562	 0.73966	 0.72839	 0.71660	 0.70228	 0.68858	 0.67664	 0.66643	 0.65920	 0.65146	 0.64478	 0.63753	 0.63025	 0.62082	 0.61003	 0.60064	 0.59030	 0.58143	 0.57483	 0.56916	 0.56652	 0.56580	 0.56645	 0.56669	 0.56168	 0.54426	 0.51695	 0.48537	 0.45378	 0.42425	 0.39784	 0.37434	 0.35587	 0.33950	 0.32657
201 	 0.24726	 0.24921	 0.25591	 0.27265	 0.30231	 0.33775	 0.36820	 0.39044	 0.40904	 0.42098	 0.42541	 0.41894	 0.40590	 0.39395	 0.38488	 0.37818	 0.37446	 0.37155	 0.36840	 0.36609	 0.36803	 0.37609	 0.39115	 0.41208	 0.43607	 0.46012	 0.48280	 0.50528	 0.53893	 0.59004	 0.64771	 0.69900	 0.73607	 0.75619	 0.76535	 0.76963	 0.77180	 0.76809	 0.75999	 0.75153	 0.74086	 0.73069	 0.72189	 0.71486	 0.71058	 0.70551	 0.70120	 0.69596	 0.69020	 0.68177	 0.67134	 0.66220	 0.65187	 0.64285	 0.63596	 0.62992	 0.62715	 0.62662	 0.62723	 0.62682	 0.61875	 0.59559	 0.56119	 0.52238	 0.48563	 0.45220	 0.42282	 0.39779	 0.37761	 0.36003	 0.34697
202 	 0.26099	 0.26310	 0.27014	 0.28784	 0.31904	 0.35641	 0.38855	 0.41234	 0.43216	 0.44483	 0.44935	 0.44233	 0.42872	 0.41637	 0.40682	 0.40007	 0.39616	 0.39298	 0.38968	 0.38751	 0.38962	 0.39814	 0.41411	 0.43643	 0.46197	 0.48757	 0.51188	 0.53594	 0.57152	 0.62591	 0.68792	 0.74388	 0.78461	 0.80716	 0.81772	 0.82285	 0.82530	 0.82163	 0.81357	 0.80491	 0.79425	 0.78361	 0.77438	 0.76692	 0.76223	 0.75671	 0.75185	 0.74618	 0.73994	 0.73072	 0.71938	 0.70908	 0.69773	 0.68793	 0.67999	 0.67300	 0.66968	 0.66897	 0.66927	 0.66785	 0.65767	 0.63096	 0.59251	 0.55064	 0.51016	 0.47421	 0.44313	 0.41631	 0.39474	 0.37675	 0.36318
211 	 0.23600	 0.23777	 0.24362	 0.25822	 0.28398	 0.31496	 0.34091	 0.35943	 0.37504	 0.38501	 0.38896	 0.38358	 0.37286	 0.36287	 0.35515	 0.34926	 0.34575	 0.34302	 0.34037	 0.33850	 0.34045	 0.34791	 0.36180	 0.38056	 0.40166	 0.42286	 0.44305	 0.46364	 0.49594	 0.54588	 0.60179	 0.65082	 0.68597	 0.70489	 0.71329	 0.71721	 0.71867	 0.71437	 0.70603	 0.69686	 0.68557	 0.67481	 0.66554	 0.65816	 0.65339	 0.64781	 0.64291	 0.63735	 0.63149	 0.62321	 0.61312	 0.60428	 0.59439	 0.58572	 0.57913	 0.57312	 0.57028	 0.56939	 0.56987	 0.57064	 0.56674	 0.54992	 0.52311	 0.49195	 0.46059	 0.43198	 0.40586	 0.38320	 0.36440	 0.34836	 0.33579
212 	 0.20936	 0.21110	 0.21678	 0.23130	 0.25738	 0.28897	 0.31572	 0.33498	 0.35141	 0.36202	 0.36615	 0.36044	 0.34907	 0.33845	 0.33045	 0.32437	 0.32071	 0.31791	 0.31524	 0.31329	 0.31517	 0.32283	 0.33728	 0.35699	 0.37933	 0.40196	 0.42368	 0.44582	 0.48027	 0.53375	 0.59453	 0.64874	 0.68779	 0.70950	 0.71966	 0.72432	 0.72611	 0.72177	 0.71309	 0.70343	 0.69169	 0.68034	 0.67042	 0.66269	 0.65760	 0.65177	 0.64662	 0.64070	 0.63430	 0.62520	 0.61421	 0.60397	 0.59281	 0.58301	 0.57550	 0.56865	 0.56500	 0.56387	 0.56450	 0.56573	 0.56029	 0.54047	 0.51089	 0.47723	 0.44430	 0.41364	 0.38608	 0.36206	 0.34223	 0.32571	 0.31259
221 	 0.24300	 0.24462	 0.25078	 0.26660	 0.29472	 0.32901	 0.35885	 0.38057	 0.39889	 0.41130	 0.41637	 0.41024	 0.39697	 0.38428	 0.37458	 0.36772	 0.36372	 0.36053	 0.35701	 0.35441	 0.35575	 0.36277	 0.37680	 0.39666	 0.41969	 0.44323	 0.46595	 0.48782	 0.51999	 0.56909	 0.62531	 0.67765	 0.71711	 0.73973	 0.75023	 0.75539	 0.75783	 0.75440	 0.74709	 0.73898	 0.72882	 0.71879	 0.70976	 0.70289	 0.69886	 0.69391	 0.68950	 0.68432	 0.67849	 0.66997	 0.65904	 0.64947	 0.63874	 0.62955	 0.62222	 0.61556	 0.61273	 0.61242	 0.61337	 0.61367	 0.60689	 0.58453	 0.55098	 0.51295	 0.47724	 0.44421	 0.41527	 0.39047	 0.37023	 0.35431	 0.34093
222 	 0.24970	 0.25127	 0.25735	 0.27303	 0.30039	 0.33411	 0.36346	 0.38497	 0.40296	 0.41499	 0.41988	 0.41389	 0.40107	 0.38896	 0.37947	 0.37260	 0.36870	 0.36554	 0.36209	 0.35950	 0.36086	 0.36787	 0.38168	 0.40127	 0.42411	 0.44749	 0.47007	 0.49182	 0.52374	 0.57303	 0.62989	 0.68336	 0.72386	 0.74715	 0.75815	 0.76364	 0.76590	 0.76235	 0.75481	 0.74621	 0.73567	 0.72523	 0.71600	 0.70880	 0.70453	 0.69929	 0.69477	 0.68940	 0.68344	 0.67453	 0.66353	 0.65383	 0.64309	 0.63379	 0.62635	 0.61975	 0.61710	 0.61702	 0.61815	 0.61870	 0.61217	 0.59074	 0.55782	 0.52023	 0.48446	 0.45188	 0.42346	 0.39866	 0.37867	 0.36187	 0.34938
231 	 0.23953	 0.24152	 0.24805	 0.26429	 0.29263	 0.32658	 0.35524	 0.37605	 0.39302	 0.40405	 0.40815	 0.40186	 0.38972	 0.37850	 0.36985	 0.36339	 0.35974	 0.35701	 0.35408	 0.35234	 0.35461	 0.36264	 0.37770	 0.39832	 0.42162	 0.44505	 0.46763	 0.49033	 0.52552	 0.57973	 0.64087	 0.69556	 0.73482	 0.75651	 0.76664	 0.77145	 0.77309	 0.76862	 0.76012	 0.75055	 0.73908	 0.72773	 0.71750	 0.70938	 0.70395	 0.69780	 0.69247	 0.68632	 0.67971	 0.67036	 0.65914	 0.64921	 0.63835	 0.62866	 0.62118	 0.61451	 0.61149	 0.61128	 0.61213	 0.61251	 0.60505	 0.58276	 0.54981	 0.51293	 0.47706	 0.44453	 0.41557	 0.39146	 0.37084	 0.35419	 0.34046
232 	 0.24160	 0.24357	 0.24980	 0.26539	 0.29235	 0.32481	 0.35236	 0.37195	 0.38795	 0.39867	 0.40314	 0.39742	 0.38534	 0.37378	 0.36493	 0.35837	 0.35451	 0.35174	 0.34880	 0.34694	 0.34890	 0.35633	 0.37030	 0.38958	 0.41129	 0.43331	 0.45479	 0.47622	 0.50922	 0.55993	 0.61736	 0.66969	 0.70805	 0.72952	 0.73942	 0.74409	 0.74562	 0.74105	 0.73260	 0.72300	 0.71171	 0.70045	 0.69048	 0.68261	 0.67756	 0.67159	 0.66635	 0.66050	 0.65423	 0.64538	 0.63466	 0.62542	 0.61517	 0.60635	 0.59952	 0.59341	 0.59110	 0.59129	 0.59245	 0.59354	 0.58870	 0.56987	 0.54002	 0.50531	 0.47134	 0.44114	 0.41387	 0.39001	 0.37045	 0.35411	 0.34113
241 	 0.18883	 0.18987	 0.19458	 0.20718	 0.22896	 0.25623	 0.28082	 0.29958	 0.31552	 0.32608	 0.33006	 0.32442	 0.31322	 0.30212	 0.29386	 0.28764	 0.28394	 0.28112	 0.27770	 0.27434	 0.27420	 0.27906	 0.29022	 0.30664	 0.32655	 0.34810	 0.36932	 0.38909	 0.41775	 0.46321	 0.51763	 0.57217	 0.61671	 0.64433	 0.65847	 0.66575	 0.66869	 0.66557	 0.65869	 0.65026	 0.63973	 0.62934	 0.61982	 0.61270	 0.60843	 0.60343	 0.59918	 0.59385	 0.58777	 0.57857	 0.56675	 0.55611	 0.54455	 0.53427	 0.52656	 0.51973	 0.51712	 0.51788	 0.52073	 0.52392	 0.52049	 0.50252	 0.47492	 0.44332	 0.41180	 0.38317	 0.35695	 0.33353	 0.31559	 0.30030	 0.28755
242 	 0.18355	 0.18456	 0.18931	 0.20196	 0.22385	 0.25084	 0.27542	 0.29428	 0.31022	 0.32087	 0.32494	 0.31943	 0.30807	 0.29676	 0.28843	 0.28201	 0.27829	 0.27542	 0.27186	 0.26857	 0.26847	 0.27331	 0.28434	 0.30065	 0.32058	 0.34225	 0.36354	 0.38342	 0.41203	 0.45737	 0.51172	 0.56648	 0.61141	 0.63924	 0.65357	 0.66091	 0.66389	 0.66081	 0.65402	 0.64569	 0.63525	 0.62477	 0.61534	 0.60825	 0.60397	 0.59893	 0.59471	 0.58950	 0.58350	 0.57426	 0.56254	 0.55193	 0.54030	 0.53021	 0.52253	 0.51575	 0.51309	 0.51392	 0.51671	 0.51975	 0.51610	 0.49792	 0.47021	 0.43871	 0.40701	 0.37867	 0.35260	 0.32962	 0.31122	 0.29532	 0.28289
251 	 0.25790	 0.26005	 0.26681	 0.28362	 0.31243	 0.34682	 0.37533	 0.39561	 0.41184	 0.42248	 0.42654	 0.42032	 0.40827	 0.39708	 0.38831	 0.38183	 0.37827	 0.37554	 0.37261	 0.37121	 0.37387	 0.38210	 0.39723	 0.41766	 0.44045	 0.46299	 0.48504	 0.50739	 0.54243	 0.59632	 0.65650	 0.71006	 0.74816	 0.76912	 0.77872	 0.78325	 0.78468	 0.77974	 0.77121	 0.76144	 0.74981	 0.73820	 0.72767	 0.71915	 0.71334	 0.70674	 0.70105	 0.69459	 0.68815	 0.67887	 0.66787	 0.65829	 0.64770	 0.63846	 0.63123	 0.62480	 0.62202	 0.62183	 0.62253	 0.62254	 0.61619	 0.59564	 0.56433	 0.52841	 0.49297	 0.46146	 0.43358	 0.40833	 0.38907	 0.37228	 0.35873
252 	 0.25927	 0.26141	 0.26809	 0.28504	 0.31447	 0.34955	 0.37877	 0.39989	 0.41673	 0.42790	 0.43198	 0.42537	 0.41301	 0.40185	 0.39284	 0.38644	 0.38287	 0.38011	 0.37707	 0.37553	 0.37823	 0.38671	 0.40222	 0.42341	 0.44713	 0.47051	 0.49327	 0.51614	 0.55182	 0.60621	 0.66633	 0.71855	 0.75497	 0.77440	 0.78298	 0.78709	 0.78831	 0.78376	 0.77577	 0.76659	 0.75570	 0.74473	 0.73483	 0.72706	 0.72189	 0.71568	 0.71045	 0.70442	 0.69823	 0.68910	 0.67828	 0.66877	 0.65829	 0.64908	 0.64173	 0.63498	 0.63180	 0.63125	 0.63168	 0.63150	 0.62424	 0.60244	 0.57004	 0.53328	 0.49808	 0.46553	 0.43707	 0.41219	 0.39253	 0.37586	 0.36259
261 	 0.18734	 0.18862	 0.19370	 0.20686	 0.22973	 0.25750	 0.28232	 0.30140	 0.31707	 0.32737	 0.33090	 0.32492	 0.31382	 0.30316	 0.29509	 0.28904	 0.28567	 0.28306	 0.27985	 0.27707	 0.27773	 0.28353	 0.29574	 0.31318	 0.33397	 0.35607	 0.37802	 0.39902	 0.43075	 0.48110	 0.54125	 0.60054	 0.64741	 0.67612	 0.69084	 0.69831	 0.70119	 0.69739	 0.68968	 0.68017	 0.66864	 0.65700	 0.64641	 0.63813	 0.63272	 0.62664	 0.62139	 0.61527	 0.60839	 0.59816	 0.58544	 0.57394	 0.56142	 0.55036	 0.54193	 0.53441	 0.53125	 0.53185	 0.53464	 0.53750	 0.53249	 0.51227	 0.48265	 0.44929	 0.41650	 0.38626	 0.35907	 0.33507	 0.31615	 0.29929	 0.28657
262 	 0.18447	 0.18559	 0.19033	 0.20277	 0.22447	 0.25066	 0.27385	 0.29148	 0.30583	 0.31532	 0.31876	 0.31331	 0.30293	 0.29276	 0.28511	 0.27924	 0.27593	 0.27333	 0.27021	 0.26736	 0.26784	 0.27317	 0.28433	 0.30031	 0.31935	 0.33947	 0.35936	 0.37827	 0.40705	 0.45246	 0.50529	 0.55597	 0.59551	 0.61914	 0.63085	 0.63678	 0.63887	 0.63525	 0.62844	 0.62018	 0.60986	 0.59947	 0.59000	 0.58289	 0.57841	 0.57311	 0.56859	 0.56326	 0.55750	 0.54882	 0.53797	 0.52841	 0.51778	 0.50835	 0.50148	 0.49499	 0.49223	 0.49275	 0.49495	 0.49775	 0.49526	 0.48008	 0.45595	 0.42828	 0.39986	 0.37375	 0.34962	 0.32840	 0.31096	 0.29597	 0.28417
271 	 0.23381	 0.23513	 0.24092	 0.25615	 0.28266	 0.31497	 0.34301	 0.36396	 0.38093	 0.39267	 0.39758	 0.39151	 0.37923	 0.36735	 0.35813	 0.35146	 0.34784	 0.34477	 0.34091	 0.33801	 0.33902	 0.34539	 0.35864	 0.37761	 0.40003	 0.42313	 0.44576	 0.46682	 0.49776	 0.54548	 0.60057	 0.65347	 0.69414	 0.71779	 0.72890	 0.73428	 0.73616	 0.73199	 0.72484	 0.71635	 0.70616	 0.69584	 0.68653	 0.67971	 0.67568	 0.67054	 0.66642	 0.66124	 0.65550	 0.64654	 0.63539	 0.62579	 0.61503	 0.60554	 0.59818	 0.59147	 0.58844	 0.58846	 0.58982	 0.59056	 0.58484	 0.56444	 0.53328	 0.49809	 0.46361	 0.43304	 0.40533	 0.38095	 0.36176	 0.34554	 0.33270
272 	 0.22623	 0.22743	 0.23295	 0.24765	 0.27356	 0.30525	 0.33323	 0.35422	 0.37133	 0.38332	 0.38837	 0.38241	 0.36983	 0.35771	 0.34838	 0.34172	 0.33816	 0.33509	 0.33137	 0.32836	 0.32916	 0.33522	 0.34800	 0.36638	 0.38820	 0.41083	 0.43309	 0.45397	 0.48451	 0.53156	 0.58617	 0.63922	 0.68076	 0.70570	 0.71813	 0.72433	 0.72672	 0.72317	 0.71634	 0.70800	 0.69782	 0.68753	 0.67838	 0.67170	 0.66773	 0.66264	 0.65856	 0.65340	 0.64768	 0.63879	 0.62771	 0.61785	 0.60693	 0.59725	 0.58973	 0.58294	 0.57983	 0.57966	 0.58124	 0.58278	 0.57739	 0.55692	 0.52576	 0.48984	 0.45582	 0.42429	 0.39644	 0.37262	 0.35329	 0.33643	 0.32361
281 	 0.18235	 0.18341	 0.18818	 0.20068	 0.22240	 0.24904	 0.27282	 0.29077	 0.30558	 0.31555	 0.31945	 0.31402	 0.30317	 0.29225	 0.28409	 0.27794	 0.27461	 0.27187	 0.26863	 0.26568	 0.26602	 0.27118	 0.28236	 0.29864	 0.31817	 0.33893	 0.35958	 0.37904	 0.40842	 0.45471	 0.50944	 0.56340	 0.60644	 0.63278	 0.64610	 0.65280	 0.65515	 0.65125	 0.64411	 0.63537	 0.62448	 0.61355	 0.60360	 0.59620	 0.59155	 0.58600	 0.58149	 0.57597	 0.56997	 0.56083	 0.54947	 0.53941	 0.52828	 0.51844	 0.51123	 0.50440	 0.50170	 0.50237	 0.50482	 0.50751	 0.50431	 0.48754	 0.46128	 0.43132	 0.40150	 0.37436	 0.34884	 0.32651	 0.30846	 0.29319	 0.28072
282 	 0.17456	 0.17539	 0.17984	 0.19150	 0.21162	 0.23612	 0.25808	 0.27459	 0.28805	 0.29727	 0.30075	 0.29580	 0.28574	 0.27551	 0.26788	 0.26200	 0.25876	 0.25621	 0.25308	 0.25023	 0.25046	 0.25509	 0.26549	 0.28036	 0.29839	 0.31775	 0.33694	 0.35500	 0.38273	 0.42653	 0.47815	 0.52902	 0.56937	 0.59387	 0.60612	 0.61226	 0.61425	 0.61035	 0.60337	 0.59483	 0.58423	 0.57360	 0.56398	 0.55666	 0.55214	 0.54667	 0.54234	 0.53694	 0.53118	 0.52265	 0.51178	 0.50250	 0.49211	 0.48295	 0.47639	 0.47031	 0.46804	 0.46906	 0.47183	 0.47503	 0.47371	 0.46021	 0.43820	 0.41108	 0.38432	 0.35887	 0.33616	 0.31533	 0.29901	 0.28428	 0.27255
291 	 0.19527	 0.19634	 0.20129	 0.21439	 0.23728	 0.26468	 0.28849	 0.30648	 0.32090	 0.33041	 0.33384	 0.32810	 0.31744	 0.30709	 0.29928	 0.29328	 0.29008	 0.28745	 0.28445	 0.28191	 0.28292	 0.28878	 0.30084	 0.31773	 0.33763	 0.35837	 0.37884	 0.39854	 0.42910	 0.47707	 0.53263	 0.58534	 0.62582	 0.64950	 0.66107	 0.66679	 0.66859	 0.66438	 0.65707	 0.64820	 0.63742	 0.62646	 0.61651	 0.60897	 0.60413	 0.59819	 0.59339	 0.58771	 0.58164	 0.57259	 0.56139	 0.55159	 0.54068	 0.53114	 0.52395	 0.51725	 0.51421	 0.51449	 0.51666	 0.51873	 0.51552	 0.49943	 0.47409	 0.44476	 0.41534	 0.38846	 0.36324	 0.34136	 0.32313	 0.30773	 0.29559
292 	 0.19619	 0.19709	 0.20202	 0.21510	 0.23847	 0.26705	 0.29235	 0.31178	 0.32746	 0.33810	 0.34187	 0.33566	 0.32399	 0.31279	 0.30436	 0.29810	 0.29474	 0.29203	 0.28869	 0.28608	 0.28721	 0.29349	 0.30635	 0.32468	 0.34642	 0.36914	 0.39166	 0.41357	 0.44730	 0.50026	 0.56307	 0.62430	 0.67189	 0.70060	 0.71527	 0.72253	 0.72521	 0.72093	 0.71305	 0.70329	 0.69139	 0.67943	 0.66839	 0.65983	 0.65415	 0.64756	 0.64231	 0.63586	 0.62873	 0.61828	 0.60529	 0.59379	 0.58126	 0.57015	 0.56157	 0.55352	 0.54991	 0.55018	 0.55281	 0.55549	 0.55105	 0.53163	 0.50211	 0.46847	 0.43529	 0.40490	 0.37750	 0.35375	 0.33358	 0.31714	 0.30343
301 	 0.22033	 0.22104	 0.22546	 0.23777	 0.26023	 0.28703	 0.30955	 0.32583	 0.33860	 0.34720	 0.35035	 0.34464	 0.33450	 0.32489	 0.31730	 0.31150	 0.30840	 0.30576	 0.30285	 0.30088	 0.30269	 0.30937	 0.32213	 0.33922	 0.35875	 0.37833	 0.39774	 0.41728	 0.44937	 0.49898	 0.55417	 0.60313	 0.63782	 0.65654	 0.66486	 0.66858	 0.66918	 0.66408	 0.65600	 0.64638	 0.63496	 0.62384	 0.61379	 0.60609	 0.60095	 0.59465	 0.58955	 0.58372	 0.57785	 0.56961	 0.55963	 0.55138	 0.54189	 0.53350	 0.52745	 0.52158	 0.51894	 0.51907	 0.52057	 0.52334	 0.52272	 0.51149	 0.49133	 0.46663	 0.44045	 0.41637	 0.39403	 0.37410	 0.35774	 0.34298	 0.33102
302 	 0.21266	 0.21327	 0.21753	 0.22954	 0.25129	 0.27718	 0.29889	 0.31452	 0.32677	 0.33509	 0.33814	 0.33267	 0.32277	 0.31330	 0.30585	 0.30015	 0.29709	 0.29443	 0.29162	 0.28957	 0.29118	 0.29741	 0.30946	 0.32575	 0.34418	 0.36272	 0.38103	 0.39957	 0.42996	 0.47684	 0.52881	 0.57481	 0.60767	 0.62552	 0.63346	 0.63708	 0.63755	 0.63270	 0.62508	 0.61589	 0.60497	 0.59431	 0.58466	 0.57731	 0.57236	 0.56622	 0.56146	 0.55586	 0.55033	 0.54249	 0.53296	 0.52505	 0.51595	 0.50810	 0.50231	 0.49660	 0.49407	 0.49422	 0.49559	 0.49845	 0.49876	 0.48891	 0.47099	 0.44805	 0.42434	 0.40181	 0.38116	 0.36128	 0.34629	 0.33228	 0.32156
311 	 0.27458	 0.27715	 0.28452	 0.30275	 0.33444	 0.37049	 0.39867	 0.41843	 0.43346	 0.44367	 0.44756	 0.44127	 0.42987	 0.41968	 0.41113	 0.40520	 0.40242	 0.40004	 0.39777	 0.39755	 0.40195	 0.41204	 0.42902	 0.45105	 0.47485	 0.49734	 0.51960	 0.54329	 0.58307	 0.64233	 0.70538	 0.75722	 0.79135	 0.80872	 0.81609	 0.81910	 0.81925	 0.81279	 0.80317	 0.79217	 0.77954	 0.76673	 0.75508	 0.74564	 0.73869	 0.73057	 0.72416	 0.71707	 0.71014	 0.70084	 0.69002	 0.68096	 0.67091	 0.66212	 0.65522	 0.64870	 0.64534	 0.64441	 0.64473	 0.64405	 0.63749	 0.61742	 0.58636	 0.54971	 0.51442	 0.48225	 0.45381	 0.42833	 0.40866	 0.39084	 0.37724
312 	 0.26699	 0.26950	 0.27674	 0.29437	 0.32491	 0.35916	 0.38591	 0.40440	 0.41838	 0.42780	 0.43161	 0.42578	 0.41513	 0.40548	 0.39749	 0.39164	 0.38898	 0.38666	 0.38441	 0.38406	 0.38824	 0.39774	 0.41365	 0.43420	 0.45628	 0.47719	 0.49788	 0.51991	 0.55719	 0.61309	 0.67237	 0.72139	 0.75412	 0.77099	 0.77807	 0.78096	 0.78072	 0.77428	 0.76454	 0.75350	 0.74076	 0.72808	 0.71655	 0.70724	 0.70048	 0.69261	 0.68628	 0.67936	 0.67264	 0.66375	 0.65368	 0.64535	 0.63609	 0.62803	 0.62185	 0.61600	 0.61325	 0.61281	 0.61306	 0.61298	 0.60794	 0.59073	 0.56272	 0.52890	 0.49650	 0.46609	 0.43948	 0.41578	 0.39638	 0.38017	 0.36706
