11 	 0.28337	 0.28308	 0.28814	 0.30205	 0.32604	 0.35552	 0.38127	 0.40014	 0.41495	 0.42566	 0.42913	 0.42234	 0.41037	 0.39922	 0.39037	 0.38367	 0.37984	 0.37646	 0.37276	 0.37066	 0.37084	 0.37603	 0.38845	 0.40577	 0.42586	 0.44702	 0.46742	 0.48777	 0.51585	 0.55713	 0.60341	 0.64452	 0.67408	 0.69061	 0.69749	 0.69976	 0.69972	 0.69689	 0.69090	 0.68437	 0.67686	 0.66810	 0.66132	 0.65657	 0.65250	 0.64868	 0.64433	 0.64106	 0.63662	 0.63051	 0.62189	 0.61299	 0.60481	 0.59769	 0.59177	 0.58709	 0.58488	 0.58495	 0.58741	 0.59001	 0.58933	 0.57905	 0.55844	 0.53108	 0.50302	 0.47674	 0.45400	 0.43324	 0.41600	 0.40255	 0.39126
21 	 0.23021	 0.22994	 0.23462	 0.24770	 0.27021	 0.29802	 0.32244	 0.34082	 0.35560	 0.36645	 0.37005	 0.36334	 0.35125	 0.34005	 0.33127	 0.32475	 0.32097	 0.31761	 0.31395	 0.31171	 0.31160	 0.31625	 0.32801	 0.34481	 0.36459	 0.38590	 0.40640	 0.42676	 0.45509	 0.49692	 0.54510	 0.58967	 0.62314	 0.64261	 0.65137	 0.65457	 0.65502	 0.65226	 0.64609	 0.63927	 0.63129	 0.62205	 0.61489	 0.60992	 0.60563	 0.60160	 0.59717	 0.59372	 0.58882	 0.58202	 0.57257	 0.56275	 0.55369	 0.54580	 0.53943	 0.53435	 0.53199	 0.53233	 0.53555	 0.53895	 0.53815	 0.52712	 0.50605	 0.47851	 0.45032	 0.42446	 0.40132	 0.38076	 0.36389	 0.34928	 0.33854
22 	 0.25757	 0.25744	 0.26275	 0.27718	 0.30189	 0.33219	 0.35875	 0.37850	 0.39434	 0.40608	 0.40989	 0.40294	 0.39049	 0.37895	 0.36988	 0.36318	 0.35934	 0.35596	 0.35223	 0.34994	 0.35001	 0.35525	 0.36801	 0.38609	 0.40729	 0.42997	 0.45179	 0.47328	 0.50291	 0.54657	 0.59687	 0.64353	 0.67868	 0.69922	 0.70845	 0.71178	 0.71222	 0.70945	 0.70302	 0.69588	 0.68770	 0.67815	 0.67067	 0.66538	 0.66099	 0.65688	 0.65225	 0.64862	 0.64353	 0.63644	 0.62648	 0.61629	 0.60677	 0.59847	 0.59168	 0.58622	 0.58376	 0.58401	 0.58683	 0.58945	 0.58657	 0.57260	 0.54805	 0.51690	 0.48569	 0.45679	 0.43177	 0.40948	 0.39101	 0.37688	 0.36477
31 	 0.22278	 0.22294	 0.22856	 0.24320	 0.26761	 0.29740	 0.32398	 0.34419	 0.36070	 0.37318	 0.37787	 0.37163	 0.35932	 0.34752	 0.33828	 0.33156	 0.32785	 0.32446	 0.32045	 0.31781	 0.31722	 0.32149	 0.33303	 0.34994	 0.37039	 0.39286	 0.41447	 0.43516	 0.46242	 0.50225	 0.54910	 0.59456	 0.63093	 0.65360	 0.66444	 0.66875	 0.66981	 0.66738	 0.66152	 0.65504	 0.64743	 0.63837	 0.63137	 0.62668	 0.62277	 0.61913	 0.61510	 0.61199	 0.60709	 0.60005	 0.59011	 0.57985	 0.57025	 0.56181	 0.55517	 0.54989	 0.54761	 0.54815	 0.55112	 0.55352	 0.54986	 0.53400	 0.50733	 0.47456	 0.44214	 0.41289	 0.38709	 0.36488	 0.34675	 0.33183	 0.31994
32 	 0.22004	 0.22017	 0.22574	 0.24029	 0.26442	 0.29376	 0.31999	 0.34021	 0.35668	 0.36895	 0.37330	 0.36695	 0.35494	 0.34363	 0.33468	 0.32826	 0.32461	 0.32123	 0.31733	 0.31464	 0.31408	 0.31835	 0.32982	 0.34670	 0.36715	 0.38954	 0.41105	 0.43156	 0.45864	 0.49866	 0.54601	 0.59200	 0.62878	 0.65163	 0.66251	 0.66693	 0.66807	 0.66583	 0.66017	 0.65385	 0.64632	 0.63734	 0.63032	 0.62556	 0.62154	 0.61786	 0.61376	 0.61044	 0.60547	 0.59828	 0.58816	 0.57771	 0.56785	 0.55922	 0.55222	 0.54662	 0.54414	 0.54454	 0.54748	 0.54957	 0.54509	 0.52869	 0.50198	 0.46947	 0.43667	 0.40741	 0.38179	 0.35920	 0.34089	 0.32653	 0.31532
41 	 0.26671	 0.26768	 0.27448	 0.29154	 0.32028	 0.35475	 0.38340	 0.40386	 0.42000	 0.43192	 0.43611	 0.42926	 0.41678	 0.40525	 0.39616	 0.38953	 0.38584	 0.38281	 0.37973	 0.37855	 0.38027	 0.38745	 0.40235	 0.42250	 0.44500	 0.46826	 0.49063	 0.51367	 0.54665	 0.59514	 0.64928	 0.69710	 0.73118	 0.75008	 0.75810	 0.76081	 0.76071	 0.75728	 0.74999	 0.74183	 0.73269	 0.72224	 0.71401	 0.70782	 0.70238	 0.69731	 0.69190	 0.68744	 0.68177	 0.67432	 0.66423	 0.65408	 0.64446	 0.63617	 0.62914	 0.62328	 0.62023	 0.61953	 0.62084	 0.62107	 0.61499	 0.59680	 0.56738	 0.53216	 0.49756	 0.46552	 0.43810	 0.41392	 0.39435	 0.37862	 0.36606
42 	 0.26955	 0.27058	 0.27738	 0.29440	 0.32315	 0.35758	 0.38618	 0.40664	 0.42285	 0.43487	 0.43903	 0.43216	 0.41977	 0.40826	 0.39934	 0.39281	 0.38913	 0.38610	 0.38306	 0.38187	 0.38352	 0.39065	 0.40561	 0.42589	 0.44858	 0.47190	 0.49436	 0.51754	 0.55065	 0.59927	 0.65351	 0.70123	 0.73508	 0.75382	 0.76179	 0.76439	 0.76427	 0.76072	 0.75342	 0.74521	 0.73613	 0.72586	 0.71776	 0.71176	 0.70652	 0.70146	 0.69613	 0.69178	 0.68621	 0.67874	 0.66876	 0.65859	 0.64880	 0.64041	 0.63332	 0.62736	 0.62400	 0.62310	 0.62445	 0.62489	 0.61912	 0.60098	 0.57176	 0.53660	 0.50136	 0.46994	 0.44250	 0.41791	 0.39871	 0.38311	 0.37014
51 	 0.23741	 0.23842	 0.24433	 0.25870	 0.28277	 0.31099	 0.33391	 0.34985	 0.36226	 0.37130	 0.37407	 0.36776	 0.35711	 0.34761	 0.34004	 0.33413	 0.33092	 0.32831	 0.32590	 0.32557	 0.32765	 0.33458	 0.34843	 0.36687	 0.38724	 0.40841	 0.42913	 0.45185	 0.48752	 0.54158	 0.60291	 0.65709	 0.69522	 0.71622	 0.72524	 0.72806	 0.72736	 0.72207	 0.71206	 0.70099	 0.68878	 0.67536	 0.66441	 0.65590	 0.64827	 0.64112	 0.63382	 0.62783	 0.62045	 0.61139	 0.60003	 0.58865	 0.57807	 0.56887	 0.56149	 0.55565	 0.55285	 0.55305	 0.55601	 0.55921	 0.55737	 0.54492	 0.52198	 0.49260	 0.46224	 0.43478	 0.41021	 0.38811	 0.36995	 0.35448	 0.34227
52 	 0.25115	 0.25196	 0.25748	 0.27089	 0.29292	 0.31841	 0.33882	 0.35261	 0.36320	 0.37085	 0.37321	 0.36746	 0.35775	 0.34917	 0.34223	 0.33666	 0.33352	 0.33100	 0.32871	 0.32838	 0.33025	 0.33647	 0.34903	 0.36545	 0.38352	 0.40228	 0.42067	 0.44100	 0.47364	 0.52310	 0.57856	 0.62667	 0.65984	 0.67760	 0.68461	 0.68630	 0.68505	 0.67975	 0.67027	 0.65971	 0.64817	 0.63543	 0.62510	 0.61708	 0.60996	 0.60340	 0.59659	 0.59091	 0.58418	 0.57599	 0.56557	 0.55540	 0.54599	 0.53800	 0.53165	 0.52663	 0.52458	 0.52503	 0.52782	 0.53092	 0.53140	 0.52352	 0.50591	 0.48165	 0.45564	 0.43202	 0.41100	 0.39190	 0.37562	 0.36266	 0.35194
61 	 0.21802	 0.21910	 0.22511	 0.23935	 0.26249	 0.28884	 0.30972	 0.32395	 0.33491	 0.34293	 0.34557	 0.33992	 0.33036	 0.32198	 0.31515	 0.30980	 0.30688	 0.30446	 0.30228	 0.30224	 0.30428	 0.31070	 0.32361	 0.34033	 0.35847	 0.37735	 0.39575	 0.41596	 0.44852	 0.49768	 0.55255	 0.60009	 0.63276	 0.65024	 0.65709	 0.65877	 0.65757	 0.65230	 0.64274	 0.63230	 0.62088	 0.60838	 0.59816	 0.59041	 0.58341	 0.57681	 0.57012	 0.56458	 0.55806	 0.55001	 0.53980	 0.52990	 0.52074	 0.51300	 0.50684	 0.50187	 0.49979	 0.50002	 0.50233	 0.50419	 0.50305	 0.49275	 0.47352	 0.44729	 0.42055	 0.39598	 0.37377	 0.35417	 0.33830	 0.32466	 0.31352
62 	 0.22338	 0.22461	 0.23061	 0.24499	 0.26840	 0.29492	 0.31558	 0.32960	 0.34029	 0.34809	 0.35056	 0.34487	 0.33542	 0.32706	 0.32032	 0.31493	 0.31202	 0.30962	 0.30754	 0.30767	 0.31001	 0.31667	 0.32981	 0.34672	 0.36506	 0.38384	 0.40220	 0.42287	 0.45637	 0.50716	 0.56359	 0.61178	 0.64457	 0.66201	 0.66878	 0.67029	 0.66885	 0.66321	 0.65329	 0.64230	 0.63020	 0.61699	 0.60625	 0.59788	 0.59034	 0.58330	 0.57624	 0.57037	 0.56352	 0.55534	 0.54510	 0.53503	 0.52581	 0.51792	 0.51169	 0.50668	 0.50439	 0.50445	 0.50681	 0.50885	 0.50796	 0.49843	 0.47955	 0.45409	 0.42739	 0.40334	 0.38155	 0.36185	 0.34569	 0.33147	 0.32093
71 	 0.22161	 0.22255	 0.22890	 0.24442	 0.27020	 0.30071	 0.32613	 0.34446	 0.35895	 0.36963	 0.37324	 0.36686	 0.35527	 0.34456	 0.33608	 0.32990	 0.32646	 0.32362	 0.32072	 0.31975	 0.32113	 0.32744	 0.34099	 0.35936	 0.38002	 0.40167	 0.42261	 0.44457	 0.47725	 0.52606	 0.58191	 0.63253	 0.66982	 0.69142	 0.70115	 0.70461	 0.70471	 0.70062	 0.69248	 0.68334	 0.67296	 0.66133	 0.65200	 0.64501	 0.63888	 0.63317	 0.62720	 0.62225	 0.61582	 0.60756	 0.59679	 0.58583	 0.57571	 0.56679	 0.55957	 0.55385	 0.55114	 0.55139	 0.55424	 0.55616	 0.55233	 0.53631	 0.50985	 0.47715	 0.44443	 0.41467	 0.38905	 0.36576	 0.34778	 0.33247	 0.32024
72 	 0.21437	 0.21522	 0.22128	 0.23604	 0.26049	 0.28905	 0.31307	 0.33014	 0.34366	 0.35368	 0.35721	 0.35116	 0.34024	 0.33021	 0.32234	 0.31640	 0.31315	 0.31037	 0.30753	 0.30647	 0.30759	 0.31329	 0.32584	 0.34278	 0.36199	 0.38218	 0.40169	 0.42187	 0.45209	 0.49730	 0.54907	 0.59616	 0.63094	 0.65100	 0.65986	 0.66288	 0.66274	 0.65887	 0.65105	 0.64240	 0.63257	 0.62147	 0.61263	 0.60616	 0.60046	 0.59522	 0.58964	 0.58506	 0.57919	 0.57148	 0.56134	 0.55110	 0.54173	 0.53367	 0.52722	 0.52216	 0.51997	 0.52030	 0.52267	 0.52425	 0.52097	 0.50695	 0.48329	 0.45302	 0.42277	 0.39511	 0.37083	 0.34984	 0.33285	 0.31889	 0.30706
81 	 0.26060	 0.26203	 0.26904	 0.28586	 0.31389	 0.34652	 0.37304	 0.39155	 0.40603	 0.41656	 0.41994	 0.41336	 0.40199	 0.39170	 0.38359	 0.37757	 0.37417	 0.37154	 0.36911	 0.36877	 0.37116	 0.37886	 0.39388	 0.41362	 0.43538	 0.45752	 0.47886	 0.50170	 0.53624	 0.58726	 0.64343	 0.69175	 0.72519	 0.74349	 0.75099	 0.75314	 0.75240	 0.74789	 0.73943	 0.72996	 0.71945	 0.70779	 0.69829	 0.69108	 0.68467	 0.67860	 0.67238	 0.66725	 0.66097	 0.65300	 0.64271	 0.63246	 0.62289	 0.61461	 0.60766	 0.60201	 0.59912	 0.59860	 0.60001	 0.60031	 0.59508	 0.57843	 0.55126	 0.51807	 0.48468	 0.45436	 0.42790	 0.40493	 0.38621	 0.37041	 0.35829
82 	 0.26303	 0.26456	 0.27185	 0.28955	 0.31884	 0.35300	 0.38041	 0.39935	 0.41405	 0.42482	 0.42847	 0.42190	 0.41016	 0.39942	 0.39100	 0.38476	 0.38125	 0.37852	 0.37604	 0.37582	 0.37840	 0.38644	 0.40202	 0.42229	 0.44448	 0.46691	 0.48860	 0.51203	 0.54742	 0.59962	 0.65693	 0.70597	 0.73975	 0.75821	 0.76580	 0.76789	 0.76707	 0.76248	 0.75369	 0.74394	 0.73311	 0.72101	 0.71130	 0.70380	 0.69716	 0.69086	 0.68442	 0.67915	 0.67265	 0.66462	 0.65413	 0.64368	 0.63406	 0.62578	 0.61895	 0.61306	 0.61017	 0.60955	 0.61101	 0.61144	 0.60591	 0.58869	 0.56061	 0.52626	 0.49149	 0.46020	 0.43334	 0.40954	 0.38972	 0.37441	 0.36178
91 	 0.25246	 0.25361	 0.26001	 0.27547	 0.30100	 0.33046	 0.35432	 0.37076	 0.38360	 0.39294	 0.39601	 0.39009	 0.37963	 0.37011	 0.36259	 0.35684	 0.35362	 0.35106	 0.34854	 0.34796	 0.34974	 0.35620	 0.36939	 0.38682	 0.40592	 0.42556	 0.44450	 0.46475	 0.49555	 0.54117	 0.59153	 0.63478	 0.66450	 0.68052	 0.68667	 0.68794	 0.68682	 0.68246	 0.67428	 0.66549	 0.65562	 0.64470	 0.63597	 0.62947	 0.62376	 0.61823	 0.61258	 0.60813	 0.60254	 0.59547	 0.58611	 0.57692	 0.56852	 0.56128	 0.55550	 0.55070	 0.54855	 0.54852	 0.55045	 0.55211	 0.55016	 0.53849	 0.51711	 0.48897	 0.46049	 0.43414	 0.41090	 0.39055	 0.37421	 0.35935	 0.34898
92 	 0.25093	 0.25203	 0.25859	 0.27482	 0.30188	 0.33332	 0.35883	 0.37666	 0.39047	 0.40052	 0.40388	 0.39763	 0.38648	 0.37628	 0.36825	 0.36218	 0.35877	 0.35596	 0.35334	 0.35277	 0.35463	 0.36155	 0.37561	 0.39413	 0.41461	 0.43558	 0.45571	 0.47702	 0.50892	 0.55603	 0.60804	 0.65288	 0.68391	 0.70067	 0.70724	 0.70881	 0.70787	 0.70346	 0.69526	 0.68636	 0.67642	 0.66531	 0.65651	 0.64995	 0.64407	 0.63862	 0.63286	 0.62826	 0.62256	 0.61536	 0.60573	 0.59627	 0.58759	 0.58008	 0.57406	 0.56903	 0.56674	 0.56666	 0.56835	 0.56946	 0.56618	 0.55254	 0.52868	 0.49874	 0.46781	 0.43988	 0.41532	 0.39369	 0.37567	 0.36131	 0.34976
101 	 0.25098	 0.25177	 0.25773	 0.27226	 0.29588	 0.32326	 0.34530	 0.36050	 0.37221	 0.38050	 0.38311	 0.37722	 0.36730	 0.35844	 0.35132	 0.34568	 0.34256	 0.34003	 0.33757	 0.33701	 0.33859	 0.34467	 0.35725	 0.37372	 0.39195	 0.41085	 0.42916	 0.44879	 0.47938	 0.52554	 0.57752	 0.62352	 0.65615	 0.67423	 0.68172	 0.68382	 0.68303	 0.67838	 0.66956	 0.65993	 0.64928	 0.63742	 0.62790	 0.62077	 0.61445	 0.60832	 0.60212	 0.59719	 0.59107	 0.58342	 0.57353	 0.56378	 0.55489	 0.54735	 0.54141	 0.53651	 0.53455	 0.53502	 0.53764	 0.54009	 0.53927	 0.52951	 0.51026	 0.48411	 0.45647	 0.43186	 0.40948	 0.38927	 0.37390	 0.35992	 0.34927
102 	 0.23763	 0.23816	 0.24352	 0.25696	 0.27911	 0.30481	 0.32568	 0.34011	 0.35118	 0.35905	 0.36149	 0.35571	 0.34607	 0.33751	 0.33061	 0.32520	 0.32200	 0.31939	 0.31687	 0.31617	 0.31748	 0.32305	 0.33498	 0.35073	 0.36797	 0.38592	 0.40319	 0.42174	 0.45100	 0.49503	 0.54415	 0.58655	 0.61566	 0.63142	 0.63760	 0.63913	 0.63819	 0.63387	 0.62573	 0.61693	 0.60699	 0.59593	 0.58717	 0.58068	 0.57491	 0.56937	 0.56368	 0.55919	 0.55353	 0.54645	 0.53717	 0.52816	 0.51981	 0.51267	 0.50717	 0.50272	 0.50073	 0.50114	 0.50370	 0.50645	 0.50698	 0.49933	 0.48285	 0.45987	 0.43524	 0.41285	 0.39282	 0.37502	 0.36010	 0.34765	 0.33765
111 	 0.22072	 0.22135	 0.22663	 0.24050	 0.26406	 0.29297	 0.31937	 0.33984	 0.35644	 0.36826	 0.37239	 0.36653	 0.35475	 0.34351	 0.33467	 0.32848	 0.32485	 0.32137	 0.31782	 0.31497	 0.31378	 0.31768	 0.32846	 0.34431	 0.36362	 0.38426	 0.40407	 0.42346	 0.44882	 0.48527	 0.52784	 0.56941	 0.60288	 0.62404	 0.63403	 0.63889	 0.64078	 0.63852	 0.63327	 0.62749	 0.62071	 0.61260	 0.60721	 0.60331	 0.59944	 0.59613	 0.59217	 0.58967	 0.58536	 0.57861	 0.56948	 0.56007	 0.55110	 0.54339	 0.53799	 0.53282	 0.53007	 0.52993	 0.53217	 0.53368	 0.52966	 0.51441	 0.48953	 0.45908	 0.42792	 0.39984	 0.37515	 0.35373	 0.33712	 0.32229	 0.31187
121 	 0.28291	 0.28560	 0.29289	 0.30945	 0.33661	 0.36687	 0.39033	 0.40595	 0.41789	 0.42614	 0.42891	 0.42373	 0.41442	 0.40605	 0.39922	 0.39424	 0.39135	 0.38918	 0.38817	 0.38908	 0.39212	 0.40043	 0.41509	 0.43316	 0.45196	 0.47004	 0.48782	 0.50930	 0.54376	 0.59319	 0.64421	 0.68460	 0.71025	 0.72350	 0.72816	 0.72972	 0.72866	 0.72282	 0.71316	 0.70289	 0.69181	 0.67991	 0.67088	 0.66325	 0.65581	 0.64878	 0.64157	 0.63656	 0.63083	 0.62383	 0.61540	 0.60737	 0.59986	 0.59361	 0.58927	 0.58468	 0.58145	 0.57998	 0.58025	 0.58032	 0.57740	 0.56560	 0.54415	 0.51686	 0.48781	 0.46123	 0.43812	 0.41666	 0.39986	 0.38651	 0.37443
122 	 0.29331	 0.29615	 0.30406	 0.32181	 0.35113	 0.38423	 0.41005	 0.42757	 0.44089	 0.44998	 0.45290	 0.44727	 0.43733	 0.42824	 0.42105	 0.41572	 0.41264	 0.41033	 0.40914	 0.40998	 0.41327	 0.42224	 0.43798	 0.45774	 0.47850	 0.49845	 0.51790	 0.54093	 0.57711	 0.62917	 0.68335	 0.72647	 0.75391	 0.76799	 0.77311	 0.77475	 0.77385	 0.76822	 0.75859	 0.74822	 0.73707	 0.72511	 0.71581	 0.70792	 0.70028	 0.69326	 0.68596	 0.68078	 0.67487	 0.66748	 0.65858	 0.65004	 0.64193	 0.63513	 0.63036	 0.62559	 0.62247	 0.62118	 0.62150	 0.62118	 0.61661	 0.60200	 0.57689	 0.54620	 0.51326	 0.48413	 0.45869	 0.43602	 0.41755	 0.40170	 0.38906
131 	 0.22618	 0.22733	 0.23334	 0.24861	 0.27465	 0.30653	 0.33522	 0.35704	 0.37465	 0.38729	 0.39156	 0.38520	 0.37274	 0.36075	 0.35132	 0.34488	 0.34112	 0.33763	 0.33417	 0.33183	 0.33174	 0.33738	 0.35050	 0.36947	 0.39207	 0.41587	 0.43872	 0.46170	 0.49303	 0.53934	 0.59456	 0.64860	 0.69167	 0.71841	 0.73143	 0.73755	 0.73958	 0.73637	 0.72904	 0.72067	 0.71108	 0.70039	 0.69253	 0.68647	 0.68099	 0.67618	 0.67088	 0.66695	 0.66107	 0.65241	 0.64076	 0.62894	 0.61768	 0.60780	 0.60049	 0.59421	 0.59089	 0.59055	 0.59283	 0.59408	 0.58718	 0.56667	 0.53526	 0.49870	 0.46214	 0.42922	 0.40069	 0.37576	 0.35678	 0.34004	 0.32642
132 	 0.22720	 0.22834	 0.23440	 0.24941	 0.27460	 0.30507	 0.33226	 0.35247	 0.36862	 0.38028	 0.38446	 0.37867	 0.36679	 0.35523	 0.34611	 0.33982	 0.33612	 0.33275	 0.32951	 0.32743	 0.32719	 0.33235	 0.34454	 0.36189	 0.38259	 0.40447	 0.42546	 0.44678	 0.47599	 0.51904	 0.57001	 0.61976	 0.65925	 0.68383	 0.69557	 0.70096	 0.70266	 0.69944	 0.69221	 0.68405	 0.67481	 0.66469	 0.65709	 0.65115	 0.64579	 0.64127	 0.63605	 0.63245	 0.62702	 0.61901	 0.60825	 0.59742	 0.58719	 0.57839	 0.57208	 0.56671	 0.56411	 0.56429	 0.56679	 0.56848	 0.56340	 0.54585	 0.51751	 0.48365	 0.44899	 0.41788	 0.39115	 0.36772	 0.34984	 0.33393	 0.32158
141 	 0.22892	 0.23013	 0.23634	 0.25170	 0.27803	 0.31008	 0.33883	 0.36044	 0.37785	 0.39028	 0.39428	 0.38789	 0.37540	 0.36344	 0.35413	 0.34762	 0.34384	 0.34039	 0.33707	 0.33494	 0.33490	 0.34067	 0.35384	 0.37274	 0.39523	 0.41883	 0.44146	 0.46442	 0.49593	 0.54260	 0.59804	 0.65176	 0.69412	 0.72027	 0.73304	 0.73896	 0.74085	 0.73763	 0.73028	 0.72182	 0.71217	 0.70142	 0.69323	 0.68683	 0.68107	 0.67599	 0.67048	 0.66644	 0.66043	 0.65170	 0.64015	 0.62837	 0.61704	 0.60712	 0.59990	 0.59372	 0.59048	 0.59058	 0.59334	 0.59507	 0.58876	 0.56872	 0.53757	 0.50146	 0.46476	 0.43198	 0.40341	 0.37892	 0.35895	 0.34245	 0.32964
142 	 0.21917	 0.22020	 0.22604	 0.24057	 0.26519	 0.29516	 0.32203	 0.34241	 0.35868	 0.37034	 0.37408	 0.36788	 0.35626	 0.34513	 0.33628	 0.33032	 0.32676	 0.32350	 0.32032	 0.31816	 0.31796	 0.32334	 0.33566	 0.35322	 0.37415	 0.39630	 0.41742	 0.43881	 0.46825	 0.51196	 0.56386	 0.61438	 0.65439	 0.67928	 0.69135	 0.69693	 0.69882	 0.69583	 0.68886	 0.68093	 0.67169	 0.66144	 0.65375	 0.64774	 0.64237	 0.63776	 0.63268	 0.62906	 0.62343	 0.61504	 0.60376	 0.59233	 0.58170	 0.57237	 0.56556	 0.55970	 0.55638	 0.55610	 0.55878	 0.56062	 0.55543	 0.53806	 0.51059	 0.47737	 0.44334	 0.41305	 0.38626	 0.36345	 0.34467	 0.32925	 0.31659
151 	 0.28077	 0.28317	 0.29104	 0.30904	 0.33885	 0.37358	 0.40181	 0.42131	 0.43628	 0.44696	 0.45037	 0.44405	 0.43256	 0.42174	 0.41328	 0.40718	 0.40358	 0.40089	 0.39902	 0.39907	 0.40198	 0.41104	 0.42717	 0.44831	 0.47144	 0.49434	 0.51633	 0.54103	 0.57886	 0.63395	 0.69380	 0.74442	 0.77843	 0.79644	 0.80356	 0.80602	 0.80561	 0.80033	 0.79086	 0.78035	 0.76890	 0.75662	 0.74717	 0.73928	 0.73179	 0.72497	 0.71777	 0.71251	 0.70605	 0.69765	 0.68701	 0.67670	 0.66683	 0.65819	 0.65203	 0.64649	 0.64316	 0.64225	 0.64312	 0.64312	 0.63669	 0.61817	 0.58828	 0.55316	 0.51706	 0.48445	 0.45645	 0.43189	 0.41119	 0.39490	 0.38137
152 	 0.26076	 0.26312	 0.27073	 0.28803	 0.31668	 0.34969	 0.37638	 0.39469	 0.40866	 0.41857	 0.42169	 0.41553	 0.40461	 0.39434	 0.38608	 0.38021	 0.37678	 0.37423	 0.37251	 0.37266	 0.37536	 0.38400	 0.39954	 0.41958	 0.44146	 0.46308	 0.48384	 0.50739	 0.54400	 0.59764	 0.65612	 0.70577	 0.73913	 0.75690	 0.76401	 0.76652	 0.76596	 0.76057	 0.75083	 0.74021	 0.72864	 0.71625	 0.70670	 0.69847	 0.69088	 0.68416	 0.67688	 0.67164	 0.66519	 0.65678	 0.64613	 0.63592	 0.62644	 0.61840	 0.61260	 0.60729	 0.60417	 0.60339	 0.60452	 0.60471	 0.59914	 0.58273	 0.55534	 0.52256	 0.48865	 0.45813	 0.43190	 0.40823	 0.38899	 0.37342	 0.35999
161 	 0.23284	 0.23444	 0.24056	 0.25474	 0.27826	 0.30579	 0.32903	 0.34517	 0.35751	 0.36621	 0.36900	 0.36350	 0.35351	 0.34413	 0.33662	 0.33113	 0.32779	 0.32519	 0.32326	 0.32279	 0.32435	 0.33117	 0.34425	 0.36163	 0.38122	 0.40121	 0.42042	 0.44187	 0.47585	 0.52742	 0.58685	 0.64110	 0.68052	 0.70292	 0.71268	 0.71650	 0.71648	 0.71106	 0.70077	 0.68911	 0.67643	 0.66310	 0.65262	 0.64382	 0.63580	 0.62874	 0.62126	 0.61578	 0.60893	 0.59975	 0.58805	 0.57688	 0.56656	 0.55767	 0.55147	 0.54604	 0.54314	 0.54310	 0.54559	 0.54787	 0.54570	 0.53332	 0.51070	 0.48187	 0.45207	 0.42417	 0.40022	 0.37845	 0.36114	 0.34592	 0.33381
162 	 0.23623	 0.23793	 0.24421	 0.25911	 0.28391	 0.31325	 0.33794	 0.35532	 0.36871	 0.37815	 0.38107	 0.37518	 0.36464	 0.35481	 0.34691	 0.34116	 0.33777	 0.33509	 0.33291	 0.33239	 0.33411	 0.34136	 0.35522	 0.37381	 0.39487	 0.41633	 0.43693	 0.45983	 0.49547	 0.54964	 0.61255	 0.67036	 0.71280	 0.73725	 0.74851	 0.75317	 0.75359	 0.74833	 0.73807	 0.72622	 0.71315	 0.69933	 0.68841	 0.67928	 0.67109	 0.66385	 0.65611	 0.65029	 0.64296	 0.63309	 0.62071	 0.60862	 0.59724	 0.58741	 0.58036	 0.57433	 0.57113	 0.57098	 0.57344	 0.57564	 0.57199	 0.55664	 0.53082	 0.49940	 0.46647	 0.43655	 0.41041	 0.38690	 0.36826	 0.35207	 0.33956
171 	 0.20265	 0.20389	 0.20962	 0.22326	 0.24581	 0.27280	 0.29659	 0.31401	 0.32772	 0.33766	 0.34096	 0.33534	 0.32490	 0.31498	 0.30711	 0.30156	 0.29830	 0.29550	 0.29293	 0.29159	 0.29207	 0.29763	 0.30960	 0.32618	 0.34548	 0.36579	 0.38527	 0.40566	 0.43604	 0.48207	 0.53664	 0.58875	 0.62881	 0.65300	 0.66461	 0.66972	 0.67088	 0.66706	 0.65876	 0.64929	 0.63868	 0.62712	 0.61817	 0.61100	 0.60476	 0.59940	 0.59350	 0.58931	 0.58319	 0.57452	 0.56303	 0.55174	 0.54119	 0.53212	 0.52569	 0.52010	 0.51712	 0.51728	 0.51987	 0.52178	 0.51817	 0.50349	 0.47910	 0.44882	 0.41759	 0.38982	 0.36491	 0.34321	 0.32555	 0.31027	 0.29850
172 	 0.20106	 0.20213	 0.20790	 0.22145	 0.24372	 0.27009	 0.29318	 0.31001	 0.32318	 0.33267	 0.33585	 0.33036	 0.32022	 0.31064	 0.30294	 0.29739	 0.29423	 0.29152	 0.28905	 0.28767	 0.28810	 0.29347	 0.30500	 0.32093	 0.33934	 0.35864	 0.37704	 0.39635	 0.42522	 0.46866	 0.51962	 0.56759	 0.60388	 0.62538	 0.63533	 0.63955	 0.64033	 0.63659	 0.62870	 0.61976	 0.60979	 0.59899	 0.59068	 0.58395	 0.57804	 0.57300	 0.56735	 0.56349	 0.55795	 0.54999	 0.53925	 0.52884	 0.51913	 0.51087	 0.50506	 0.49993	 0.49713	 0.49719	 0.49959	 0.50136	 0.49834	 0.48533	 0.46324	 0.43511	 0.40626	 0.37955	 0.35628	 0.33579	 0.31885	 0.30502	 0.29337
181 	 0.26614	 0.26762	 0.27416	 0.28985	 0.31627	 0.34763	 0.37381	 0.39227	 0.40674	 0.41701	 0.42030	 0.41395	 0.40270	 0.39226	 0.38394	 0.37810	 0.37456	 0.37179	 0.36970	 0.36915	 0.37106	 0.37875	 0.39320	 0.41228	 0.43355	 0.45506	 0.47561	 0.49813	 0.53251	 0.58312	 0.63945	 0.68879	 0.72339	 0.74227	 0.75021	 0.75326	 0.75308	 0.74867	 0.74013	 0.73050	 0.71992	 0.70849	 0.69976	 0.69240	 0.68575	 0.67986	 0.67337	 0.66870	 0.66277	 0.65454	 0.64381	 0.63341	 0.62365	 0.61523	 0.60899	 0.60319	 0.59963	 0.59880	 0.60024	 0.60153	 0.59776	 0.58334	 0.55803	 0.52732	 0.49525	 0.46574	 0.44026	 0.41764	 0.39830	 0.38331	 0.37072
182 	 0.25420	 0.25578	 0.26238	 0.27803	 0.30416	 0.33478	 0.35994	 0.37727	 0.39067	 0.40045	 0.40364	 0.39759	 0.38659	 0.37622	 0.36797	 0.36206	 0.35858	 0.35591	 0.35393	 0.35364	 0.35570	 0.36340	 0.37769	 0.39637	 0.41692	 0.43764	 0.45750	 0.47974	 0.51408	 0.56468	 0.62060	 0.66902	 0.70244	 0.72058	 0.72816	 0.73085	 0.73038	 0.72554	 0.71652	 0.70640	 0.69542	 0.68364	 0.67455	 0.66690	 0.66004	 0.65400	 0.64737	 0.64254	 0.63649	 0.62831	 0.61789	 0.60772	 0.59818	 0.59005	 0.58419	 0.57877	 0.57538	 0.57470	 0.57637	 0.57812	 0.57518	 0.56188	 0.53844	 0.50844	 0.47702	 0.44910	 0.42448	 0.40228	 0.38477	 0.36948	 0.35701
191 	 0.24884	 0.25110	 0.25862	 0.27542	 0.30271	 0.33374	 0.35864	 0.37572	 0.38857	 0.39755	 0.40013	 0.39422	 0.38436	 0.37534	 0.36796	 0.36254	 0.35946	 0.35728	 0.35597	 0.35639	 0.35925	 0.36787	 0.38309	 0.40257	 0.42374	 0.44490	 0.46529	 0.48872	 0.52638	 0.58252	 0.64458	 0.69778	 0.73398	 0.75359	 0.76181	 0.76464	 0.76389	 0.75806	 0.74728	 0.73526	 0.72228	 0.70844	 0.69715	 0.68749	 0.67880	 0.67100	 0.66296	 0.65690	 0.64973	 0.64058	 0.62906	 0.61814	 0.60788	 0.59916	 0.59281	 0.58712	 0.58384	 0.58331	 0.58491	 0.58545	 0.58008	 0.56415	 0.53804	 0.50579	 0.47293	 0.44296	 0.41673	 0.39347	 0.37429	 0.35867	 0.34557
192 	 0.24619	 0.24849	 0.25603	 0.27296	 0.30031	 0.33133	 0.35616	 0.37297	 0.38561	 0.39460	 0.39741	 0.39175	 0.38191	 0.37276	 0.36527	 0.35979	 0.35665	 0.35439	 0.35303	 0.35346	 0.35637	 0.36491	 0.37997	 0.39929	 0.42026	 0.44111	 0.46122	 0.48429	 0.52108	 0.57610	 0.63673	 0.68846	 0.72345	 0.74207	 0.74972	 0.75213	 0.75103	 0.74501	 0.73420	 0.72228	 0.70937	 0.69570	 0.68458	 0.67514	 0.66669	 0.65910	 0.65116	 0.64531	 0.63835	 0.62947	 0.61859	 0.60830	 0.59861	 0.59035	 0.58449	 0.57929	 0.57641	 0.57591	 0.57720	 0.57730	 0.57265	 0.55767	 0.53227	 0.50080	 0.46870	 0.43917	 0.41285	 0.38967	 0.37142	 0.35542	 0.34249
201 	 0.25789	 0.25961	 0.26704	 0.28473	 0.31410	 0.34930	 0.37969	 0.40175	 0.41906	 0.43151	 0.43565	 0.42883	 0.41590	 0.40361	 0.39394	 0.38738	 0.38358	 0.38055	 0.37791	 0.37667	 0.37807	 0.38565	 0.40063	 0.42121	 0.44476	 0.46886	 0.49191	 0.51593	 0.55015	 0.60006	 0.65637	 0.70707	 0.74367	 0.76426	 0.77341	 0.77702	 0.77735	 0.77367	 0.76583	 0.75708	 0.74736	 0.73675	 0.72848	 0.72181	 0.71601	 0.71076	 0.70501	 0.70101	 0.69534	 0.68734	 0.67684	 0.66642	 0.65638	 0.64773	 0.64147	 0.63587	 0.63269	 0.63225	 0.63379	 0.63347	 0.62569	 0.60500	 0.57247	 0.53476	 0.49675	 0.46328	 0.43402	 0.40851	 0.38849	 0.37169	 0.35766
202 	 0.26532	 0.26707	 0.27493	 0.29352	 0.32456	 0.36174	 0.39392	 0.41746	 0.43589	 0.44906	 0.45321	 0.44583	 0.43243	 0.41970	 0.40968	 0.40293	 0.39907	 0.39598	 0.39326	 0.39198	 0.39356	 0.40167	 0.41764	 0.43953	 0.46483	 0.49074	 0.51552	 0.54124	 0.57761	 0.63116	 0.69199	 0.74716	 0.78744	 0.81041	 0.82090	 0.82529	 0.82597	 0.82242	 0.81453	 0.80541	 0.79532	 0.78426	 0.77551	 0.76835	 0.76198	 0.75617	 0.75002	 0.74544	 0.73937	 0.73071	 0.71919	 0.70767	 0.69657	 0.68683	 0.67944	 0.67303	 0.66920	 0.66845	 0.66990	 0.66918	 0.65891	 0.63451	 0.59821	 0.55659	 0.51581	 0.47903	 0.44789	 0.42097	 0.39996	 0.38148	 0.36782
211 	 0.24531	 0.24683	 0.25338	 0.26879	 0.29452	 0.32520	 0.35112	 0.36946	 0.38384	 0.39431	 0.39788	 0.39195	 0.38109	 0.37081	 0.36264	 0.35680	 0.35343	 0.35063	 0.34834	 0.34756	 0.34913	 0.35623	 0.37001	 0.38854	 0.40925	 0.43043	 0.45068	 0.47247	 0.50499	 0.55341	 0.60800	 0.65633	 0.69031	 0.70917	 0.71724	 0.72011	 0.71993	 0.71578	 0.70749	 0.69811	 0.68788	 0.67673	 0.66800	 0.66098	 0.65479	 0.64934	 0.64335	 0.63906	 0.63339	 0.62551	 0.61518	 0.60522	 0.59558	 0.58726	 0.58134	 0.57589	 0.57258	 0.57182	 0.57323	 0.57424	 0.57022	 0.55548	 0.53021	 0.49931	 0.46768	 0.43814	 0.41271	 0.38998	 0.37161	 0.35593	 0.34325
212 	 0.22828	 0.22963	 0.23609	 0.25137	 0.27718	 0.30806	 0.33438	 0.35324	 0.36805	 0.37892	 0.38266	 0.37657	 0.36530	 0.35462	 0.34616	 0.34019	 0.33678	 0.33390	 0.33146	 0.33072	 0.33229	 0.33948	 0.35361	 0.37275	 0.39446	 0.41668	 0.43802	 0.46092	 0.49517	 0.54628	 0.60457	 0.65690	 0.69433	 0.71542	 0.72489	 0.72854	 0.72871	 0.72460	 0.71601	 0.70620	 0.69533	 0.68367	 0.67457	 0.66731	 0.66090	 0.65511	 0.64892	 0.64431	 0.63813	 0.62961	 0.61851	 0.60773	 0.59705	 0.58779	 0.58105	 0.57500	 0.57108	 0.57016	 0.57211	 0.57363	 0.56902	 0.55252	 0.52535	 0.49275	 0.45923	 0.42879	 0.40184	 0.37875	 0.35981	 0.34281	 0.33012
221 	 0.24915	 0.25043	 0.25736	 0.27424	 0.30255	 0.33690	 0.36695	 0.38876	 0.40620	 0.41920	 0.42383	 0.41720	 0.40389	 0.39085	 0.38079	 0.37392	 0.37001	 0.36673	 0.36381	 0.36220	 0.36301	 0.36988	 0.38410	 0.40387	 0.42696	 0.45100	 0.47410	 0.49796	 0.53130	 0.58034	 0.63680	 0.68960	 0.72950	 0.75296	 0.76400	 0.76869	 0.76947	 0.76638	 0.75892	 0.75019	 0.74064	 0.72990	 0.72166	 0.71499	 0.70918	 0.70394	 0.69821	 0.69398	 0.68824	 0.67980	 0.66853	 0.65725	 0.64637	 0.63709	 0.63007	 0.62386	 0.62009	 0.61954	 0.62159	 0.62214	 0.61462	 0.59349	 0.56064	 0.52231	 0.48418	 0.45042	 0.42135	 0.39633	 0.37657	 0.35979	 0.34657
222 	 0.25038	 0.25160	 0.25848	 0.27535	 0.30353	 0.33777	 0.36776	 0.38978	 0.40717	 0.41999	 0.42460	 0.41791	 0.40483	 0.39212	 0.38210	 0.37534	 0.37142	 0.36817	 0.36526	 0.36361	 0.36445	 0.37141	 0.38574	 0.40575	 0.42910	 0.45342	 0.47678	 0.50080	 0.53438	 0.58410	 0.64162	 0.69556	 0.73630	 0.76024	 0.77155	 0.77626	 0.77710	 0.77386	 0.76607	 0.75704	 0.74702	 0.73605	 0.72734	 0.72034	 0.71427	 0.70887	 0.70308	 0.69873	 0.69284	 0.68426	 0.67267	 0.66116	 0.65020	 0.64078	 0.63369	 0.62743	 0.62385	 0.62346	 0.62562	 0.62615	 0.61871	 0.59768	 0.56491	 0.52650	 0.48813	 0.45429	 0.42509	 0.39945	 0.37940	 0.36297	 0.35012
231 	 0.24731	 0.24897	 0.25615	 0.27313	 0.30148	 0.33506	 0.36367	 0.38417	 0.40030	 0.41174	 0.41538	 0.40868	 0.39653	 0.38500	 0.37584	 0.36950	 0.36592	 0.36312	 0.36070	 0.35993	 0.36171	 0.36944	 0.38442	 0.40476	 0.42786	 0.45148	 0.47415	 0.49832	 0.53389	 0.58674	 0.64682	 0.70079	 0.73963	 0.76161	 0.77153	 0.77537	 0.77569	 0.77164	 0.76314	 0.75341	 0.74264	 0.73092	 0.72139	 0.71355	 0.70676	 0.70067	 0.69420	 0.68929	 0.68278	 0.67385	 0.66237	 0.65107	 0.64014	 0.63066	 0.62367	 0.61755	 0.61408	 0.61372	 0.61585	 0.61644	 0.60934	 0.58932	 0.55793	 0.52126	 0.48449	 0.45137	 0.42285	 0.39838	 0.37766	 0.36137	 0.34755
232 	 0.24767	 0.24914	 0.25617	 0.27266	 0.30000	 0.33248	 0.36036	 0.38010	 0.39565	 0.40706	 0.41100	 0.40459	 0.39236	 0.38057	 0.37123	 0.36487	 0.36122	 0.35831	 0.35581	 0.35493	 0.35635	 0.36355	 0.37778	 0.39708	 0.41910	 0.44177	 0.46357	 0.48667	 0.52056	 0.57083	 0.62813	 0.68039	 0.71854	 0.74022	 0.75005	 0.75378	 0.75402	 0.75013	 0.74175	 0.73211	 0.72141	 0.70975	 0.70058	 0.69307	 0.68647	 0.68067	 0.67448	 0.66971	 0.66350	 0.65501	 0.64374	 0.63270	 0.62231	 0.61338	 0.60675	 0.60107	 0.59808	 0.59783	 0.60017	 0.60118	 0.59562	 0.57779	 0.54861	 0.51327	 0.47814	 0.44647	 0.41880	 0.39521	 0.37564	 0.36007	 0.34669
241 	 0.19585	 0.19626	 0.20174	 0.21527	 0.23776	 0.26489	 0.28968	 0.30855	 0.32390	 0.33519	 0.33900	 0.33273	 0.32106	 0.30989	 0.30095	 0.29491	 0.29157	 0.28843	 0.28533	 0.28328	 0.28298	 0.28777	 0.29919	 0.31575	 0.33575	 0.35757	 0.37876	 0.40002	 0.42983	 0.47482	 0.52947	 0.58422	 0.62866	 0.65683	 0.67129	 0.67785	 0.67980	 0.67729	 0.67004	 0.66155	 0.65175	 0.64072	 0.63199	 0.62520	 0.61947	 0.61463	 0.60930	 0.60520	 0.59903	 0.58993	 0.57750	 0.56515	 0.55337	 0.54318	 0.53564	 0.52920	 0.52598	 0.52658	 0.53043	 0.53360	 0.52939	 0.51255	 0.48548	 0.45222	 0.41901	 0.38893	 0.36265	 0.33952	 0.32064	 0.30608	 0.29332
242 	 0.18517	 0.18566	 0.19107	 0.20449	 0.22673	 0.25370	 0.27820	 0.29690	 0.31218	 0.32352	 0.32743	 0.32125	 0.30953	 0.29824	 0.28920	 0.28301	 0.27959	 0.27640	 0.27328	 0.27124	 0.27094	 0.27574	 0.28705	 0.30350	 0.32349	 0.34536	 0.36657	 0.38777	 0.41760	 0.46260	 0.51735	 0.57222	 0.61678	 0.64491	 0.65929	 0.66582	 0.66781	 0.66530	 0.65811	 0.64957	 0.63974	 0.62872	 0.62004	 0.61337	 0.60767	 0.60276	 0.59744	 0.59333	 0.58723	 0.57817	 0.56592	 0.55360	 0.54187	 0.53176	 0.52425	 0.51798	 0.51474	 0.51526	 0.51917	 0.52240	 0.51827	 0.50143	 0.47429	 0.44137	 0.40822	 0.37842	 0.35175	 0.32935	 0.31096	 0.29525	 0.28276
251 	 0.27087	 0.27254	 0.28002	 0.29762	 0.32672	 0.36081	 0.38935	 0.40944	 0.42510	 0.43635	 0.43988	 0.43308	 0.42094	 0.40949	 0.40023	 0.39380	 0.39014	 0.38732	 0.38512	 0.38460	 0.38664	 0.39468	 0.40989	 0.43013	 0.45292	 0.47612	 0.49848	 0.52254	 0.55817	 0.61113	 0.67067	 0.72370	 0.76142	 0.78251	 0.79193	 0.79536	 0.79525	 0.79114	 0.78236	 0.77235	 0.76133	 0.74925	 0.73946	 0.73144	 0.72432	 0.71788	 0.71101	 0.70592	 0.69940	 0.69061	 0.67920	 0.66792	 0.65730	 0.64825	 0.64139	 0.63547	 0.63215	 0.63186	 0.63379	 0.63419	 0.62752	 0.60842	 0.57812	 0.54209	 0.50581	 0.47301	 0.44494	 0.42037	 0.40008	 0.38349	 0.37064
252 	 0.27418	 0.27600	 0.28357	 0.30146	 0.33118	 0.36611	 0.39536	 0.41604	 0.43212	 0.44368	 0.44725	 0.44025	 0.42792	 0.41631	 0.40704	 0.40057	 0.39698	 0.39408	 0.39167	 0.39108	 0.39322	 0.40147	 0.41701	 0.43793	 0.46141	 0.48527	 0.50823	 0.53276	 0.56880	 0.62180	 0.68073	 0.73213	 0.76787	 0.78730	 0.79563	 0.79853	 0.79826	 0.79420	 0.78592	 0.77647	 0.76607	 0.75469	 0.74564	 0.73823	 0.73162	 0.72560	 0.71912	 0.71425	 0.70810	 0.69973	 0.68868	 0.67787	 0.66748	 0.65842	 0.65164	 0.64559	 0.64199	 0.64131	 0.64290	 0.64302	 0.63585	 0.61606	 0.58508	 0.54821	 0.51207	 0.47875	 0.45032	 0.42532	 0.40519	 0.38892	 0.37575
261 	 0.19249	 0.19337	 0.19914	 0.21316	 0.23644	 0.26437	 0.28926	 0.30804	 0.32320	 0.33407	 0.33754	 0.33101	 0.31949	 0.30874	 0.30000	 0.29404	 0.29073	 0.28783	 0.28501	 0.28353	 0.28399	 0.28968	 0.30207	 0.31961	 0.34051	 0.36285	 0.38456	 0.40706	 0.43956	 0.48915	 0.54905	 0.60764	 0.65398	 0.68260	 0.69715	 0.70365	 0.70553	 0.70245	 0.69434	 0.68473	 0.67388	 0.66187	 0.65208	 0.64424	 0.63754	 0.63163	 0.62538	 0.62048	 0.61356	 0.60364	 0.59056	 0.57761	 0.56514	 0.55428	 0.54606	 0.53918	 0.53548	 0.53578	 0.53957	 0.54244	 0.53710	 0.51877	 0.48996	 0.45542	 0.42161	 0.38992	 0.36277	 0.33934	 0.32024	 0.30453	 0.29159
262 	 0.20244	 0.20316	 0.20868	 0.22213	 0.24434	 0.27078	 0.29414	 0.31146	 0.32530	 0.33543	 0.33866	 0.33260	 0.32177	 0.31156	 0.30325	 0.29741	 0.29419	 0.29130	 0.28858	 0.28714	 0.28743	 0.29262	 0.30423	 0.32050	 0.33966	 0.36021	 0.38005	 0.40054	 0.43046	 0.47572	 0.52911	 0.57983	 0.61867	 0.64206	 0.65334	 0.65802	 0.65898	 0.65585	 0.64831	 0.63963	 0.62982	 0.61901	 0.61043	 0.60371	 0.59796	 0.59289	 0.58729	 0.58314	 0.57724	 0.56875	 0.55735	 0.54610	 0.53542	 0.52629	 0.51958	 0.51369	 0.51053	 0.51082	 0.51427	 0.51738	 0.51470	 0.50085	 0.47744	 0.44794	 0.41795	 0.39025	 0.36576	 0.34402	 0.32748	 0.31285	 0.30080
271 	 0.24029	 0.24126	 0.24783	 0.26397	 0.29103	 0.32375	 0.35263	 0.37407	 0.39131	 0.40408	 0.40851	 0.40188	 0.38927	 0.37696	 0.36714	 0.36053	 0.35669	 0.35333	 0.35015	 0.34835	 0.34885	 0.35512	 0.36877	 0.38801	 0.41067	 0.43467	 0.45769	 0.48088	 0.51300	 0.56079	 0.61716	 0.67142	 0.71363	 0.73907	 0.75144	 0.75667	 0.75778	 0.75481	 0.74737	 0.73867	 0.72884	 0.71792	 0.70949	 0.70283	 0.69718	 0.69232	 0.68680	 0.68251	 0.67651	 0.66781	 0.65595	 0.64412	 0.63281	 0.62305	 0.61549	 0.60899	 0.60540	 0.60483	 0.60697	 0.60773	 0.60041	 0.57986	 0.54800	 0.51067	 0.47362	 0.44059	 0.41195	 0.38713	 0.36756	 0.35086	 0.33869
272 	 0.22812	 0.22892	 0.23513	 0.25034	 0.27572	 0.30652	 0.33366	 0.35343	 0.36938	 0.38144	 0.38596	 0.37973	 0.36731	 0.35513	 0.34549	 0.33898	 0.33529	 0.33197	 0.32886	 0.32716	 0.32748	 0.33309	 0.34560	 0.36324	 0.38406	 0.40626	 0.42769	 0.44947	 0.47991	 0.52499	 0.57795	 0.62900	 0.66888	 0.69317	 0.70506	 0.71010	 0.71121	 0.70822	 0.70087	 0.69221	 0.68252	 0.67185	 0.66362	 0.65729	 0.65194	 0.64714	 0.64183	 0.63778	 0.63210	 0.62384	 0.61265	 0.60165	 0.59097	 0.58183	 0.57507	 0.56919	 0.56609	 0.56593	 0.56867	 0.57095	 0.56645	 0.54943	 0.52084	 0.48611	 0.45179	 0.42099	 0.39380	 0.37026	 0.35188	 0.33676	 0.32381
281 	 0.18822	 0.18873	 0.19417	 0.20755	 0.22971	 0.25639	 0.28020	 0.29793	 0.31225	 0.32284	 0.32653	 0.32054	 0.30921	 0.29832	 0.28968	 0.28370	 0.28031	 0.27724	 0.27438	 0.27279	 0.27295	 0.27813	 0.28973	 0.30615	 0.32567	 0.34677	 0.36725	 0.38827	 0.41859	 0.46465	 0.51995	 0.57410	 0.61691	 0.64335	 0.65665	 0.66254	 0.66404	 0.66095	 0.65322	 0.64408	 0.63377	 0.62239	 0.61325	 0.60616	 0.60014	 0.59494	 0.58918	 0.58486	 0.57864	 0.56967	 0.55768	 0.54574	 0.53438	 0.52469	 0.51741	 0.51125	 0.50813	 0.50860	 0.51212	 0.51505	 0.51156	 0.49584	 0.47038	 0.43864	 0.40647	 0.37771	 0.35207	 0.33043	 0.31172	 0.29704	 0.28493
282 	 0.18086	 0.18140	 0.18650	 0.19896	 0.21945	 0.24402	 0.26594	 0.28210	 0.29511	 0.30489	 0.30834	 0.30272	 0.29208	 0.28192	 0.27379	 0.26812	 0.26497	 0.26208	 0.25934	 0.25784	 0.25784	 0.26253	 0.27333	 0.28843	 0.30645	 0.32596	 0.34490	 0.36439	 0.39301	 0.43662	 0.48889	 0.53975	 0.57962	 0.60409	 0.61610	 0.62120	 0.62228	 0.61915	 0.61145	 0.60255	 0.59258	 0.58159	 0.57281	 0.56599	 0.56018	 0.55514	 0.54967	 0.54561	 0.53969	 0.53123	 0.51979	 0.50852	 0.49802	 0.48911	 0.48265	 0.47720	 0.47454	 0.47521	 0.47911	 0.48265	 0.48110	 0.46866	 0.44667	 0.41830	 0.38960	 0.36310	 0.33906	 0.31874	 0.30253	 0.28817	 0.27703
291 	 0.20144	 0.20219	 0.20785	 0.22164	 0.24468	 0.27196	 0.29585	 0.31338	 0.32722	 0.33730	 0.34057	 0.33430	 0.32325	 0.31292	 0.30453	 0.29875	 0.29547	 0.29252	 0.28990	 0.28864	 0.28939	 0.29513	 0.30737	 0.32434	 0.34407	 0.36502	 0.38528	 0.40642	 0.43770	 0.48498	 0.54066	 0.59325	 0.63308	 0.65687	 0.66832	 0.67308	 0.67388	 0.67051	 0.66259	 0.65336	 0.64300	 0.63167	 0.62265	 0.61556	 0.60933	 0.60377	 0.59785	 0.59328	 0.58705	 0.57834	 0.56667	 0.55517	 0.54421	 0.53480	 0.52776	 0.52160	 0.51829	 0.51838	 0.52156	 0.52429	 0.52107	 0.50661	 0.48212	 0.45162	 0.42042	 0.39236	 0.36742	 0.34590	 0.32744	 0.31335	 0.30096
292 	 0.20504	 0.20582	 0.21148	 0.22559	 0.24929	 0.27794	 0.30327	 0.32225	 0.33753	 0.34864	 0.35217	 0.34538	 0.33345	 0.32223	 0.31331	 0.30724	 0.30380	 0.30077	 0.29803	 0.29673	 0.29750	 0.30372	 0.31693	 0.33524	 0.35695	 0.38004	 0.40251	 0.42599	 0.46031	 0.51266	 0.57529	 0.63577	 0.68273	 0.71104	 0.72518	 0.73135	 0.73273	 0.72942	 0.72109	 0.71110	 0.69979	 0.68736	 0.67721	 0.66907	 0.66208	 0.65594	 0.64949	 0.64427	 0.63707	 0.62705	 0.61365	 0.60029	 0.58767	 0.57674	 0.56818	 0.56089	 0.55697	 0.55694	 0.56048	 0.56348	 0.55867	 0.54061	 0.51199	 0.47741	 0.44308	 0.41142	 0.38389	 0.35988	 0.34028	 0.32415	 0.31097
301 	 0.24032	 0.24076	 0.24590	 0.25902	 0.28133	 0.30801	 0.33028	 0.34592	 0.35818	 0.36707	 0.36982	 0.36367	 0.35328	 0.34369	 0.33570	 0.33003	 0.32671	 0.32386	 0.32149	 0.32082	 0.32214	 0.32858	 0.34138	 0.35850	 0.37773	 0.39756	 0.41671	 0.43755	 0.46963	 0.51773	 0.57199	 0.61981	 0.65296	 0.67086	 0.67833	 0.68067	 0.67999	 0.67564	 0.66709	 0.65747	 0.64690	 0.63556	 0.62664	 0.61950	 0.61329	 0.60776	 0.60178	 0.59730	 0.59151	 0.58376	 0.57343	 0.56359	 0.55431	 0.54634	 0.54056	 0.53540	 0.53251	 0.53247	 0.53520	 0.53810	 0.53811	 0.52900	 0.51014	 0.48466	 0.45774	 0.43261	 0.41074	 0.39073	 0.37384	 0.36032	 0.34880
302 	 0.22113	 0.22150	 0.22660	 0.23964	 0.26189	 0.28811	 0.31006	 0.32551	 0.33750	 0.34633	 0.34914	 0.34316	 0.33274	 0.32313	 0.31525	 0.30959	 0.30633	 0.30347	 0.30112	 0.30041	 0.30163	 0.30775	 0.32018	 0.33686	 0.35546	 0.37462	 0.39314	 0.41329	 0.44431	 0.49086	 0.54337	 0.58967	 0.62192	 0.63964	 0.64714	 0.64952	 0.64906	 0.64492	 0.63663	 0.62724	 0.61696	 0.60589	 0.59722	 0.59036	 0.58428	 0.57885	 0.57300	 0.56868	 0.56302	 0.55539	 0.54525	 0.53550	 0.52631	 0.51851	 0.51281	 0.50772	 0.50472	 0.50449	 0.50696	 0.50977	 0.50994	 0.50094	 0.48285	 0.45826	 0.43289	 0.40838	 0.38738	 0.36836	 0.35253	 0.33868	 0.32771
311 	 0.28761	 0.28993	 0.29808	 0.31691	 0.34804	 0.38370	 0.41205	 0.43137	 0.44625	 0.45693	 0.46030	 0.45362	 0.44220	 0.43164	 0.42309	 0.41704	 0.41373	 0.41130	 0.40981	 0.41042	 0.41397	 0.42357	 0.44043	 0.46217	 0.48544	 0.50856	 0.53107	 0.55656	 0.59580	 0.65322	 0.71501	 0.76641	 0.80049	 0.81837	 0.82574	 0.82802	 0.82701	 0.82166	 0.81180	 0.80063	 0.78853	 0.77543	 0.76459	 0.75559	 0.74759	 0.74022	 0.73249	 0.72654	 0.71958	 0.71084	 0.69994	 0.68948	 0.67942	 0.67067	 0.66408	 0.65807	 0.65444	 0.65340	 0.65460	 0.65470	 0.64837	 0.63001	 0.60001	 0.56414	 0.52772	 0.49495	 0.46663	 0.44116	 0.42101	 0.40367	 0.39004
312 	 0.27679	 0.27906	 0.28706	 0.30531	 0.33518	 0.36889	 0.39544	 0.41323	 0.42679	 0.43652	 0.43965	 0.43348	 0.42278	 0.41294	 0.40485	 0.39909	 0.39593	 0.39364	 0.39219	 0.39280	 0.39606	 0.40515	 0.42099	 0.44124	 0.46288	 0.48428	 0.50508	 0.52880	 0.56572	 0.61991	 0.67819	 0.72672	 0.75896	 0.77576	 0.78246	 0.78416	 0.78275	 0.77737	 0.76736	 0.75617	 0.74417	 0.73125	 0.72061	 0.71185	 0.70394	 0.69677	 0.68917	 0.68362	 0.67712	 0.66888	 0.65845	 0.64855	 0.63922	 0.63139	 0.62562	 0.62027	 0.61734	 0.61673	 0.61806	 0.61833	 0.61359	 0.59788	 0.57125	 0.53830	 0.50447	 0.47408	 0.44751	 0.42355	 0.40466	 0.38869	 0.37599
