11 	 0.29497	 0.29512	 0.29970	 0.31259	 0.33594	 0.36601	 0.39180	 0.41108	 0.42590	 0.43700	 0.44037	 0.43364	 0.42115	 0.40964	 0.40029	 0.39391	 0.39001	 0.38626	 0.38337	 0.38164	 0.38262	 0.38893	 0.40083	 0.41771	 0.43794	 0.45936	 0.47881	 0.49866	 0.52687	 0.56836	 0.61407	 0.65381	 0.68323	 0.69971	 0.70662	 0.70850	 0.70907	 0.70634	 0.70032	 0.69338	 0.68614	 0.67834	 0.67157	 0.66698	 0.66276	 0.65904	 0.65536	 0.65165	 0.64634	 0.64036	 0.63276	 0.62458	 0.61621	 0.60830	 0.60242	 0.59828	 0.59577	 0.59604	 0.60042	 0.60430	 0.60235	 0.59091	 0.56969	 0.54317	 0.51513	 0.48973	 0.46744	 0.44686	 0.42945	 0.41560	 0.40383
21 	 0.23741	 0.23733	 0.24140	 0.25343	 0.27538	 0.30353	 0.32819	 0.34672	 0.36133	 0.37257	 0.37602	 0.36931	 0.35681	 0.34517	 0.33579	 0.32943	 0.32556	 0.32187	 0.31895	 0.31719	 0.31787	 0.32369	 0.33496	 0.35128	 0.37124	 0.39276	 0.41245	 0.43253	 0.46120	 0.50365	 0.55170	 0.59504	 0.62849	 0.64818	 0.65702	 0.65977	 0.66079	 0.65807	 0.65177	 0.64440	 0.63670	 0.62832	 0.62110	 0.61606	 0.61170	 0.60771	 0.60399	 0.60016	 0.59416	 0.58736	 0.57887	 0.56981	 0.56032	 0.55155	 0.54528	 0.54086	 0.53822	 0.53909	 0.54412	 0.54853	 0.54636	 0.53364	 0.51212	 0.48529	 0.45787	 0.43199	 0.41011	 0.38997	 0.37203	 0.35808	 0.34667
22 	 0.26149	 0.26171	 0.26637	 0.27959	 0.30334	 0.33360	 0.35984	 0.37940	 0.39493	 0.40662	 0.41033	 0.40358	 0.39082	 0.37902	 0.36950	 0.36307	 0.35926	 0.35561	 0.35260	 0.35079	 0.35161	 0.35788	 0.36991	 0.38721	 0.40816	 0.43071	 0.45120	 0.47193	 0.50127	 0.54470	 0.59396	 0.63857	 0.67309	 0.69335	 0.70231	 0.70495	 0.70594	 0.70313	 0.69667	 0.68910	 0.68115	 0.67259	 0.66515	 0.66004	 0.65552	 0.65154	 0.64763	 0.64372	 0.63771	 0.63076	 0.62197	 0.61255	 0.60279	 0.59379	 0.58735	 0.58289	 0.58013	 0.58078	 0.58579	 0.58968	 0.58634	 0.57163	 0.54766	 0.51804	 0.48754	 0.46029	 0.43585	 0.41489	 0.39615	 0.38089	 0.36907
31 	 0.22704	 0.22748	 0.23253	 0.24635	 0.27046	 0.30091	 0.32786	 0.34853	 0.36524	 0.37804	 0.38265	 0.37659	 0.36360	 0.35130	 0.34148	 0.33495	 0.33101	 0.32729	 0.32410	 0.32183	 0.32197	 0.32746	 0.33852	 0.35514	 0.37592	 0.39892	 0.41979	 0.44025	 0.46798	 0.50841	 0.55526	 0.59988	 0.63653	 0.65946	 0.67028	 0.67412	 0.67560	 0.67324	 0.66740	 0.66039	 0.65291	 0.64470	 0.63773	 0.63302	 0.62910	 0.62555	 0.62212	 0.61854	 0.61243	 0.60550	 0.59666	 0.58724	 0.57721	 0.56789	 0.56112	 0.55644	 0.55368	 0.55445	 0.55951	 0.56311	 0.55798	 0.54034	 0.51295	 0.48104	 0.44825	 0.41912	 0.39358	 0.37096	 0.35272	 0.33720	 0.32589
32 	 0.22664	 0.22706	 0.23200	 0.24560	 0.26920	 0.29903	 0.32551	 0.34599	 0.36248	 0.37491	 0.37912	 0.37291	 0.36041	 0.34866	 0.33924	 0.33304	 0.32932	 0.32564	 0.32253	 0.32021	 0.32031	 0.32565	 0.33661	 0.35302	 0.37359	 0.39618	 0.41675	 0.43693	 0.46437	 0.50493	 0.55206	 0.59711	 0.63408	 0.65723	 0.66829	 0.67223	 0.67379	 0.67165	 0.66584	 0.65894	 0.65153	 0.64334	 0.63633	 0.63143	 0.62742	 0.62376	 0.62028	 0.61667	 0.61055	 0.60339	 0.59433	 0.58464	 0.57440	 0.56484	 0.55793	 0.55305	 0.55010	 0.55078	 0.55554	 0.55879	 0.55322	 0.53516	 0.50807	 0.47630	 0.44384	 0.41514	 0.38906	 0.36723	 0.34916	 0.33432	 0.32162
41 	 0.27897	 0.28031	 0.28664	 0.30270	 0.33063	 0.36500	 0.39336	 0.41376	 0.42973	 0.44165	 0.44557	 0.43895	 0.42607	 0.41418	 0.40483	 0.39871	 0.39497	 0.39156	 0.38931	 0.38857	 0.39091	 0.39914	 0.41331	 0.43261	 0.45486	 0.47768	 0.49860	 0.52092	 0.55363	 0.60144	 0.65367	 0.69860	 0.73115	 0.74927	 0.75690	 0.75887	 0.75911	 0.75562	 0.74845	 0.74019	 0.73147	 0.72197	 0.71372	 0.70786	 0.70268	 0.69801	 0.69342	 0.68891	 0.68253	 0.67544	 0.66671	 0.65755	 0.64790	 0.63876	 0.63223	 0.62750	 0.62417	 0.62398	 0.62735	 0.62927	 0.62310	 0.60476	 0.57604	 0.54233	 0.50806	 0.47773	 0.45114	 0.42744	 0.40800	 0.39237	 0.37904
42 	 0.28164	 0.28301	 0.28921	 0.30525	 0.33328	 0.36780	 0.39617	 0.41685	 0.43285	 0.44501	 0.44903	 0.44229	 0.42950	 0.41768	 0.40835	 0.40218	 0.39852	 0.39516	 0.39290	 0.39212	 0.39440	 0.40270	 0.41699	 0.43653	 0.45909	 0.48230	 0.50347	 0.52613	 0.55911	 0.60733	 0.66016	 0.70539	 0.73814	 0.75641	 0.76401	 0.76601	 0.76631	 0.76286	 0.75558	 0.74709	 0.73843	 0.72910	 0.72106	 0.71531	 0.71018	 0.70550	 0.70096	 0.69649	 0.69005	 0.68299	 0.67421	 0.66492	 0.65523	 0.64593	 0.63914	 0.63416	 0.63048	 0.62980	 0.63323	 0.63545	 0.62924	 0.61055	 0.58170	 0.54770	 0.51311	 0.48266	 0.45591	 0.43149	 0.41194	 0.39621	 0.38325
51 	 0.24982	 0.25110	 0.25647	 0.26968	 0.29270	 0.32076	 0.34337	 0.35941	 0.37164	 0.38082	 0.38337	 0.37725	 0.36632	 0.35659	 0.34859	 0.34303	 0.33974	 0.33694	 0.33541	 0.33547	 0.33819	 0.34614	 0.35919	 0.37675	 0.39695	 0.41787	 0.43751	 0.46021	 0.49607	 0.55030	 0.61065	 0.66248	 0.69980	 0.72070	 0.72963	 0.73174	 0.73126	 0.72593	 0.71592	 0.70442	 0.69254	 0.68022	 0.66934	 0.66092	 0.65350	 0.64665	 0.64024	 0.63400	 0.62575	 0.61696	 0.60669	 0.59613	 0.58539	 0.57530	 0.56800	 0.56296	 0.55992	 0.56050	 0.56558	 0.57002	 0.56745	 0.55377	 0.53089	 0.50253	 0.47301	 0.44659	 0.42223	 0.40094	 0.38277	 0.36770	 0.35466
52 	 0.26295	 0.26413	 0.26914	 0.28116	 0.30186	 0.32708	 0.34700	 0.36077	 0.37111	 0.37905	 0.38121	 0.37571	 0.36587	 0.35706	 0.34978	 0.34460	 0.34146	 0.33869	 0.33734	 0.33739	 0.33976	 0.34681	 0.35839	 0.37392	 0.39157	 0.40982	 0.42692	 0.44696	 0.47934	 0.52844	 0.58206	 0.62724	 0.65935	 0.67681	 0.68377	 0.68493	 0.68407	 0.67885	 0.66936	 0.65861	 0.64746	 0.63588	 0.62581	 0.61811	 0.61115	 0.60482	 0.59880	 0.59324	 0.58575	 0.57811	 0.56908	 0.55987	 0.55035	 0.54145	 0.53554	 0.53152	 0.52905	 0.52979	 0.53455	 0.53909	 0.53881	 0.53050	 0.51302	 0.49046	 0.46589	 0.44366	 0.42447	 0.40580	 0.38986	 0.37635	 0.36608
61 	 0.22941	 0.23082	 0.23623	 0.24915	 0.27128	 0.29758	 0.31837	 0.33276	 0.34367	 0.35204	 0.35457	 0.34912	 0.33936	 0.33052	 0.32322	 0.31820	 0.31517	 0.31254	 0.31133	 0.31164	 0.31421	 0.32164	 0.33366	 0.34962	 0.36775	 0.38650	 0.40397	 0.42446	 0.45730	 0.50671	 0.56054	 0.60578	 0.63805	 0.65568	 0.66252	 0.66383	 0.66302	 0.65780	 0.64832	 0.63770	 0.62661	 0.61509	 0.60505	 0.59742	 0.59057	 0.58439	 0.57850	 0.57291	 0.56558	 0.55787	 0.54881	 0.53955	 0.53004	 0.52124	 0.51518	 0.51098	 0.50842	 0.50892	 0.51331	 0.51696	 0.51500	 0.50394	 0.48473	 0.45994	 0.43410	 0.41051	 0.38896	 0.36945	 0.35325	 0.33907	 0.32691
62 	 0.23301	 0.23440	 0.23981	 0.25272	 0.27479	 0.30084	 0.32118	 0.33512	 0.34554	 0.35351	 0.35583	 0.35040	 0.34082	 0.33218	 0.32501	 0.31998	 0.31695	 0.31437	 0.31331	 0.31374	 0.31659	 0.32412	 0.33628	 0.35219	 0.37003	 0.38846	 0.40560	 0.42618	 0.45970	 0.51017	 0.56492	 0.61032	 0.64233	 0.65968	 0.66636	 0.66752	 0.66648	 0.66092	 0.65102	 0.63981	 0.62822	 0.61619	 0.60571	 0.59764	 0.59032	 0.58354	 0.57720	 0.57130	 0.56365	 0.55586	 0.54691	 0.53777	 0.52828	 0.51964	 0.51358	 0.50944	 0.50697	 0.50742	 0.51161	 0.51514	 0.51334	 0.50271	 0.48416	 0.46005	 0.43453	 0.41221	 0.39074	 0.37226	 0.35586	 0.34270	 0.33118
71 	 0.24013	 0.24138	 0.24711	 0.26153	 0.28650	 0.31698	 0.34220	 0.36036	 0.37456	 0.38542	 0.38889	 0.38269	 0.37069	 0.35968	 0.35086	 0.34498	 0.34140	 0.33823	 0.33625	 0.33566	 0.33764	 0.34489	 0.35762	 0.37506	 0.39544	 0.41686	 0.43647	 0.45797	 0.49028	 0.53820	 0.59172	 0.63881	 0.67412	 0.69463	 0.70373	 0.70624	 0.70654	 0.70262	 0.69469	 0.68532	 0.67551	 0.66517	 0.65633	 0.64981	 0.64384	 0.63846	 0.63327	 0.62816	 0.62114	 0.61344	 0.60424	 0.59461	 0.58451	 0.57513	 0.56832	 0.56364	 0.56077	 0.56133	 0.56613	 0.56963	 0.56532	 0.54906	 0.52318	 0.49215	 0.46054	 0.43214	 0.40720	 0.38496	 0.36682	 0.35128	 0.33928
72 	 0.22041	 0.22155	 0.22690	 0.24053	 0.26410	 0.29289	 0.31683	 0.33405	 0.34738	 0.35765	 0.36094	 0.35515	 0.34391	 0.33347	 0.32508	 0.31952	 0.31613	 0.31302	 0.31106	 0.31034	 0.31198	 0.31885	 0.33058	 0.34679	 0.36579	 0.38590	 0.40431	 0.42435	 0.45465	 0.49981	 0.55039	 0.59510	 0.62895	 0.64869	 0.65723	 0.65965	 0.65993	 0.65618	 0.64846	 0.63957	 0.63016	 0.62014	 0.61148	 0.60528	 0.59978	 0.59482	 0.59002	 0.58526	 0.57846	 0.57118	 0.56228	 0.55308	 0.54345	 0.53437	 0.52812	 0.52385	 0.52129	 0.52189	 0.52632	 0.52960	 0.52542	 0.51046	 0.48680	 0.45815	 0.42882	 0.40223	 0.37834	 0.35767	 0.34067	 0.32609	 0.31390
81 	 0.27647	 0.27836	 0.28489	 0.30057	 0.32764	 0.36026	 0.38636	 0.40474	 0.41887	 0.42942	 0.43263	 0.42627	 0.41473	 0.40419	 0.39573	 0.39008	 0.38668	 0.38376	 0.38217	 0.38222	 0.38524	 0.39391	 0.40806	 0.42687	 0.44803	 0.46954	 0.48941	 0.51162	 0.54560	 0.59551	 0.64930	 0.69403	 0.72554	 0.74277	 0.74965	 0.75108	 0.75066	 0.74621	 0.73782	 0.72816	 0.71817	 0.70755	 0.69842	 0.69159	 0.68545	 0.67969	 0.67426	 0.66906	 0.66212	 0.65482	 0.64616	 0.63714	 0.62765	 0.61875	 0.61237	 0.60796	 0.60498	 0.60492	 0.60846	 0.61064	 0.60544	 0.58932	 0.56249	 0.53127	 0.49933	 0.47004	 0.44564	 0.42247	 0.40385	 0.38845	 0.37510
82 	 0.27864	 0.28064	 0.28732	 0.30356	 0.33180	 0.36546	 0.39226	 0.41098	 0.42517	 0.43600	 0.43942	 0.43300	 0.42114	 0.41015	 0.40133	 0.39547	 0.39195	 0.38896	 0.38734	 0.38742	 0.39063	 0.39964	 0.41414	 0.43332	 0.45483	 0.47670	 0.49682	 0.51951	 0.55421	 0.60509	 0.65991	 0.70532	 0.73708	 0.75435	 0.76113	 0.76252	 0.76205	 0.75749	 0.74896	 0.73908	 0.72892	 0.71808	 0.70858	 0.70161	 0.69524	 0.68931	 0.68378	 0.67843	 0.67120	 0.66367	 0.65486	 0.64574	 0.63621	 0.62716	 0.62079	 0.61628	 0.61319	 0.61309	 0.61671	 0.61916	 0.61364	 0.59653	 0.56938	 0.53681	 0.50387	 0.47451	 0.44786	 0.42507	 0.40602	 0.38995	 0.37785
91 	 0.26925	 0.27073	 0.27664	 0.29098	 0.31569	 0.34547	 0.36919	 0.38594	 0.39859	 0.40826	 0.41117	 0.40541	 0.39475	 0.38490	 0.37684	 0.37136	 0.36802	 0.36512	 0.36347	 0.36330	 0.36576	 0.37325	 0.38558	 0.40222	 0.42109	 0.44065	 0.45847	 0.47849	 0.50911	 0.55430	 0.60321	 0.64409	 0.67318	 0.68884	 0.69478	 0.69577	 0.69530	 0.69101	 0.68298	 0.67387	 0.66453	 0.65468	 0.64621	 0.64000	 0.63441	 0.62916	 0.62421	 0.61937	 0.61284	 0.60614	 0.59828	 0.59012	 0.58148	 0.57329	 0.56765	 0.56381	 0.56144	 0.56169	 0.56594	 0.56928	 0.56641	 0.55415	 0.53231	 0.50547	 0.47777	 0.45216	 0.43030	 0.40967	 0.39289	 0.37853	 0.36691
92 	 0.26571	 0.26719	 0.27328	 0.28822	 0.31408	 0.34514	 0.37002	 0.38743	 0.40069	 0.41069	 0.41375	 0.40780	 0.39659	 0.38632	 0.37794	 0.37227	 0.36884	 0.36579	 0.36401	 0.36368	 0.36627	 0.37407	 0.38698	 0.40432	 0.42393	 0.44414	 0.46260	 0.48293	 0.51396	 0.55964	 0.60905	 0.65045	 0.67998	 0.69595	 0.70208	 0.70312	 0.70260	 0.69831	 0.69020	 0.68109	 0.67169	 0.66179	 0.65321	 0.64703	 0.64142	 0.63626	 0.63133	 0.62661	 0.62011	 0.61337	 0.60538	 0.59717	 0.58844	 0.58027	 0.57458	 0.57081	 0.56829	 0.56859	 0.57230	 0.57493	 0.57133	 0.55768	 0.53516	 0.50697	 0.47795	 0.45168	 0.42811	 0.40786	 0.39046	 0.37635	 0.36471
101 	 0.26392	 0.26515	 0.27066	 0.28359	 0.30597	 0.33295	 0.35463	 0.36973	 0.38106	 0.38955	 0.39190	 0.38637	 0.37637	 0.36731	 0.35978	 0.35458	 0.35150	 0.34870	 0.34706	 0.34683	 0.34903	 0.35599	 0.36753	 0.38295	 0.40061	 0.41916	 0.43627	 0.45560	 0.48608	 0.53195	 0.58274	 0.62657	 0.65869	 0.67666	 0.68406	 0.68575	 0.68533	 0.68070	 0.67199	 0.66205	 0.65177	 0.64088	 0.63141	 0.62452	 0.61821	 0.61254	 0.60717	 0.60209	 0.59512	 0.58776	 0.57908	 0.57016	 0.56098	 0.55231	 0.54642	 0.54257	 0.54042	 0.54117	 0.54589	 0.55004	 0.54877	 0.53878	 0.51936	 0.49455	 0.46845	 0.44482	 0.42389	 0.40459	 0.38904	 0.37489	 0.36372
102 	 0.25341	 0.25434	 0.25907	 0.27109	 0.29192	 0.31739	 0.33788	 0.35228	 0.36310	 0.37127	 0.37345	 0.36789	 0.35823	 0.34939	 0.34207	 0.33692	 0.33377	 0.33079	 0.32917	 0.32885	 0.33077	 0.33730	 0.34824	 0.36301	 0.37991	 0.39754	 0.41384	 0.43231	 0.46154	 0.50552	 0.55366	 0.59427	 0.62342	 0.63938	 0.64566	 0.64705	 0.64666	 0.64237	 0.63427	 0.62509	 0.61551	 0.60544	 0.59680	 0.59038	 0.58462	 0.57929	 0.57421	 0.56944	 0.56287	 0.55604	 0.54809	 0.53978	 0.53111	 0.52302	 0.51734	 0.51362	 0.51133	 0.51202	 0.51667	 0.52104	 0.52056	 0.51217	 0.49555	 0.47411	 0.45067	 0.42946	 0.41029	 0.39249	 0.37785	 0.36459	 0.35458
111 	 0.22528	 0.22578	 0.23051	 0.24311	 0.26557	 0.29388	 0.31917	 0.33900	 0.35497	 0.36750	 0.37157	 0.36582	 0.35455	 0.34309	 0.33376	 0.32772	 0.32430	 0.32078	 0.31776	 0.31509	 0.31422	 0.31859	 0.32868	 0.34335	 0.36248	 0.38325	 0.40234	 0.42059	 0.44526	 0.48104	 0.52315	 0.56287	 0.59590	 0.61721	 0.62773	 0.63222	 0.63446	 0.63294	 0.62753	 0.62092	 0.61348	 0.60538	 0.59943	 0.59574	 0.59312	 0.59033	 0.58720	 0.58388	 0.57850	 0.57196	 0.56430	 0.55555	 0.54643	 0.53821	 0.53160	 0.52688	 0.52472	 0.52541	 0.52968	 0.53275	 0.52858	 0.51292	 0.48825	 0.45934	 0.42989	 0.40299	 0.37941	 0.35852	 0.34186	 0.32792	 0.31666
121 	 0.29100	 0.29367	 0.30055	 0.31621	 0.34212	 0.37197	 0.39448	 0.40977	 0.42151	 0.43075	 0.43343	 0.42828	 0.41920	 0.41067	 0.40339	 0.39856	 0.39592	 0.39383	 0.39315	 0.39415	 0.39766	 0.40646	 0.42040	 0.43720	 0.45590	 0.47405	 0.49128	 0.51206	 0.54590	 0.59494	 0.64565	 0.68401	 0.70939	 0.72315	 0.72857	 0.73006	 0.72964	 0.72451	 0.71477	 0.70366	 0.69188	 0.67985	 0.67030	 0.66311	 0.65701	 0.65073	 0.64456	 0.63885	 0.63213	 0.62542	 0.61824	 0.61071	 0.60296	 0.59600	 0.59040	 0.58623	 0.58375	 0.58322	 0.58543	 0.58685	 0.58368	 0.57103	 0.54931	 0.52249	 0.49444	 0.46904	 0.44679	 0.42655	 0.40955	 0.39548	 0.38477
122 	 0.30327	 0.30621	 0.31353	 0.33032	 0.35849	 0.39076	 0.41531	 0.43217	 0.44511	 0.45492	 0.45760	 0.45210	 0.44261	 0.43363	 0.42606	 0.42101	 0.41813	 0.41592	 0.41512	 0.41606	 0.41984	 0.42924	 0.44410	 0.46225	 0.48243	 0.50217	 0.52085	 0.54269	 0.57756	 0.62791	 0.68032	 0.72019	 0.74643	 0.76040	 0.76588	 0.76720	 0.76671	 0.76165	 0.75207	 0.74120	 0.72966	 0.71795	 0.70848	 0.70120	 0.69507	 0.68871	 0.68249	 0.67670	 0.66992	 0.66305	 0.65564	 0.64795	 0.63989	 0.63280	 0.62704	 0.62284	 0.62041	 0.62010	 0.62229	 0.62307	 0.61841	 0.60330	 0.57854	 0.54887	 0.51793	 0.49020	 0.46529	 0.44342	 0.42486	 0.40906	 0.39777
131 	 0.23245	 0.23356	 0.23874	 0.25255	 0.27710	 0.30793	 0.33487	 0.35562	 0.37230	 0.38525	 0.38936	 0.38313	 0.37117	 0.35940	 0.34971	 0.34349	 0.34000	 0.33635	 0.33334	 0.33128	 0.33154	 0.33760	 0.34990	 0.36728	 0.38912	 0.41247	 0.43434	 0.45583	 0.48594	 0.53068	 0.58410	 0.63428	 0.67476	 0.70048	 0.71305	 0.71809	 0.72015	 0.71758	 0.71029	 0.70143	 0.69168	 0.68157	 0.67353	 0.66813	 0.66401	 0.65987	 0.65549	 0.65086	 0.64417	 0.63613	 0.62646	 0.61591	 0.60508	 0.59528	 0.58727	 0.58175	 0.57906	 0.57948	 0.58380	 0.58629	 0.58003	 0.56055	 0.53045	 0.49652	 0.46229	 0.43104	 0.40397	 0.38052	 0.36093	 0.34496	 0.33236
132 	 0.23589	 0.23710	 0.24251	 0.25658	 0.28122	 0.31170	 0.33819	 0.35805	 0.37389	 0.38643	 0.39056	 0.38479	 0.37284	 0.36097	 0.35135	 0.34513	 0.34154	 0.33811	 0.33523	 0.33324	 0.33347	 0.33924	 0.35094	 0.36736	 0.38801	 0.41033	 0.43120	 0.45188	 0.48087	 0.52366	 0.57466	 0.62261	 0.66152	 0.68618	 0.69810	 0.70280	 0.70460	 0.70183	 0.69441	 0.68566	 0.67602	 0.66603	 0.65813	 0.65262	 0.64852	 0.64433	 0.63993	 0.63536	 0.62885	 0.62100	 0.61169	 0.60158	 0.59134	 0.58202	 0.57457	 0.56974	 0.56763	 0.56857	 0.57331	 0.57618	 0.57085	 0.55247	 0.52369	 0.49050	 0.45683	 0.42701	 0.39987	 0.37752	 0.35864	 0.34320	 0.33153
141 	 0.23901	 0.24031	 0.24572	 0.26042	 0.28639	 0.31860	 0.34658	 0.36796	 0.38513	 0.39821	 0.40216	 0.39576	 0.38319	 0.37118	 0.36139	 0.35507	 0.35141	 0.34797	 0.34496	 0.34306	 0.34356	 0.35006	 0.36282	 0.38070	 0.40305	 0.42708	 0.44945	 0.47156	 0.50249	 0.54812	 0.60246	 0.65272	 0.69273	 0.71783	 0.72991	 0.73478	 0.73662	 0.73398	 0.72677	 0.71810	 0.70845	 0.69839	 0.69020	 0.68453	 0.68005	 0.67564	 0.67107	 0.66630	 0.65972	 0.65145	 0.64149	 0.63074	 0.61961	 0.60957	 0.60144	 0.59581	 0.59288	 0.59312	 0.59794	 0.60074	 0.59405	 0.57358	 0.54211	 0.50715	 0.47166	 0.44044	 0.41218	 0.38840	 0.36818	 0.35191	 0.33846
142 	 0.22566	 0.22672	 0.23163	 0.24521	 0.26932	 0.29915	 0.32508	 0.34512	 0.36100	 0.37320	 0.37685	 0.37073	 0.35915	 0.34792	 0.33870	 0.33275	 0.32935	 0.32606	 0.32318	 0.32121	 0.32145	 0.32741	 0.33918	 0.35570	 0.37636	 0.39875	 0.41977	 0.44044	 0.46955	 0.51281	 0.56438	 0.61250	 0.65140	 0.67610	 0.68813	 0.69291	 0.69476	 0.69221	 0.68514	 0.67669	 0.66728	 0.65744	 0.64945	 0.64389	 0.63955	 0.63535	 0.63103	 0.62641	 0.61981	 0.61169	 0.60204	 0.59158	 0.58091	 0.57096	 0.56311	 0.55783	 0.55507	 0.55573	 0.56047	 0.56344	 0.55810	 0.53977	 0.51181	 0.47984	 0.44693	 0.41751	 0.39177	 0.36949	 0.35086	 0.33461	 0.32306
151 	 0.28200	 0.28473	 0.29188	 0.30907	 0.33883	 0.37396	 0.40218	 0.42219	 0.43748	 0.44916	 0.45262	 0.44618	 0.43419	 0.42326	 0.41431	 0.40842	 0.40507	 0.40234	 0.40072	 0.40097	 0.40452	 0.41427	 0.43030	 0.45072	 0.47399	 0.49745	 0.51969	 0.54427	 0.58179	 0.63668	 0.69654	 0.74515	 0.77864	 0.79714	 0.80484	 0.80693	 0.80669	 0.80201	 0.79252	 0.78178	 0.77049	 0.75889	 0.74909	 0.74176	 0.73532	 0.72891	 0.72259	 0.71659	 0.70938	 0.70114	 0.69189	 0.68235	 0.67261	 0.66339	 0.65599	 0.65082	 0.64778	 0.64710	 0.64981	 0.65060	 0.64302	 0.62232	 0.59067	 0.55488	 0.51876	 0.48700	 0.45778	 0.43383	 0.41323	 0.39597	 0.38335
152 	 0.27143	 0.27406	 0.28078	 0.29693	 0.32490	 0.35757	 0.38324	 0.40111	 0.41450	 0.42483	 0.42783	 0.42183	 0.41068	 0.40045	 0.39204	 0.38642	 0.38322	 0.38062	 0.37923	 0.37955	 0.38291	 0.39216	 0.40695	 0.42558	 0.44653	 0.46807	 0.48841	 0.51120	 0.54681	 0.59915	 0.65561	 0.70121	 0.73266	 0.74994	 0.75671	 0.75833	 0.75777	 0.75289	 0.74321	 0.73252	 0.72122	 0.70967	 0.69995	 0.69262	 0.68608	 0.67972	 0.67359	 0.66780	 0.66063	 0.65279	 0.64398	 0.63502	 0.62593	 0.61726	 0.61049	 0.60607	 0.60378	 0.60383	 0.60714	 0.60859	 0.60284	 0.58577	 0.55887	 0.52736	 0.49487	 0.46582	 0.44024	 0.41759	 0.39823	 0.38272	 0.37094
161 	 0.24163	 0.24353	 0.24860	 0.26148	 0.28421	 0.31149	 0.33361	 0.34928	 0.36090	 0.37019	 0.37292	 0.36756	 0.35741	 0.34810	 0.34027	 0.33502	 0.33193	 0.32932	 0.32768	 0.32747	 0.32963	 0.33694	 0.34935	 0.36545	 0.38406	 0.40405	 0.42306	 0.44409	 0.47753	 0.52853	 0.58700	 0.63798	 0.67579	 0.69781	 0.70745	 0.71021	 0.71010	 0.70513	 0.69480	 0.68306	 0.67069	 0.65815	 0.64736	 0.63927	 0.63228	 0.62560	 0.61910	 0.61301	 0.60522	 0.59647	 0.58654	 0.57646	 0.56623	 0.55658	 0.54930	 0.54465	 0.54250	 0.54324	 0.54805	 0.55176	 0.54923	 0.53568	 0.51374	 0.48580	 0.45685	 0.43156	 0.40771	 0.38681	 0.36896	 0.35437	 0.34228
162 	 0.24891	 0.25080	 0.25633	 0.27036	 0.29531	 0.32529	 0.34984	 0.36759	 0.38082	 0.39116	 0.39409	 0.38814	 0.37711	 0.36710	 0.35881	 0.35319	 0.34992	 0.34710	 0.34528	 0.34500	 0.34745	 0.35550	 0.36918	 0.38699	 0.40777	 0.42993	 0.45092	 0.47379	 0.50922	 0.56323	 0.62526	 0.67979	 0.72037	 0.74434	 0.75518	 0.75860	 0.75881	 0.75403	 0.74380	 0.73213	 0.71969	 0.70694	 0.69602	 0.68772	 0.68038	 0.67350	 0.66687	 0.66047	 0.65233	 0.64291	 0.63216	 0.62128	 0.61025	 0.59976	 0.59145	 0.58591	 0.58293	 0.58313	 0.58787	 0.59093	 0.58614	 0.56941	 0.54269	 0.51067	 0.47823	 0.44909	 0.42301	 0.40015	 0.38059	 0.36466	 0.35275
171 	 0.21124	 0.21253	 0.21719	 0.22966	 0.25177	 0.27868	 0.30171	 0.31902	 0.33237	 0.34284	 0.34610	 0.34054	 0.32987	 0.32001	 0.31182	 0.30630	 0.30311	 0.30022	 0.29795	 0.29681	 0.29785	 0.30423	 0.31565	 0.33110	 0.34987	 0.37050	 0.38995	 0.41009	 0.44023	 0.48631	 0.54062	 0.59046	 0.62969	 0.65391	 0.66545	 0.66961	 0.67066	 0.66732	 0.65904	 0.64940	 0.63906	 0.62839	 0.61934	 0.61278	 0.60725	 0.60202	 0.59688	 0.59183	 0.58470	 0.57636	 0.56651	 0.55622	 0.54573	 0.53582	 0.52808	 0.52308	 0.52065	 0.52123	 0.52639	 0.52985	 0.52561	 0.50983	 0.48529	 0.45580	 0.42602	 0.39867	 0.37422	 0.35291	 0.33480	 0.32041	 0.30748
172 	 0.20974	 0.21107	 0.21562	 0.22769	 0.24908	 0.27511	 0.29711	 0.31347	 0.32594	 0.33589	 0.33907	 0.33385	 0.32359	 0.31405	 0.30607	 0.30077	 0.29769	 0.29487	 0.29263	 0.29154	 0.29257	 0.29859	 0.30938	 0.32383	 0.34131	 0.36062	 0.37868	 0.39736	 0.42561	 0.46867	 0.51864	 0.56373	 0.59896	 0.62031	 0.63009	 0.63345	 0.63423	 0.63091	 0.62293	 0.61384	 0.60412	 0.59416	 0.58568	 0.57952	 0.57436	 0.56940	 0.56461	 0.56002	 0.55347	 0.54587	 0.53680	 0.52746	 0.51786	 0.50889	 0.50193	 0.49756	 0.49535	 0.49582	 0.50063	 0.50405	 0.50103	 0.48775	 0.46616	 0.43994	 0.41265	 0.38745	 0.36533	 0.34569	 0.32882	 0.31511	 0.30349
181 	 0.27878	 0.28059	 0.28614	 0.30041	 0.32603	 0.35689	 0.38178	 0.39977	 0.41334	 0.42401	 0.42722	 0.42121	 0.40981	 0.39949	 0.39108	 0.38553	 0.38235	 0.37951	 0.37761	 0.37727	 0.37971	 0.38799	 0.40175	 0.41936	 0.43948	 0.46060	 0.48038	 0.50197	 0.53505	 0.58418	 0.63808	 0.68304	 0.71508	 0.73316	 0.74064	 0.74266	 0.74263	 0.73851	 0.72990	 0.72037	 0.71016	 0.69971	 0.69089	 0.68439	 0.67856	 0.67293	 0.66751	 0.66251	 0.65578	 0.64817	 0.63931	 0.63020	 0.62103	 0.61223	 0.60523	 0.60055	 0.59763	 0.59730	 0.60106	 0.60398	 0.60049	 0.58625	 0.56217	 0.53252	 0.50246	 0.47446	 0.45029	 0.42849	 0.41034	 0.39515	 0.38399
182 	 0.26695	 0.26878	 0.27438	 0.28874	 0.31423	 0.34452	 0.36874	 0.38572	 0.39872	 0.40896	 0.41210	 0.40623	 0.39503	 0.38478	 0.37628	 0.37054	 0.36726	 0.36453	 0.36283	 0.36276	 0.36543	 0.37380	 0.38735	 0.40456	 0.42413	 0.44468	 0.46417	 0.48558	 0.51889	 0.56837	 0.62222	 0.66689	 0.69858	 0.71627	 0.72355	 0.72540	 0.72523	 0.72091	 0.71202	 0.70205	 0.69150	 0.68086	 0.67179	 0.66491	 0.65877	 0.65300	 0.64740	 0.64211	 0.63527	 0.62760	 0.61878	 0.60976	 0.60051	 0.59179	 0.58491	 0.58033	 0.57750	 0.57720	 0.58106	 0.58423	 0.58127	 0.56784	 0.54434	 0.51584	 0.48669	 0.45960	 0.43574	 0.41499	 0.39697	 0.38220	 0.37066
191 	 0.25161	 0.25415	 0.26050	 0.27614	 0.30286	 0.33367	 0.35779	 0.37478	 0.38725	 0.39680	 0.39935	 0.39356	 0.38353	 0.37451	 0.36686	 0.36167	 0.35882	 0.35659	 0.35552	 0.35610	 0.35949	 0.36891	 0.38346	 0.40168	 0.42220	 0.44337	 0.46354	 0.48655	 0.52353	 0.57940	 0.64060	 0.69104	 0.72637	 0.74621	 0.75451	 0.75661	 0.75602	 0.75049	 0.73973	 0.72757	 0.71477	 0.70171	 0.69033	 0.68144	 0.67335	 0.66573	 0.65861	 0.65197	 0.64394	 0.63518	 0.62535	 0.61532	 0.60535	 0.59588	 0.58851	 0.58362	 0.58095	 0.58088	 0.58447	 0.58603	 0.58006	 0.56283	 0.53652	 0.50544	 0.47345	 0.44418	 0.41915	 0.39615	 0.37772	 0.36153	 0.34969
192 	 0.25570	 0.25831	 0.26489	 0.28070	 0.30745	 0.33837	 0.36240	 0.37899	 0.39122	 0.40076	 0.40349	 0.39796	 0.38794	 0.37883	 0.37109	 0.36580	 0.36287	 0.36056	 0.35953	 0.36019	 0.36375	 0.37300	 0.38746	 0.40553	 0.42571	 0.44665	 0.46637	 0.48892	 0.52509	 0.57934	 0.63835	 0.68644	 0.71978	 0.73788	 0.74505	 0.74662	 0.74575	 0.74018	 0.72956	 0.71761	 0.70516	 0.69256	 0.68163	 0.67312	 0.66542	 0.65822	 0.65127	 0.64492	 0.63717	 0.62892	 0.61960	 0.61017	 0.60077	 0.59194	 0.58515	 0.58076	 0.57837	 0.57838	 0.58178	 0.58338	 0.57806	 0.56217	 0.53684	 0.50625	 0.47508	 0.44671	 0.42162	 0.39919	 0.38057	 0.36456	 0.35282
201 	 0.27077	 0.27275	 0.27928	 0.29604	 0.32521	 0.36064	 0.39055	 0.41253	 0.42949	 0.44241	 0.44642	 0.43970	 0.42636	 0.41411	 0.40414	 0.39768	 0.39413	 0.39100	 0.38856	 0.38756	 0.38967	 0.39819	 0.41281	 0.43244	 0.45543	 0.47985	 0.50246	 0.52557	 0.55894	 0.60801	 0.66274	 0.70992	 0.74437	 0.76404	 0.77247	 0.77516	 0.77569	 0.77230	 0.76466	 0.75588	 0.74668	 0.73707	 0.72898	 0.72314	 0.71793	 0.71293	 0.70806	 0.70340	 0.69704	 0.68958	 0.68076	 0.67157	 0.66208	 0.65299	 0.64578	 0.64120	 0.63856	 0.63846	 0.64206	 0.64333	 0.63543	 0.61361	 0.58145	 0.54427	 0.50741	 0.47496	 0.44581	 0.42119	 0.40060	 0.38361	 0.36993
202 	 0.27340	 0.27558	 0.28243	 0.30023	 0.33122	 0.36884	 0.40085	 0.42480	 0.44312	 0.45685	 0.46094	 0.45360	 0.43962	 0.42683	 0.41654	 0.40995	 0.40623	 0.40305	 0.40053	 0.39940	 0.40157	 0.41069	 0.42635	 0.44753	 0.47247	 0.49875	 0.52324	 0.54821	 0.58393	 0.63685	 0.69705	 0.75004	 0.78941	 0.81254	 0.82315	 0.82683	 0.82786	 0.82468	 0.81691	 0.80776	 0.79795	 0.78772	 0.77887	 0.77231	 0.76645	 0.76091	 0.75550	 0.75024	 0.74326	 0.73476	 0.72460	 0.71398	 0.70311	 0.69279	 0.68455	 0.67894	 0.67550	 0.67500	 0.67843	 0.67879	 0.66794	 0.64164	 0.60468	 0.56341	 0.52235	 0.48595	 0.45522	 0.42809	 0.40664	 0.38866	 0.37492
211 	 0.25692	 0.25864	 0.26428	 0.27863	 0.30402	 0.33489	 0.36024	 0.37870	 0.39267	 0.40372	 0.40725	 0.40143	 0.39031	 0.38004	 0.37143	 0.36576	 0.36248	 0.35952	 0.35754	 0.35695	 0.35914	 0.36717	 0.38043	 0.39795	 0.41832	 0.43979	 0.45975	 0.48094	 0.51295	 0.56083	 0.61385	 0.65885	 0.69138	 0.70966	 0.71727	 0.71945	 0.71950	 0.71578	 0.70764	 0.69837	 0.68864	 0.67865	 0.67022	 0.66393	 0.65836	 0.65315	 0.64798	 0.64306	 0.63658	 0.62925	 0.62057	 0.61138	 0.60216	 0.59323	 0.58631	 0.58173	 0.57888	 0.57849	 0.58202	 0.58428	 0.57957	 0.56391	 0.53861	 0.50823	 0.47735	 0.44933	 0.42439	 0.40206	 0.38374	 0.36850	 0.35610
212 	 0.24197	 0.24365	 0.24925	 0.26393	 0.29013	 0.32212	 0.34868	 0.36798	 0.38301	 0.39479	 0.39857	 0.39232	 0.38042	 0.36942	 0.36041	 0.35449	 0.35101	 0.34795	 0.34590	 0.34532	 0.34766	 0.35602	 0.37020	 0.38898	 0.41103	 0.43435	 0.45612	 0.47934	 0.51400	 0.56615	 0.62487	 0.67550	 0.71256	 0.73386	 0.74329	 0.74622	 0.74660	 0.74262	 0.73414	 0.72423	 0.71376	 0.70309	 0.69406	 0.68724	 0.68124	 0.67561	 0.67006	 0.66465	 0.65743	 0.64903	 0.63923	 0.62890	 0.61844	 0.60839	 0.60021	 0.59447	 0.59067	 0.58974	 0.59369	 0.59627	 0.59029	 0.57137	 0.54239	 0.50901	 0.47504	 0.44432	 0.41749	 0.39363	 0.37350	 0.35716	 0.34388
221 	 0.25621	 0.25782	 0.26369	 0.27938	 0.30685	 0.34071	 0.36953	 0.39077	 0.40727	 0.42035	 0.42497	 0.41860	 0.40494	 0.39205	 0.38174	 0.37512	 0.37138	 0.36811	 0.36547	 0.36409	 0.36544	 0.37302	 0.38652	 0.40482	 0.42659	 0.45017	 0.47220	 0.49465	 0.52681	 0.57414	 0.62802	 0.67660	 0.71362	 0.73561	 0.74554	 0.74885	 0.74975	 0.74674	 0.73923	 0.73076	 0.72148	 0.71170	 0.70348	 0.69757	 0.69241	 0.68754	 0.68291	 0.67847	 0.67206	 0.66428	 0.65465	 0.64466	 0.63453	 0.62498	 0.61758	 0.61265	 0.60988	 0.60992	 0.61412	 0.61663	 0.60992	 0.58967	 0.55835	 0.52210	 0.48591	 0.45419	 0.42618	 0.40202	 0.38233	 0.36613	 0.35385
222 	 0.25959	 0.26118	 0.26713	 0.28267	 0.31012	 0.34398	 0.37294	 0.39421	 0.41080	 0.42382	 0.42828	 0.42185	 0.40851	 0.39587	 0.38573	 0.37914	 0.37543	 0.37213	 0.36939	 0.36792	 0.36929	 0.37710	 0.39082	 0.40947	 0.43179	 0.45588	 0.47845	 0.50121	 0.53386	 0.58249	 0.63813	 0.68857	 0.72706	 0.75001	 0.76041	 0.76383	 0.76479	 0.76162	 0.75387	 0.74488	 0.73518	 0.72502	 0.71630	 0.71019	 0.70483	 0.69972	 0.69482	 0.68998	 0.68315	 0.67501	 0.66516	 0.65475	 0.64422	 0.63443	 0.62675	 0.62175	 0.61912	 0.61924	 0.62352	 0.62582	 0.61875	 0.59810	 0.56605	 0.52960	 0.49319	 0.46059	 0.43299	 0.40796	 0.38809	 0.37209	 0.35873
231 	 0.26503	 0.26706	 0.27330	 0.28966	 0.31798	 0.35218	 0.38065	 0.40127	 0.41706	 0.42908	 0.43276	 0.42596	 0.41336	 0.40182	 0.39234	 0.38610	 0.38256	 0.37959	 0.37749	 0.37690	 0.37937	 0.38808	 0.40282	 0.42236	 0.44518	 0.46921	 0.49159	 0.51525	 0.55029	 0.60242	 0.66081	 0.71113	 0.74773	 0.76869	 0.77789	 0.78062	 0.78103	 0.77717	 0.76881	 0.75918	 0.74891	 0.73830	 0.72920	 0.72211	 0.71594	 0.71007	 0.70436	 0.69884	 0.69166	 0.68334	 0.67367	 0.66353	 0.65318	 0.64342	 0.63555	 0.63027	 0.62726	 0.62712	 0.63134	 0.63320	 0.62557	 0.60409	 0.57269	 0.53631	 0.50016	 0.46785	 0.43954	 0.41454	 0.39443	 0.37727	 0.36482
232 	 0.26028	 0.26210	 0.26817	 0.28333	 0.30991	 0.34216	 0.36898	 0.38824	 0.40289	 0.41466	 0.41859	 0.41238	 0.40004	 0.38829	 0.37884	 0.37257	 0.36901	 0.36598	 0.36388	 0.36315	 0.36522	 0.37311	 0.38660	 0.40453	 0.42553	 0.44789	 0.46884	 0.49082	 0.52371	 0.57261	 0.62755	 0.67569	 0.71145	 0.73217	 0.74127	 0.74386	 0.74427	 0.74042	 0.73205	 0.72254	 0.71227	 0.70166	 0.69271	 0.68605	 0.68009	 0.67456	 0.66913	 0.66403	 0.65710	 0.64914	 0.63983	 0.63012	 0.62027	 0.61104	 0.60388	 0.59937	 0.59699	 0.59732	 0.60175	 0.60454	 0.59940	 0.58167	 0.55364	 0.51989	 0.48615	 0.45595	 0.42931	 0.40587	 0.38701	 0.37106	 0.35799
241 	 0.19764	 0.19831	 0.20273	 0.21528	 0.23742	 0.26490	 0.28927	 0.30824	 0.32314	 0.33489	 0.33871	 0.33267	 0.32056	 0.30920	 0.29992	 0.29385	 0.29043	 0.28715	 0.28443	 0.28261	 0.28299	 0.28864	 0.29969	 0.31551	 0.33521	 0.35746	 0.37827	 0.39919	 0.42906	 0.47428	 0.52863	 0.58125	 0.62471	 0.65259	 0.66665	 0.67195	 0.67399	 0.67148	 0.66413	 0.65542	 0.64579	 0.63562	 0.62694	 0.62062	 0.61531	 0.61039	 0.60571	 0.60103	 0.59381	 0.58495	 0.57417	 0.56279	 0.55116	 0.54028	 0.53185	 0.52628	 0.52339	 0.52418	 0.53029	 0.53476	 0.53003	 0.51203	 0.48429	 0.45230	 0.41997	 0.39096	 0.36514	 0.34278	 0.32396	 0.30821	 0.29562
242 	 0.19142	 0.19205	 0.19650	 0.20883	 0.23078	 0.25815	 0.28247	 0.30129	 0.31619	 0.32808	 0.33207	 0.32605	 0.31373	 0.30214	 0.29281	 0.28662	 0.28314	 0.27991	 0.27712	 0.27532	 0.27558	 0.28128	 0.29233	 0.30814	 0.32793	 0.35027	 0.37136	 0.39248	 0.42259	 0.46822	 0.52311	 0.57633	 0.62029	 0.64848	 0.66251	 0.66788	 0.66986	 0.66724	 0.65986	 0.65121	 0.64149	 0.63125	 0.62247	 0.61620	 0.61076	 0.60592	 0.60121	 0.59652	 0.58936	 0.58042	 0.56959	 0.55812	 0.54633	 0.53542	 0.52701	 0.52147	 0.51861	 0.51943	 0.52538	 0.52985	 0.52533	 0.50711	 0.47989	 0.44718	 0.41481	 0.38565	 0.35969	 0.33745	 0.31871	 0.30260	 0.29149
251 	 0.28222	 0.28433	 0.29097	 0.30732	 0.33551	 0.36927	 0.39683	 0.41637	 0.43122	 0.44263	 0.44608	 0.43961	 0.42728	 0.41591	 0.40660	 0.40049	 0.39698	 0.39414	 0.39229	 0.39193	 0.39446	 0.40324	 0.41767	 0.43660	 0.45830	 0.48115	 0.50245	 0.52533	 0.55995	 0.61135	 0.66842	 0.71738	 0.75278	 0.77274	 0.78137	 0.78383	 0.78403	 0.78004	 0.77142	 0.76156	 0.75109	 0.74006	 0.73052	 0.72337	 0.71691	 0.71082	 0.70495	 0.69941	 0.69223	 0.68412	 0.67452	 0.66459	 0.65434	 0.64486	 0.63768	 0.63303	 0.63036	 0.63052	 0.63459	 0.63693	 0.63063	 0.61180	 0.58213	 0.54764	 0.51300	 0.48175	 0.45438	 0.43034	 0.41068	 0.39478	 0.38163
252 	 0.28469	 0.28674	 0.29344	 0.31030	 0.33967	 0.37489	 0.40373	 0.42466	 0.44050	 0.45255	 0.45612	 0.44919	 0.43637	 0.42465	 0.41516	 0.40894	 0.40531	 0.40228	 0.40029	 0.39988	 0.40257	 0.41158	 0.42677	 0.44685	 0.46982	 0.49368	 0.51580	 0.53951	 0.57482	 0.62669	 0.68357	 0.73117	 0.76477	 0.78328	 0.79111	 0.79314	 0.79332	 0.78966	 0.78171	 0.77267	 0.76300	 0.75276	 0.74395	 0.73746	 0.73156	 0.72590	 0.72039	 0.71519	 0.70843	 0.70051	 0.69124	 0.68164	 0.67154	 0.66198	 0.65454	 0.64939	 0.64618	 0.64551	 0.64899	 0.65046	 0.64301	 0.62236	 0.59124	 0.55573	 0.51974	 0.48753	 0.45966	 0.43518	 0.41492	 0.39855	 0.38615
261 	 0.20067	 0.20167	 0.20647	 0.21961	 0.24261	 0.27090	 0.29558	 0.31461	 0.32931	 0.34069	 0.34396	 0.33760	 0.32565	 0.31463	 0.30562	 0.29976	 0.29640	 0.29340	 0.29103	 0.28980	 0.29083	 0.29743	 0.30952	 0.32636	 0.34694	 0.36974	 0.39121	 0.41341	 0.44606	 0.49591	 0.55532	 0.61139	 0.65627	 0.68443	 0.69832	 0.70352	 0.70520	 0.70209	 0.69404	 0.68430	 0.67363	 0.66242	 0.65284	 0.64556	 0.63929	 0.63356	 0.62803	 0.62258	 0.61469	 0.60517	 0.59368	 0.58167	 0.56940	 0.55802	 0.54901	 0.54292	 0.53959	 0.54015	 0.54596	 0.55004	 0.54419	 0.52448	 0.49558	 0.46196	 0.42836	 0.39762	 0.37100	 0.34784	 0.32858	 0.31218	 0.29939
262 	 0.21421	 0.21512	 0.21972	 0.23187	 0.25338	 0.27989	 0.30275	 0.31998	 0.33339	 0.34394	 0.34721	 0.34134	 0.33016	 0.31986	 0.31133	 0.30558	 0.30230	 0.29927	 0.29701	 0.29581	 0.29668	 0.30272	 0.31379	 0.32917	 0.34784	 0.36847	 0.38792	 0.40804	 0.43779	 0.48297	 0.53544	 0.58367	 0.62149	 0.64462	 0.65556	 0.65933	 0.66049	 0.65742	 0.64980	 0.64108	 0.63159	 0.62161	 0.61314	 0.60694	 0.60153	 0.59663	 0.59181	 0.58710	 0.58032	 0.57221	 0.56242	 0.55211	 0.54154	 0.53163	 0.52404	 0.51900	 0.51620	 0.51677	 0.52239	 0.52688	 0.52389	 0.50925	 0.48577	 0.45758	 0.42861	 0.40203	 0.37861	 0.35771	 0.33958	 0.32464	 0.31316
271 	 0.24849	 0.24975	 0.25534	 0.27051	 0.29701	 0.32981	 0.35797	 0.37913	 0.39565	 0.40862	 0.41303	 0.40668	 0.39363	 0.38138	 0.37144	 0.36507	 0.36127	 0.35783	 0.35502	 0.35344	 0.35452	 0.36157	 0.37467	 0.39291	 0.41493	 0.43885	 0.46107	 0.48340	 0.51494	 0.56186	 0.61644	 0.66713	 0.70700	 0.73144	 0.74298	 0.74675	 0.74802	 0.74506	 0.73755	 0.72885	 0.71936	 0.70935	 0.70085	 0.69495	 0.68980	 0.68503	 0.68037	 0.67574	 0.66893	 0.66072	 0.65080	 0.64028	 0.62925	 0.61907	 0.61114	 0.60573	 0.60254	 0.60233	 0.60653	 0.60896	 0.60196	 0.58137	 0.55041	 0.51482	 0.47892	 0.44721	 0.41931	 0.39610	 0.37593	 0.35941	 0.34721
272 	 0.23728	 0.23842	 0.24373	 0.25824	 0.28375	 0.31547	 0.34287	 0.36341	 0.37950	 0.39227	 0.39673	 0.39056	 0.37766	 0.36535	 0.35550	 0.34920	 0.34541	 0.34203	 0.33932	 0.33781	 0.33875	 0.34547	 0.35799	 0.37542	 0.39648	 0.41955	 0.44103	 0.46276	 0.49363	 0.53966	 0.59323	 0.64332	 0.68322	 0.70793	 0.71994	 0.72408	 0.72557	 0.72279	 0.71536	 0.70674	 0.69730	 0.68746	 0.67923	 0.67331	 0.66832	 0.66366	 0.65907	 0.65453	 0.64785	 0.63969	 0.62979	 0.61927	 0.60844	 0.59826	 0.59027	 0.58482	 0.58143	 0.58125	 0.58577	 0.58891	 0.58297	 0.56322	 0.53311	 0.49824	 0.46333	 0.43275	 0.40464	 0.38191	 0.36249	 0.34641	 0.33391
281 	 0.19558	 0.19635	 0.20082	 0.21316	 0.23490	 0.26199	 0.28567	 0.30365	 0.31760	 0.32880	 0.33243	 0.32664	 0.31480	 0.30376	 0.29470	 0.28877	 0.28535	 0.28225	 0.27975	 0.27837	 0.27911	 0.28517	 0.29646	 0.31220	 0.33152	 0.35305	 0.37333	 0.39416	 0.42481	 0.47134	 0.52654	 0.57883	 0.62113	 0.64771	 0.66081	 0.66565	 0.66730	 0.66426	 0.65641	 0.64720	 0.63697	 0.62635	 0.61732	 0.61071	 0.60507	 0.59988	 0.59487	 0.59001	 0.58277	 0.57406	 0.56345	 0.55235	 0.54089	 0.53032	 0.52226	 0.51689	 0.51406	 0.51465	 0.52034	 0.52467	 0.52049	 0.50373	 0.47761	 0.44685	 0.41575	 0.38729	 0.36208	 0.34009	 0.32196	 0.30662	 0.29366
282 	 0.18581	 0.18649	 0.19057	 0.20203	 0.22208	 0.24701	 0.26884	 0.28520	 0.29793	 0.30825	 0.31170	 0.30632	 0.29515	 0.28468	 0.27616	 0.27045	 0.26718	 0.26428	 0.26199	 0.26067	 0.26123	 0.26686	 0.27712	 0.29156	 0.30930	 0.32920	 0.34795	 0.36738	 0.39630	 0.44043	 0.49268	 0.54171	 0.58113	 0.60563	 0.61733	 0.62150	 0.62288	 0.61981	 0.61203	 0.60312	 0.59331	 0.58307	 0.57431	 0.56794	 0.56254	 0.55761	 0.55283	 0.54824	 0.54129	 0.53307	 0.52305	 0.51251	 0.50173	 0.49172	 0.48442	 0.47988	 0.47755	 0.47869	 0.48473	 0.48977	 0.48740	 0.47335	 0.45100	 0.42358	 0.39511	 0.36987	 0.34701	 0.32702	 0.30983	 0.29562	 0.28241
291 	 0.21102	 0.21198	 0.21667	 0.22946	 0.25199	 0.27960	 0.30308	 0.32070	 0.33427	 0.34479	 0.34797	 0.34192	 0.33048	 0.32007	 0.31141	 0.30567	 0.30235	 0.29941	 0.29718	 0.29616	 0.29750	 0.30409	 0.31593	 0.33208	 0.35143	 0.37254	 0.39245	 0.41330	 0.44454	 0.49187	 0.54662	 0.59651	 0.63525	 0.65878	 0.66974	 0.67346	 0.67455	 0.67124	 0.66333	 0.65423	 0.64426	 0.63369	 0.62464	 0.61813	 0.61238	 0.60702	 0.60192	 0.59703	 0.58984	 0.58151	 0.57144	 0.56088	 0.55001	 0.53987	 0.53209	 0.52683	 0.52388	 0.52413	 0.52939	 0.53321	 0.52931	 0.51356	 0.48908	 0.46000	 0.42964	 0.40291	 0.37792	 0.35664	 0.33885	 0.32383	 0.31100
292 	 0.21451	 0.21548	 0.22023	 0.23331	 0.25650	 0.28529	 0.31019	 0.32906	 0.34379	 0.35531	 0.35877	 0.35223	 0.33988	 0.32847	 0.31926	 0.31322	 0.30983	 0.30671	 0.30441	 0.30333	 0.30454	 0.31166	 0.32444	 0.34200	 0.36314	 0.38635	 0.40833	 0.43146	 0.46585	 0.51816	 0.57980	 0.63722	 0.68225	 0.70991	 0.72339	 0.72810	 0.72953	 0.72605	 0.71754	 0.70749	 0.69642	 0.68479	 0.67473	 0.66729	 0.66073	 0.65468	 0.64905	 0.64349	 0.63550	 0.62592	 0.61438	 0.60219	 0.58970	 0.57813	 0.56911	 0.56295	 0.55943	 0.55980	 0.56566	 0.57017	 0.56532	 0.54701	 0.51825	 0.48513	 0.45131	 0.42140	 0.39374	 0.37043	 0.35111	 0.33462	 0.32123
301 	 0.24360	 0.24441	 0.24860	 0.26030	 0.28140	 0.30752	 0.32882	 0.34400	 0.35539	 0.36466	 0.36725	 0.36152	 0.35100	 0.34139	 0.33334	 0.32788	 0.32460	 0.32172	 0.31987	 0.31939	 0.32120	 0.32833	 0.34029	 0.35621	 0.37457	 0.39410	 0.41244	 0.43271	 0.46449	 0.51240	 0.56551	 0.61064	 0.64311	 0.66107	 0.66845	 0.67014	 0.66992	 0.66554	 0.65672	 0.64692	 0.63651	 0.62578	 0.61681	 0.61023	 0.60419	 0.59866	 0.59326	 0.58835	 0.58160	 0.57432	 0.56566	 0.55663	 0.54730	 0.53856	 0.53215	 0.52798	 0.52546	 0.52571	 0.53043	 0.53504	 0.53430	 0.52493	 0.50636	 0.48270	 0.45736	 0.43444	 0.41379	 0.39383	 0.37786	 0.36392	 0.35244
302 	 0.23198	 0.23266	 0.23687	 0.24879	 0.27027	 0.29669	 0.31824	 0.33359	 0.34516	 0.35449	 0.35717	 0.35142	 0.34085	 0.33109	 0.32288	 0.31731	 0.31393	 0.31100	 0.30915	 0.30863	 0.31042	 0.31746	 0.32916	 0.34484	 0.36293	 0.38216	 0.40010	 0.41975	 0.45056	 0.49678	 0.54802	 0.59154	 0.62315	 0.64100	 0.64846	 0.65035	 0.65037	 0.64653	 0.63824	 0.62883	 0.61886	 0.60862	 0.60007	 0.59377	 0.58808	 0.58277	 0.57765	 0.57288	 0.56628	 0.55903	 0.55050	 0.54157	 0.53221	 0.52357	 0.51711	 0.51288	 0.51019	 0.51036	 0.51494	 0.51943	 0.51881	 0.50876	 0.49070	 0.46721	 0.44238	 0.42037	 0.39914	 0.38043	 0.36486	 0.35181	 0.33991
311 	 0.30012	 0.30286	 0.31049	 0.32864	 0.35975	 0.39610	 0.42433	 0.44394	 0.45873	 0.46997	 0.47320	 0.46666	 0.45472	 0.44398	 0.43517	 0.42937	 0.42607	 0.42357	 0.42249	 0.42338	 0.42768	 0.43835	 0.45500	 0.47604	 0.49922	 0.52253	 0.54445	 0.56944	 0.60820	 0.66476	 0.72448	 0.77212	 0.80417	 0.82118	 0.82793	 0.82922	 0.82855	 0.82346	 0.81383	 0.80296	 0.79155	 0.77968	 0.76936	 0.76126	 0.75368	 0.74651	 0.73980	 0.73368	 0.72622	 0.71797	 0.70877	 0.69937	 0.68960	 0.68043	 0.67321	 0.66812	 0.66471	 0.66392	 0.66691	 0.66783	 0.66047	 0.64049	 0.60947	 0.57407	 0.53806	 0.50535	 0.47745	 0.45234	 0.43212	 0.41529	 0.40140
312 	 0.28433	 0.28688	 0.29410	 0.31136	 0.34051	 0.37406	 0.39986	 0.41745	 0.43047	 0.44055	 0.44346	 0.43750	 0.42667	 0.41680	 0.40850	 0.40299	 0.39973	 0.39749	 0.39646	 0.39728	 0.40124	 0.41111	 0.42631	 0.44543	 0.46642	 0.48765	 0.50756	 0.53044	 0.56660	 0.61979	 0.67605	 0.72110	 0.75168	 0.76783	 0.77401	 0.77491	 0.77402	 0.76873	 0.75887	 0.74778	 0.73617	 0.72426	 0.71391	 0.70596	 0.69864	 0.69177	 0.68523	 0.67923	 0.67196	 0.66429	 0.65555	 0.64672	 0.63763	 0.62910	 0.62271	 0.61863	 0.61612	 0.61596	 0.61932	 0.62099	 0.61563	 0.59949	 0.57284	 0.54128	 0.50852	 0.47951	 0.45337	 0.43066	 0.41182	 0.39588	 0.38351
