12	0.190633333	0.1906	0.194133333	0.20335	0.219633333	0.239866667	0.258266667	0.272066667	0.282583333	0.289916667	0.29285	0.28995	0.283416667	0.27605	0.2698	0.264833333	0.261283333	0.25855	0.255316667	0.252516667	0.252016667	0.255183333	0.262516667	0.273833333	0.287266667	0.301083333	0.314216667	0.326866667	0.34405	0.368516667	0.396266667	0.422683333	0.443033333	0.45495	0.4611	0.463916667	0.464916667	0.4632	0.459416667	0.454666667	0.449316667	0.443116667	0.43775	0.43465	0.4321	0.429316667	0.426633333	0.424683333	0.421583333	0.416533333	0.4104	0.405466667	0.4001	0.39525	0.391783333	0.389016667	0.388566667	0.389516667	0.3911	0.3914	0.390483333	0.38565	0.37585	0.3628	0.3484	0.334233333	0.3214	0.3091	0.298516667	0.289033333	0.2804
42	0.177716667	0.177016667	0.178966667	0.1847	0.195033333	0.208233333	0.220633333	0.230283333	0.237716667	0.242933333	0.244666667	0.241883333	0.236333333	0.2302	0.224816667	0.22015	0.216766667	0.214166667	0.2111	0.20825	0.207183333	0.20905	0.214283333	0.222833333	0.233483333	0.244966667	0.25625	0.26725	0.282833333	0.305566667	0.331966667	0.357716667	0.378033333	0.38995	0.395883333	0.3983	0.398866667	0.39675	0.392716667	0.387866667	0.382316667	0.375916667	0.370333333	0.367083333	0.364316667	0.36145	0.358666667	0.356583333	0.353266667	0.347966667	0.34165	0.336566667	0.331183333	0.3263	0.32305	0.320683333	0.320666667	0.322166667	0.32435	0.3257	0.327216667	0.326783333	0.32275	0.3162	0.30815	0.300216667	0.2932	0.285566667	0.278666667	0.271883333	0.265983333
52	0.188866667	0.188366667	0.190583333	0.19705	0.208833333	0.2238	0.237983333	0.249066667	0.2577	0.2638	0.265966667	0.263133333	0.257166667	0.25065	0.245033333	0.240233333	0.236783333	0.234133333	0.231083333	0.228216667	0.227266667	0.2295	0.23545	0.244966667	0.256733333	0.269266667	0.281483333	0.293283333	0.3096	0.3331	0.36015	0.386266667	0.4065	0.418316667	0.424233333	0.4268	0.427633333	0.425816667	0.422216667	0.41765	0.4123	0.406166667	0.400733333	0.3975	0.39485	0.392016667	0.389316667	0.387283333	0.384133333	0.37895	0.372716667	0.367733333	0.36235	0.357466667	0.354116667	0.351583333	0.351433333	0.352733333	0.354716667	0.355783333	0.356783333	0.3552	0.34965	0.3412	0.33155	0.321733333	0.312966667	0.3038	0.295733333	0.288333333	0.281166667
62	0.187983333	0.187383333	0.189516667	0.195816667	0.207283333	0.221933333	0.235716667	0.2465	0.254866667	0.260816667	0.262916667	0.260216667	0.254366667	0.247883333	0.24225	0.237416667	0.233916667	0.2312	0.228033333	0.22515	0.224183333	0.226333333	0.23215	0.24155	0.2532	0.26575	0.277983333	0.289816667	0.3061	0.32985	0.357483333	0.384416667	0.4057	0.418333333	0.424666667	0.427466667	0.428333333	0.426516667	0.42275	0.417983333	0.412466667	0.406066667	0.400383333	0.397016667	0.394233333	0.391283333	0.388516667	0.38645	0.383133333	0.3778	0.371366667	0.366166667	0.360533333	0.355466667	0.352	0.349416667	0.349416667	0.350783333	0.3529	0.3543	0.3554	0.35415	0.3489	0.3408	0.33135	0.321683333	0.313283333	0.30435	0.296316667	0.288783333	0.281916667
72	0.189966667	0.189983333	0.193466667	0.2027	0.219183333	0.239916667	0.258566667	0.272466667	0.283166667	0.291	0.2943	0.291433333	0.284633333	0.277066667	0.270766667	0.265766667	0.262233333	0.2595	0.256416667	0.253866667	0.25375	0.257366667	0.265416667	0.27745	0.2916	0.306066667	0.320016667	0.333816667	0.352983333	0.38085	0.412883333	0.443166667	0.465933333	0.479016667	0.4855	0.488416667	0.489366667	0.487416667	0.4832	0.477916667	0.47185	0.464966667	0.459016667	0.455383333	0.452316667	0.44905	0.446	0.4436	0.440116667	0.434516667	0.427833333	0.422266667	0.416316667	0.410933333	0.4071	0.404066667	0.403416667	0.404016667	0.405283333	0.4057	0.404883333	0.399716667	0.388883333	0.374516667	0.358733333	0.343533333	0.329666667	0.3163	0.304666667	0.294466667	0.285433333
92	0.1878	0.1878	0.19105	0.199483333	0.214633333	0.233866667	0.251733333	0.265483333	0.276333333	0.28445	0.288	0.285316667	0.2786	0.27105	0.2648	0.2599	0.256416667	0.253716667	0.250466667	0.24765	0.246966667	0.249866667	0.256966667	0.268116667	0.28165	0.2959	0.309633333	0.3228	0.340483333	0.3659	0.3953	0.42375	0.44605	0.459183333	0.465616667	0.468383333	0.469166667	0.467166667	0.463283333	0.458516667	0.453116667	0.44695	0.441583333	0.438516667	0.436033333	0.433366667	0.430816667	0.4289	0.425783333	0.420516667	0.414233333	0.409083333	0.40345	0.398316667	0.394733333	0.3919	0.391383333	0.39215	0.393716667	0.39435	0.393516667	0.3879	0.376333333	0.361383333	0.345233333	0.329466667	0.315466667	0.3021	0.29065	0.2805	0.271583333
101	0.185633333	0.185583333	0.189083333	0.19825	0.214383333	0.234716667	0.253483333	0.267833333	0.279033333	0.287366667	0.2911	0.2885	0.281616667	0.2737	0.267	0.2617	0.25785	0.254766667	0.251216667	0.248083333	0.247266667	0.250233333	0.257683333	0.26945	0.283883333	0.299116667	0.313816667	0.327466667	0.3455	0.371733333	0.402783333	0.43375	0.458833333	0.474066667	0.481616667	0.4849	0.486016667	0.48425	0.480283333	0.475116667	0.469083333	0.462133333	0.455966667	0.45235	0.44945	0.446283333	0.44335	0.441033333	0.437433333	0.431533333	0.42435	0.41825	0.411783333	0.406	0.4019	0.39885	0.398433333	0.39945	0.401083333	0.401583333	0.400383333	0.394183333	0.381883333	0.365916667	0.348666667	0.332133333	0.317516667	0.303383333	0.291583333	0.281066667	0.2719
112	0.189533333	0.189866667	0.1939	0.203966667	0.221516667	0.24315	0.262666667	0.277283333	0.2885	0.2966	0.299866667	0.296816667	0.2897	0.28185	0.275383333	0.270266667	0.266733333	0.264016667	0.260966667	0.258616667	0.258633333	0.26265	0.27115	0.283716667	0.29845	0.3135	0.328016667	0.3424	0.362316667	0.3913	0.424466667	0.4556	0.479083333	0.492533333	0.499433333	0.50275	0.5041	0.502283333	0.49815	0.492783333	0.486683333	0.4797	0.47355	0.469766667	0.466533333	0.463083333	0.459916667	0.457516667	0.453983333	0.44845	0.44175	0.4363	0.430366667	0.424933333	0.42115	0.418366667	0.417933333	0.418733333	0.4202	0.420283333	0.4184	0.4114	0.398233333	0.381483333	0.3633	0.34605	0.33025	0.315216667	0.302566667	0.29145	0.2816
122	0.173383333	0.17305	0.175616667	0.182816667	0.195933333	0.212933333	0.228883333	0.240916667	0.2504	0.257666667	0.260933333	0.258466667	0.252083333	0.244816667	0.238566667	0.233383333	0.2296	0.2265	0.223033333	0.2201	0.219333333	0.222066667	0.22885	0.239583333	0.252633333	0.266516667	0.28	0.2931	0.3109	0.337216667	0.36845	0.399466667	0.424216667	0.439033333	0.446366667	0.44945	0.45035	0.44825	0.443883333	0.438433333	0.432116667	0.424916667	0.41865	0.41495	0.4119	0.408683333	0.4056	0.403133333	0.399416667	0.3934	0.3862	0.380116667	0.373666667	0.367833333	0.363766667	0.360716667	0.360166667	0.36115	0.362866667	0.363933333	0.3643	0.360716667	0.351983333	0.3397	0.326016667	0.312233333	0.3007	0.289016667	0.2787	0.269533333	0.261483333
132	0.193566667	0.19365	0.197216667	0.20645	0.2228	0.24325	0.261633333	0.275266667	0.285816667	0.293616667	0.297016667	0.294433333	0.288	0.280716667	0.2746	0.269683333	0.266166667	0.2634	0.26025	0.257616667	0.257283333	0.26055	0.268133333	0.279683333	0.29315	0.306983333	0.320233333	0.333066667	0.3507	0.375933333	0.404516667	0.43125	0.451316667	0.4627	0.46835	0.470716667	0.471466667	0.469333333	0.465333333	0.460433333	0.454933333	0.448633333	0.443216667	0.440016667	0.437366667	0.434433333	0.431766667	0.429866667	0.426783333	0.42175	0.415866667	0.411183333	0.406	0.401283333	0.398033333	0.395533333	0.3952	0.395866667	0.396966667	0.397	0.395916667	0.39085	0.380433333	0.366683333	0.351533333	0.337016667	0.32365	0.31095	0.299916667	0.289783333	0.281583333
141	0.184533333	0.184866667	0.188933333	0.199283333	0.217216667	0.239483333	0.259483333	0.274316667	0.285716667	0.294116667	0.297816667	0.295	0.288066667	0.2802	0.273683333	0.268483333	0.26485	0.262116667	0.258883333	0.256266667	0.2561	0.259916667	0.26825	0.2808	0.2956	0.310816667	0.32535	0.339433333	0.358583333	0.386583333	0.41905	0.450166667	0.47415	0.487983333	0.494733333	0.497616667	0.498433333	0.496183333	0.491783333	0.486333333	0.480133333	0.473133333	0.467	0.4633	0.460216667	0.456866667	0.45375	0.451333333	0.44775	0.442	0.435166667	0.429416667	0.4233	0.417716667	0.413816667	0.410816667	0.41025	0.410966667	0.412266667	0.4123	0.410566667	0.403733333	0.3906	0.373583333	0.35525	0.338083333	0.3223	0.307483333	0.294966667	0.2837	0.274166667
151	0.190383333	0.19025	0.19345	0.20205	0.217316667	0.236566667	0.254266667	0.267616667	0.278	0.285616667	0.288816667	0.286016667	0.2794	0.271983333	0.265733333	0.260683333	0.25715	0.25435	0.25115	0.248416667	0.247966667	0.251083333	0.258566667	0.27005	0.2837	0.297916667	0.3117	0.324916667	0.342933333	0.36915	0.399416667	0.428316667	0.4507	0.463783333	0.470316667	0.473216667	0.474216667	0.472433333	0.46855	0.463716667	0.458	0.4514	0.4456	0.44215	0.439333333	0.436233333	0.433433333	0.431283333	0.428	0.422516667	0.415933333	0.410533333	0.404683333	0.399433333	0.395766667	0.393066667	0.3927	0.393683333	0.395233333	0.3959	0.39545	0.390983333	0.3813	0.368366667	0.353983333	0.340166667	0.327233333	0.314583333	0.304016667	0.294233333	0.285466667
162	0.17825	0.178516667	0.182266667	0.191683333	0.208066667	0.2286	0.247183333	0.26105	0.27175	0.279733333	0.283216667	0.280583333	0.273933333	0.266366667	0.259983333	0.254916667	0.251316667	0.248533333	0.245283333	0.242566667	0.242266667	0.245683333	0.253533333	0.265383333	0.279483333	0.2941	0.308166667	0.3218	0.34035	0.367583333	0.399233333	0.4297	0.453283333	0.466933333	0.473516667	0.476266667	0.477016667	0.4748	0.470483333	0.465116667	0.45895	0.451916667	0.445816667	0.442183333	0.439066667	0.43575	0.432683333	0.4303	0.426666667	0.420883333	0.414033333	0.40835	0.402183333	0.396616667	0.39275	0.389816667	0.38935	0.39005	0.391283333	0.391466667	0.390233333	0.384183333	0.37225	0.3567	0.339883333	0.323566667	0.3092	0.295383333	0.283483333	0.272983333	0.264166667
171	0.174216667	0.17465	0.178516667	0.187933333	0.204366667	0.224733333	0.242916667	0.256216667	0.26635	0.273916667	0.277266667	0.2748	0.268483333	0.261283333	0.25525	0.250316667	0.24675	0.24405	0.241016667	0.238616667	0.238566667	0.242166667	0.250066667	0.261833333	0.2756	0.28975	0.30345	0.316883333	0.335633333	0.363483333	0.396083333	0.427533333	0.452033333	0.46635	0.47335	0.47625	0.477016667	0.474616667	0.469833333	0.463883333	0.457083333	0.449516667	0.4429	0.438783333	0.435283333	0.43165	0.4282	0.425483333	0.421633333	0.415583333	0.408483333	0.4025	0.3961	0.39035	0.386266667	0.38315	0.38255	0.38315	0.384383333	0.38455	0.38315	0.377233333	0.36555	0.35025	0.333616667	0.3176	0.303516667	0.2898	0.27775	0.267283333	0.25855
181	0.19955	0.19955	0.203216667	0.212733333	0.229533333	0.250583333	0.270133333	0.285116667	0.29665	0.3049	0.308133333	0.305	0.297783333	0.2897	0.282933333	0.277533333	0.273816667	0.2709	0.267483333	0.264566667	0.264066667	0.26745	0.275416667	0.287766667	0.302633333	0.3182	0.3331	0.34725	0.36605	0.393233333	0.424666667	0.45505	0.4788	0.49275	0.499916667	0.503333333	0.504733333	0.503233333	0.499633333	0.494833333	0.4892	0.482566667	0.476866667	0.473466667	0.470683333	0.4676	0.46475	0.462633333	0.459316667	0.453683333	0.446866667	0.441183333	0.435133333	0.429633333	0.425833333	0.423033333	0.422733333	0.424	0.426033333	0.4266	0.425133333	0.418816667	0.406583333	0.390516667	0.372683333	0.356366667	0.341383333	0.32705	0.314933333	0.303783333	0.2945
191	0.178333333	0.178233333	0.181583333	0.190466667	0.2063	0.22635	0.244933333	0.25925	0.270483333	0.2788	0.2823	0.27935	0.272283333	0.264366667	0.257816667	0.252683333	0.24905	0.246133333	0.242783333	0.239983333	0.239416667	0.24255	0.25015	0.261933333	0.27615	0.29115	0.30565	0.319566667	0.338133333	0.365033333	0.3961	0.426016667	0.449416667	0.463283333	0.470316667	0.47355	0.474833333	0.4733	0.469783333	0.465216667	0.45975	0.45335	0.44785	0.444633333	0.442016667	0.43905	0.436316667	0.434316667	0.43095	0.425383333	0.418683333	0.4131	0.406983333	0.4014	0.397466667	0.394383333	0.393766667	0.394583333	0.396383333	0.397283333	0.396533333	0.390616667	0.378766667	0.363416667	0.346833333	0.330783333	0.31625	0.3022	0.29015	0.279433333	0.270516667
201	0.1767	0.176683333	0.179916667	0.188416667	0.20345	0.222483333	0.240033333	0.253283333	0.263583333	0.271316667	0.274616667	0.271983333	0.2654	0.25795	0.251633333	0.246533333	0.242866667	0.239883333	0.236516667	0.233633333	0.233	0.235933333	0.24325	0.254516667	0.268183333	0.282633333	0.296533333	0.309816667	0.327666667	0.354033333	0.385083333	0.415683333	0.440266667	0.455033333	0.46235	0.4656	0.46665	0.464716667	0.460583333	0.45525	0.449083333	0.441983333	0.435833333	0.43215	0.429116667	0.425816667	0.422783333	0.4205	0.416866667	0.41095	0.40385	0.397866667	0.391466667	0.385833333	0.381966667	0.379166667	0.378983333	0.38015	0.381833333	0.382466667	0.381633333	0.376216667	0.365166667	0.350533333	0.334583333	0.319366667	0.30575	0.29255	0.280983333	0.271116667	0.262716667
212	0.16855	0.168766667	0.172583333	0.182116667	0.198866667	0.219866667	0.239016667	0.253366667	0.264516667	0.27295	0.276683333	0.273983333	0.267	0.25905	0.25245	0.247283333	0.243566667	0.240633333	0.237366667	0.234733333	0.234433333	0.237983333	0.246066667	0.258433333	0.273166667	0.288666667	0.303716667	0.31835	0.338183333	0.3676	0.402283333	0.436133333	0.462783333	0.478616667	0.486566667	0.490166667	0.4914	0.489483333	0.48515	0.479533333	0.473066667	0.465716667	0.4593	0.4554	0.452116667	0.448633333	0.445466667	0.443	0.439083333	0.43285	0.425383333	0.418933333	0.412133333	0.40595	0.4016	0.398366667	0.397766667	0.39875	0.40065	0.401433333	0.40005	0.392883333	0.379166667	0.361316667	0.341883333	0.323766667	0.307583333	0.292383333	0.279166667	0.267483333	0.258066667
222	0.185583333	0.18575	0.189383333	0.199016667	0.216083333	0.237383333	0.256666667	0.271	0.28205	0.290366667	0.293933333	0.291033333	0.284033333	0.276116667	0.269616667	0.264533333	0.26095	0.2581	0.254833333	0.252266667	0.2519	0.25525	0.26315	0.275	0.2889	0.303216667	0.3169	0.3302	0.348283333	0.374133333	0.403083333	0.429833333	0.449533333	0.460466667	0.465666667	0.467733333	0.468116667	0.4659	0.46195	0.457216667	0.451816667	0.445716667	0.4406	0.4377	0.4352	0.432366667	0.42975	0.427866667	0.4249	0.41995	0.41415	0.409583333	0.404366667	0.399583333	0.3962	0.393516667	0.392966667	0.393316667	0.394366667	0.394516667	0.393233333	0.387233333	0.375266667	0.35995	0.343516667	0.327333333	0.313033333	0.299433333	0.287783333	0.27755	0.26885
232	0.18295	0.18255	0.185316667	0.1932	0.207716667	0.226466667	0.2439	0.256966667	0.26725	0.275266667	0.2788	0.276016667	0.268916667	0.2609	0.25415	0.248733333	0.244833333	0.241616667	0.238083333	0.235183333	0.234566667	0.237566667	0.24505	0.2567	0.27085	0.285933333	0.30055	0.31475	0.334083333	0.362983333	0.3974	0.431616667	0.45915	0.475666667	0.483766667	0.48715	0.488083333	0.485716667	0.481016667	0.475033333	0.468216667	0.460566667	0.453983333	0.44995	0.446616667	0.44315	0.439933333	0.437283333	0.4332	0.426766667	0.419166667	0.412633333	0.4056	0.399316667	0.394833333	0.39145	0.390733333	0.3916	0.39365	0.3954	0.395983333	0.39155	0.381266667	0.367183333	0.351766667	0.337133333	0.323533333	0.310433333	0.29915	0.288816667	0.28
241	0.185483333	0.185683333	0.18935	0.198766667	0.2154	0.2362	0.254933333	0.2689	0.279716667	0.287866667	0.29145	0.288683333	0.2818	0.274066667	0.26755	0.26235	0.258716667	0.255833333	0.25265	0.2501	0.249866667	0.253433333	0.261483333	0.273616667	0.287933333	0.302783333	0.31715	0.331133333	0.350333333	0.378366667	0.410666667	0.441266667	0.464583333	0.477983333	0.484466667	0.487166667	0.488	0.485916667	0.481816667	0.476583333	0.4705	0.463516667	0.4575	0.45385	0.450716667	0.44735	0.444266667	0.4419	0.43835	0.432583333	0.425766667	0.420066667	0.41385	0.40825	0.4043	0.401283333	0.400666667	0.401216667	0.402533333	0.4031	0.401983333	0.3958	0.383766667	0.368233333	0.351166667	0.335183333	0.320266667	0.306283333	0.294366667	0.2835	0.274783333
251	0.235716667	0.234233333	0.2346	0.2381	0.245683333	0.255833333	0.2652	0.272066667	0.276983333	0.280216667	0.280483333	0.276983333	0.271366667	0.265566667	0.260483333	0.255883333	0.252316667	0.249466667	0.246416667	0.243916667	0.243066667	0.244866667	0.2499	0.25775	0.266966667	0.27675	0.28665	0.2973	0.3139	0.33935	0.368633333	0.39585	0.415966667	0.42695	0.4319	0.433683333	0.4334	0.430316667	0.425183333	0.419083333	0.4123	0.404833333	0.398483333	0.394533333	0.39095	0.387083333	0.3835	0.3808	0.377	0.371366667	0.365016667	0.360066667	0.354716667	0.3499	0.346783333	0.344516667	0.344683333	0.346166667	0.3483	0.350066667	0.352816667	0.35465	0.354233333	0.351616667	0.3482	0.34425	0.340566667	0.336316667	0.3323	0.32775	0.32395
252	0.244716667	0.2435	0.244583333	0.2495	0.259483333	0.27245	0.284116667	0.292616667	0.2987	0.302833333	0.303466667	0.2997	0.293483333	0.287066667	0.281583333	0.276766667	0.273083333	0.270316667	0.267433333	0.265183333	0.26485	0.26755	0.273883333	0.283283333	0.29395	0.304916667	0.3159	0.327733333	0.346033333	0.37365	0.404766667	0.432933333	0.453166667	0.463966667	0.46885	0.47055	0.470216667	0.466983333	0.461683333	0.455383333	0.448466667	0.44095	0.434566667	0.430416667	0.4266	0.422633333	0.418983333	0.416133333	0.412233333	0.406566667	0.40025	0.395283333	0.389833333	0.384933333	0.381566667	0.379033333	0.378783333	0.379816667	0.381716667	0.38335	0.385566667	0.386333333	0.38415	0.379683333	0.373933333	0.368316667	0.36265	0.356666667	0.351116667	0.3453	0.3401
261	0.167533333	0.167766667	0.171116667	0.1797	0.194783333	0.213666667	0.230866667	0.243766667	0.2537	0.26115	0.2643	0.26155	0.255183333	0.248083333	0.24215	0.237283333	0.233866667	0.231183333	0.22815	0.225733333	0.22555	0.228766667	0.236233333	0.247483333	0.260666667	0.2744	0.287766667	0.3009	0.3191	0.34595	0.376966667	0.406566667	0.429266667	0.442416667	0.448833333	0.451516667	0.452266667	0.450166667	0.445916667	0.440516667	0.434383333	0.42735	0.42135	0.417733333	0.414583333	0.411266667	0.4082	0.405816667	0.402266667	0.396566667	0.389966667	0.384483333	0.378383333	0.373033333	0.369216667	0.366266667	0.3656	0.36625	0.367566667	0.368033333	0.367466667	0.36245	0.352183333	0.338383333	0.323316667	0.308533333	0.295616667	0.283	0.271716667	0.26175	0.253683333
281	0.170083333	0.169966667	0.172883333	0.180666667	0.194416667	0.211966667	0.228366667	0.240933333	0.250683333	0.258	0.260983333	0.25825	0.251816667	0.244583333	0.238533333	0.23355	0.230016667	0.22715	0.223916667	0.221183333	0.220416667	0.2231	0.229883333	0.240466667	0.2533	0.2671	0.280666667	0.293566667	0.310983333	0.336566667	0.366483333	0.395716667	0.4191	0.433216667	0.440483333	0.443816667	0.44525	0.443783333	0.440383333	0.4357	0.429983333	0.423366667	0.41775	0.414433333	0.41165	0.408633333	0.4059	0.40385	0.400516667	0.394783333	0.388016667	0.382283333	0.376066667	0.370566667	0.366733333	0.3639	0.36355	0.364716667	0.366866667	0.367916667	0.36775	0.3632	0.353516667	0.340283333	0.325666667	0.311433333	0.298866667	0.286483333	0.275416667	0.266033333	0.257816667
291	0.248183333	0.246733333	0.247466667	0.251666667	0.260633333	0.272783333	0.284183333	0.292566667	0.298816667	0.3035	0.30475	0.30125	0.2947	0.287516667	0.281316667	0.27585	0.271716667	0.268233333	0.264516667	0.26135	0.25995	0.26155	0.26685	0.275483333	0.286	0.297366667	0.3088	0.320316667	0.33745	0.3639	0.395116667	0.425416667	0.449033333	0.462616667	0.468766667	0.4709	0.47075	0.467616667	0.46225	0.455766667	0.448416667	0.44045	0.433633333	0.4294	0.42565	0.421766667	0.418083333	0.41515	0.410966667	0.404583333	0.397333333	0.391216667	0.384683333	0.378983333	0.375166667	0.37245	0.372383333	0.373616667	0.375816667	0.3779	0.380516667	0.381066667	0.378333333	0.37285	0.36615	0.359933333	0.35415	0.3477	0.34205	0.336583333	0.33155
292	0.259216667	0.257633333	0.258116667	0.26195	0.270366667	0.281883333	0.292683333	0.300566667	0.306383333	0.310733333	0.311716667	0.3081	0.30155	0.294416667	0.288166667	0.282583333	0.278266667	0.274633333	0.270783333	0.267433333	0.265883333	0.267283333	0.272333333	0.280716667	0.2909	0.302	0.313116667	0.3243	0.341166667	0.367283333	0.398066667	0.427816667	0.450916667	0.464116667	0.47005	0.472033333	0.471816667	0.468666667	0.463266667	0.456683333	0.449266667	0.44125	0.434466667	0.430133333	0.4264	0.42245	0.418783333	0.415816667	0.41165	0.405316667	0.3981	0.391983333	0.385533333	0.379966667	0.376183333	0.37355	0.373466667	0.374683333	0.376766667	0.378833333	0.381583333	0.38255	0.380516667	0.3762	0.370533333	0.365366667	0.360483333	0.35505	0.3502	0.345366667	0.341033333
301	0.242266667	0.24105	0.24215	0.247316667	0.257966667	0.2722	0.285566667	0.29575	0.30355	0.30915	0.310666667	0.306883333	0.299916667	0.292533333	0.286366667	0.281166667	0.277316667	0.274116667	0.270766667	0.267983333	0.26705	0.269316667	0.275566667	0.2852	0.296616667	0.30875	0.3209	0.333133333	0.350983333	0.377366667	0.4075	0.4357	0.456933333	0.468966667	0.474866667	0.4773	0.47775	0.475383333	0.471066667	0.465766667	0.459683333	0.453	0.447466667	0.44405	0.440983333	0.437716667	0.434716667	0.432416667	0.4289	0.423333333	0.417033333	0.411783333	0.406	0.400783333	0.396983333	0.394016667	0.3932	0.393883333	0.395933333	0.3981	0.400133333	0.399183333	0.394566667	0.38735	0.3789	0.370783333	0.362683333	0.3548	0.347633333	0.340566667	0.33475
302	0.23528	0.23414	0.23532	0.24068	0.25154	0.26594	0.27954	0.28994	0.2979	0.30362	0.30528	0.30164	0.2948	0.2875	0.2814	0.27632	0.2726	0.26946	0.26612	0.26328	0.26238	0.26458	0.27062	0.28012	0.2914	0.30342	0.31544	0.32742	0.3446	0.36994	0.39862	0.42528	0.4453	0.45662	0.4621	0.46428	0.4646	0.46226	0.45828	0.45336	0.44762	0.4412	0.43592	0.43284	0.43004	0.42692	0.42416	0.42196	0.41864	0.41334	0.40732	0.40238	0.39686	0.39186	0.38828	0.38544	0.38472	0.38534	0.38726	0.38914	0.39104	0.39012	0.38556	0.3785	0.37006	0.36204	0.35414	0.34634	0.33922	0.332	0.32622
