12	0.21032	0.21034	0.21388	0.22329	0.24077	0.26245	0.28177	0.29608	0.30675	0.31445	0.31738	0.31439	0.30785	0.30032	0.2931	0.28725	0.28331	0.28034	0.277	0.27445	0.27415	0.27755	0.28571	0.29779	0.31198	0.32727	0.3419	0.35543	0.37453	0.40167	0.43162	0.45968	0.48138	0.49323	0.49832	0.50058	0.50128	0.4994	0.49512	0.48948	0.48342	0.47666	0.47148	0.4684	0.46547	0.46268	0.46007	0.45755	0.4541	0.44901	0.44273	0.43736	0.4319	0.42704	0.42341	0.4209	0.42069	0.42117	0.42319	0.42453	0.42296	0.41596	0.40367	0.38832	0.37146	0.35573	0.34125	0.32773	0.31664	0.30608	0.29769
42	0.18852	0.18801	0.19048	0.19734	0.20947	0.22411	0.23748	0.2478	0.25567	0.26144	0.26333	0.26065	0.25506	0.24838	0.24199	0.23659	0.23281	0.23005	0.22684	0.22418	0.22333	0.22536	0.23134	0.2408	0.25244	0.26552	0.27842	0.29068	0.30832	0.33383	0.36301	0.39136	0.41373	0.42626	0.43176	0.43377	0.43424	0.43209	0.42764	0.42191	0.41565	0.40868	0.40321	0.39989	0.39675	0.39398	0.39134	0.38864	0.38492	0.37947	0.37285	0.36734	0.36173	0.35686	0.35306	0.35069	0.35119	0.35222	0.35468	0.35693	0.35818	0.35629	0.35145	0.34428	0.33448	0.32499	0.31563	0.30649	0.2979	0.2896	0.28298
52	0.19442	0.19386	0.1964	0.20354	0.21642	0.23227	0.24684	0.25812	0.26679	0.27308	0.27536	0.27263	0.26681	0.25981	0.25315	0.24761	0.24378	0.24102	0.23774	0.23505	0.23421	0.23647	0.24298	0.25309	0.2655	0.27944	0.29302	0.30581	0.3241	0.35042	0.38029	0.40919	0.43193	0.44464	0.45026	0.4525	0.45322	0.4513	0.44707	0.44159	0.43559	0.42875	0.42332	0.42	0.41683	0.41393	0.41126	0.40864	0.40496	0.39952	0.39287	0.38722	0.38146	0.37636	0.37239	0.36986	0.37013	0.37104	0.37354	0.37602	0.37706	0.37462	0.36826	0.35889	0.34764	0.33707	0.3263	0.31644	0.30729	0.29811	0.29057
62	0.19661	0.19602	0.19855	0.20573	0.21872	0.23463	0.24914	0.26025	0.26873	0.27492	0.27716	0.27453	0.26895	0.26213	0.25555	0.25006	0.24627	0.24348	0.24015	0.23745	0.23661	0.23894	0.24538	0.25533	0.26754	0.28111	0.29429	0.30678	0.32461	0.35035	0.37957	0.40782	0.43004	0.44239	0.44785	0.45	0.45059	0.44857	0.44424	0.4386	0.43255	0.42576	0.42031	0.417	0.4139	0.41107	0.40839	0.40572	0.4021	0.39678	0.39021	0.38478	0.37919	0.3743	0.3705	0.36804	0.36839	0.36929	0.37155	0.37361	0.37455	0.37232	0.36632	0.35721	0.34621	0.33601	0.32547	0.31511	0.30638	0.29769	0.29051
72	0.19219	0.1923	0.19601	0.20562	0.22344	0.24578	0.26561	0.28016	0.29113	0.29934	0.30275	0.30002	0.29333	0.28527	0.2779	0.27209	0.26822	0.26538	0.26213	0.25975	0.25972	0.26346	0.27215	0.28497	0.29991	0.31584	0.33117	0.3458	0.36673	0.39698	0.43113	0.46269	0.4863	0.49892	0.50427	0.50645	0.50704	0.50495	0.5003	0.49413	0.48764	0.48043	0.4747	0.47119	0.46778	0.46463	0.46166	0.45873	0.45492	0.44941	0.44266	0.43679	0.43075	0.42541	0.42136	0.4184	0.41792	0.41791	0.41925	0.42018	0.41811	0.41028	0.39704	0.38086	0.36317	0.34653	0.33083	0.31658	0.30453	0.29268	0.28382
92	0.19731	0.19727	0.20064	0.20944	0.22551	0.24583	0.26424	0.27818	0.28895	0.29722	0.30073	0.29821	0.29185	0.28412	0.27698	0.27131	0.26759	0.2648	0.26139	0.2587	0.25819	0.26112	0.26871	0.28025	0.29413	0.30932	0.32385	0.33745	0.35643	0.38343	0.41365	0.44238	0.4646	0.47673	0.48191	0.48384	0.48418	0.48203	0.47772	0.47218	0.46642	0.46003	0.45506	0.4522	0.44943	0.44691	0.44452	0.44211	0.43861	0.43347	0.42729	0.42202	0.41657	0.41174	0.40796	0.40529	0.40509	0.40526	0.40684	0.4079	0.40604	0.39845	0.38602	0.37061	0.35368	0.33798	0.32294	0.30975	0.2983	0.28707	0.27844
101	0.18819	0.18813	0.19175	0.20118	0.21815	0.23943	0.2588	0.27334	0.2845	0.29305	0.29679	0.29447	0.28808	0.28003	0.27253	0.26649	0.26248	0.25947	0.25578	0.25282	0.2521	0.25505	0.26278	0.2748	0.2895	0.3056	0.32102	0.33516	0.35449	0.38225	0.41404	0.44525	0.47034	0.48466	0.49099	0.49346	0.49417	0.49223	0.48774	0.48189	0.47556	0.46838	0.46263	0.45918	0.45595	0.45302	0.45025	0.44745	0.44367	0.43796	0.4309	0.4247	0.41844	0.41287	0.40858	0.40573	0.40558	0.40599	0.40759	0.40824	0.4058	0.39753	0.38405	0.36761	0.35007	0.3333	0.31775	0.30323	0.29114	0.28035	0.27161
112	0.18771	0.18801	0.19203	0.20209	0.22008	0.24225	0.26188	0.27634	0.28723	0.29517	0.29822	0.29526	0.28843	0.28041	0.27315	0.2674	0.26365	0.26096	0.2578	0.25552	0.25561	0.25947	0.26818	0.28101	0.29595	0.31184	0.32706	0.34184	0.36311	0.39387	0.42821	0.45972	0.48303	0.49545	0.50087	0.5032	0.504	0.50204	0.49743	0.49132	0.48496	0.47783	0.47214	0.46861	0.46524	0.46202	0.45903	0.4562	0.4525	0.44715	0.44064	0.43505	0.42929	0.42421	0.42025	0.41759	0.41747	0.41781	0.41953	0.42037	0.41791	0.40966	0.39579	0.37878	0.36087	0.34383	0.32758	0.3133	0.30051	0.28888	0.27943
122	0.19515	0.1948	0.19786	0.20619	0.22174	0.24169	0.26002	0.27384	0.28444	0.29266	0.29624	0.2937	0.28694	0.27866	0.27102	0.26481	0.26061	0.25749	0.25372	0.25074	0.25011	0.25319	0.26104	0.27331	0.28817	0.30448	0.32027	0.33493	0.35544	0.38532	0.41984	0.45379	0.48081	0.49634	0.50335	0.506	0.5066	0.50436	0.49953	0.4931	0.4862	0.4786	0.47252	0.46878	0.46535	0.46216	0.45911	0.45605	0.45186	0.44571	0.4382	0.43155	0.42474	0.41876	0.41409	0.41081	0.41033	0.41056	0.41256	0.41449	0.41371	0.40694	0.39453	0.37899	0.36189	0.34605	0.33133	0.31732	0.30587	0.29489	0.28629
132	0.19741	0.1975	0.20104	0.21026	0.22711	0.24794	0.26638	0.27985	0.28997	0.29756	0.30086	0.29849	0.29247	0.28511	0.27823	0.2727	0.26906	0.26642	0.26318	0.26066	0.26041	0.26366	0.27143	0.28293	0.29643	0.3108	0.32448	0.33746	0.35608	0.38276	0.41207	0.439	0.45919	0.46977	0.47412	0.47562	0.47584	0.47353	0.46894	0.46318	0.45729	0.45075	0.44568	0.44274	0.43985	0.43704	0.43453	0.43213	0.42875	0.42382	0.41792	0.41311	0.40809	0.40371	0.40039	0.39818	0.39838	0.39875	0.40006	0.40067	0.39899	0.39254	0.38121	0.36708	0.3516	0.33733	0.32361	0.31073	0.2996	0.28949	0.28145
141	0.19009	0.19032	0.19427	0.20436	0.22262	0.24536	0.26564	0.28053	0.29174	0.3	0.30352	0.30097	0.29435	0.28645	0.2792	0.27336	0.26961	0.26687	0.26355	0.26103	0.26092	0.26463	0.27319	0.28592	0.30094	0.31697	0.33215	0.34653	0.36695	0.39657	0.43011	0.46187	0.48614	0.49948	0.50522	0.50726	0.50768	0.50534	0.5004	0.49401	0.48738	0.48005	0.47416	0.47056	0.46719	0.46398	0.46098	0.45806	0.4541	0.44841	0.44154	0.43563	0.42955	0.42422	0.42011	0.41728	0.417	0.41716	0.41842	0.41879	0.41575	0.40665	0.3923	0.37476	0.35623	0.33872	0.32258	0.30832	0.29528	0.28386	0.27463
151	0.19804	0.19781	0.20113	0.21013	0.2267	0.24736	0.26602	0.27999	0.29059	0.29844	0.30169	0.29899	0.29244	0.28464	0.27746	0.27164	0.26786	0.26512	0.26168	0.25896	0.25854	0.26181	0.26981	0.28193	0.29642	0.31204	0.32695	0.34095	0.36065	0.38908	0.42111	0.45146	0.47486	0.48785	0.49369	0.49604	0.49689	0.49504	0.49072	0.48499	0.47889	0.47202	0.46654	0.4633	0.46019	0.4572	0.45448	0.45188	0.44819	0.44279	0.4362	0.43047	0.42453	0.41937	0.41547	0.41279	0.41273	0.41319	0.41493	0.41648	0.41555	0.40906	0.39754	0.38276	0.3665	0.35115	0.33654	0.32322	0.3117	0.30055	0.2919
162	0.19017	0.19033	0.19413	0.20381	0.22126	0.24317	0.26309	0.27796	0.28934	0.2979	0.30153	0.29892	0.29206	0.28371	0.27621	0.27025	0.26637	0.26358	0.26011	0.25746	0.25718	0.26068	0.26912	0.28191	0.29728	0.31389	0.32989	0.34501	0.36623	0.39709	0.43255	0.46685	0.49363	0.50878	0.51564	0.51829	0.51891	0.51673	0.51186	0.50547	0.49878	0.49125	0.48515	0.48138	0.47782	0.47442	0.47135	0.4683	0.4641	0.45796	0.4506	0.44405	0.43729	0.43136	0.42681	0.42361	0.42307	0.42318	0.42476	0.42563	0.42295	0.41356	0.39828	0.37982	0.36055	0.34257	0.32506	0.31044	0.29778	0.28634	0.27685
171	0.17668	0.17711	0.18119	0.19097	0.20836	0.22996	0.2491	0.26298	0.27319	0.28092	0.28434	0.28213	0.27604	0.26849	0.26162	0.256	0.2523	0.24966	0.24641	0.24403	0.24402	0.24762	0.25585	0.26801	0.28236	0.29755	0.31198	0.32581	0.34583	0.37506	0.4084	0.4404	0.46507	0.47877	0.48485	0.48704	0.48747	0.4851	0.47998	0.4733	0.46633	0.45861	0.4523	0.44839	0.44475	0.44134	0.43811	0.43503	0.4309	0.42497	0.41798	0.41199	0.40578	0.40031	0.39606	0.39313	0.3928	0.39284	0.39388	0.39394	0.3909	0.3827	0.3698	0.35419	0.33745	0.32133	0.30612	0.29188	0.27944	0.26858	0.25981
181	0.20495	0.20491	0.20842	0.2179	0.2353	0.25681	0.27643	0.29138	0.30277	0.31092	0.314	0.31097	0.30401	0.29583	0.28844	0.28253	0.27868	0.2758	0.27234	0.26954	0.26907	0.27247	0.28064	0.29318	0.30829	0.32462	0.34036	0.35485	0.3749	0.40374	0.43629	0.46741	0.4917	0.50534	0.51159	0.51431	0.51538	0.51377	0.50968	0.50408	0.49808	0.4912	0.48566	0.48238	0.47927	0.47627	0.47353	0.47089	0.46717	0.46161	0.45482	0.44894	0.44288	0.43761	0.43371	0.431	0.43092	0.43164	0.43367	0.43477	0.43243	0.42372	0.40957	0.39212	0.37362	0.3568	0.34085	0.32644	0.31417	0.30233	0.29339
191	0.18438	0.18432	0.18788	0.19728	0.2145	0.2361	0.25575	0.27064	0.28221	0.29085	0.29448	0.29183	0.28485	0.27637	0.26884	0.26287	0.25899	0.25617	0.2527	0.24987	0.24932	0.25254	0.2606	0.27296	0.28804	0.30447	0.32025	0.33508	0.35547	0.38471	0.4178	0.44948	0.47415	0.48812	0.4946	0.49732	0.49838	0.49675	0.49274	0.48728	0.48137	0.47465	0.46928	0.46613	0.46323	0.46039	0.45773	0.45522	0.45151	0.44582	0.43895	0.433	0.42681	0.42142	0.41722	0.41426	0.41397	0.41445	0.4165	0.41792	0.41599	0.40768	0.39379	0.37724	0.35913	0.34175	0.32568	0.31105	0.29797	0.28665	0.2773
201	0.17255	0.1726	0.17616	0.18525	0.20158	0.2219	0.24042	0.25436	0.26509	0.27321	0.2767	0.27442	0.26796	0.26002	0.25286	0.24704	0.24321	0.24034	0.23679	0.23398	0.23336	0.23631	0.244	0.25581	0.27027	0.28603	0.30117	0.3153	0.33492	0.36339	0.39632	0.4289	0.45488	0.46986	0.47683	0.47956	0.48031	0.47825	0.47364	0.4675	0.46095	0.45357	0.44761	0.44407	0.44079	0.43769	0.43479	0.43203	0.42801	0.42194	0.41474	0.40852	0.40203	0.39644	0.39216	0.3893	0.3893	0.38988	0.39147	0.39214	0.38974	0.38201	0.36942	0.35403	0.33715	0.32095	0.30653	0.29185	0.27958	0.2688	0.25968
212	0.17347	0.17367	0.17756	0.18726	0.2047	0.22663	0.24626	0.26084	0.27194	0.28041	0.28421	0.28188	0.27516	0.26699	0.25966	0.25385	0.25006	0.24728	0.24384	0.24125	0.24102	0.24446	0.25271	0.26536	0.28064	0.29712	0.31305	0.32822	0.34946	0.38057	0.41663	0.45158	0.47872	0.49401	0.50098	0.5036	0.5043	0.50201	0.4971	0.49062	0.48367	0.47602	0.46967	0.46582	0.46238	0.45895	0.45583	0.45287	0.44858	0.44227	0.4348	0.42823	0.42145	0.41554	0.41098	0.40783	0.4075	0.40805	0.40982	0.41063	0.40776	0.39821	0.38334	0.36516	0.34564	0.32744	0.31102	0.29552	0.28191	0.27059	0.26072
222	0.18783	0.18789	0.19143	0.20077	0.21794	0.23945	0.25891	0.27338	0.28447	0.29277	0.29628	0.29361	0.28667	0.27846	0.27124	0.26549	0.26178	0.25907	0.25574	0.25309	0.25271	0.25606	0.26401	0.27612	0.29059	0.306	0.32074	0.33472	0.35449	0.38278	0.41425	0.4435	0.46528	0.47689	0.48202	0.48395	0.48446	0.48238	0.47809	0.47255	0.4668	0.46045	0.45543	0.45261	0.44986	0.44716	0.44468	0.44229	0.43876	0.43351	0.42741	0.42227	0.41678	0.41194	0.40809	0.4052	0.40469	0.40476	0.40614	0.40693	0.40474	0.39668	0.38348	0.36771	0.35025	0.33411	0.31877	0.30509	0.29273	0.28168	0.27356
232	0.18336	0.18295	0.18575	0.19366	0.20831	0.227	0.24421	0.25701	0.26685	0.27447	0.27784	0.27545	0.26884	0.26077	0.25359	0.24771	0.24382	0.24086	0.23728	0.23444	0.23374	0.23656	0.24385	0.25528	0.26921	0.28445	0.29936	0.31353	0.33355	0.36292	0.39727	0.43159	0.45896	0.47474	0.48204	0.48467	0.48516	0.48269	0.47751	0.47075	0.46364	0.45581	0.44945	0.44562	0.44217	0.43885	0.43574	0.43266	0.42838	0.42205	0.41451	0.40802	0.40133	0.39555	0.39099	0.3879	0.3877	0.38826	0.39039	0.3925	0.39238	0.38703	0.37646	0.3625	0.34742	0.33317	0.31999	0.30701	0.29533	0.28522	0.27714
241	0.18837	0.18846	0.19205	0.20174	0.21949	0.24197	0.26227	0.2773	0.28883	0.29748	0.30128	0.29864	0.29151	0.28304	0.2756	0.26961	0.26576	0.26293	0.25954	0.25687	0.2566	0.26032	0.26893	0.28199	0.29753	0.31403	0.32993	0.34505	0.36613	0.39662	0.43113	0.46356	0.48812	0.50155	0.50751	0.50974	0.51044	0.50835	0.50384	0.49784	0.49143	0.48419	0.47835	0.47489	0.4716	0.46822	0.46521	0.46244	0.45849	0.45251	0.44558	0.43952	0.43317	0.42755	0.4232	0.41994	0.41922	0.41919	0.42052	0.4215	0.41927	0.41044	0.396	0.37842	0.3598	0.34261	0.32611	0.31182	0.29902	0.2871	0.27726
251	0.25171	0.25005	0.25054	0.25472	0.2639	0.27581	0.28626	0.29362	0.2991	0.30261	0.30258	0.2983	0.29177	0.28515	0.27931	0.27408	0.27035	0.26754	0.26442	0.26187	0.26106	0.26344	0.26938	0.27838	0.28903	0.30031	0.31126	0.32283	0.34113	0.36842	0.39894	0.42693	0.44716	0.4574	0.46148	0.46253	0.46217	0.45907	0.45379	0.44729	0.44049	0.43315	0.42729	0.42366	0.42009	0.41658	0.41335	0.41043	0.40632	0.40067	0.39458	0.38968	0.38451	0.38009	0.37655	0.37412	0.3744	0.37555	0.37825	0.38181	0.38591	0.38798	0.38684	0.38215	0.37583	0.37029	0.36428	0.35859	0.35406	0.34786	0.34397
252	0.25771	0.25634	0.25727	0.26233	0.27317	0.28721	0.29943	0.3079	0.31417	0.31824	0.31852	0.314	0.30704	0.30008	0.29413	0.28884	0.28513	0.2824	0.2795	0.2773	0.27702	0.28017	0.28719	0.29737	0.30901	0.32102	0.33271	0.34518	0.36476	0.39385	0.42586	0.45425	0.47431	0.4842	0.48804	0.48889	0.48839	0.48513	0.47964	0.473	0.46606	0.4586	0.45265	0.4489	0.44524	0.44153	0.43817	0.43511	0.431	0.42533	0.41924	0.41433	0.40911	0.40454	0.40094	0.39847	0.39847	0.39929	0.40159	0.40481	0.40839	0.40938	0.40618	0.39915	0.3907	0.38366	0.37592	0.36903	0.36346	0.35645	0.35138
261	0.17428	0.17452	0.17818	0.18755	0.20416	0.22478	0.24333	0.25705	0.26754	0.2752	0.27844	0.27593	0.26935	0.26168	0.25506	0.24959	0.24597	0.24344	0.24038	0.23788	0.23751	0.24084	0.24884	0.26084	0.27504	0.29003	0.30455	0.31851	0.33831	0.36713	0.40001	0.43147	0.45563	0.46906	0.47519	0.47747	0.47801	0.47581	0.47122	0.46512	0.45848	0.45104	0.44512	0.44166	0.43833	0.43496	0.43187	0.42912	0.42516	0.41917	0.41236	0.40652	0.40034	0.39502	0.39083	0.38779	0.38728	0.38759	0.3888	0.38936	0.38742	0.38029	0.36833	0.3539	0.33788	0.32235	0.30804	0.29443	0.28222	0.27163	0.26312
281	0.18245	0.18232	0.18545	0.19404	0.20942	0.2286	0.2463	0.25968	0.27001	0.2776	0.28072	0.27823	0.27169	0.26393	0.2572	0.25151	0.24776	0.24507	0.24183	0.23899	0.23812	0.24084	0.2481	0.25946	0.27339	0.28841	0.30321	0.31711	0.33608	0.36357	0.39514	0.42628	0.45135	0.46606	0.4732	0.47619	0.47737	0.47578	0.47195	0.46652	0.46032	0.45323	0.44757	0.44432	0.44134	0.43831	0.43549	0.433	0.42927	0.42331	0.41629	0.41023	0.4038	0.39826	0.394	0.39105	0.3909	0.39202	0.39436	0.3959	0.39478	0.38801	0.37664	0.36216	0.34598	0.33105	0.31675	0.30342	0.29155	0.28137	0.27264
291	0.24687	0.24532	0.24597	0.25041	0.25988	0.27267	0.28432	0.2926	0.29891	0.30349	0.30463	0.30087	0.294	0.2865	0.27992	0.27409	0.2698	0.26656	0.263	0.25985	0.25846	0.26038	0.26625	0.27563	0.28699	0.29927	0.31161	0.32403	0.34257	0.3705	0.40305	0.43473	0.45917	0.47266	0.47839	0.47996	0.47967	0.47648	0.47093	0.46388	0.45624	0.44796	0.4414	0.43737	0.43364	0.42978	0.42622	0.42308	0.41864	0.41217	0.40485	0.39857	0.3921	0.38659	0.38238	0.37963	0.37964	0.38082	0.38334	0.38665	0.39025	0.39087	0.38721	0.38007	0.37141	0.36391	0.35595	0.34842	0.34251	0.33567	0.33064
292	0.25474	0.25327	0.25398	0.25868	0.26878	0.28232	0.29464	0.30332	0.3099	0.3147	0.31594	0.31219	0.30527	0.2978	0.2912	0.28539	0.28112	0.27786	0.2743	0.27118	0.26986	0.27199	0.27811	0.28784	0.29952	0.31206	0.32459	0.33716	0.35563	0.38338	0.41551	0.44663	0.47053	0.48367	0.48925	0.49079	0.49054	0.48745	0.48202	0.47516	0.46768	0.45957	0.45315	0.44919	0.44554	0.44171	0.43817	0.43512	0.43076	0.42447	0.4173	0.41117	0.40484	0.3994	0.39536	0.39271	0.3926	0.39382	0.39659	0.39994	0.4033	0.40333	0.39903	0.39061	0.38102	0.37318	0.36463	0.35664	0.35085	0.34359	0.33851
301	0.24285	0.24166	0.24272	0.24796	0.25909	0.27382	0.28724	0.29712	0.30494	0.31042	0.3118	0.30779	0.30072	0.29325	0.28686	0.28138	0.27749	0.27453	0.27131	0.26856	0.26771	0.27024	0.27679	0.28698	0.29904	0.31182	0.32456	0.33741	0.35612	0.38361	0.41456	0.44346	0.4649	0.47654	0.48175	0.48361	0.48386	0.48148	0.47703	0.47141	0.46509	0.45807	0.45273	0.44968	0.4467	0.44341	0.44031	0.43781	0.4342	0.42871	0.42241	0.41708	0.41141	0.40641	0.40248	0.39949	0.3987	0.39947	0.40233	0.4059	0.40881	0.4074	0.40134	0.39177	0.3805	0.37079	0.3612	0.35202	0.34469	0.33669	0.33084
302	0.23995	0.23888	0.24016	0.24593	0.25787	0.27358	0.28811	0.29902	0.30761	0.31372	0.31546	0.31152	0.30434	0.29676	0.29023	0.2847	0.28077	0.2778	0.27451	0.27167	0.27081	0.27346	0.28014	0.2907	0.3032	0.31647	0.3297	0.34273	0.36123	0.38833	0.41876	0.44739	0.46901	0.48105	0.48663	0.48885	0.48931	0.48721	0.48309	0.47769	0.47156	0.46488	0.45972	0.45674	0.45401	0.45089	0.44795	0.4456	0.44209	0.43678	0.43063	0.42538	0.41982	0.41484	0.41095	0.408	0.40705	0.4076	0.41011	0.41316	0.41523	0.41295	0.40561	0.39466	0.38256	0.3718	0.36092	0.35148	0.34305	0.3342	0.32795
