12	0.20402	0.20422	0.20799	0.21847	0.23652	0.25787	0.27653	0.29105	0.3019	0.30962	0.3129	0.30977	0.30201	0.29466	0.28704	0.28131	0.27838	0.27558	0.27174	0.2689	0.26877	0.27216	0.28007	0.29194	0.30614	0.32107	0.33552	0.34935	0.36794	0.39501	0.4252	0.45285	0.47396	0.48672	0.49247	0.49465	0.49588	0.49354	0.48862	0.48378	0.47786	0.4716	0.46574	0.46192	0.45964	0.45672	0.45451	0.45277	0.44989	0.44456	0.4373	0.43218	0.42611	0.42082	0.4177	0.41539	0.41455	0.41537	0.41735	0.41949	0.41875	0.41237	0.40077	0.38378	0.36691	0.35154	0.33704	0.32348	0.31215	0.30231	0.29379
42	0.17983	0.17923	0.18167	0.18891	0.20144	0.21644	0.22946	0.23986	0.2476	0.25339	0.2557	0.2526	0.24558	0.23948	0.23294	0.22754	0.22473	0.22185	0.21813	0.21531	0.21471	0.21673	0.22229	0.23191	0.24375	0.25691	0.26948	0.28176	0.29921	0.32519	0.35502	0.38315	0.40483	0.41812	0.42411	0.42603	0.42716	0.42435	0.41886	0.41341	0.40773	0.40142	0.39517	0.39126	0.38867	0.38517	0.38306	0.38135	0.37825	0.37242	0.36478	0.35886	0.35287	0.3478	0.34432	0.34226	0.34189	0.34325	0.34549	0.34813	0.34935	0.34771	0.34223	0.33464	0.32675	0.31829	0.31007	0.30107	0.29295	0.28507	0.27799
52	0.18363	0.18312	0.18568	0.19327	0.20657	0.22263	0.23674	0.24804	0.25647	0.26304	0.26563	0.26254	0.25522	0.24877	0.24194	0.23645	0.23361	0.23079	0.22703	0.22414	0.22366	0.22594	0.23194	0.24217	0.2547	0.26855	0.2819	0.29486	0.31288	0.33955	0.37011	0.39882	0.42095	0.4344	0.44062	0.44272	0.44408	0.44162	0.4365	0.43133	0.42563	0.41936	0.41313	0.40918	0.40656	0.40317	0.40107	0.39942	0.39633	0.39049	0.38283	0.3768	0.37059	0.36532	0.36181	0.35947	0.3589	0.36021	0.36267	0.36548	0.36661	0.36435	0.35791	0.34832	0.33855	0.32825	0.3187	0.30813	0.29992	0.29056	0.28355
62	0.18747	0.18681	0.18938	0.19697	0.21017	0.22633	0.24034	0.25141	0.25963	0.26606	0.26866	0.26573	0.25868	0.25245	0.24564	0.2403	0.23745	0.23447	0.23075	0.22795	0.22747	0.22968	0.23562	0.24569	0.25797	0.27142	0.28423	0.29676	0.31435	0.34021	0.36986	0.39776	0.41913	0.43212	0.43811	0.44006	0.44127	0.43867	0.43349	0.4282	0.42248	0.41621	0.41001	0.40615	0.40363	0.40026	0.39814	0.39654	0.39355	0.38778	0.38022	0.37442	0.36848	0.36345	0.35999	0.35784	0.35746	0.35868	0.36104	0.36347	0.36477	0.36292	0.35667	0.34748	0.33785	0.32816	0.31874	0.30878	0.30036	0.29209	0.28491
72	0.18147	0.18152	0.1854	0.19596	0.21437	0.23664	0.25551	0.2699	0.28073	0.28907	0.29268	0.28938	0.28115	0.2735	0.26597	0.26048	0.25765	0.25465	0.25088	0.24859	0.24888	0.25263	0.26098	0.27377	0.28886	0.30443	0.31925	0.334	0.35472	0.38494	0.41929	0.4505	0.47321	0.48632	0.49229	0.49453	0.4956	0.49303	0.48789	0.48233	0.47597	0.46914	0.4629	0.45877	0.45605	0.45256	0.45009	0.44819	0.44502	0.43899	0.43126	0.42526	0.41882	0.41326	0.40947	0.40689	0.40577	0.40611	0.40768	0.40913	0.40745	0.39998	0.38669	0.36891	0.35134	0.33542	0.32086	0.307	0.29532	0.28478	0.27602
92	0.18711	0.18698	0.19049	0.19998	0.21661	0.23699	0.25474	0.26862	0.27928	0.28756	0.29122	0.28828	0.28036	0.2731	0.2657	0.26039	0.25761	0.25457	0.25079	0.24807	0.24786	0.25085	0.258	0.26965	0.28367	0.29852	0.31259	0.32628	0.34492	0.37176	0.40234	0.43067	0.45213	0.46462	0.47035	0.47227	0.47293	0.47035	0.46537	0.46018	0.45471	0.44859	0.44303	0.43964	0.4375	0.43459	0.43266	0.43118	0.4284	0.42288	0.41564	0.41022	0.40441	0.39932	0.39572	0.39343	0.39248	0.39317	0.39487	0.3962	0.39447	0.38731	0.37447	0.35792	0.34227	0.32765	0.31362	0.30157	0.28981	0.28033	0.27211
101	0.1811	0.1809	0.18463	0.1946	0.21204	0.23336	0.25192	0.26629	0.27727	0.28583	0.28973	0.2868	0.27873	0.27119	0.26342	0.2578	0.25478	0.25144	0.24738	0.2444	0.24406	0.24703	0.25438	0.26667	0.28156	0.2973	0.31216	0.32626	0.34508	0.37269	0.40495	0.43587	0.46013	0.4747	0.48149	0.48392	0.48498	0.48275	0.4779	0.4723	0.4661	0.45923	0.45304	0.44915	0.44655	0.44314	0.4408	0.43918	0.43603	0.4298	0.42175	0.41524	0.40864	0.40308	0.39896	0.39635	0.39563	0.39641	0.39816	0.39894	0.39625	0.38817	0.37396	0.35692	0.33968	0.32423	0.31023	0.2969	0.28578	0.2753	0.26704
112	0.17901	0.1792	0.18332	0.19406	0.21256	0.23449	0.25323	0.26758	0.27833	0.28627	0.28946	0.28599	0.27757	0.27016	0.26269	0.25738	0.25455	0.25156	0.24812	0.24583	0.24626	0.25019	0.25853	0.27154	0.28662	0.30209	0.31679	0.33153	0.35253	0.38311	0.41773	0.44896	0.47123	0.48396	0.49002	0.49239	0.49342	0.49123	0.48622	0.48053	0.47424	0.4674	0.4612	0.45726	0.45442	0.45081	0.44823	0.44654	0.44347	0.43774	0.43025	0.4244	0.41839	0.41315	0.40943	0.4069	0.40641	0.4072	0.40908	0.40993	0.40737	0.39943	0.38545	0.36838	0.34967	0.33362	0.31853	0.30482	0.29245	0.28129	0.2723
122	0.18788	0.18734	0.19045	0.1994	0.21533	0.23542	0.25328	0.26708	0.27771	0.28594	0.28975	0.28652	0.27813	0.27028	0.26244	0.25665	0.25334	0.24992	0.24579	0.24294	0.24255	0.24567	0.25327	0.26573	0.28091	0.29698	0.31235	0.327	0.34719	0.37707	0.41227	0.44621	0.47254	0.48828	0.49578	0.49854	0.49945	0.49696	0.49176	0.48575	0.4789	0.47151	0.46502	0.4609	0.45797	0.45449	0.4517	0.44976	0.44628	0.43968	0.43115	0.42422	0.41714	0.41095	0.40629	0.40329	0.40232	0.40321	0.40575	0.40814	0.40767	0.4014	0.38912	0.37206	0.3553	0.33974	0.32566	0.312	0.30081	0.29026	0.28172
132	0.18911	0.18914	0.19281	0.2026	0.21976	0.24038	0.25805	0.27141	0.28149	0.28915	0.29268	0.28989	0.28245	0.27548	0.26846	0.26332	0.26057	0.25753	0.25405	0.2517	0.25166	0.25484	0.26226	0.27376	0.28744	0.30143	0.31466	0.32766	0.34592	0.37228	0.40199	0.42871	0.44808	0.45898	0.46393	0.46548	0.46608	0.46351	0.4584	0.45278	0.4471	0.44083	0.43522	0.43191	0.42938	0.42621	0.42394	0.42268	0.42005	0.41465	0.40798	0.40269	0.39751	0.39311	0.38974	0.38769	0.38726	0.38802	0.38939	0.38985	0.38813	0.38209	0.37111	0.35654	0.34195	0.32794	0.31542	0.30321	0.29235	0.28303	0.27566
141	0.18118	0.18126	0.18546	0.19627	0.21501	0.23754	0.25693	0.27151	0.28251	0.29081	0.29454	0.29154	0.28335	0.2759	0.26839	0.26313	0.26017	0.2571	0.25354	0.25118	0.25136	0.25506	0.26331	0.27605	0.29129	0.30688	0.32168	0.33608	0.35621	0.38559	0.41963	0.45125	0.47478	0.48824	0.4945	0.49672	0.49737	0.4948	0.48948	0.4834	0.47678	0.46962	0.46332	0.45946	0.45656	0.45293	0.45015	0.44836	0.44509	0.43892	0.43126	0.42506	0.41865	0.41307	0.40902	0.40623	0.40548	0.40616	0.40778	0.40818	0.40518	0.39644	0.38171	0.36293	0.34503	0.32847	0.31373	0.29998	0.28808	0.27679	0.26865
151	0.18759	0.18725	0.19073	0.20034	0.21726	0.23789	0.25611	0.27003	0.28058	0.28854	0.29195	0.28882	0.28077	0.27349	0.26603	0.26068	0.25773	0.25456	0.25089	0.24841	0.24819	0.25146	0.25914	0.27124	0.286	0.30131	0.31574	0.32982	0.34921	0.37747	0.40999	0.44009	0.46289	0.47621	0.48261	0.48518	0.48636	0.48425	0.47956	0.4741	0.46798	0.46135	0.45557	0.45205	0.44934	0.44601	0.44364	0.44211	0.43909	0.43321	0.42576	0.41963	0.41357	0.4082	0.40433	0.40169	0.40111	0.40206	0.40426	0.40586	0.40504	0.39933	0.38809	0.37241	0.35658	0.34164	0.32738	0.31462	0.303	0.29243	0.28408
162	0.18526	0.18539	0.1894	0.19966	0.21769	0.23954	0.25898	0.27384	0.28515	0.29389	0.29774	0.29449	0.28601	0.27811	0.27035	0.26486	0.26177	0.25859	0.25497	0.25236	0.25225	0.25582	0.26399	0.27703	0.29279	0.30914	0.32478	0.33999	0.36087	0.39165	0.42774	0.46211	0.4882	0.50351	0.5108	0.51364	0.51464	0.51223	0.50725	0.50131	0.49433	0.48701	0.48057	0.4764	0.47322	0.46971	0.46682	0.46492	0.46141	0.45487	0.44654	0.43971	0.43268	0.4266	0.42194	0.41881	0.41796	0.41859	0.42057	0.4218	0.41909	0.40989	0.39404	0.37411	0.3542	0.33662	0.32062	0.30589	0.29319	0.28221	0.27401
171	0.16804	0.16815	0.17235	0.18252	0.20036	0.22175	0.24012	0.25346	0.26331	0.27109	0.27473	0.27203	0.2644	0.25754	0.25051	0.24534	0.24241	0.23936	0.23595	0.23372	0.23388	0.23749	0.24531	0.25759	0.27208	0.28698	0.30109	0.31486	0.33454	0.36369	0.39753	0.42929	0.45332	0.4672	0.47376	0.47607	0.47697	0.47424	0.46861	0.46201	0.45505	0.44756	0.4409	0.43673	0.43343	0.42959	0.42654	0.42459	0.42126	0.41502	0.40715	0.40057	0.3942	0.38874	0.38439	0.38135	0.3805	0.38098	0.38241	0.38209	0.37881	0.37057	0.35682	0.34033	0.32454	0.30978	0.29685	0.2843	0.27339	0.2623	0.25401
181	0.19793	0.19773	0.20151	0.21172	0.22942	0.25072	0.27004	0.28501	0.2964	0.30457	0.30779	0.30438	0.296	0.28827	0.28061	0.2751	0.27207	0.26899	0.26527	0.26254	0.26226	0.26555	0.2735	0.28606	0.30144	0.3174	0.33269	0.34726	0.36692	0.39546	0.42843	0.45936	0.48302	0.49682	0.50362	0.50668	0.50799	0.5062	0.50185	0.49657	0.4904	0.48358	0.47782	0.47434	0.4717	0.4684	0.46587	0.46432	0.46139	0.45543	0.44788	0.44169	0.43544	0.42996	0.42596	0.42328	0.42294	0.42434	0.42702	0.42858	0.42651	0.41886	0.40504	0.38677	0.36776	0.35051	0.33455	0.32021	0.30797	0.29727	0.28905
191	0.17528	0.17497	0.1788	0.18895	0.20667	0.22832	0.24756	0.26222	0.27357	0.2825	0.28625	0.28287	0.27425	0.26625	0.25858	0.25304	0.24991	0.24674	0.24311	0.24035	0.24001	0.24337	0.25111	0.26389	0.27942	0.29563	0.3111	0.326	0.34619	0.37541	0.4092	0.44091	0.46505	0.47915	0.48602	0.48899	0.49039	0.48854	0.48412	0.47881	0.47278	0.46607	0.46044	0.45709	0.45437	0.45112	0.44872	0.44726	0.44424	0.4382	0.4306	0.42411	0.41777	0.41219	0.40794	0.40495	0.40439	0.40543	0.40794	0.40948	0.40729	0.39924	0.38535	0.36723	0.34857	0.3323	0.31679	0.30279	0.29087	0.27957	0.27081
201	0.16459	0.16418	0.16793	0.1773	0.19369	0.21405	0.23194	0.24527	0.25544	0.26376	0.26736	0.26439	0.25649	0.24905	0.24198	0.23654	0.23331	0.23017	0.2266	0.2238	0.22334	0.22638	0.23359	0.24559	0.26033	0.27586	0.29043	0.30451	0.32369	0.35203	0.38549	0.41795	0.44322	0.45808	0.46531	0.46815	0.46941	0.46715	0.46198	0.45583	0.44942	0.44228	0.43601	0.43233	0.42926	0.4257	0.42302	0.42138	0.41808	0.4117	0.40383	0.3968	0.39033	0.38484	0.38024	0.37735	0.37696	0.37807	0.38005	0.38054	0.37758	0.36963	0.3561	0.33983	0.32411	0.30957	0.29664	0.28378	0.27298	0.26174	0.2543
212	0.16585	0.16569	0.16977	0.17979	0.1975	0.21915	0.23815	0.25214	0.26286	0.27163	0.27551	0.27243	0.26424	0.25648	0.24932	0.24386	0.24066	0.23762	0.23424	0.23166	0.23149	0.23499	0.24289	0.25565	0.27113	0.28739	0.30281	0.31788	0.33863	0.36958	0.40612	0.44089	0.4675	0.48274	0.4901	0.49324	0.49446	0.49206	0.48678	0.4804	0.47346	0.466	0.45958	0.45561	0.45223	0.44845	0.44559	0.44364	0.44016	0.43359	0.42538	0.4182	0.41126	0.40525	0.40046	0.39725	0.3966	0.3976	0.39988	0.40057	0.39715	0.38737	0.37124	0.35198	0.333	0.31616	0.30131	0.28688	0.275	0.26393	0.25502
222	0.17908	0.17885	0.18269	0.1926	0.20994	0.23137	0.25037	0.26455	0.27547	0.28417	0.28766	0.28439	0.27603	0.26822	0.26098	0.25567	0.25257	0.24956	0.24621	0.24363	0.24329	0.24662	0.25427	0.2665	0.28124	0.29648	0.31087	0.32498	0.34443	0.37264	0.40467	0.43372	0.45504	0.46693	0.47252	0.47482	0.47589	0.47353	0.46872	0.46318	0.45738	0.45117	0.44602	0.44304	0.44035	0.43713	0.43488	0.43354	0.43084	0.4253	0.41857	0.41273	0.40712	0.40215	0.39801	0.3951	0.3942	0.39482	0.39669	0.39758	0.39521	0.38718	0.37368	0.35656	0.33967	0.32461	0.3106	0.29738	0.2863	0.27514	0.26667
232	0.17571	0.17502	0.17807	0.18633	0.20109	0.21997	0.23694	0.24932	0.25889	0.26706	0.27055	0.26745	0.25941	0.25172	0.24473	0.23915	0.23564	0.23236	0.22897	0.22602	0.2254	0.2283	0.2353	0.24685	0.26125	0.27651	0.29102	0.30513	0.32474	0.35424	0.38934	0.42377	0.45052	0.46622	0.47376	0.47666	0.47764	0.47513	0.46945	0.46268	0.45559	0.4479	0.44143	0.43751	0.434	0.43009	0.42723	0.42531	0.42168	0.41498	0.4069	0.39966	0.3929	0.38715	0.38215	0.37904	0.37848	0.37956	0.38209	0.38408	0.38357	0.37811	0.36708	0.353	0.33847	0.32483	0.31234	0.3	0.28913	0.27867	0.27115
241	0.18034	0.18016	0.18414	0.19437	0.21234	0.23441	0.2543	0.26889	0.28033	0.28949	0.29327	0.28996	0.28155	0.27323	0.26591	0.26039	0.25691	0.25392	0.25074	0.248	0.24763	0.25138	0.25967	0.27283	0.2886	0.30491	0.32043	0.33548	0.35613	0.38655	0.4215	0.45384	0.47797	0.4914	0.49774	0.50048	0.50152	0.49947	0.49468	0.48877	0.48231	0.47515	0.46934	0.46575	0.46235	0.4587	0.45595	0.45415	0.45081	0.44466	0.43736	0.43081	0.42432	0.41864	0.41394	0.41061	0.40956	0.41026	0.41223	0.41329	0.41094	0.40235	0.3877	0.36926	0.35041	0.33358	0.31823	0.30372	0.29164	0.28005	0.27165
251	0.23912	0.23731	0.23808	0.24264	0.25156	0.26322	0.27441	0.28243	0.28822	0.29224	0.29284	0.28865	0.28147	0.27492	0.26913	0.2641	0.26061	0.2576	0.25465	0.25197	0.25104	0.2532	0.25865	0.26746	0.27824	0.28945	0.30022	0.31177	0.32985	0.35718	0.38821	0.41599	0.43549	0.4457	0.45019	0.45161	0.45194	0.44874	0.44281	0.43603	0.42939	0.4223	0.41644	0.41279	0.40909	0.40492	0.40194	0.40009	0.39691	0.39109	0.38468	0.37905	0.37401	0.36965	0.36578	0.36328	0.36328	0.36508	0.36832	0.37211	0.37693	0.38071	0.38193	0.3793	0.37313	0.36681	0.35987	0.3524	0.34588	0.33985	0.33478
252	0.23965	0.23812	0.23944	0.24508	0.25584	0.26957	0.28246	0.2917	0.29827	0.3031	0.30384	0.29944	0.29183	0.28496	0.27899	0.27394	0.27054	0.2676	0.26493	0.26257	0.26211	0.26508	0.27151	0.28157	0.29348	0.30543	0.31703	0.32955	0.34894	0.37795	0.41037	0.43877	0.4583	0.46828	0.47251	0.47393	0.47395	0.47073	0.46482	0.45788	0.45107	0.44379	0.43793	0.43424	0.43038	0.42608	0.42297	0.42106	0.41783	0.4119	0.4055	0.40007	0.39493	0.39039	0.38654	0.38393	0.38372	0.38526	0.38838	0.39226	0.3967	0.39943	0.39846	0.39318	0.38396	0.37581	0.36686	0.35734	0.35029	0.34347	0.33755
261	0.16447	0.16443	0.16833	0.17787	0.19453	0.21498	0.2328	0.24563	0.25572	0.2638	0.2671	0.264	0.25667	0.24903	0.24287	0.23767	0.23423	0.23148	0.2287	0.22605	0.2256	0.22909	0.23665	0.24855	0.26299	0.27789	0.29199	0.30585	0.32534	0.35435	0.38772	0.41898	0.44262	0.45591	0.46214	0.46479	0.46581	0.46358	0.45854	0.45223	0.44579	0.43851	0.43264	0.4291	0.42558	0.42157	0.41873	0.41676	0.41346	0.40741	0.40032	0.39399	0.38767	0.38231	0.3779	0.37481	0.37402	0.37479	0.37667	0.37745	0.37534	0.36747	0.35436	0.33938	0.3242	0.31035	0.29767	0.28554	0.27346	0.26356	0.25518
281	0.1723	0.17206	0.17542	0.18409	0.19954	0.21873	0.23591	0.24861	0.25873	0.26652	0.26966	0.26669	0.25962	0.25173	0.24541	0.23999	0.23634	0.23349	0.23029	0.22734	0.22641	0.22934	0.2364	0.24771	0.26168	0.27673	0.29109	0.30467	0.32331	0.35095	0.38272	0.41363	0.43816	0.45278	0.45979	0.46307	0.46452	0.46292	0.45887	0.45345	0.44741	0.44056	0.43495	0.43146	0.42827	0.42478	0.42204	0.42018	0.4169	0.41088	0.40388	0.39749	0.39101	0.38532	0.38116	0.37828	0.37788	0.37922	0.38179	0.38329	0.38186	0.37506	0.36279	0.34846	0.33333	0.31887	0.30672	0.2941	0.28312	0.27276	0.26501
291	0.23431	0.23293	0.23376	0.2381	0.24732	0.26	0.27223	0.2811	0.28771	0.29264	0.29402	0.2903	0.2833	0.2754	0.26893	0.26334	0.25909	0.25575	0.25204	0.24876	0.24723	0.24913	0.25498	0.26416	0.27546	0.28775	0.29999	0.31212	0.33063	0.35897	0.39195	0.42367	0.44824	0.46199	0.46782	0.4698	0.46934	0.46612	0.4607	0.45381	0.44613	0.43795	0.43139	0.4268	0.42275	0.4188	0.41524	0.41234	0.40823	0.40178	0.39439	0.38799	0.38131	0.37551	0.37166	0.36907	0.36876	0.37007	0.37289	0.3769	0.38099	0.38243	0.38012	0.37429	0.36574	0.35807	0.3491	0.34095	0.33346	0.32632	0.32082
292	0.24043	0.23916	0.24017	0.24482	0.25475	0.26825	0.28133	0.29092	0.2982	0.30334	0.30486	0.30118	0.29417	0.28614	0.2796	0.2741	0.26992	0.26671	0.26304	0.25984	0.25841	0.26044	0.26674	0.27633	0.2879	0.30041	0.3129	0.32521	0.34362	0.37161	0.40403	0.43491	0.4588	0.47212	0.47776	0.47974	0.47918	0.47617	0.4711	0.46464	0.45708	0.44898	0.44269	0.43817	0.4345	0.43065	0.42714	0.42418	0.42016	0.41385	0.40684	0.4009	0.39423	0.38853	0.38486	0.38244	0.38218	0.38329	0.38613	0.38986	0.39394	0.39482	0.39196	0.38493	0.37512	0.36599	0.35671	0.34778	0.3395	0.33285	0.32712
301	0.22943	0.22837	0.22965	0.23488	0.24584	0.26065	0.27481	0.2856	0.294	0.29964	0.30121	0.29727	0.29	0.28203	0.27563	0.27045	0.26673	0.26394	0.26047	0.25769	0.25667	0.25918	0.26597	0.2761	0.28797	0.30078	0.31354	0.32636	0.34519	0.3729	0.40408	0.43276	0.45446	0.46666	0.47222	0.47473	0.47462	0.47224	0.46828	0.46318	0.45651	0.44949	0.44423	0.44042	0.43743	0.43449	0.43148	0.42891	0.4254	0.41996	0.41364	0.40858	0.40256	0.39698	0.39362	0.391	0.3902	0.39092	0.39385	0.39822	0.40208	0.40149	0.3968	0.38806	0.37678	0.36585	0.3551	0.34444	0.33611	0.32801	0.32176
302	0.2255	0.2245	0.22598	0.23174	0.24353	0.25948	0.27464	0.28623	0.29556	0.30147	0.30334	0.29945	0.29205	0.28415	0.2776	0.27246	0.26889	0.26614	0.26251	0.25958	0.25861	0.26109	0.26794	0.27842	0.29073	0.30397	0.31712	0.32997	0.34835	0.37534	0.4057	0.43393	0.4555	0.46789	0.47386	0.47645	0.47642	0.47427	0.47063	0.46601	0.45949	0.4525	0.44744	0.44391	0.44135	0.43867	0.43586	0.43344	0.42996	0.42473	0.41867	0.41385	0.40785	0.40234	0.39905	0.39647	0.39555	0.39594	0.39851	0.40192	0.40484	0.40319	0.39731	0.38774	0.37543	0.36391	0.35225	0.34196	0.33182	0.32397	0.31753
