12	0.21028	0.21014	0.21331	0.22349	0.2408	0.26148	0.2806	0.29477	0.3054	0.3132	0.31564	0.31216	0.30532	0.29745	0.29101	0.28555	0.28181	0.27908	0.27552	0.2725	0.27208	0.27606	0.28392	0.29614	0.31091	0.3258	0.34	0.35339	0.37232	0.39896	0.42961	0.4586	0.47995	0.49186	0.4972	0.49924	0.50007	0.49834	0.49378	0.48798	0.4817	0.47475	0.46916	0.46573	0.46335	0.461	0.45894	0.45694	0.45277	0.44637	0.43993	0.4353	0.4298	0.42441	0.42199	0.4194	0.41835	0.41899	0.42121	0.42277	0.42161	0.41368	0.40028	0.3848	0.368	0.35269	0.33947	0.32636	0.31544	0.30582	0.29756
42	0.1865	0.18586	0.18759	0.19463	0.20681	0.22179	0.23628	0.24725	0.25544	0.26126	0.26271	0.25948	0.25351	0.24678	0.24107	0.23608	0.23244	0.23005	0.22663	0.22343	0.22245	0.22497	0.23081	0.24045	0.25251	0.26515	0.27766	0.28958	0.307	0.33217	0.3621	0.39114	0.41286	0.42508	0.43042	0.43218	0.43271	0.43055	0.42569	0.41988	0.41348	0.40633	0.40049	0.39695	0.39441	0.39183	0.38975	0.3874	0.38305	0.3764	0.3696	0.36459	0.35905	0.35371	0.35125	0.34907	0.34854	0.34958	0.35199	0.35463	0.35676	0.35505	0.351	0.34587	0.33759	0.32776	0.31866	0.30847	0.29912	0.29086	0.28355
52	0.19063	0.18984	0.1917	0.19916	0.21219	0.22822	0.24363	0.25531	0.26427	0.27065	0.27237	0.2691	0.26288	0.25593	0.2499	0.24477	0.24107	0.23869	0.23521	0.23203	0.23124	0.23395	0.24013	0.25043	0.2633	0.27683	0.29	0.30262	0.32062	0.34655	0.37724	0.40679	0.42904	0.44162	0.44722	0.44921	0.45	0.44825	0.44357	0.43794	0.43179	0.42446	0.41872	0.41512	0.41243	0.40995	0.40786	0.40556	0.40133	0.39479	0.38773	0.38245	0.37689	0.3714	0.36873	0.36638	0.36564	0.36667	0.36913	0.3719	0.37407	0.37138	0.36525	0.35776	0.34698	0.33615	0.32614	0.3151	0.30567	0.29654	0.28939
62	0.19398	0.19308	0.19497	0.20238	0.21531	0.23135	0.24659	0.25807	0.26681	0.27305	0.27482	0.27179	0.26575	0.25892	0.25302	0.24783	0.24417	0.24175	0.23823	0.23511	0.23426	0.23693	0.24305	0.25311	0.26581	0.279	0.29179	0.30391	0.32142	0.34671	0.37663	0.40534	0.42692	0.43925	0.44466	0.44641	0.44703	0.44519	0.44047	0.43475	0.42858	0.42136	0.41559	0.41209	0.40948	0.40704	0.40498	0.40258	0.39846	0.39208	0.38512	0.38007	0.37474	0.36949	0.36698	0.36477	0.36408	0.3651	0.36719	0.36973	0.37172	0.36958	0.364	0.35656	0.34658	0.33604	0.32591	0.31518	0.30594	0.29744	0.29021
72	0.18984	0.18977	0.19314	0.20362	0.22185	0.24383	0.26345	0.27776	0.2888	0.29697	0.29966	0.29624	0.28907	0.2811	0.27443	0.26902	0.26531	0.26279	0.25932	0.25659	0.25656	0.26073	0.26912	0.28206	0.29749	0.3131	0.32797	0.3424	0.36337	0.39325	0.42788	0.45989	0.48281	0.49541	0.50096	0.50293	0.50367	0.50179	0.4966	0.49032	0.48368	0.47603	0.46995	0.46621	0.46334	0.46062	0.45825	0.45566	0.4514	0.44481	0.43769	0.43219	0.42632	0.42057	0.41764	0.41488	0.41335	0.41358	0.41491	0.4159	0.41434	0.40514	0.39071	0.37469	0.35741	0.34183	0.32789	0.31375	0.30181	0.29063	0.282
92	0.19654	0.19641	0.19917	0.20866	0.225	0.24501	0.2635	0.2774	0.28836	0.29648	0.29933	0.29616	0.28931	0.28166	0.2751	0.26989	0.2662	0.2637	0.26007	0.25705	0.25653	0.25983	0.26718	0.2789	0.29338	0.30822	0.32232	0.33571	0.35447	0.38104	0.41195	0.44109	0.46293	0.47515	0.48049	0.48211	0.48265	0.48071	0.47595	0.47026	0.46432	0.45744	0.45214	0.44903	0.4467	0.44468	0.44281	0.44056	0.43663	0.43063	0.42398	0.41903	0.41374	0.40833	0.40575	0.40322	0.4019	0.40226	0.40359	0.40463	0.40294	0.39441	0.38084	0.3663	0.35033	0.3353	0.32184	0.30919	0.29714	0.28721	0.27898
101	0.18668	0.1865	0.18955	0.19977	0.21717	0.23821	0.25755	0.27185	0.28309	0.29153	0.29453	0.2915	0.28456	0.27661	0.26974	0.26412	0.26024	0.25752	0.25366	0.25037	0.24969	0.25306	0.26054	0.27278	0.28789	0.30363	0.31855	0.33236	0.35154	0.37896	0.41155	0.4433	0.46797	0.48224	0.48861	0.49063	0.4915	0.48986	0.48501	0.47905	0.47247	0.46475	0.45873	0.45506	0.45226	0.44974	0.44751	0.44496	0.44075	0.43404	0.42639	0.42053	0.41447	0.40839	0.4053	0.40268	0.40155	0.40214	0.40341	0.40392	0.40147	0.39153	0.37711	0.36171	0.34578	0.33044	0.3163	0.30264	0.29016	0.27968	0.27102
112	0.18588	0.18612	0.18979	0.20068	0.21908	0.24087	0.2603	0.27451	0.28545	0.29328	0.29567	0.29215	0.28487	0.27703	0.27038	0.26506	0.26134	0.25895	0.25559	0.25294	0.25317	0.25741	0.26587	0.27881	0.29419	0.30969	0.32452	0.33909	0.36042	0.39088	0.42578	0.45758	0.48033	0.49279	0.49844	0.50042	0.50146	0.49968	0.49461	0.48841	0.4818	0.47411	0.46815	0.46436	0.46128	0.45851	0.45605	0.45351	0.44944	0.44308	0.43615	0.43088	0.4253	0.41963	0.41679	0.41438	0.41326	0.41389	0.41528	0.41591	0.41366	0.40393	0.38877	0.37239	0.35513	0.3388	0.32405	0.31025	0.29807	0.28726	0.278
122	0.19481	0.19422	0.19676	0.20564	0.22152	0.24122	0.25969	0.27336	0.2842	0.2924	0.29515	0.29198	0.28474	0.2766	0.26949	0.26374	0.25972	0.25681	0.25292	0.24973	0.24913	0.2525	0.26021	0.27259	0.2879	0.30384	0.31912	0.33352	0.35401	0.3836	0.41892	0.45327	0.47981	0.4951	0.502	0.50425	0.50504	0.50307	0.4978	0.49131	0.48423	0.47616	0.4698	0.46578	0.46273	0.46005	0.45747	0.45465	0.45006	0.443	0.43507	0.42866	0.42208	0.41567	0.41212	0.40911	0.40766	0.40834	0.41042	0.4125	0.41224	0.40423	0.39039	0.37516	0.35867	0.34368	0.32991	0.31695	0.305	0.2948	0.28621
132	0.1966	0.19646	0.19963	0.20951	0.22648	0.24682	0.2649	0.27809	0.28848	0.29612	0.29874	0.29588	0.28944	0.28218	0.27589	0.2707	0.2671	0.26467	0.26117	0.25848	0.25822	0.26173	0.26915	0.28083	0.29481	0.30887	0.32209	0.33492	0.35351	0.3797	0.40965	0.4369	0.45661	0.46749	0.47215	0.47343	0.4738	0.47184	0.46692	0.46107	0.45494	0.44788	0.44247	0.43924	0.43662	0.4343	0.43224	0.42994	0.42636	0.42055	0.41432	0.40964	0.40488	0.40004	0.39769	0.39585	0.39487	0.39536	0.39631	0.39658	0.3956	0.38824	0.37649	0.36407	0.34922	0.33545	0.32267	0.30967	0.29936	0.28866	0.28058
141	0.19091	0.19108	0.195	0.20595	0.22467	0.24701	0.26674	0.28113	0.29249	0.30083	0.30382	0.30056	0.29343	0.28565	0.27906	0.27339	0.26967	0.26713	0.26383	0.26101	0.26101	0.26487	0.27304	0.28613	0.30186	0.31761	0.33238	0.34649	0.36709	0.39651	0.43086	0.4627	0.48671	0.50026	0.50608	0.50769	0.50853	0.50652	0.50132	0.4949	0.48801	0.47996	0.47384	0.47006	0.46698	0.46409	0.46144	0.45865	0.45445	0.44798	0.44084	0.43511	0.4291	0.42322	0.41986	0.41737	0.41612	0.41655	0.41771	0.41753	0.41466	0.40389	0.38784	0.37113	0.35328	0.33683	0.32187	0.30772	0.29562	0.28436	0.2758
151	0.19326	0.19309	0.1964	0.20608	0.22287	0.24316	0.26152	0.27528	0.28611	0.29402	0.29666	0.29339	0.28634	0.27879	0.27227	0.2667	0.26294	0.26039	0.257	0.25406	0.25371	0.25704	0.26465	0.27698	0.29213	0.30747	0.32186	0.33546	0.35521	0.38334	0.41608	0.44623	0.46914	0.48238	0.48839	0.49032	0.49142	0.48994	0.48546	0.47981	0.47348	0.46591	0.4601	0.45665	0.45384	0.4512	0.44878	0.44636	0.44255	0.43632	0.42954	0.42403	0.41818	0.4125	0.40939	0.4072	0.40612	0.40687	0.40881	0.41033	0.4102	0.40287	0.39011	0.37631	0.36011	0.34544	0.33211	0.31875	0.30794	0.29732	0.28856
162	0.19047	0.19069	0.19446	0.2049	0.22267	0.2441	0.26361	0.2781	0.2896	0.29823	0.30137	0.29797	0.29042	0.2824	0.27552	0.26977	0.26598	0.26324	0.25992	0.25704	0.25682	0.26042	0.26849	0.28154	0.29765	0.31413	0.32964	0.34428	0.36566	0.39652	0.43289	0.46702	0.49356	0.50874	0.51551	0.51763	0.51882	0.51702	0.51202	0.50569	0.49856	0.49028	0.48386	0.47986	0.47662	0.47342	0.47068	0.46789	0.46348	0.4565	0.44887	0.44236	0.43565	0.42905	0.42506	0.42233	0.42094	0.4215	0.423	0.42331	0.42051	0.40945	0.39257	0.37446	0.3563	0.33916	0.32376	0.3095	0.29735	0.28612	0.27689
171	0.17306	0.17343	0.17743	0.18798	0.20601	0.22751	0.24625	0.25983	0.27018	0.27794	0.28087	0.278	0.27133	0.26413	0.25793	0.25243	0.24876	0.24624	0.24318	0.24049	0.24047	0.24411	0.25187	0.26422	0.27912	0.29404	0.30801	0.32138	0.34146	0.37048	0.40461	0.43627	0.46069	0.47451	0.48044	0.48214	0.48308	0.48097	0.47566	0.46913	0.46184	0.4534	0.44685	0.44268	0.43931	0.436	0.43301	0.43016	0.42588	0.41925	0.41215	0.40611	0.39992	0.39391	0.39017	0.38765	0.38631	0.38653	0.38715	0.38603	0.383	0.37341	0.35985	0.3464	0.33171	0.31708	0.30312	0.28892	0.27626	0.26626	0.25711
181	0.20299	0.20293	0.20651	0.21673	0.23408	0.25484	0.27409	0.28875	0.30017	0.30824	0.31102	0.30742	0.29981	0.29186	0.28512	0.27923	0.27554	0.27279	0.2695	0.26634	0.26579	0.26916	0.27691	0.2898	0.3058	0.32209	0.33732	0.35136	0.37145	0.40018	0.43362	0.46463	0.48874	0.50251	0.50864	0.51094	0.51267	0.51138	0.50721	0.50178	0.49542	0.4878	0.48201	0.47847	0.47559	0.47281	0.47025	0.46798	0.46407	0.45768	0.45095	0.44517	0.43905	0.43319	0.4297	0.42749	0.42667	0.42783	0.42993	0.43081	0.42879	0.41929	0.40357	0.38592	0.36792	0.3516	0.33672	0.32307	0.31125	0.30102	0.29204
191	0.18073	0.18083	0.18461	0.19479	0.21266	0.23415	0.25364	0.26837	0.28	0.28863	0.29191	0.28844	0.2806	0.27239	0.26554	0.25967	0.25584	0.2531	0.24991	0.24672	0.24614	0.24949	0.25725	0.26989	0.28591	0.30234	0.31774	0.33209	0.35261	0.38175	0.41579	0.44739	0.47202	0.48592	0.49204	0.49441	0.49613	0.49471	0.4906	0.48539	0.47921	0.47178	0.46604	0.4626	0.45985	0.45698	0.45461	0.45242	0.44846	0.44206	0.43525	0.4293	0.42293	0.41683	0.41302	0.41066	0.40962	0.41046	0.41262	0.41336	0.41152	0.40178	0.38652	0.37009	0.35301	0.33663	0.32199	0.30768	0.29531	0.2844	0.27552
201	0.16993	0.16998	0.1736	0.1833	0.20031	0.22088	0.23956	0.25321	0.26392	0.27211	0.27527	0.27213	0.26489	0.2572	0.2506	0.24492	0.24115	0.23834	0.2352	0.23191	0.23123	0.23426	0.24154	0.25361	0.26885	0.28448	0.29914	0.31276	0.33229	0.36076	0.39465	0.42702	0.45299	0.46758	0.47396	0.47627	0.4777	0.47584	0.4711	0.46525	0.45837	0.45039	0.44414	0.44031	0.43722	0.43415	0.43145	0.429	0.42478	0.418	0.41082	0.40458	0.39799	0.39178	0.38791	0.38552	0.38476	0.38557	0.38718	0.38691	0.38418	0.37501	0.3618	0.3476	0.33295	0.31802	0.30406	0.29039	0.2778	0.26744	0.25878
212	0.17118	0.17155	0.17553	0.18601	0.20422	0.22609	0.24555	0.25968	0.27078	0.27933	0.28277	0.27957	0.27207	0.26394	0.25723	0.25156	0.24782	0.24522	0.2422	0.23912	0.2387	0.24223	0.25026	0.2631	0.27911	0.29554	0.31107	0.32572	0.34699	0.37814	0.41503	0.44967	0.47669	0.49156	0.49791	0.50019	0.50153	0.49944	0.49437	0.48817	0.48095	0.47259	0.466	0.46184	0.4586	0.45526	0.4524	0.44977	0.44533	0.43831	0.43091	0.42431	0.41739	0.41083	0.40659	0.40404	0.40296	0.40369	0.40553	0.40538	0.40211	0.39081	0.37421	0.3573	0.34004	0.32343	0.30804	0.29347	0.28002	0.26923	0.26019
222	0.18565	0.18586	0.18954	0.19959	0.21727	0.23863	0.25795	0.27203	0.28313	0.29162	0.29485	0.29143	0.28386	0.27559	0.26886	0.26326	0.25965	0.25706	0.25399	0.25095	0.25032	0.25367	0.26153	0.27398	0.2891	0.30469	0.31929	0.33312	0.35277	0.38105	0.41328	0.44243	0.46442	0.47605	0.48093	0.48292	0.48393	0.48195	0.47762	0.47238	0.46643	0.45962	0.4542	0.45088	0.44827	0.44552	0.44309	0.4412	0.43762	0.43182	0.42589	0.4207	0.4149	0.40932	0.40568	0.40312	0.40191	0.40227	0.40373	0.40401	0.40174	0.39256	0.37831	0.36347	0.34684	0.33172	0.31739	0.30386	0.29173	0.28153	0.27279
232	0.18223	0.18182	0.18468	0.19316	0.20831	0.22721	0.24479	0.2575	0.26747	0.27539	0.27846	0.27539	0.26807	0.26003	0.25322	0.24752	0.24366	0.24089	0.23768	0.23442	0.23348	0.23632	0.24352	0.25519	0.26974	0.28513	0.29987	0.31369	0.33356	0.36311	0.39833	0.43248	0.45989	0.47508	0.48169	0.48427	0.48522	0.48267	0.4775	0.47101	0.46372	0.45552	0.44889	0.44466	0.44128	0.43786	0.43476	0.43218	0.42783	0.42094	0.41363	0.40712	0.40013	0.39368	0.38943	0.38676	0.38595	0.38675	0.389	0.39069	0.39077	0.38467	0.37338	0.36077	0.34609	0.33249	0.31943	0.30695	0.29509	0.28539	0.27677
241	0.18663	0.18679	0.19059	0.20106	0.21927	0.24126	0.26128	0.27577	0.2871	0.296	0.29936	0.29595	0.28828	0.27985	0.27285	0.26708	0.26327	0.26058	0.25746	0.25452	0.25397	0.25769	0.2662	0.27942	0.29541	0.31191	0.32759	0.3424	0.36331	0.39386	0.42902	0.46145	0.48607	0.49918	0.50483	0.50721	0.5083	0.50627	0.5017	0.49595	0.48939	0.48192	0.47579	0.47181	0.46866	0.46538	0.46238	0.46015	0.45616	0.44979	0.4429	0.43685	0.43017	0.424	0.41972	0.41683	0.41558	0.41593	0.4176	0.4182	0.41581	0.4057	0.38993	0.37249	0.35458	0.33842	0.32347	0.30912	0.29702	0.28575	0.27705
251	0.2489	0.24695	0.24721	0.25122	0.25947	0.27051	0.28155	0.28956	0.2955	0.29964	0.3	0.29569	0.2892	0.28262	0.27689	0.2715	0.2677	0.26499	0.26208	0.25927	0.25821	0.26039	0.26613	0.27536	0.28644	0.29793	0.30922	0.32074	0.33896	0.36633	0.39729	0.4249	0.44518	0.45519	0.45909	0.46041	0.46017	0.45705	0.4517	0.44545	0.43866	0.43125	0.42512	0.42118	0.41772	0.41408	0.41083	0.40841	0.40442	0.39864	0.39274	0.38792	0.38262	0.37769	0.37434	0.37223	0.3721	0.3737	0.37718	0.38202	0.38874	0.39278	0.39282	0.38853	0.38078	0.3731	0.3667	0.3604	0.35526	0.34917	0.34511
252	0.2528	0.25135	0.25211	0.25707	0.26705	0.28016	0.2925	0.30142	0.30801	0.31268	0.31325	0.3088	0.302	0.29512	0.2893	0.28385	0.28011	0.27736	0.27454	0.27213	0.2716	0.27465	0.28157	0.29193	0.30386	0.31615	0.32832	0.34086	0.36045	0.38962	0.42188	0.45015	0.47017	0.48003	0.48397	0.48522	0.48464	0.48136	0.47587	0.46943	0.46243	0.45498	0.44876	0.4448	0.44111	0.43718	0.43388	0.43136	0.42737	0.42165	0.41558	0.41081	0.40566	0.4008	0.39723	0.39484	0.3946	0.39607	0.39958	0.40435	0.41048	0.41289	0.41014	0.40294	0.39233	0.38351	0.37549	0.36803	0.36267	0.35583	0.35056
261	0.17098	0.1714	0.17517	0.18502	0.20224	0.22313	0.24158	0.25481	0.26484	0.27263	0.27565	0.27244	0.26564	0.25814	0.25188	0.24662	0.24307	0.24049	0.2375	0.23494	0.23456	0.23794	0.24569	0.25764	0.27191	0.28677	0.30119	0.31495	0.33438	0.36321	0.39654	0.42772	0.45164	0.46476	0.4708	0.47336	0.47377	0.4713	0.46659	0.4606	0.45396	0.44658	0.44041	0.4366	0.43328	0.42976	0.42672	0.42437	0.42044	0.41438	0.40732	0.40153	0.39545	0.38978	0.38559	0.38251	0.38171	0.38222	0.38349	0.38379	0.3815	0.37357	0.36141	0.34812	0.33365	0.31985	0.30626	0.29321	0.28058	0.27035	0.2621
281	0.17913	0.1792	0.18247	0.19148	0.20731	0.2268	0.24459	0.25767	0.26777	0.27533	0.27824	0.27525	0.26844	0.26074	0.25431	0.24893	0.24524	0.24243	0.23914	0.23638	0.23561	0.23843	0.24547	0.25677	0.27081	0.28581	0.30049	0.31407	0.33267	0.36019	0.39232	0.42342	0.44822	0.46254	0.46945	0.47265	0.47369	0.47186	0.46795	0.4626	0.45644	0.44938	0.44334	0.43982	0.43686	0.43367	0.43094	0.42886	0.42508	0.41907	0.41185	0.40583	0.39963	0.39377	0.3895	0.38646	0.38614	0.38752	0.38991	0.39092	0.38935	0.38198	0.36994	0.35656	0.34234	0.32802	0.31485	0.30154	0.29049	0.27931	0.27099
291	0.2461	0.24442	0.24489	0.24908	0.25788	0.27031	0.28222	0.29112	0.2977	0.30274	0.30397	0.30024	0.29332	0.28583	0.27941	0.27361	0.26941	0.26585	0.26223	0.25923	0.25802	0.25996	0.26571	0.27488	0.28671	0.29933	0.31188	0.32424	0.34284	0.37115	0.40466	0.43664	0.4609	0.4742	0.47989	0.48164	0.48129	0.47793	0.47228	0.46527	0.45781	0.44951	0.44254	0.4382	0.43447	0.43067	0.42716	0.42421	0.41983	0.41334	0.40608	0.39988	0.39332	0.38753	0.38338	0.38072	0.38058	0.38211	0.38539	0.38988	0.39481	0.39653	0.39334	0.38612	0.37622	0.3673	0.35905	0.35127	0.34506	0.33833	0.33327
292	0.25227	0.25057	0.2513	0.25575	0.265	0.27803	0.29048	0.29978	0.30672	0.31188	0.31331	0.30966	0.30285	0.29519	0.28874	0.28307	0.27884	0.27527	0.2717	0.26874	0.26767	0.26984	0.27577	0.28522	0.29746	0.31038	0.32305	0.33557	0.35413	0.38222	0.41523	0.44648	0.47001	0.48291	0.48838	0.49009	0.48975	0.48649	0.48105	0.47421	0.46693	0.45889	0.45202	0.44777	0.44419	0.44046	0.43708	0.43419	0.42987	0.42359	0.41647	0.41043	0.40403	0.3984	0.39449	0.39182	0.39166	0.39312	0.39646	0.40099	0.40569	0.40681	0.40294	0.39408	0.38286	0.37356	0.36483	0.35646	0.35115	0.34379	0.33882
301	0.23881	0.23757	0.23835	0.24358	0.25413	0.26835	0.28203	0.29263	0.30059	0.30643	0.30773	0.30389	0.29679	0.28921	0.28305	0.27754	0.27366	0.27046	0.26743	0.26467	0.26413	0.26668	0.27287	0.28262	0.29519	0.30823	0.32103	0.3341	0.35321	0.38094	0.41246	0.44132	0.46223	0.47381	0.47918	0.48131	0.48155	0.47891	0.47455	0.46906	0.46306	0.45619	0.45006	0.44646	0.44343	0.44072	0.43806	0.43558	0.43196	0.42645	0.42003	0.41469	0.40883	0.4035	0.39986	0.39681	0.39614	0.39723	0.4011	0.40592	0.4098	0.40903	0.40316	0.39355	0.38123	0.37035	0.36068	0.35105	0.34387	0.33629	0.33051
302	0.23604	0.23494	0.23587	0.24175	0.2531	0.26809	0.28276	0.29436	0.30311	0.30951	0.31109	0.30734	0.30009	0.29233	0.28618	0.28049	0.27656	0.27335	0.27038	0.26748	0.26694	0.26946	0.27562	0.2856	0.29875	0.31211	0.32514	0.33834	0.35749	0.38477	0.41562	0.44414	0.46516	0.47704	0.48278	0.48504	0.48545	0.48302	0.47903	0.47406	0.46827	0.46164	0.4557	0.45225	0.44947	0.44717	0.44462	0.44226	0.43875	0.4333	0.42709	0.4218	0.41601	0.41056	0.40713	0.40411	0.40319	0.40367	0.40691	0.411	0.41408	0.41209	0.40479	0.3938	0.37997	0.36883	0.35839	0.34856	0.34031	0.3324	0.32595
