1	0.175454174	0.173542321	0.17520545	0.184314268	0.20385276	0.235088887	0.26917847	0.29150131	0.311906014	0.335941573	0.350382046	0.346656634	0.311593309	0.267671171	0.239291915	0.222698031	0.212387105	0.207131662	0.202740028	0.199706147	0.19810727	0.199675301	0.206349475	0.218687851	0.236031428	0.261711446	0.291448934	0.324510632	0.364336018	0.401102203	0.437353267	0.484845722	0.522977283	0.551898532	0.570342565	0.580307351	0.583881221	0.585123355	0.585032035	0.583176245	0.579650989	0.573454053	0.566962012	0.559661732	0.552171207	0.546831522	0.542292467	0.538870741	0.533373605	0.526934409	0.520334708	0.514307305	0.508793317	0.504644736	0.504662443	0.51294358	0.529114047	0.549486494	0.578966913	0.618709127	0.648097167	0.651284114	0.629197067	0.594493175	0.559331924	0.533277491	0.508415921	0.484489977	0.465454783	0.448680231	0.433156959
6	0.123243766	0.121383183	0.122809421	0.131099638	0.148937344	0.177519771	0.208890021	0.229509212	0.248543755	0.270903932	0.284301452	0.280755117	0.248148569	0.207622119	0.181573991	0.166467595	0.157008749	0.152305832	0.148346831	0.145767555	0.144434133	0.145956616	0.152404043	0.164055445	0.18046121	0.204572271	0.232252212	0.26315243	0.300770959	0.336091306	0.371902069	0.418397084	0.45558298	0.483397171	0.501011944	0.510439512	0.513644433	0.514564503	0.514283276	0.512175145	0.508510673	0.50230037	0.495920712	0.488729678	0.481394706	0.476277545	0.47178826	0.468367037	0.462920852	0.45658605	0.450136539	0.444103785	0.438600756	0.434302609	0.434225819	0.441961518	0.457294044	0.476610443	0.504600725	0.542738838	0.571258343	0.574965344	0.554800445	0.522133467	0.488885765	0.464092668	0.441762706	0.41982119	0.401452863	0.386151234	0.371229535
11	0.169404461	0.167501046	0.169100654	0.178120068	0.197466805	0.228325945	0.262075474	0.284089838	0.304396003	0.328347885	0.342722924	0.33882105	0.303602566	0.25991912	0.231697923	0.215238616	0.205007229	0.199789286	0.195442169	0.192490521	0.19096542	0.192445622	0.199105548	0.211401746	0.228724997	0.25440853	0.28408989	0.317110817	0.357136133	0.394218063	0.431066354	0.479098225	0.517427341	0.546170024	0.564360536	0.573994335	0.577382658	0.578333867	0.577992696	0.575946113	0.572302539	0.5660642	0.559543845	0.552119968	0.544545885	0.539078928	0.534537727	0.531120312	0.525615079	0.519102866	0.512485563	0.506445524	0.501044153	0.496883534	0.497067683	0.50548577	0.521936666	0.542618467	0.572699655	0.613252061	0.64349939	0.647105111	0.625068634	0.590003298	0.554815682	0.528408383	0.503711887	0.4807283	0.460600483	0.444341131	0.428251374
16	0.121768668	0.119904318	0.121304689	0.129636671	0.147662661	0.176410526	0.207860154	0.228469814	0.24753096	0.270060701	0.283740224	0.280227941	0.247300852	0.206259636	0.179969762	0.164669558	0.155169583	0.150356596	0.146402803	0.143746973	0.142440149	0.143971038	0.150292842	0.161901423	0.178175767	0.202264433	0.230065374	0.261173703	0.298966538	0.334244507	0.36976412	0.416168899	0.453208762	0.481048887	0.498669546	0.508005928	0.511101342	0.512009041	0.511615383	0.509409326	0.505798743	0.499643956	0.493362752	0.486184664	0.478923647	0.473803469	0.469380043	0.466047963	0.460684466	0.45447956	0.448043694	0.442122532	0.436687902	0.432575439	0.432549987	0.440585499	0.456219149	0.475865835	0.504319364	0.543346417	0.573050024	0.577419832	0.557515941	0.524122572	0.490820359	0.466101987	0.443468033	0.421578242	0.403039553	0.387610118	0.372341506
21	0.168866316	0.166924239	0.168532356	0.177604121	0.196955078	0.227839895	0.261582228	0.283656977	0.304084821	0.328072802	0.342531348	0.338633788	0.303349268	0.25962449	0.231392359	0.214972303	0.204807973	0.199534729	0.195209009	0.192284475	0.190783557	0.192290059	0.198934415	0.211164298	0.228532745	0.254212391	0.283896982	0.31699217	0.357095135	0.394253447	0.431094518	0.479135381	0.517557826	0.546276042	0.564385245	0.57407349	0.5774272	0.578383584	0.578094651	0.575975955	0.572458538	0.566230672	0.559769386	0.552398842	0.544792161	0.539334544	0.534779897	0.531418074	0.526031148	0.519531817	0.512974015	0.506942181	0.501544225	0.497458619	0.497684811	0.506201294	0.522767343	0.543551257	0.573692434	0.614461919	0.644707069	0.648226714	0.625854945	0.590556867	0.554846645	0.52842151	0.503475237	0.479651796	0.460246935	0.44366177	0.427417471
26	0.120518796	0.118658717	0.120060173	0.128461569	0.146519054	0.17543143	0.207128719	0.227882024	0.247188479	0.269957247	0.283760916	0.280186072	0.246901131	0.205751143	0.179201936	0.163848802	0.15432285	0.14952991	0.145591981	0.142981947	0.141669089	0.143201979	0.149561369	0.161176601	0.177530485	0.201725618	0.229749207	0.261145932	0.299327044	0.334987112	0.370817905	0.417653363	0.454998556	0.482991359	0.500627335	0.509981235	0.513203466	0.514103024	0.513723346	0.511546312	0.507920965	0.501772337	0.495473642	0.488225365	0.480800329	0.475570816	0.471112912	0.467717695	0.462307128	0.455966706	0.449488547	0.443532176	0.438125599	0.434015522	0.434062063	0.442330714	0.458316961	0.478488042	0.50757535	0.547378688	0.577586435	0.5818242	0.560873422	0.527002858	0.492901837	0.467520805	0.444633714	0.422244852	0.403368444	0.387625098	0.372467874
31	0.170987316	0.169114135	0.170626595	0.179627298	0.199026219	0.229857757	0.263524148	0.285648813	0.306190361	0.330040933	0.344449516	0.340480359	0.305139483	0.26143717	0.233216486	0.216780451	0.20655613	0.201328256	0.196960751	0.19403742	0.192526991	0.193995325	0.200518207	0.212607544	0.229912059	0.25542881	0.285026131	0.318007204	0.357944195	0.394792544	0.431204661	0.478900772	0.517162838	0.545705577	0.563721527	0.573494571	0.577012908	0.578181225	0.577967307	0.575869439	0.572383979	0.566313879	0.559960246	0.552611067	0.545067187	0.539486326	0.534962752	0.531605753	0.526193512	0.519803627	0.513151419	0.507068296	0.50162886	0.497597753	0.49769786	0.506296982	0.522906939	0.543646159	0.573558726	0.614103634	0.64441654	0.647943136	0.625732765	0.590542665	0.555491599	0.529086193	0.504743645	0.480691617	0.461403524	0.445202432	0.429548529
36	0.122069499	0.120375381	0.121764296	0.13014442	0.14815214	0.176578721	0.207600946	0.228033266	0.246978101	0.269001836	0.282284618	0.278679273	0.246273614	0.206368315	0.180409629	0.165492694	0.156164854	0.151487445	0.147592186	0.145111933	0.143856982	0.145303227	0.151561897	0.163013331	0.179101819	0.202803328	0.230147902	0.260748079	0.297918859	0.332647034	0.367626961	0.413313127	0.449644632	0.476657066	0.493626213	0.502770485	0.505986538	0.506973189	0.506658994	0.504477836	0.500958771	0.495030092	0.488940668	0.481893238	0.474695431	0.469353349	0.465002634	0.461634207	0.456411323	0.450262575	0.443871463	0.438007915	0.432701856	0.428650612	0.428552843	0.436470809	0.45191262	0.471308657	0.498958104	0.536581604	0.564651791	0.567886023	0.547351566	0.514514936	0.481805678	0.457204345	0.435429285	0.41359546	0.394849154	0.379696428	0.365425997
41	0.171400615	0.169440509	0.170930891	0.179921721	0.199259541	0.230029548	0.263632072	0.285632554	0.306151252	0.330027811	0.344365387	0.340305716	0.304944608	0.261308821	0.233052593	0.216595094	0.206361447	0.201155466	0.196821347	0.193867455	0.192351864	0.193802586	0.200329522	0.212404336	0.229713918	0.255298964	0.284963842	0.318082528	0.358072967	0.395031841	0.431650913	0.47967654	0.518123983	0.546858212	0.565025794	0.574732028	0.578293952	0.579483498	0.579303302	0.577275525	0.573823738	0.567847844	0.561468077	0.554112543	0.546533333	0.540928795	0.536469903	0.533124034	0.527760236	0.521357563	0.514698278	0.508684836	0.503256754	0.499175857	0.499289168	0.508001784	0.524679411	0.545632908	0.575769038	0.616707274	0.647239554	0.650743385	0.628419407	0.593037144	0.557626337	0.531128219	0.5062761	0.482774995	0.462848665	0.446209936	0.430840725
46	0.123429627	0.121593142	0.122923319	0.131370198	0.149453322	0.178435018	0.21001376	0.230815402	0.250229228	0.272997484	0.286744013	0.283084693	0.249715512	0.208564668	0.182019326	0.166693956	0.157143555	0.152382934	0.148420344	0.145805405	0.144498192	0.146007237	0.152269507	0.163889286	0.180204994	0.204486878	0.232541134	0.26388611	0.302044604	0.337616349	0.373234086	0.419895909	0.457069842	0.484904644	0.502460586	0.511773238	0.515050451	0.516102476	0.515839099	0.513701167	0.510181498	0.504159808	0.498041476	0.490849051	0.483427954	0.478185816	0.473748891	0.470451959	0.465167108	0.45893494	0.45250792	0.446511727	0.441130058	0.436983613	0.437066824	0.445340283	0.461432793	0.48157681	0.510723713	0.550484415	0.580753963	0.584993647	0.564241358	0.530129505	0.496370176	0.470768785	0.448062814	0.425289097	0.406290437	0.390436373	0.375344055
2	0.122775499	0.120762128	0.122138212	0.129993882	0.147181696	0.175803296	0.207270951	0.22728476	0.245944601	0.269359225	0.284234475	0.281302603	0.247585562	0.205487891	0.178702712	0.16327247	0.153472406	0.148348068	0.144241738	0.141764717	0.140565463	0.14215636	0.148611105	0.160283451	0.176359288	0.199983313	0.227539545	0.258911532	0.298038748	0.335431447	0.373578431	0.423034025	0.461793269	0.490353799	0.507792247	0.516401247	0.518513937	0.517877812	0.515139123	0.510315012	0.504482677	0.49674143	0.489598556	0.482110863	0.474846794	0.469856023	0.465200563	0.461402462	0.455689099	0.449262213	0.442831413	0.436880408	0.43134439	0.427381585	0.428070695	0.437048172	0.45333815	0.472637539	0.501117443	0.543180142	0.578954383	0.589262222	0.57228441	0.539937836	0.506790994	0.483243769	0.462059372	0.440137195	0.421382625	0.405802994	0.39121908
7	0.169936407	0.167901375	0.169408649	0.177858399	0.196224415	0.226718882	0.260021076	0.281127161	0.300834389	0.325348092	0.340854708	0.33762633	0.302021535	0.257765436	0.229306897	0.212840925	0.202431627	0.196800863	0.192346815	0.189580514	0.188234863	0.189780439	0.196527029	0.208736419	0.225713745	0.250643038	0.279652255	0.312663877	0.353465215	0.392193504	0.431229433	0.481706525	0.521406153	0.550479054	0.568204462	0.576983389	0.57915462	0.578514592	0.575713559	0.570750223	0.564862513	0.557085665	0.549863929	0.542276069	0.534838847	0.529725379	0.525039929	0.521300286	0.515589575	0.509037144	0.502543856	0.496574017	0.491091403	0.487201944	0.488062014	0.497449203	0.514319379	0.534141866	0.563395453	0.606567429	0.642674694	0.652509824	0.634401546	0.601298884	0.567068385	0.542262768	0.519465818	0.496434026	0.477717274	0.461712113	0.445723902
12	0.120754961	0.11882227	0.120153917	0.128002363	0.145194617	0.173803116	0.205152735	0.225127955	0.243876568	0.267253611	0.282176088	0.279199085	0.245510601	0.203408531	0.176653001	0.161230057	0.151489579	0.146378677	0.142245437	0.139888571	0.138659439	0.140218376	0.146679887	0.158276343	0.174324675	0.197900244	0.225376985	0.256653438	0.295788405	0.333090306	0.371062584	0.420261671	0.458873372	0.487058853	0.504256912	0.512707363	0.5147195	0.51402403	0.51127409	0.50642576	0.500554107	0.492954822	0.485930759	0.47845549	0.471165599	0.466215382	0.461581547	0.457794632	0.452136599	0.44570861	0.439338374	0.433470089	0.428017382	0.424095607	0.424788824	0.433827453	0.450249897	0.469629807	0.498113153	0.540256215	0.57605891	0.586027781	0.568878311	0.536150776	0.502941432	0.479339404	0.458096554	0.436494249	0.417641575	0.402373575	0.387264686
17	0.168329958	0.166265089	0.167694535	0.176017765	0.194189555	0.224346017	0.257200312	0.278042208	0.297608054	0.321856931	0.337208983	0.333940136	0.298617199	0.254747916	0.226602092	0.210371227	0.200131409	0.194551795	0.190148469	0.187420627	0.186082825	0.1876296	0.194214917	0.206369961	0.223187989	0.247892078	0.276621705	0.309335214	0.349804473	0.388261346	0.427109941	0.477330583	0.51677995	0.545558539	0.563069801	0.571740011	0.573890988	0.57324601	0.570419152	0.565539067	0.559675214	0.552055161	0.544868966	0.537350453	0.529929493	0.524822632	0.520195727	0.516417625	0.510778394	0.504316851	0.497890639	0.491894548	0.48651275	0.482646048	0.4834895	0.49294543	0.509790044	0.529676569	0.558951549	0.602156606	0.638270212	0.64826179	0.630416676	0.596948016	0.56296445	0.538362592	0.515325974	0.492867274	0.473937151	0.458423548	0.442588127
22	0.12085763	0.118998971	0.120358634	0.128223408	0.145470962	0.174104399	0.205395667	0.225297457	0.244041299	0.267335433	0.282230133	0.2792364	0.245475163	0.203540273	0.176734959	0.161388851	0.151677958	0.146502859	0.142431968	0.14005579	0.138862913	0.140388006	0.146766112	0.158347194	0.174293703	0.197757411	0.225178719	0.256439606	0.29544361	0.332635348	0.370427506	0.419416765	0.457728402	0.485641042	0.502599255	0.510868789	0.512845515	0.512061042	0.509293804	0.50440726	0.498598903	0.491054356	0.483996149	0.476554333	0.469271621	0.46418068	0.459604651	0.455849619	0.45019813	0.443917099	0.437483777	0.431632487	0.42622292	0.422383493	0.423122779	0.432338456	0.448816706	0.468252623	0.496853088	0.539269468	0.575291209	0.585425984	0.568067957	0.535615314	0.502159706	0.478519718	0.45717251	0.435734591	0.417089151	0.401331182	0.386276757
27	0.169116257	0.167084555	0.16842938	0.176720659	0.194948753	0.225200537	0.258179281	0.279109806	0.298821601	0.323091446	0.338499337	0.335270077	0.299892833	0.255834182	0.227605091	0.211218996	0.200915642	0.19528297	0.19083745	0.188127857	0.186737708	0.188168398	0.19468285	0.206788774	0.223550341	0.24822102	0.276945974	0.309685968	0.350207114	0.388423535	0.426824936	0.476771762	0.516292575	0.545164834	0.562931346	0.571941811	0.57434933	0.573962597	0.57132731	0.566507416	0.560806288	0.553298595	0.546267394	0.538862146	0.531590448	0.526377064	0.52180025	0.518115088	0.512525226	0.506131408	0.499657719	0.493656753	0.488231811	0.484389605	0.485101604	0.49460148	0.511545246	0.531331679	0.560416414	0.603336311	0.639272128	0.649042213	0.631230519	0.598250425	0.564066743	0.539626053	0.516825113	0.493879868	0.475418872	0.458899621	0.443287955
32	0.121551244	0.119637673	0.120911287	0.128865057	0.146230029	0.175000832	0.206500946	0.226527909	0.245430371	0.269040319	0.283984814	0.280961321	0.246900572	0.204711159	0.177661862	0.16217115	0.152319669	0.14708482	0.142990562	0.140650434	0.139487731	0.140925458	0.147279196	0.158823567	0.174842408	0.198385477	0.225932183	0.257452548	0.296720032	0.333946362	0.371703677	0.420880789	0.459645987	0.487809418	0.504992023	0.513542492	0.515743782	0.515133161	0.512389089	0.5073976	0.50155899	0.49405471	0.487165038	0.47980136	0.472515222	0.467304825	0.462771432	0.459077454	0.453525033	0.447174857	0.440721506	0.434783484	0.429370508	0.425467837	0.42612677	0.435508137	0.452152341	0.471678051	0.500338076	0.542855492	0.57880578	0.588835881	0.57126855	0.538668929	0.504960332	0.481069391	0.45931787	0.437708236	0.419441527	0.403730738	0.388332486
37	0.171424354	0.169370807	0.170738223	0.179217552	0.197790315	0.228382718	0.261747823	0.282943677	0.302904551	0.327480095	0.343110739	0.339790981	0.303884513	0.259397978	0.23072106	0.214101198	0.203608273	0.197956338	0.193455879	0.190715594	0.189342186	0.19079322	0.197345104	0.209544917	0.226534126	0.251500268	0.280622895	0.313741177	0.354702245	0.393270548	0.431968056	0.482243596	0.521927239	0.550802507	0.568472363	0.577290885	0.579664229	0.579182403	0.57647985	0.571577892	0.565848708	0.558343556	0.551345895	0.543907563	0.536543558	0.531234794	0.526708342	0.522973066	0.517407539	0.511033175	0.504452302	0.498481195	0.493049677	0.489176314	0.489975827	0.499657328	0.516794596	0.536835451	0.566204308	0.609503627	0.645662376	0.655393249	0.637144977	0.603730527	0.569415026	0.544752334	0.521894395	0.498966463	0.479875518	0.463553098	0.44755258
42	0.11949979	0.117621263	0.118963397	0.126909956	0.144220111	0.172822073	0.204113315	0.224019553	0.24277328	0.266205927	0.281032201	0.2780075	0.244194801	0.202246668	0.175459415	0.160059964	0.150309223	0.145170038	0.141140335	0.138806406	0.137609603	0.139111133	0.145396267	0.156840051	0.172765714	0.196204036	0.223587332	0.254864243	0.293863984	0.330811556	0.368306786	0.417158056	0.455478258	0.483401953	0.500362212	0.508773771	0.510923821	0.510284831	0.507564614	0.502677562	0.496914381	0.489498064	0.482616347	0.475328533	0.468041231	0.462936888	0.458479022	0.454788658	0.449290268	0.443007107	0.436585982	0.430709535	0.425353834	0.421470172	0.422158427	0.431506127	0.448138031	0.467657607	0.496230133	0.53872524	0.574670203	0.584734726	0.567309638	0.534340599	0.501289383	0.477560344	0.455954999	0.434244245	0.415668749	0.400003226	0.385016527
47	0.169998204	0.167963245	0.169371348	0.17781083	0.196232082	0.226765376	0.259999573	0.281085606	0.3009605	0.325513012	0.341092223	0.337802872	0.301981979	0.257617853	0.228986292	0.21245137	0.201986555	0.196358712	0.191854788	0.189097924	0.187673153	0.189158826	0.195629111	0.20775337	0.224641683	0.249565819	0.27858815	0.31162208	0.352460664	0.390849002	0.429268903	0.479323659	0.51874595	0.547554966	0.565081574	0.573745587	0.57599725	0.575510912	0.572830721	0.567961278	0.562321156	0.554839128	0.547787932	0.54038575	0.533052828	0.527901729	0.523366766	0.519708516	0.514166938	0.507774458	0.501276527	0.495354451	0.490021118	0.486225049	0.487104279	0.496761849	0.51395059	0.534040689	0.56352928	0.606936946	0.643230661	0.653062782	0.634478064	0.601199294	0.566667776	0.542063648	0.51907705	0.496246936	0.477193778	0.460892026	0.445105496
3	0	0	0	0	0	0	0	0	0	0	0	0	0	0	0	0	0	0	0	0	0	0	0	0	0	0	0	0	0	0	0	0	0	0	0	0	0	0	0	0	0	0	0	0	0	0	0	0	0	0	0	0	0	0	0	0	0	0	0	0	0	0	0	0	0	0	0	0	0	0	0
8	0.141130431	0.137218683	0.136574636	0.142334338	0.157054673	0.182391983	0.210655272	0.228455337	0.245029387	0.265147798	0.276612695	0.271988932	0.240175706	0.201272412	0.176190296	0.161623985	0.15235374	0.147685961	0.143781321	0.14129637	0.140082065	0.141735737	0.148349048	0.16004801	0.176361781	0.200017734	0.227018078	0.257301851	0.29502997	0.332404139	0.371939663	0.421463779	0.460155499	0.488226938	0.505641334	0.514829329	0.517843826	0.518188187	0.516869178	0.513664331	0.509041099	0.502140751	0.495240305	0.487427261	0.479616452	0.474023909	0.469151446	0.46542971	0.459814729	0.453393359	0.446889515	0.441042843	0.435697839	0.431781585	0.432473361	0.441317968	0.45751019	0.476872637	0.505297296	0.546276439	0.581924281	0.595376192	0.585074747	0.561011047	0.535334971	0.518113291	0.501557045	0.484324131	0.469737156	0.457794098	0.445014675
13	0.201185034	0.19739031	0.196765994	0.202668961	0.21748976	0.243490393	0.272710875	0.291271962	0.308687087	0.329656507	0.34153233	0.336578141	0.303245026	0.262787193	0.236928649	0.221977965	0.21269551	0.207919554	0.203983732	0.201423439	0.200136474	0.201787059	0.208249247	0.220017105	0.236460884	0.260674962	0.288583217	0.320036001	0.359259638	0.398038193	0.438710527	0.489848249	0.529865374	0.559096209	0.577258267	0.586937105	0.590233573	0.59073211	0.589507781	0.586400351	0.581965769	0.575061719	0.567942177	0.559926418	0.551849518	0.546086898	0.54122101	0.537592854	0.531924217	0.525353946	0.518719054	0.512685297	0.507287004	0.503425204	0.504103503	0.513417124	0.530086424	0.550165141	0.579829408	0.622110339	0.658583106	0.672202114	0.661329053	0.635999796	0.609126146	0.590484498	0.573284687	0.55555144	0.539685919	0.52700533	0.513122922
18	0.142196934	0.138190765	0.137432586	0.143145507	0.157797053	0.182725636	0.210647527	0.22830245	0.24472883	0.264577306	0.275783889	0.271063098	0.23960332	0.20128561	0.1765474	0.162146189	0.152985355	0.14836275	0.144497034	0.142021384	0.140761106	0.142403547	0.148969963	0.160651345	0.17683008	0.200297364	0.227015991	0.256957726	0.294267262	0.331379951	0.370761295	0.419944169	0.458333373	0.486110041	0.503301898	0.512403713	0.515312592	0.515655867	0.514423136	0.511281362	0.506762673	0.500006817	0.49314648	0.48537479	0.477585847	0.472006702	0.4672872	0.463659091	0.458169924	0.451820499	0.445382793	0.439524736	0.434260898	0.430389217	0.430973181	0.439887256	0.455925769	0.475202706	0.503376815	0.544162491	0.5795902	0.593288742	0.58328606	0.559618469	0.534294657	0.51715861	0.501159328	0.484281614	0.469825282	0.457724793	0.44512072
23	0.201855041	0.1978598	0.197116308	0.202944417	0.217884155	0.243989136	0.273232515	0.291742562	0.309129619	0.330046679	0.34196329	0.336961578	0.303491266	0.262902093	0.23680091	0.221729009	0.212307691	0.207468652	0.203401839	0.200764875	0.199454123	0.201032658	0.207533966	0.219255077	0.235838783	0.260189366	0.288185446	0.319788719	0.359063302	0.397774092	0.438340681	0.489259053	0.529170153	0.558131154	0.576060876	0.585579238	0.588725786	0.589134677	0.587811647	0.584611334	0.58008795	0.573179522	0.566121185	0.558176118	0.550239253	0.544448441	0.53963013	0.536010521	0.530380794	0.523820292	0.517258017	0.511242111	0.505879548	0.502060436	0.502801252	0.51216914	0.528929614	0.549076552	0.578686486	0.621206255	0.658043064	0.672026612	0.661498092	0.636714432	0.610954967	0.592505843	0.575668693	0.558588459	0.543006175	0.530257157	0.516740229
28	0.14256236	0.138593571	0.137869993	0.143607529	0.158260851	0.183439724	0.211623608	0.229549522	0.24632414	0.266495578	0.277986822	0.273350726	0.241392212	0.202552622	0.177313606	0.162635703	0.153356976	0.148661116	0.14469633	0.142212907	0.140955742	0.142483583	0.148923849	0.160518611	0.176690959	0.200258001	0.227211208	0.257557362	0.295204944	0.332253246	0.371271329	0.420648904	0.459655647	0.488112062	0.505997851	0.515698631	0.519154632	0.519900371	0.518899593	0.515909003	0.511684349	0.505119089	0.498396557	0.490707868	0.482871226	0.477159384	0.472489625	0.468911111	0.463437527	0.457143151	0.450600446	0.444644634	0.43929382	0.435322209	0.435830106	0.444786262	0.461152775	0.480688648	0.509362173	0.550763006	0.586928496	0.600525235	0.590053537	0.565414439	0.539155931	0.52129303	0.504554466	0.487022502	0.47237883	0.459533523	0.446476519
33	0.201636418	0.197611958	0.196789577	0.20286978	0.218506773	0.245339342	0.275344967	0.294241196	0.312147109	0.333360727	0.345489251	0.340294592	0.306132928	0.264870646	0.238058424	0.222499192	0.212748295	0.207681973	0.203426361	0.200654865	0.199271978	0.200785532	0.207354361	0.219433907	0.236458925	0.261350188	0.290000012	0.321992325	0.361765107	0.40058824	0.441076021	0.492195817	0.532303486	0.561373518	0.57946821	0.589132081	0.592545554	0.593146424	0.591949533	0.588806971	0.584370929	0.577671954	0.57073909	0.562869343	0.554846412	0.548946975	0.544122348	0.540534179	0.534992191	0.528495726	0.521789677	0.515680286	0.510312202	0.506464222	0.5071177	0.516567792	0.533597122	0.553900875	0.583664114	0.62602937	0.662720413	0.67597401	0.664688716	0.639181834	0.612359534	0.593543393	0.576314691	0.558183047	0.542947266	0.530241941	0.516458442
38	0.142297053	0.138279896	0.13739366	0.14292628	0.15724898	0.182115692	0.209913837	0.227453864	0.244006366	0.263979176	0.275393355	0.270626906	0.238650192	0.1998937	0.174729688	0.160133136	0.150903936	0.146209973	0.142278844	0.139834945	0.138578525	0.140001212	0.146241017	0.157608978	0.17358582	0.19700429	0.223862827	0.254040865	0.291665552	0.328704044	0.367662063	0.416828576	0.455142236	0.482909662	0.500038767	0.509138791	0.51227814	0.512701151	0.511460362	0.508323977	0.50390684	0.497397481	0.490673541	0.482973723	0.475088382	0.469351255	0.464646558	0.461090224	0.455700428	0.449450355	0.442995871	0.437180804	0.431950264	0.428122599	0.428869039	0.438246558	0.454886426	0.474731898	0.503621679	0.545525408	0.582468663	0.596859298	0.587020914	0.563148818	0.537589938	0.520561295	0.504647443	0.486941461	0.473014116	0.460881554	0.448109283
43	0.197411984	0.193139299	0.192251806	0.198362604	0.214055248	0.241014499	0.271015836	0.289898858	0.30771627	0.328952431	0.340993764	0.335825123	0.301576605	0.260031148	0.232923149	0.216946229	0.206879131	0.201645895	0.197233309	0.194267977	0.192726421	0.194188743	0.200741591	0.212925144	0.230180477	0.255368175	0.284256095	0.316471924	0.356177618	0.394772723	0.434878567	0.485406748	0.525220291	0.55411703	0.572000979	0.581523026	0.584881349	0.585505945	0.584405196	0.581369169	0.577092048	0.570435851	0.563582168	0.555770594	0.547754676	0.541978269	0.537235061	0.533706874	0.528228286	0.52178055	0.515152072	0.509132785	0.503857558	0.50004659	0.500798743	0.510416192	0.527565162	0.548039998	0.577986568	0.620862481	0.658067183	0.671794487	0.660877295	0.635976285	0.609009544	0.590715763	0.573351257	0.55587805	0.540203016	0.527527689	0.514075624
48	0.143515485	0.139564893	0.138689846	0.144398629	0.15892155	0.183799839	0.211580087	0.229140228	0.245613787	0.265472885	0.276783807	0.272049889	0.240367366	0.201951427	0.177017634	0.162487473	0.153265649	0.148596406	0.144650067	0.142119815	0.14085401	0.142329225	0.148562981	0.15995614	0.175933739	0.199342143	0.226119555	0.256095103	0.293342381	0.329987917	0.368702713	0.417488467	0.455696654	0.483495993	0.500688274	0.509725004	0.512756804	0.513275223	0.512141767	0.509084852	0.504812828	0.498253501	0.491541071	0.483864855	0.476145465	0.470574753	0.465934506	0.462394894	0.457018893	0.450795773	0.444301549	0.438458572	0.433197809	0.429367021	0.430010799	0.438998822	0.455355079	0.474881788	0.503247421	0.544293154	0.579923049	0.593460737	0.583625699	0.559346558	0.534506665	0.517388341	0.501616121	0.484853938	0.47025461	0.457948949	0.445531426
4	0.176337709	0.171928484	0.171071258	0.177444536	0.194353309	0.224594179	0.258295716	0.27906537	0.298679787	0.32390235	0.339598728	0.335590698	0.297021234	0.249040858	0.217904939	0.199677446	0.18804181	0.181664532	0.176769555	0.173694679	0.172226225	0.173876105	0.181054361	0.194194515	0.21239095	0.239247297	0.270711814	0.306706578	0.35118995	0.393239869	0.434848471	0.487895039	0.528805022	0.558650038	0.576717402	0.585762983	0.588324305	0.587953321	0.585550299	0.581016893	0.575174475	0.567232426	0.559538894	0.551218876	0.542936392	0.537070582	0.531979133	0.527988301	0.521910126	0.514977988	0.508249571	0.502226001	0.496714097	0.493121499	0.494472056	0.505489742	0.524815968	0.54755113	0.58153519	0.631372612	0.675070227	0.691387334	0.678266307	0.649346112	0.618324562	0.597993211	0.579166172	0.559498612	0.542534388	0.528600414	0.514295606
9	0.224784575	0.220177949	0.219251987	0.225934929	0.243712763	0.275332861	0.310304682	0.331759321	0.351944263	0.377718508	0.393769727	0.389406637	0.349630431	0.300148101	0.267770887	0.248605922	0.236358776	0.229608206	0.224331071	0.220952126	0.219313217	0.220988204	0.228404315	0.242153308	0.261279262	0.289269781	0.322062558	0.359224093	0.404947481	0.447960496	0.49056084	0.544737948	0.586681959	0.616901348	0.635248342	0.644507225	0.647142617	0.646924439	0.644316407	0.639631917	0.633810477	0.625775038	0.617963017	0.609679755	0.601252347	0.595247461	0.59016353	0.586189251	0.580150722	0.573202938	0.566378156	0.560282303	0.554803394	0.551173174	0.552821201	0.563951918	0.583507401	0.606583916	0.640948404	0.691344452	0.735414068	0.75203438	0.739094405	0.709193397	0.678943854	0.658146034	0.638854303	0.619083416	0.601572083	0.587215421	0.572153569
14	0.175958909	0.171530694	0.170700791	0.177049901	0.19409165	0.224303658	0.257976479	0.278713281	0.298371239	0.323671123	0.339410215	0.335376391	0.296812362	0.248851336	0.217764504	0.199598231	0.187960564	0.18158105	0.176732617	0.173677798	0.172206688	0.173932382	0.181062973	0.194248302	0.212467763	0.239334699	0.270819532	0.306807093	0.351337614	0.393490181	0.435292782	0.48850134	0.529659273	0.559452677	0.577541467	0.586505	0.589042607	0.588714735	0.586228017	0.581582105	0.575741651	0.56771702	0.560061878	0.551782316	0.543487975	0.537494902	0.532468962	0.528469602	0.522412074	0.515539624	0.508775011	0.502675475	0.497192342	0.49357696	0.494927489	0.505946938	0.525302945	0.548106646	0.582042972	0.63204978	0.675786925	0.692008763	0.678816933	0.649451793	0.618545366	0.597833306	0.578729664	0.559402061	0.541797409	0.528213123	0.513604005
19	0.226221518	0.221802139	0.220977254	0.227752838	0.2457179	0.277506783	0.312686121	0.334294585	0.354703965	0.380783315	0.397017823	0.392732253	0.352644002	0.302656523	0.270085503	0.250827363	0.238566906	0.231773589	0.226522164	0.223137153	0.221491156	0.22312664	0.230424863	0.244092393	0.263132648	0.29115153	0.324030881	0.361484748	0.40737602	0.450391174	0.492810795	0.546936753	0.588607566	0.618706667	0.636846127	0.645945073	0.64841534	0.648102548	0.645485823	0.640774679	0.634956738	0.62694053	0.61921599	0.610914453	0.602581966	0.596488157	0.591461668	0.587563204	0.581540807	0.574626872	0.56778643	0.561769795	0.556403263	0.552881972	0.554475934	0.565908688	0.585731349	0.60912249	0.643710597	0.694338471	0.7385483	0.754612803	0.741194853	0.710975409	0.68002467	0.659047428	0.639375178	0.61932347	0.600769036	0.586891531	0.571719862
24	0.176441743	0.172108407	0.171303427	0.177741772	0.194852214	0.225245326	0.259048877	0.279834437	0.299554186	0.324881152	0.340672707	0.336566431	0.297846473	0.249759939	0.218595794	0.20034889	0.188680531	0.182295934	0.177360826	0.174358389	0.172897031	0.174540215	0.181718537	0.194809677	0.213035658	0.239940125	0.271474213	0.307528038	0.352167664	0.394231719	0.43584828	0.488871108	0.529819018	0.559285489	0.577043308	0.585789496	0.588221065	0.587805854	0.585299781	0.580641963	0.57484946	0.566831879	0.559237951	0.550957404	0.542575587	0.536627002	0.531547755	0.527575881	0.521540477	0.514668247	0.507893738	0.501859595	0.496443578	0.492919885	0.49434962	0.505506502	0.525037719	0.547953	0.582049563	0.632019255	0.675755009	0.691982729	0.678897487	0.649290178	0.618900735	0.598118365	0.57928137	0.559719274	0.542509044	0.528728193	0.514178829
29	0.228142806	0.223660229	0.222687475	0.2294446	0.247393736	0.279278731	0.31448086	0.336158757	0.35662642	0.382655077	0.398928363	0.394546343	0.354332239	0.304310858	0.271543419	0.25224078	0.239917699	0.233067363	0.227755714	0.224425148	0.222798128	0.224356954	0.231594795	0.245189706	0.264244185	0.292262516	0.325178397	0.36257308	0.408587466	0.451594738	0.493897633	0.548142457	0.590146418	0.620425369	0.638793008	0.648129162	0.650930246	0.650823014	0.648357882	0.643645755	0.637824427	0.629983972	0.622345903	0.614062953	0.60564373	0.599518575	0.594483934	0.590546332	0.584584465	0.577702763	0.570810911	0.564695767	0.559265838	0.555653074	0.557145398	0.568607344	0.588488311	0.61193642	0.646541881	0.697290802	0.741651523	0.758122756	0.744840552	0.714411863	0.684175507	0.663379175	0.643586991	0.623516914	0.605900675	0.591466213	0.576687372
34	0.17344792	0.1690753	0.168163134	0.174474525	0.191363057	0.221317232	0.25455093	0.275036757	0.294638871	0.31961185	0.335344065	0.331210873	0.292772835	0.245120574	0.214243788	0.196103638	0.184547814	0.178218646	0.173385803	0.170410096	0.168970473	0.170497264	0.177468964	0.1903793	0.208288334	0.234814016	0.265977365	0.301703846	0.345920777	0.387542998	0.428700104	0.481256307	0.52183872	0.551091263	0.568721043	0.577551724	0.580121728	0.579801357	0.577246098	0.572516355	0.566747278	0.558900973	0.551434654	0.543326648	0.535121345	0.529076795	0.52412014	0.520184659	0.514288493	0.507535257	0.500840644	0.494771279	0.489410019	0.485872152	0.487331273	0.498614535	0.518140752	0.540930562	0.574854581	0.624951511	0.668903578	0.685411213	0.672727427	0.64370753	0.613841095	0.593148253	0.574544229	0.555591783	0.538192243	0.52458581	0.510391752
39	0.228022745	0.223534205	0.222521823	0.229257392	0.247264766	0.279046771	0.314211587	0.335796355	0.356324791	0.382326103	0.39856015	0.394169219	0.353906367	0.303950613	0.271142645	0.251805258	0.239465416	0.232656194	0.227361754	0.223993844	0.222338497	0.22384134	0.23103267	0.244527697	0.263521106	0.291388707	0.324281863	0.361704227	0.407677339	0.450504022	0.49252776	0.54638459	0.58798644	0.617931036	0.635993584	0.645099816	0.647822617	0.647651158	0.645139578	0.64045949	0.634761881	0.626985351	0.619383363	0.611178296	0.602801089	0.596559331	0.591601529	0.587685958	0.581729715	0.574952237	0.568107679	0.561976456	0.556672197	0.553115573	0.554730654	0.56625811	0.586316667	0.609822628	0.644420474	0.695392626	0.739680889	0.755934773	0.742432923	0.7121252	0.680849265	0.660173735	0.640517553	0.619956838	0.602973783	0.588600463	0.574104316
44	0.174163706	0.169799562	0.168849627	0.175168869	0.191973641	0.22192471	0.255062827	0.275541337	0.295119963	0.32011898	0.335781045	0.331614404	0.293157819	0.245592729	0.214652392	0.196549185	0.184926649	0.178607203	0.17374903	0.170736755	0.169297071	0.170915153	0.177829712	0.190671365	0.208584432	0.235100303	0.266275686	0.302002285	0.346268171	0.387848406	0.428927223	0.481509333	0.521918168	0.551074963	0.56857389	0.577208035	0.579669821	0.579292554	0.576701584	0.571967761	0.566159273	0.55842331	0.550938449	0.542768975	0.534487397	0.528472241	0.523531378	0.51963131	0.513758965	0.507090213	0.500344755	0.494361062	0.488994163	0.485497109	0.486965645	0.498362231	0.518013754	0.540943616	0.574955927	0.62515957	0.669332032	0.685841215	0.673020214	0.644110141	0.613591997	0.593342451	0.574765271	0.555833268	0.538499909	0.524931597	0.510786811
49	0.227081991	0.222492623	0.221519417	0.228193827	0.245885871	0.277419789	0.312296814	0.333734523	0.354025311	0.379869933	0.396023996	0.391666688	0.351662818	0.30196454	0.269358318	0.250104819	0.237784098	0.231012271	0.225656277	0.222243287	0.220547227	0.222133212	0.229264918	0.242732888	0.261575902	0.289505325	0.322249618	0.359551786	0.405257165	0.447952605	0.489862984	0.543608315	0.585143415	0.615086499	0.633197932	0.642119984	0.644716064	0.644494881	0.641978094	0.637342362	0.631648554	0.623825284	0.616229201	0.608020561	0.599694368	0.593704017	0.588705477	0.584809359	0.578923579	0.572153193	0.565386785	0.559274984	0.553976316	0.550488584	0.552119484	0.563665387	0.583592078	0.607000969	0.641695438	0.692586753	0.737112996	0.753567811	0.740419322	0.710298319	0.679542853	0.658442288	0.639174328	0.619257948	0.601872874	0.587617619	0.572778282
5	0.209954509	0.20580611	0.204946038	0.210776369	0.22626413	0.253880885	0.284596492	0.303183491	0.32074002	0.342929835	0.356044755	0.351448655	0.316384789	0.273026641	0.245166046	0.228895712	0.218629389	0.213159287	0.208848893	0.206217857	0.204994138	0.206693046	0.213393042	0.225631141	0.242495918	0.267293354	0.296168784	0.329153744	0.370398822	0.410638971	0.452124534	0.503898705	0.543832554	0.572667963	0.590241114	0.599173587	0.601791926	0.601520686	0.599096607	0.594558368	0.588792709	0.580916773	0.573303523	0.565170704	0.557050718	0.551177563	0.546021423	0.541991433	0.536061461	0.529262958	0.522732107	0.516766517	0.511409502	0.507850343	0.509134542	0.519264569	0.536794837	0.557218992	0.587665784	0.632619712	0.673275301	0.690675786	0.682357881	0.659294123	0.633562815	0.617290628	0.601960712	0.584833293	0.570655002	0.557759299	0.54437552
10	0.150279679	0.146077928	0.145205044	0.150890983	0.165954705	0.192628655	0.222210197	0.240028143	0.256847032	0.278257738	0.29105815	0.286713797	0.253015854	0.211419893	0.184347082	0.168542747	0.158401863	0.153040636	0.148769371	0.146269239	0.145059635	0.146698059	0.153424848	0.165535206	0.182073281	0.206256592	0.23423708	0.266006265	0.30583686	0.344787516	0.385106097	0.435485815	0.474333169	0.502262453	0.519244205	0.527879068	0.530268171	0.529912399	0.527469923	0.523010545	0.517314613	0.509541443	0.502160139	0.494151404	0.486211724	0.480595985	0.475583564	0.471594734	0.465741274	0.459151027	0.452741526	0.446894701	0.44160156	0.437995933	0.439219766	0.449128226	0.466302023	0.486227988	0.515997385	0.560319055	0.600317537	0.61751116	0.609410401	0.586396079	0.561719982	0.545300734	0.530375459	0.514381902	0.500190301	0.48825702	0.47559527
15	0.213359125	0.208997208	0.208031977	0.213985255	0.229786377	0.257947386	0.289070549	0.307919174	0.325681184	0.348143843	0.361388726	0.356709163	0.321094226	0.277085527	0.248476552	0.23173705	0.221153553	0.215489341	0.210950174	0.208226837	0.206874159	0.208509037	0.2152975	0.227688965	0.244850241	0.270078882	0.299505433	0.33297499	0.37467992	0.41513284	0.456638642	0.508507621	0.548400355	0.577013478	0.594390033	0.603236026	0.605712841	0.605393457	0.602938175	0.598433372	0.59267446	0.584877116	0.57729124	0.569158159	0.560980704	0.555177306	0.550004775	0.545980379	0.540133139	0.533387288	0.526775792	0.520857047	0.51566154	0.512100642	0.513474265	0.52380584	0.54163602	0.562302676	0.593051981	0.638261276	0.679230719	0.696837666	0.688944494	0.665545557	0.640057689	0.623985739	0.608731224	0.591943631	0.577875318	0.565029201	0.551354006
20	0.153206593	0.149029759	0.14813768	0.153881184	0.169125902	0.195845552	0.225538195	0.243553573	0.260488675	0.282066905	0.294852438	0.290508071	0.256624823	0.214776035	0.187601102	0.171720009	0.161589618	0.156112695	0.151874026	0.14934608	0.148077047	0.149647591	0.156395345	0.168443673	0.185024237	0.209296942	0.237387644	0.269298011	0.309245586	0.348246445	0.388501514	0.43886042	0.477627444	0.505514974	0.522407387	0.530977373	0.53340793	0.533119925	0.53076892	0.526297441	0.520663714	0.513038141	0.505788327	0.49776738	0.489774734	0.484056775	0.47912498	0.475153834	0.469314067	0.462768457	0.45626806	0.450429395	0.445174331	0.441552701	0.442771104	0.452727455	0.470059819	0.490172586	0.520090967	0.564463558	0.604481768	0.621478577	0.613227592	0.589640327	0.565490254	0.548737551	0.53354138	0.517027004	0.503272737	0.490952187	0.47802815
25	0.215735816	0.211455051	0.210428991	0.216221388	0.231952205	0.259925702	0.29097161	0.309736886	0.327567944	0.350104765	0.363440848	0.358724877	0.322938537	0.278870562	0.250210381	0.233567885	0.223029667	0.217326988	0.212835675	0.210151316	0.208787976	0.210366903	0.217009763	0.229304751	0.246347469	0.271484621	0.300879291	0.334357986	0.376193028	0.416686188	0.458125445	0.510004298	0.549890561	0.578516073	0.595749293	0.604472409	0.606868015	0.606587822	0.604111643	0.599528449	0.593872247	0.586112654	0.578590171	0.57048348	0.562342393	0.556395663	0.551365559	0.547381879	0.541519281	0.534820307	0.528215722	0.522303225	0.517044729	0.513567147	0.515043074	0.525534048	0.543588894	0.564467009	0.595533679	0.641051562	0.682506307	0.699998598	0.691778465	0.668327907	0.642574377	0.626296912	0.610989936	0.594280525	0.579496342	0.566987765	0.553540021
30	0.15359312	0.149470904	0.148485608	0.154107869	0.169252065	0.195892637	0.225368492	0.243233699	0.260217209	0.28165573	0.294412752	0.29001171	0.256239737	0.214603898	0.18746573	0.171645135	0.161558783	0.156092001	0.151874808	0.149333797	0.148120132	0.149658282	0.156231994	0.168101426	0.184544648	0.208608082	0.236474301	0.268298268	0.308017189	0.346631187	0.38651291	0.436553602	0.475307697	0.503143793	0.520093684	0.528849729	0.53150677	0.531363182	0.529109554	0.524675018	0.519121433	0.511664327	0.504464787	0.496653795	0.488754476	0.482970025	0.478081784	0.474194803	0.468473549	0.46201689	0.455534543	0.449709576	0.444442923	0.440770222	0.44203719	0.452073698	0.469446221	0.489597407	0.519326172	0.563754885	0.603945054	0.620923409	0.612516255	0.589779852	0.564813918	0.54834478	0.533316243	0.516746989	0.501890038	0.490030481	0.477348044
35	0.210665742	0.206389189	0.205312782	0.211312827	0.227178474	0.255391493	0.286580669	0.305476468	0.32344571	0.346004335	0.359445078	0.354707223	0.318782671	0.274528798	0.245743837	0.228878877	0.218239678	0.212470702	0.207911192	0.205159216	0.203780637	0.205242196	0.211891686	0.224154701	0.241225298	0.266443202	0.295872086	0.329427536	0.371194514	0.411411429	0.452355363	0.50388235	0.543647141	0.572061414	0.589341788	0.598285227	0.601124943	0.600913618	0.598589795	0.594123609	0.588511093	0.580974393	0.573666312	0.565670469	0.557568124	0.551540444	0.546603351	0.542669388	0.536929039	0.530298175	0.523617245	0.517742111	0.512560503	0.509055545	0.510482497	0.521196841	0.539379912	0.560337596	0.591458173	0.637280756	0.678812424	0.696273628	0.687709579	0.664025443	0.638007191	0.621834033	0.606092228	0.588481717	0.574610786	0.561715613	0.548347813
40	0.155451609	0.151197626	0.150130665	0.15581078	0.171038856	0.197866033	0.227526257	0.245453564	0.262529936	0.284067464	0.296982073	0.292494118	0.258265625	0.216198006	0.188739607	0.172680866	0.16243092	0.15696936	0.152618586	0.15004139	0.148799166	0.150311731	0.156839654	0.168732816	0.185244635	0.209506207	0.237655057	0.269742365	0.309772889	0.34855553	0.388431995	0.438575356	0.477088347	0.504665908	0.52132638	0.529819072	0.532305151	0.532053861	0.529703054	0.525200782	0.519581577	0.512210777	0.505034708	0.497141477	0.489180106	0.483393691	0.478416159	0.474497337	0.468851273	0.462478341	0.455940088	0.45014339	0.444904832	0.441359207	0.442769234	0.453145945	0.470874556	0.491299651	0.521376019	0.566244065	0.606855462	0.624332636	0.616218441	0.593142788	0.568571305	0.55275889	0.538115432	0.521044961	0.507571824	0.495126715	0.482973608
45	0.214778398	0.210515952	0.2094662	0.215423468	0.231168896	0.259196408	0.290311563	0.309147071	0.327091142	0.349601971	0.362940017	0.35816035	0.322251693	0.278194822	0.249419451	0.232617389	0.221990967	0.216301076	0.211691111	0.208943465	0.207582351	0.209071183	0.215608398	0.227749001	0.244730784	0.269967816	0.299428054	0.332876355	0.374578371	0.414600984	0.455402012	0.506789508	0.546424614	0.574950573	0.592266769	0.601026765	0.603626577	0.603468563	0.601238086	0.596847411	0.591330058	0.583889902	0.57647582	0.568507948	0.56049124	0.554545456	0.549624282	0.545758756	0.54001093	0.533522244	0.526874207	0.520992005	0.515788448	0.512188803	0.513684378	0.524343136	0.542465941	0.563369704	0.59436968	0.639886595	0.681134713	0.698323344	0.69005457	0.666493588	0.640659911	0.624523471	0.609214016	0.59222345	0.577607924	0.565060852	0.551750383
50	0.149346952	0.145149357	0.144109573	0.149709554	0.164584335	0.190874813	0.219946303	0.237511953	0.254267277	0.275367943	0.288006018	0.283572438	0.249970881	0.208737512	0.181867623	0.166105207	0.156000707	0.150675794	0.146422389	0.143901697	0.142616908	0.144134174	0.150509853	0.162139983	0.178286858	0.20215172	0.229843906	0.261308034	0.300609766	0.338689371	0.377958837	0.427348025	0.465305453	0.492617932	0.509099119	0.51736284	0.519701029	0.519398016	0.517136591	0.512769001	0.507348952	0.499911253	0.492742821	0.484954415	0.477127492	0.471528129	0.466642178	0.462836023	0.457210503	0.450920671	0.444569522	0.438822974	0.433682786	0.430206929	0.431504809	0.441737577	0.459185341	0.479367452	0.509210512	0.553716984	0.594123144	0.61176632	0.603893208	0.581553228	0.557371591	0.541799929	0.527494618	0.511241901	0.497068219	0.485462997	0.473408035
