1	0.208793269	0.208819788	0.212917341	0.225733616	0.253453876	0.291745839	0.329160102	0.359439916	0.384603478	0.404536349	0.414053465	0.410866871	0.396364052	0.378231793	0.363569402	0.353617914	0.347581751	0.34310567	0.338696792	0.334603495	0.334186811	0.339787768	0.354088047	0.378900269	0.41162403	0.447859287	0.482095227	0.510225822	0.541852682	0.586446118	0.643565698	0.700987668	0.744453242	0.771103289	0.784115223	0.789024576	0.789440208	0.78791298	0.784452131	0.779517474	0.773147724	0.765919458	0.758599944	0.75284243	0.748109654	0.744174521	0.74087139	0.736847738	0.730798039	0.72297399	0.71278082	0.701271241	0.689783006	0.679177563	0.669993186	0.662580324	0.658044512	0.657525063	0.659987956	0.65850611	0.64392976	0.613183983	0.574182598	0.53543204	0.496540073	0.459066866	0.424619505	0.395587239	0.370362694	0.349611614	0.332118782
6	0.212050188	0.211813548	0.215423257	0.227673314	0.254327309	0.291716939	0.329432226	0.361178479	0.387597845	0.407808424	0.417197514	0.413522037	0.398703466	0.380369986	0.366015224	0.356702227	0.351150738	0.346963125	0.342422635	0.338091545	0.337328134	0.342419991	0.355969448	0.379683247	0.411286422	0.44612574	0.479169706	0.506296934	0.536506801	0.579365386	0.635867536	0.694786075	0.740873009	0.770639703	0.786184637	0.793124275	0.795359923	0.794816169	0.792073636	0.7878368	0.781990264	0.775169025	0.768638526	0.763466119	0.75914091	0.755407021	0.752355863	0.748743326	0.743373665	0.735740671	0.725617426	0.714222383	0.702695865	0.692092976	0.682796755	0.674808613	0.669830026	0.669087884	0.67069396	0.66755872	0.650924023	0.618731104	0.579148213	0.539510279	0.499893207	0.461467452	0.426660337	0.39649956	0.371627435	0.351209729	0.333400772
11	0.210619406	0.210419376	0.213793281	0.225704078	0.25204731	0.289074967	0.326867976	0.358928296	0.385558093	0.405815214	0.415150334	0.411405773	0.396446263	0.377959913	0.363822935	0.354757866	0.349436412	0.345403797	0.340845625	0.336502356	0.335536459	0.340430404	0.353583445	0.37687463	0.408056154	0.442491573	0.475081003	0.501858038	0.531583397	0.573512996	0.629056891	0.687616714	0.734183634	0.764681319	0.78097871	0.788379369	0.791194341	0.790869513	0.788289653	0.784312127	0.778700898	0.772134527	0.766055044	0.761089389	0.756856763	0.753191962	0.750386413	0.747012049	0.741867679	0.734314968	0.724270994	0.71303629	0.701670879	0.691215434	0.681628892	0.673450477	0.668529788	0.66804417	0.669426836	0.665887709	0.64913044	0.616805812	0.577124052	0.537735951	0.498138283	0.45973042	0.425399619	0.395275777	0.370149489	0.349701157	0.332506042
16	0.211494577	0.21117665	0.214441431	0.226082872	0.251969197	0.28857996	0.326467446	0.358920112	0.385922188	0.406334785	0.41578663	0.412010085	0.396863699	0.378349993	0.364361408	0.355447604	0.350202785	0.346234178	0.341668025	0.337229831	0.335993313	0.340642699	0.353458371	0.376401621	0.407195819	0.441262039	0.473534092	0.499898042	0.529039609	0.570139135	0.624799433	0.683314283	0.730757833	0.762316981	0.779514998	0.787646843	0.790999021	0.791056397	0.788794854	0.785107145	0.779735609	0.773477066	0.767651373	0.762890641	0.758739091	0.755121105	0.752507255	0.749310269	0.744319132	0.736852381	0.726923068	0.715805985	0.704543668	0.693962828	0.684263738	0.676036897	0.671167373	0.670536203	0.671736585	0.667946633	0.650745364	0.618239459	0.578387096	0.538644066	0.499189705	0.460641246	0.425283137	0.395680378	0.370617802	0.349514672	0.332441044
21	0.212053111	0.211604325	0.214748477	0.226218908	0.251713446	0.287907886	0.325699266	0.358470857	0.385789806	0.40631743	0.415756965	0.411938622	0.396888687	0.378420171	0.364441833	0.35562853	0.350453818	0.346474619	0.341899832	0.337391983	0.335992105	0.340443314	0.352989452	0.375493799	0.405822844	0.439452644	0.47143426	0.497542373	0.525973646	0.565984931	0.619873886	0.678273642	0.726201	0.758529482	0.776502065	0.785110389	0.788735577	0.789184472	0.787326142	0.784076354	0.778924776	0.772836954	0.767208949	0.762640457	0.758584309	0.755095374	0.752737589	0.749654727	0.744782081	0.737540651	0.72783687	0.716808343	0.705556755	0.695079763	0.685448238	0.67726218	0.672284697	0.671562949	0.672586843	0.668607666	0.651489658	0.618870426	0.579096634	0.539699178	0.499978271	0.461680589	0.426752167	0.396855914	0.371666376	0.350744474	0.332877631
26	0.209855962	0.209375483	0.212577959	0.223941278	0.249208345	0.285281226	0.323221973	0.356401047	0.38417874	0.404967735	0.414493988	0.410604145	0.395402323	0.376885522	0.36293234	0.354128011	0.348964863	0.345052958	0.34040415	0.335758395	0.334271263	0.338588116	0.350970152	0.373424476	0.403626541	0.43714281	0.469181976	0.495257641	0.523321447	0.5630867	0.616935938	0.675864624	0.724840235	0.758282209	0.777035105	0.786276403	0.790338136	0.79122627	0.789612761	0.786513246	0.781479161	0.775483152	0.769840257	0.765285052	0.761299016	0.757930087	0.755512005	0.752510005	0.747760536	0.740522121	0.730746357	0.71961302	0.708380432	0.697809846	0.688106242	0.679883159	0.674745456	0.674039322	0.674907281	0.670543727	0.652905222	0.619862399	0.579465299	0.539446406	0.499228868	0.460493489	0.424942362	0.395493185	0.370034968	0.349158778	0.331576422
31	0.211190821	0.210644091	0.213582614	0.224586794	0.2492933	0.284758704	0.322674708	0.356533632	0.384959433	0.405988349	0.415563638	0.411596276	0.396278622	0.377645367	0.363827228	0.355305412	0.350223136	0.346309713	0.341660391	0.336855268	0.33514627	0.339189189	0.351155254	0.372991328	0.402415581	0.435392028	0.467084131	0.492656455	0.519775262	0.558055935	0.610629354	0.66963979	0.719931435	0.7550937	0.775476443	0.785822923	0.790592064	0.792073257	0.791045205	0.788409966	0.783807804	0.77807993	0.772678226	0.768367915	0.764493851	0.761362004	0.759187579	0.756310951	0.751703987	0.744748689	0.735203095	0.724160622	0.712835215	0.702287235	0.692544633	0.684196819	0.67897781	0.677917549	0.678490158	0.673799244	0.655581725	0.621997239	0.581498342	0.540809169	0.500314003	0.461513134	0.425976717	0.396122758	0.371037499	0.350304174	0.332029508
2	0.115954558	0.115995047	0.118998797	0.128195184	0.14808679	0.175501803	0.200637774	0.219187338	0.233849498	0.245881667	0.251930948	0.249915752	0.240360572	0.228657624	0.219502491	0.213342501	0.209400263	0.20619485	0.203363752	0.201390519	0.20231997	0.207420036	0.218253759	0.235829348	0.257937397	0.281622971	0.304092872	0.323613741	0.348016271	0.38483548	0.433551509	0.484088115	0.524123302	0.54984975	0.562419733	0.566456002	0.565540599	0.561801913	0.555332336	0.547233522	0.538020911	0.528597557	0.519800814	0.512970989	0.507677139	0.503233457	0.499210935	0.494616141	0.488482051	0.480666208	0.470958349	0.460331084	0.450009276	0.440911285	0.43313412	0.42677827	0.422743708	0.421989754	0.42478524	0.427288988	0.423051207	0.407312102	0.385088235	0.361221485	0.336211217	0.311295951	0.2880836	0.266959185	0.249477867	0.234627318	0.22100581
7	0.136894576	0.136807494	0.139406071	0.147990318	0.166969854	0.193669481	0.219104872	0.238623257	0.254040414	0.266096339	0.271943351	0.269582064	0.260008699	0.24846197	0.239706932	0.23411617	0.230566818	0.227591546	0.224920093	0.222993278	0.223782695	0.228639848	0.23910632	0.25605522	0.277272133	0.299596734	0.320760175	0.339758532	0.364051179	0.401317751	0.451502725	0.503868313	0.545757904	0.573898448	0.589110433	0.595477803	0.59647808	0.593506759	0.587220784	0.578988525	0.569567889	0.559885779	0.551012598	0.544048147	0.538391018	0.533495542	0.529303429	0.524673147	0.518727273	0.510952249	0.50112928	0.490501082	0.480059563	0.470830721	0.462877841	0.456008919	0.451617095	0.450533995	0.452500033	0.453485009	0.447200258	0.430526904	0.407968483	0.383779235	0.358665118	0.33324391	0.309971147	0.288555167	0.270793959	0.255017151	0.241702801
12	0.122725241	0.122622782	0.125129968	0.133577026	0.152411047	0.179092521	0.205003444	0.225086484	0.240881231	0.253132246	0.259133992	0.256737817	0.246899463	0.235117396	0.226585563	0.221184782	0.217751467	0.214918426	0.212162118	0.210214669	0.210840512	0.215594299	0.2259095	0.242707612	0.263787131	0.285934773	0.306900696	0.325534671	0.34933239	0.385503364	0.434434226	0.486375491	0.5286803	0.557799129	0.574119816	0.581394737	0.583389456	0.581204634	0.575570363	0.567922669	0.559066736	0.549814375	0.541547911	0.534982357	0.52948708	0.524715703	0.520756929	0.516399774	0.51078823	0.502912073	0.493079008	0.482465695	0.471973895	0.46263655	0.454351895	0.447122832	0.442734454	0.441960379	0.443757817	0.444392404	0.437636226	0.420319018	0.397197247	0.372223263	0.346559489	0.320928311	0.296580091	0.274678875	0.256674002	0.241107028	0.227498348
17	0.115755956	0.115570834	0.117922979	0.126177023	0.144860815	0.17148665	0.197593134	0.218111585	0.23426829	0.246729195	0.252797077	0.250360541	0.240438229	0.22853706	0.219911285	0.214490484	0.211118883	0.208375964	0.205571898	0.203497554	0.203925706	0.208589971	0.21875183	0.235359054	0.256330706	0.278300784	0.299091387	0.317509744	0.340614882	0.375577911	0.423154449	0.474250635	0.516607617	0.546367721	0.563514617	0.571561374	0.574206066	0.572656921	0.567714505	0.560739679	0.552350626	0.543561308	0.535761684	0.529531805	0.524273491	0.51975958	0.516080486	0.511963643	0.506441935	0.498623095	0.488787686	0.478213281	0.467640944	0.458279997	0.449787796	0.442502828	0.43816028	0.437283316	0.438923179	0.439435699	0.432468969	0.414824789	0.391373163	0.366308952	0.340022994	0.314060616	0.289468584	0.268138891	0.249275675	0.233825626	0.220198277
22	0.114428458	0.114127783	0.116439792	0.124512232	0.14275378	0.169018495	0.195110189	0.215919453	0.232471546	0.245095832	0.251274798	0.248837253	0.238882102	0.227034386	0.218459592	0.213148277	0.209783223	0.206959187	0.204144135	0.201984255	0.202265774	0.206604271	0.216496791	0.232715771	0.253188713	0.274853428	0.295371061	0.313342169	0.335518671	0.369008909	0.415013486	0.465412121	0.508043789	0.538621125	0.55679844	0.565722163	0.569073401	0.568260175	0.564032487	0.557779481	0.549878335	0.541554296	0.534100572	0.528077711	0.523076035	0.518794006	0.515372312	0.511490846	0.506153768	0.498601294	0.488912034	0.478322789	0.46778725	0.458385525	0.449857812	0.442545215	0.438027753	0.437187317	0.438822961	0.439142601	0.432082836	0.414342371	0.390598006	0.365493576	0.339357897	0.312828029	0.288721097	0.266939932	0.248436431	0.232758267	0.21898839
27	0.111626248	0.11131853	0.113525923	0.121404357	0.139336774	0.165272778	0.191396639	0.21256182	0.229539229	0.242299505	0.24855686	0.24608234	0.236134576	0.224281077	0.215684869	0.210440909	0.207145548	0.204367497	0.201501092	0.199178414	0.199399265	0.203648653	0.21327945	0.229229081	0.249473878	0.270869408	0.29122475	0.308977865	0.330513211	0.363244053	0.408714746	0.45917143	0.502666905	0.534449187	0.553738056	0.563639481	0.567595501	0.567348361	0.563638161	0.557723681	0.550032608	0.5417778	0.534395008	0.528527947	0.523603465	0.519446364	0.516137932	0.512304957	0.507007802	0.499486848	0.489875283	0.479197334	0.468553526	0.459070724	0.450605414	0.443290741	0.438611675	0.437642066	0.439114363	0.439201713	0.431655519	0.413367657	0.389270956	0.364016215	0.337715106	0.31121584	0.286108954	0.264545367	0.24551132	0.229660602	0.216058016
32	0.112640736	0.112208795	0.114257447	0.121811645	0.139254242	0.164646638	0.190697191	0.212353823	0.229823404	0.242880502	0.249216404	0.246777576	0.236731092	0.224867902	0.216490627	0.211369299	0.208135229	0.205319303	0.20241439	0.200018902	0.200047372	0.204107171	0.213323714	0.228775957	0.248473053	0.269402237	0.289439443	0.306670761	0.327254853	0.358542605	0.402497978	0.452264935	0.496337597	0.529490878	0.550410882	0.561694056	0.566718113	0.567293526	0.564413088	0.559172913	0.55195804	0.544093055	0.536975345	0.531268959	0.526497941	0.52243856	0.51928894	0.515646452	0.510610524	0.503271715	0.493670446	0.483067841	0.472401494	0.462820931	0.454232549	0.446809171	0.442075916	0.440934475	0.44218911	0.441964691	0.434029115	0.415319556	0.390724173	0.365209793	0.339074935	0.312324014	0.287281241	0.265560601	0.24639991	0.230456208	0.216929556
4	0.159059589	0.157601618	0.158667558	0.164734706	0.1798531	0.202162341	0.223354591	0.239190877	0.251890139	0.262699104	0.268136607	0.266070726	0.256704642	0.245006457	0.235747666	0.229324667	0.224879576	0.221070466	0.21756034	0.214765931	0.214524442	0.218026089	0.226910362	0.242217918	0.262271929	0.28421855	0.30493121	0.322270186	0.343408827	0.375299477	0.418452159	0.464742691	0.502360681	0.526685554	0.538344963	0.5417334	0.540574142	0.536843082	0.530592354	0.52298264	0.514502086	0.505613877	0.497487802	0.491415974	0.486666337	0.482701737	0.479138897	0.474903793	0.469244367	0.46184026	0.452484939	0.442430206	0.432604821	0.424003887	0.416815281	0.41085943	0.407322708	0.407220901	0.411107376	0.416174374	0.416978506	0.408875044	0.39440432	0.377542907	0.359574809	0.341985456	0.324942952	0.309232608	0.295378952	0.283660844	0.274020409
9	0.143410283	0.141796759	0.142431467	0.147769982	0.161717007	0.182784498	0.203786895	0.220045758	0.233158491	0.243713549	0.248838074	0.246311149	0.236948813	0.225360865	0.216561734	0.21078621	0.206839659	0.203500835	0.200043451	0.197151523	0.196594278	0.199620599	0.207755489	0.222014719	0.240621327	0.260753515	0.279935924	0.296214041	0.316160485	0.346493769	0.388468642	0.434609914	0.472978187	0.499213627	0.513212367	0.518783298	0.519651061	0.517166811	0.511867304	0.504912871	0.496813898	0.488390568	0.481006687	0.47531603	0.470767943	0.466830446	0.463570671	0.459811788	0.454683598	0.447442834	0.438188982	0.428250717	0.418514679	0.410041103	0.402635036	0.396240315	0.392543568	0.392617245	0.39605021	0.400136589	0.399687834	0.391030221	0.376815295	0.360581077	0.343000114	0.325448482	0.308650502	0.292918813	0.279487095	0.26742242	0.256958368
14	0.135198855	0.133582502	0.134134321	0.139343319	0.15305811	0.174051118	0.195393844	0.212325557	0.225877745	0.236616878	0.241891838	0.239365774	0.22978048	0.218102777	0.209356636	0.203586883	0.199656994	0.196315127	0.192914198	0.189962703	0.189238944	0.192184049	0.200112879	0.21423616	0.232761813	0.252701638	0.271640877	0.287816057	0.307371381	0.337012526	0.378176178	0.42408699	0.463114499	0.490454324	0.505612703	0.51213728	0.513857892	0.511991144	0.507225312	0.500806342	0.493119804	0.485027422	0.477898957	0.472340849	0.467826684	0.464052414	0.461029276	0.457434738	0.452426128	0.445143373	0.43593377	0.425934126	0.416091943	0.407479229	0.399807694	0.393304652	0.389576792	0.38948656	0.392721088	0.396591002	0.395814709	0.386611046	0.371685484	0.355162474	0.337387978	0.319329475	0.301557029	0.286439021	0.272516894	0.26063661	0.249749363
19	0.133817147	0.132080264	0.132497214	0.137470438	0.150808393	0.171427381	0.192635811	0.20971227	0.223464512	0.234345152	0.239643666	0.237096019	0.227488904	0.215795845	0.207161508	0.201569727	0.197751478	0.194363472	0.190902272	0.187914105	0.18701266	0.189698386	0.19738191	0.211118135	0.229185584	0.24871382	0.267330075	0.282972134	0.30182049	0.330249716	0.370085197	0.415280249	0.45447035	0.482526909	0.498631769	0.505818981	0.508154698	0.506935825	0.502789359	0.496891845	0.489553798	0.481784813	0.474999494	0.469639998	0.46527789	0.461767575	0.458949253	0.455590464	0.45066145	0.443498384	0.434409845	0.424551296	0.414706001	0.406026183	0.39832487	0.391799843	0.388122213	0.387939779	0.390952185	0.394665302	0.393796828	0.384650785	0.369964595	0.35325852	0.335291159	0.31703361	0.29995149	0.284658661	0.270664257	0.258502708	0.247497976
24	0.134273952	0.132484114	0.132835016	0.137682942	0.150741261	0.170977402	0.192056164	0.209267753	0.22317657	0.23415438	0.239465493	0.236910382	0.227275981	0.215692194	0.207114622	0.201549669	0.197768877	0.194449187	0.190932744	0.18784058	0.186808564	0.189339962	0.196764009	0.210127953	0.227827864	0.247035177	0.26543257	0.280766722	0.29888526	0.326385568	0.365248433	0.409827664	0.449070699	0.477622668	0.494322514	0.502193929	0.504994006	0.504157526	0.500430564	0.494906177	0.487870146	0.48031683	0.473693789	0.468523124	0.464395011	0.460927419	0.458247148	0.455019496	0.450296738	0.443372017	0.43442738	0.424592632	0.414751346	0.406101788	0.398471393	0.391906809	0.388141043	0.38794987	0.391052574	0.39465031	0.393818499	0.38467886	0.36990104	0.353262493	0.335513852	0.3176903	0.300253557	0.284976717	0.271271226	0.258703384	0.247779148
29	0.132312403	0.13049036	0.130844891	0.135637566	0.148486635	0.168676764	0.189930944	0.207437183	0.221698097	0.232881029	0.238305257	0.235714399	0.226032078	0.214356611	0.205741601	0.20022602	0.196456286	0.193084839	0.189513108	0.186344873	0.185235528	0.187679553	0.1949657	0.208261321	0.225834303	0.244917295	0.263228717	0.278473654	0.296197322	0.32320371	0.361712719	0.406450223	0.446339597	0.475890968	0.49355455	0.502233211	0.505502309	0.505142505	0.501843983	0.496696481	0.489859987	0.482428788	0.475903179	0.470796267	0.466733411	0.463379538	0.460818586	0.45766021	0.45300752	0.446119304	0.437063411	0.42715727	0.417328242	0.408530434	0.400796936	0.394217168	0.39025115	0.390017624	0.392937237	0.396314195	0.395167305	0.385575594	0.370544737	0.353466833	0.335375767	0.31740693	0.299468395	0.28353698	0.269951576	0.257966208	0.24661153
34	0.131975166	0.13010778	0.130306739	0.134855671	0.147350933	0.167083904	0.188263031	0.206130158	0.220783393	0.232055858	0.237500925	0.234940672	0.225175709	0.213561562	0.205047752	0.199645489	0.195971209	0.19260798	0.189022168	0.185758979	0.18455049	0.186801559	0.193827669	0.206723075	0.22387995	0.24255631	0.260561746	0.275464593	0.292464931	0.318293306	0.355602305	0.399700968	0.440019246	0.47057462	0.489487974	0.499199113	0.503231281	0.503579269	0.5009143	0.496280624	0.489822769	0.482733599	0.476387876	0.471419351	0.467448258	0.464204718	0.46180999	0.458790019	0.454269152	0.447535032	0.438670016	0.428765753	0.418877362	0.410174939	0.402374966	0.39563324	0.391634605	0.391209083	0.393982826	0.397080576	0.395686913	0.38589843	0.37097848	0.353807119	0.335285207	0.316761294	0.29942402	0.283627355	0.269760935	0.257553115	0.246226749
