1	0.20797155	0.209424567	0.216306412	0.234645554	0.266765694	0.305319223	0.339385622	0.366717433	0.390043109	0.408979999	0.415690957	0.409399796	0.393609464	0.375871728	0.361959881	0.353449167	0.348504339	0.345218356	0.340812378	0.336870498	0.337120487	0.343936824	0.359016054	0.38496996	0.418469447	0.454193493	0.487433722	0.515977269	0.548222111	0.593966197	0.651092121	0.708755539	0.75300592	0.777183684	0.789585693	0.795715864	0.797258006	0.796124539	0.793945977	0.788993886	0.783483686	0.778609218	0.772256035	0.76694181	0.763216314	0.759971823	0.757373649	0.75426503	0.748657784	0.740647704	0.730556349	0.719242479	0.70829651	0.698540377	0.689640097	0.682822479	0.678637561	0.679016778	0.683823536	0.683281436	0.664791018	0.629647451	0.588504483	0.546853957	0.507461598	0.472046876	0.440374808	0.414127522	0.390093527	0.370482131	0.353993736
6	0.210688858	0.211894575	0.21833874	0.235780231	0.266584828	0.304440723	0.33942025	0.368369163	0.39255291	0.411533941	0.418058619	0.411353099	0.395315284	0.377903142	0.364402278	0.356330137	0.35153495	0.348261565	0.344149067	0.339890836	0.339822621	0.346271585	0.36083751	0.385628522	0.417476163	0.451805025	0.483790694	0.51144613	0.542363938	0.586474944	0.642888167	0.701735203	0.748807731	0.775995809	0.79087294	0.798696647	0.801721	0.801887267	0.800531264	0.796258783	0.79142721	0.78691522	0.781104259	0.776409859	0.772972548	0.769760559	0.767613653	0.764770314	0.759510827	0.752026534	0.742147644	0.731150709	0.72032163	0.710483779	0.701394647	0.694179865	0.689591655	0.689363901	0.693229009	0.691349307	0.671310734	0.63506954	0.593008845	0.550766047	0.510963918	0.475125682	0.442844662	0.416468664	0.392442392	0.372159891	0.355889218
11	0.210468752	0.211704729	0.218018187	0.235180463	0.265602158	0.30307821	0.338268147	0.367586264	0.392064477	0.411288517	0.417631091	0.410909539	0.394856691	0.377409107	0.364004122	0.356040981	0.351359283	0.348057431	0.343932107	0.3395655	0.339414717	0.345711869	0.360108453	0.384493727	0.415993576	0.450023006	0.481733915	0.509016523	0.539289752	0.582818596	0.638833238	0.697694328	0.745319284	0.773272137	0.788884873	0.797226218	0.800651168	0.801326771	0.800268351	0.796211627	0.791605378	0.787332638	0.781796541	0.777308237	0.773839984	0.770758844	0.768591596	0.765806621	0.760805712	0.753467918	0.743690025	0.732711174	0.721953678	0.712067171	0.703003076	0.695736479	0.691167881	0.690868022	0.694403619	0.692223158	0.671928863	0.635504958	0.593029411	0.550605694	0.510410912	0.474669164	0.442440593	0.415706829	0.392046062	0.371951557	0.355751514
16	0.210946048	0.212098007	0.218288099	0.235242765	0.265216464	0.302414528	0.337616906	0.367206294	0.391814594	0.411135847	0.41753788	0.410786004	0.394747938	0.377419235	0.364110904	0.356281421	0.351554539	0.348176258	0.34414162	0.339618812	0.339346831	0.345544911	0.359680644	0.383720377	0.414752747	0.44850487	0.479818997	0.506722178	0.536398985	0.579135022	0.634402882	0.692919606	0.740818058	0.76934878	0.785451887	0.794369734	0.79813031	0.79910903	0.798278432	0.794519198	0.790273631	0.786257038	0.78088303	0.776569061	0.773330572	0.770331703	0.768395844	0.765573283	0.760636851	0.753530168	0.743849744	0.733036486	0.722421552	0.712660139	0.703633739	0.696433073	0.69170541	0.691322883	0.6945783	0.691947759	0.671594162	0.635068207	0.592690111	0.550591251	0.510338543	0.474553229	0.442322687	0.415613174	0.392248393	0.372070908	0.355747415
21	0.211934406	0.212883518	0.218894183	0.235500904	0.265087497	0.301922528	0.337393811	0.367537351	0.392512064	0.412092383	0.41857082	0.411726737	0.395607529	0.378279491	0.364981104	0.357194055	0.352574533	0.349234005	0.345214881	0.340557626	0.340119507	0.346118635	0.359974096	0.383577633	0.414094066	0.447419561	0.478475028	0.505138552	0.53408433	0.575757858	0.630105766	0.688520656	0.73729888	0.766973712	0.784091621	0.793661566	0.797925346	0.799439177	0.799169195	0.795791474	0.791717612	0.787856914	0.78264406	0.778573975	0.775547197	0.772684969	0.770744139	0.768132147	0.763535776	0.756618146	0.747069458	0.736345084	0.725803253	0.715991956	0.706916001	0.699770778	0.694879519	0.694270498	0.697332661	0.694420261	0.673860025	0.637293258	0.594788881	0.55221303	0.512154736	0.476397408	0.443849345	0.417224634	0.392854088	0.37308249	0.356396466
26	0.211633086	0.212556784	0.218425044	0.234773364	0.264019506	0.300672238	0.336176214	0.366559383	0.391816666	0.411510203	0.417953992	0.411110964	0.394927746	0.377571807	0.364389483	0.356783857	0.352243502	0.34885548	0.344808758	0.340051079	0.339430946	0.345298788	0.358896546	0.382174236	0.412429109	0.445463379	0.476281244	0.502742202	0.531183192	0.572182752	0.626075423	0.684506816	0.733713158	0.764134652	0.781853677	0.791958767	0.796590283	0.798265137	0.798136212	0.795022649	0.79136246	0.78769911	0.782618178	0.77855909	0.775667402	0.772960852	0.771098538	0.768577371	0.763994041	0.757183089	0.747690951	0.737080018	0.726624111	0.716750467	0.707687667	0.700557016	0.69559749	0.694854001	0.697888723	0.694926922	0.674210339	0.637370938	0.594921811	0.552330803	0.512338779	0.476014416	0.443609764	0.41696145	0.392991728	0.372771793	0.356080474
31	0.212956043	0.213765236	0.219363778	0.235181172	0.263728121	0.299743802	0.335400071	0.366364925	0.391990407	0.41172308	0.418228519	0.411284568	0.395093452	0.377820953	0.364850978	0.357417841	0.352942066	0.349671137	0.345539059	0.340684791	0.339784725	0.345339577	0.358480621	0.381088019	0.410565259	0.442903064	0.473188043	0.49911519	0.526362124	0.565713616	0.61809515	0.676057653	0.726227027	0.758047902	0.777025909	0.788107872	0.793449219	0.795765662	0.796278497	0.793536737	0.790177318	0.786863633	0.78192333	0.778134894	0.775542699	0.773052226	0.771363405	0.768994749	0.764698491	0.758199048	0.748898611	0.738554099	0.728132475	0.718329336	0.709329217	0.702153151	0.697112538	0.696098648	0.698710746	0.695378214	0.674570092	0.637946157	0.595454045	0.55265522	0.512383048	0.476723114	0.444573497	0.417798774	0.394069595	0.374352892	0.357896063
2	0.135100859	0.136190213	0.141069358	0.153776411	0.176459186	0.203121309	0.224878201	0.240983318	0.254374915	0.266132802	0.270627687	0.266719156	0.256497422	0.245091574	0.236358364	0.231140432	0.227813174	0.225652065	0.223039129	0.221124047	0.222327601	0.228007163	0.239133663	0.257244486	0.279369362	0.302400858	0.324049953	0.343754092	0.368698897	0.406479817	0.455192633	0.505844452	0.546588858	0.570018295	0.581943918	0.586953645	0.587046372	0.583594178	0.577921723	0.569470922	0.56077623	0.553501966	0.545801742	0.539434409	0.53499115	0.531298351	0.528262835	0.524563909	0.519042154	0.511567991	0.502129112	0.492006164	0.482443812	0.474259636	0.467059918	0.461515311	0.457854152	0.458217152	0.463486881	0.467534444	0.461015838	0.442355738	0.418456098	0.392889343	0.367932736	0.344898225	0.323821698	0.305129392	0.288567846	0.273815449	0.261054717
7	0.136024075	0.137128523	0.141823765	0.154060146	0.176218775	0.20283986	0.225775258	0.243405095	0.257590532	0.269585455	0.273799834	0.269564401	0.259241512	0.248095413	0.239701538	0.234761408	0.231613886	0.229406069	0.227205332	0.225159103	0.226368844	0.232259754	0.243635699	0.261487034	0.2828973	0.305173595	0.325992162	0.34554956	0.370809826	0.409494016	0.459822068	0.512432411	0.555487781	0.581595329	0.596249454	0.603432551	0.605206136	0.602920581	0.597671812	0.589369906	0.580742864	0.573152362	0.565102994	0.558702954	0.553909252	0.549581407	0.54636877	0.542531553	0.536846344	0.529367187	0.519882984	0.50970416	0.500024961	0.49151496	0.483798381	0.477851022	0.473751234	0.473500908	0.47781777	0.480402727	0.472233097	0.452024183	0.426455405	0.399738534	0.373430828	0.349559575	0.327091019	0.308229597	0.290548921	0.274953424	0.262501572
12	0.119125165	0.120274463	0.124824527	0.137022828	0.159031785	0.185857969	0.209095363	0.227263212	0.241694189	0.253822985	0.258192337	0.253952676	0.243522537	0.232352481	0.223923275	0.219083941	0.215933354	0.21378685	0.211590571	0.209530414	0.210772883	0.216570913	0.227894233	0.245704846	0.266881195	0.28898922	0.30965459	0.328880261	0.353458044	0.391299654	0.440582171	0.492546097	0.535753549	0.562694649	0.578285867	0.586326558	0.588941994	0.587604102	0.583264743	0.575551431	0.567477904	0.560425472	0.552872952	0.546802112	0.542318637	0.538281413	0.535082002	0.531330141	0.525861894	0.518596527	0.509100459	0.498885771	0.489251777	0.480601757	0.472821483	0.46676328	0.462519192	0.462138705	0.466307604	0.468654717	0.45985909	0.439003847	0.41293539	0.385107395	0.35900802	0.334149509	0.310857854	0.291798678	0.273852035	0.259147384	0.245719732
17	0.111017056	0.112014683	0.116528231	0.128567185	0.150388347	0.177059177	0.200562906	0.219073189	0.233802418	0.246213223	0.250549296	0.246277081	0.235814598	0.22458451	0.216043828	0.211221137	0.208076431	0.205875355	0.203725404	0.201549999	0.202665269	0.208366822	0.21957933	0.237294219	0.258239241	0.280254494	0.300726819	0.319643715	0.343603943	0.380220359	0.428193465	0.4793353	0.522513625	0.549941277	0.566202993	0.574928082	0.578001078	0.577381351	0.573689221	0.566730097	0.559184301	0.552589166	0.545410089	0.53974448	0.535508421	0.531673126	0.528781129	0.525258581	0.519970653	0.512775027	0.503284545	0.493169462	0.483418883	0.47469996	0.466792254	0.460671687	0.456486952	0.456077715	0.460023894	0.462344009	0.453264947	0.432163622	0.405620934	0.378080641	0.350969493	0.326396745	0.303654486	0.284372539	0.266582519	0.251113377	0.237734655
22	0.108487161	0.10932784	0.113630805	0.125339334	0.146817103	0.173151947	0.196830024	0.21575071	0.230861447	0.243391703	0.24792104	0.243545161	0.233055383	0.221822315	0.213396239	0.208630181	0.205494896	0.203269248	0.201021026	0.198796755	0.199747158	0.205231453	0.216187466	0.233401723	0.253980316	0.275568016	0.295772794	0.314339596	0.337272182	0.372570427	0.419207374	0.469546591	0.513089868	0.541548513	0.558879074	0.568545659	0.572407358	0.572594678	0.569623453	0.563238938	0.556246716	0.550055375	0.543214597	0.53782801	0.533874324	0.530233222	0.527506496	0.524117199	0.519074612	0.512118747	0.502730093	0.492598095	0.482863137	0.474071862	0.466210551	0.460134149	0.455690694	0.455143317	0.459070686	0.461073072	0.451897512	0.430519161	0.403944967	0.375939346	0.348894628	0.324229857	0.301360639	0.281257777	0.263402733	0.248023922	0.234825526
27	0.108474254	0.109180539	0.113407582	0.12484248	0.145805485	0.171962847	0.195706793	0.21492548	0.230343978	0.242935694	0.247587599	0.243206067	0.232631192	0.221443698	0.213116911	0.20836586	0.205283757	0.203078762	0.20080884	0.198466891	0.199214748	0.204604574	0.215325061	0.232127541	0.252359319	0.273691433	0.293587407	0.311836394	0.3341766	0.368456212	0.414186363	0.464198615	0.508114429	0.537398728	0.555648235	0.566152912	0.570583195	0.57117661	0.568739219	0.562805806	0.55620523	0.550285623	0.543480972	0.538276205	0.534491428	0.53089737	0.528299419	0.525114083	0.520258952	0.513393146	0.503889352	0.493850002	0.484147755	0.47530909	0.467328364	0.461290661	0.456790856	0.456163503	0.459819996	0.461868451	0.452595937	0.43112038	0.404367621	0.376298603	0.349260263	0.324447003	0.301151134	0.281689633	0.263849378	0.248923431	0.234963032
32	0.109266906	0.109922639	0.113882045	0.124862686	0.145105975	0.170699661	0.194569956	0.214186116	0.2298987	0.242684079	0.247404314	0.243092369	0.232579685	0.221500786	0.213320749	0.208673568	0.205648604	0.203445367	0.201120714	0.198631468	0.199163763	0.204257843	0.214502172	0.230801232	0.250482074	0.271220406	0.290624818	0.30826433	0.329439987	0.362104097	0.40629029	0.455451497	0.499721417	0.530302616	0.550059559	0.561878249	0.567363711	0.568891264	0.567287793	0.561971013	0.555903853	0.550394726	0.543909711	0.538918208	0.535334579	0.532052988	0.529625752	0.526556121	0.521880705	0.515315502	0.506047463	0.496047278	0.486313821	0.477435828	0.469495459	0.463378957	0.458783143	0.457927113	0.46144431	0.463175754	0.453525966	0.432063148	0.405176789	0.376831614	0.34975184	0.325046509	0.301761277	0.282156178	0.264278487	0.248959315	0.235533507
4	0.220205913	0.21967091	0.222092843	0.230715598	0.24794258	0.269588259	0.287958841	0.302004755	0.313595723	0.324120089	0.328014339	0.324043597	0.314050497	0.302950552	0.294137233	0.288577271	0.284689852	0.282025861	0.279007994	0.275960647	0.275939881	0.280112212	0.289246037	0.30491517	0.324498044	0.345196328	0.364752606	0.382102007	0.403211042	0.43503217	0.477228634	0.522790125	0.560860942	0.583391191	0.594837821	0.599475197	0.599561994	0.596792938	0.592065564	0.584612695	0.577047418	0.570854981	0.56408266	0.558853516	0.55518722	0.551801479	0.549279252	0.546097363	0.540952079	0.534042483	0.525237354	0.515815091	0.506922423	0.49929418	0.492713521	0.487694456	0.484330062	0.485169552	0.491321447	0.497690782	0.495980247	0.484750674	0.468238456	0.449907138	0.431980747	0.415290559	0.399083401	0.385951059	0.372492335	0.361493136	0.350914487
9	0.261934197	0.261429094	0.263522878	0.271626826	0.288092138	0.309093385	0.327717872	0.342369864	0.354157466	0.364640068	0.368364859	0.364303256	0.354407284	0.34368639	0.335153448	0.329851095	0.326179801	0.323495448	0.320750241	0.317681689	0.317429553	0.321454752	0.33039729	0.345441155	0.363940512	0.383616742	0.402017274	0.418575592	0.438812629	0.469797462	0.51115655	0.556353162	0.59495584	0.618769244	0.632026272	0.638363717	0.639799126	0.638355137	0.634472787	0.62758819	0.620553501	0.614801203	0.608272796	0.603384085	0.599760368	0.596271683	0.593864692	0.590828644	0.585916762	0.57934303	0.570733416	0.561580546	0.552870089	0.545233939	0.538385864	0.533150696	0.529581469	0.529896077	0.535305033	0.540443426	0.537850985	0.52577315	0.508971719	0.490651984	0.471709708	0.454995448	0.438585163	0.425323255	0.411761064	0.39960133	0.389976725
14	0.132213711	0.131736325	0.133973975	0.14226155	0.158692275	0.179853351	0.198947458	0.214226073	0.226609858	0.237361421	0.241146539	0.236955608	0.226852473	0.215782043	0.20720771	0.201957468	0.198293532	0.195545077	0.192707301	0.189693118	0.189451867	0.193368898	0.202287865	0.217209339	0.235712328	0.25554669	0.274018584	0.290519896	0.310783147	0.341994013	0.383742093	0.429413544	0.468915291	0.494044442	0.50834585	0.515499489	0.517740941	0.516804184	0.513263707	0.506757776	0.499905416	0.493925071	0.487427312	0.482521474	0.47911478	0.476031045	0.473752744	0.470727174	0.465991062	0.459458654	0.450659897	0.441298522	0.432405564	0.424561799	0.417672345	0.412279721	0.408864884	0.409443116	0.415139727	0.421008857	0.418935991	0.406676519	0.389387444	0.370347184	0.351582923	0.334456431	0.317938428	0.303812843	0.290649152	0.278201446	0.268159286
19	0.132242312	0.131753779	0.133912641	0.141956164	0.158052211	0.17901159	0.198287893	0.213852924	0.226487369	0.237452755	0.241193562	0.236945741	0.226833093	0.215773626	0.207248123	0.202084661	0.198400958	0.19562546	0.192750286	0.189620334	0.189352266	0.193150829	0.201824429	0.216453427	0.234545647	0.254055623	0.272246657	0.288419819	0.307835679	0.337897591	0.378470451	0.423339587	0.462836396	0.488602681	0.503766893	0.511737051	0.514502609	0.514156883	0.511210315	0.505208421	0.49879021	0.493292255	0.487076721	0.482458161	0.479249596	0.476297356	0.474281336	0.47136615	0.466896357	0.460506658	0.451790557	0.442469381	0.433653474	0.425812971	0.418928803	0.41360066	0.410068202	0.410488977	0.41599807	0.421668819	0.41953633	0.407116881	0.389864342	0.371072387	0.351966788	0.334890971	0.318100893	0.303622709	0.290903126	0.278450788	0.268101589
24	0.129039327	0.128312488	0.130335676	0.138185671	0.154002408	0.174623064	0.193928134	0.209663785	0.222449558	0.233536869	0.237421543	0.233126001	0.222989605	0.211942833	0.203453122	0.198315779	0.194751024	0.191884697	0.189008057	0.185829143	0.185361039	0.18897245	0.197371842	0.211703884	0.229448338	0.248702657	0.266672787	0.282505996	0.301356887	0.330479869	0.370099258	0.41456248	0.454324322	0.480763497	0.496597462	0.505224297	0.508464833	0.508594427	0.506107427	0.500518332	0.494374536	0.489127807	0.483086302	0.478589218	0.475513547	0.472770146	0.470868206	0.468129373	0.463757901	0.457597623	0.448918517	0.439655414	0.430828374	0.422913297	0.415891963	0.410723933	0.407121144	0.407460539	0.41288102	0.418531252	0.416313318	0.403823392	0.386506474	0.367183533	0.34852136	0.331085625	0.314821224	0.30052325	0.286626142	0.275179739	0.263930552
29	0.129367651	0.128705384	0.13064883	0.138295616	0.154104935	0.17471458	0.194243971	0.210309314	0.223395819	0.234621068	0.238557475	0.234268011	0.224003441	0.212881108	0.204426127	0.199358961	0.195758198	0.19297632	0.189994653	0.186716772	0.186141482	0.189652505	0.198019431	0.212190335	0.229918178	0.249032087	0.266883424	0.282699789	0.301156061	0.329749282	0.368925296	0.413098233	0.453056432	0.480153595	0.496640357	0.505827288	0.509499156	0.509940557	0.507889037	0.502545097	0.496690933	0.491614871	0.485746702	0.481353466	0.478379984	0.47567945	0.473741028	0.471181794	0.466962712	0.460829482	0.452173839	0.442949791	0.434057226	0.426080294	0.419050415	0.413820974	0.41025654	0.410468578	0.415675604	0.421028584	0.418624123	0.405931177	0.388233073	0.368787523	0.349758786	0.33202378	0.315958535	0.301580858	0.288370081	0.275825026	0.265581704
34	0.129173965	0.128374377	0.13019136	0.137507508	0.152607336	0.172758351	0.192219098	0.208477952	0.22170148	0.23297536	0.236946723	0.232614151	0.222401826	0.211425532	0.203053905	0.198116136	0.19457416	0.191824856	0.188852381	0.18554351	0.184789026	0.18816106	0.196086412	0.209775685	0.226906989	0.245483837	0.262904796	0.278217468	0.295767189	0.323127104	0.361077387	0.404674395	0.444901923	0.47283165	0.490555235	0.5008002	0.505230527	0.506366646	0.504907953	0.500082574	0.49462671	0.489795002	0.484105476	0.479892279	0.477077906	0.474515654	0.472802285	0.470269822	0.466242435	0.46037965	0.451825117	0.442586918	0.433717813	0.425750766	0.418690958	0.413412665	0.409718717	0.409838736	0.414743804	0.420079696	0.417513588	0.404836193	0.387399951	0.368037199	0.34945028	0.331718024	0.315120636	0.3012205	0.287523075	0.275843482	0.264890406
