11 	 0.29220	 0.29359	 0.30000	 0.31479	 0.33919	 0.36832	 0.39571	 0.41598	 0.43178	 0.44425	 0.44918	 0.44335	 0.42679	 0.40716	 0.39160	 0.38062	 0.37506	 0.37284	 0.36995	 0.36703	 0.36652	 0.37042	 0.37941	 0.39317	 0.41156	 0.43382	 0.45676	 0.47990	 0.50979	 0.54723	 0.58819	 0.63037	 0.66631	 0.69040	 0.70462	 0.71319	 0.71920	 0.72080	 0.71905	 0.71563	 0.71017	 0.70238	 0.69598	 0.69116	 0.68553	 0.68001	 0.67593	 0.67299	 0.66775	 0.65930	 0.64995	 0.64142	 0.63279	 0.62496	 0.61848	 0.61454	 0.61566	 0.62048	 0.62870	 0.63551	 0.63483	 0.62121	 0.59621	 0.56510	 0.53227	 0.50267	 0.47769	 0.45501	 0.43629	 0.42084	 0.40925
21 	 0.28842	 0.28989	 0.29641	 0.31136	 0.33539	 0.36302	 0.38831	 0.40684	 0.42123	 0.43199	 0.43576	 0.43004	 0.41548	 0.39853	 0.38475	 0.37474	 0.36972	 0.36772	 0.36494	 0.36210	 0.36141	 0.36483	 0.37299	 0.38547	 0.40224	 0.42257	 0.44334	 0.46392	 0.49022	 0.52338	 0.56024	 0.59841	 0.63148	 0.65398	 0.66751	 0.67593	 0.68199	 0.68401	 0.68264	 0.67934	 0.67377	 0.66603	 0.65969	 0.65505	 0.64969	 0.64439	 0.64049	 0.63759	 0.63257	 0.62424	 0.61483	 0.60632	 0.59766	 0.58972	 0.58323	 0.57883	 0.57908	 0.58280	 0.58995	 0.59621	 0.59636	 0.58596	 0.56588	 0.53975	 0.51158	 0.48567	 0.46385	 0.44393	 0.42771	 0.41379	 0.40315
22 	 0.28002	 0.28149	 0.28798	 0.30259	 0.32610	 0.35351	 0.37865	 0.39689	 0.41104	 0.42198	 0.42620	 0.42087	 0.40633	 0.38904	 0.37505	 0.36513	 0.36010	 0.35796	 0.35515	 0.35236	 0.35167	 0.35502	 0.36305	 0.37537	 0.39184	 0.41183	 0.43242	 0.45298	 0.47934	 0.51222	 0.54882	 0.58683	 0.61963	 0.64211	 0.65572	 0.66419	 0.67036	 0.67236	 0.67087	 0.66738	 0.66168	 0.65390	 0.64756	 0.64295	 0.63773	 0.63249	 0.62860	 0.62578	 0.62100	 0.61273	 0.60322	 0.59484	 0.58615	 0.57819	 0.57180	 0.56756	 0.56795	 0.57171	 0.57896	 0.58562	 0.58625	 0.57609	 0.55607	 0.52949	 0.50080	 0.47505	 0.45282	 0.43326	 0.41667	 0.40272	 0.39233
41 	 0.30165	 0.30320	 0.30986	 0.32510	 0.34982	 0.37836	 0.40445	 0.42328	 0.43772	 0.44865	 0.45267	 0.44709	 0.43241	 0.41508	 0.40083	 0.39058	 0.38540	 0.38326	 0.38048	 0.37774	 0.37726	 0.38111	 0.38987	 0.40309	 0.42043	 0.44107	 0.46229	 0.48336	 0.51050	 0.54469	 0.58232	 0.62042	 0.65289	 0.67477	 0.68787	 0.69614	 0.70231	 0.70433	 0.70293	 0.69947	 0.69365	 0.68582	 0.67944	 0.67481	 0.66958	 0.66433	 0.66034	 0.65741	 0.65256	 0.64437	 0.63494	 0.62652	 0.61794	 0.61011	 0.60357	 0.59923	 0.59942	 0.60282	 0.60919	 0.61422	 0.61287	 0.60053	 0.57837	 0.55073	 0.52109	 0.49434	 0.47110	 0.45085	 0.43354	 0.41938	 0.40952
42 	 0.31049	 0.31203	 0.31867	 0.33393	 0.35905	 0.38874	 0.41651	 0.43689	 0.45269	 0.46495	 0.46969	 0.46374	 0.44708	 0.42714	 0.41132	 0.40009	 0.39444	 0.39219	 0.38935	 0.38658	 0.38620	 0.39031	 0.39940	 0.41324	 0.43151	 0.45355	 0.47655	 0.49973	 0.52972	 0.56687	 0.60673	 0.64672	 0.68011	 0.70210	 0.71514	 0.72329	 0.72928	 0.73114	 0.72970	 0.72662	 0.72137	 0.71400	 0.70792	 0.70337	 0.69791	 0.69244	 0.68828	 0.68535	 0.68050	 0.67237	 0.66322	 0.65505	 0.64669	 0.63919	 0.63311	 0.62942	 0.63063	 0.63533	 0.64316	 0.64926	 0.64778	 0.63338	 0.60768	 0.57629	 0.54395	 0.51484	 0.48912	 0.46680	 0.44913	 0.43355	 0.42150
51 	 0.33480	 0.33711	 0.34474	 0.36221	 0.39169	 0.42573	 0.45562	 0.47635	 0.49175	 0.50298	 0.50656	 0.49983	 0.48362	 0.46503	 0.45019	 0.43946	 0.43410	 0.43233	 0.43041	 0.42914	 0.43091	 0.43797	 0.45066	 0.46827	 0.48929	 0.51234	 0.53556	 0.56009	 0.59477	 0.64072	 0.68963	 0.73441	 0.76846	 0.78887	 0.80007	 0.80649	 0.81087	 0.81069	 0.80678	 0.80098	 0.79322	 0.78373	 0.77595	 0.76974	 0.76297	 0.75608	 0.75030	 0.74584	 0.73965	 0.73063	 0.72086	 0.71211	 0.70346	 0.69563	 0.68900	 0.68487	 0.68537	 0.68903	 0.69508	 0.69840	 0.69360	 0.67533	 0.64584	 0.61197	 0.57735	 0.54611	 0.51881	 0.49412	 0.47488	 0.45878	 0.44694
52 	 0.32160	 0.32393	 0.33163	 0.34913	 0.37867	 0.41332	 0.44416	 0.46578	 0.48195	 0.49398	 0.49785	 0.49089	 0.47370	 0.45395	 0.43837	 0.42723	 0.42171	 0.41986	 0.41783	 0.41641	 0.41814	 0.42517	 0.43822	 0.45637	 0.47818	 0.50226	 0.52663	 0.55244	 0.58890	 0.63725	 0.68893	 0.73632	 0.77225	 0.79375	 0.80545	 0.81208	 0.81649	 0.81622	 0.81215	 0.80622	 0.79833	 0.78859	 0.78040	 0.77377	 0.76650	 0.75916	 0.75310	 0.74845	 0.74192	 0.73246	 0.72228	 0.71319	 0.70421	 0.69603	 0.68916	 0.68504	 0.68580	 0.69010	 0.69688	 0.70071	 0.69583	 0.67663	 0.64560	 0.61007	 0.57379	 0.54102	 0.51183	 0.48704	 0.46700	 0.44930	 0.43680
61 	 0.34083	 0.34192	 0.34788	 0.36247	 0.38774	 0.41843	 0.44556	 0.46355	 0.47675	 0.48709	 0.49083	 0.48471	 0.46901	 0.45079	 0.43617	 0.42558	 0.42004	 0.41757	 0.41505	 0.41363	 0.41527	 0.42198	 0.43426	 0.45120	 0.47121	 0.49290	 0.51479	 0.53836	 0.57258	 0.61857	 0.66781	 0.71234	 0.74526	 0.76444	 0.77453	 0.78012	 0.78378	 0.78287	 0.77814	 0.77160	 0.76332	 0.75351	 0.74549	 0.73920	 0.73229	 0.72538	 0.71968	 0.71517	 0.70899	 0.70002	 0.69042	 0.68195	 0.67340	 0.66565	 0.65924	 0.65517	 0.65551	 0.65912	 0.66596	 0.67206	 0.67229	 0.66064	 0.63827	 0.60987	 0.58039	 0.55310	 0.52948	 0.50834	 0.49085	 0.47599	 0.46463
62 	 0.32088	 0.32274	 0.32957	 0.34527	 0.37200	 0.40428	 0.43279	 0.45184	 0.46585	 0.47679	 0.48105	 0.47539	 0.46024	 0.44243	 0.42806	 0.41772	 0.41236	 0.40998	 0.40765	 0.40636	 0.40812	 0.41509	 0.42772	 0.44512	 0.46564	 0.48791	 0.51027	 0.53426	 0.56890	 0.61571	 0.66676	 0.71379	 0.74940	 0.77075	 0.78224	 0.78850	 0.79254	 0.79176	 0.78685	 0.77974	 0.77075	 0.76028	 0.75162	 0.74485	 0.73761	 0.73048	 0.72445	 0.71966	 0.71320	 0.70368	 0.69341	 0.68426	 0.67506	 0.66666	 0.65964	 0.65501	 0.65488	 0.65815	 0.66449	 0.66934	 0.66738	 0.65301	 0.62761	 0.59655	 0.56412	 0.53467	 0.50903	 0.48646	 0.46801	 0.45222	 0.44041
71 	 0.28379	 0.28554	 0.29232	 0.30783	 0.33380	 0.36470	 0.39313	 0.41345	 0.42885	 0.44065	 0.44496	 0.43869	 0.42203	 0.40253	 0.38705	 0.37612	 0.37052	 0.36810	 0.36539	 0.36317	 0.36366	 0.36890	 0.37956	 0.39514	 0.41491	 0.43760	 0.46056	 0.48438	 0.51690	 0.55914	 0.60539	 0.65022	 0.68611	 0.70893	 0.72185	 0.72938	 0.73441	 0.73487	 0.73166	 0.72666	 0.71979	 0.71097	 0.70352	 0.69763	 0.69098	 0.68439	 0.67924	 0.67539	 0.66961	 0.66068	 0.65093	 0.64250	 0.63388	 0.62593	 0.61946	 0.61557	 0.61676	 0.62165	 0.62969	 0.63595	 0.63433	 0.61965	 0.59379	 0.56200	 0.52880	 0.49841	 0.47259	 0.45021	 0.43125	 0.41512	 0.40328
72 	 0.30344	 0.30539	 0.31238	 0.32850	 0.35528	 0.38670	 0.41517	 0.43529	 0.45029	 0.46165	 0.46567	 0.45946	 0.44346	 0.42478	 0.40971	 0.39891	 0.39335	 0.39107	 0.38851	 0.38640	 0.38702	 0.39247	 0.40340	 0.41917	 0.43884	 0.46122	 0.48387	 0.50729	 0.53933	 0.58124	 0.62704	 0.67114	 0.70645	 0.72888	 0.74163	 0.74898	 0.75387	 0.75423	 0.75080	 0.74546	 0.73820	 0.72909	 0.72151	 0.71563	 0.70910	 0.70264	 0.69745	 0.69354	 0.68773	 0.67873	 0.66883	 0.66013	 0.65137	 0.64344	 0.63684	 0.63269	 0.63333	 0.63737	 0.64434	 0.64931	 0.64686	 0.63199	 0.60631	 0.57484	 0.54181	 0.51202	 0.48645	 0.46329	 0.44502	 0.43010	 0.41894
81 	 0.31320	 0.31499	 0.32169	 0.33695	 0.36258	 0.39254	 0.41901	 0.43751	 0.45137	 0.46152	 0.46482	 0.45867	 0.44388	 0.42702	 0.41350	 0.40372	 0.39872	 0.39673	 0.39452	 0.39287	 0.39413	 0.40027	 0.41160	 0.42750	 0.44666	 0.46778	 0.48895	 0.51146	 0.54388	 0.58753	 0.63534	 0.67977	 0.71377	 0.73434	 0.74563	 0.75207	 0.75644	 0.75620	 0.75206	 0.74593	 0.73788	 0.72816	 0.72010	 0.71369	 0.70669	 0.69981	 0.69420	 0.68979	 0.68360	 0.67448	 0.66449	 0.65569	 0.64687	 0.63868	 0.63170	 0.62711	 0.62715	 0.63042	 0.63677	 0.64170	 0.63995	 0.62667	 0.60359	 0.57452	 0.54384	 0.51617	 0.49177	 0.47011	 0.45256	 0.43726	 0.42488
82 	 0.31726	 0.31939	 0.32669	 0.34315	 0.37082	 0.40308	 0.43145	 0.45135	 0.46627	 0.47720	 0.48086	 0.47468	 0.45936	 0.44176	 0.42764	 0.41742	 0.41230	 0.41031	 0.40816	 0.40670	 0.40826	 0.41495	 0.42713	 0.44407	 0.46447	 0.48683	 0.50921	 0.53300	 0.56713	 0.61323	 0.66366	 0.71043	 0.74632	 0.76811	 0.78008	 0.78681	 0.79136	 0.79107	 0.78660	 0.78004	 0.77153	 0.76139	 0.75295	 0.74635	 0.73909	 0.73182	 0.72584	 0.72114	 0.71468	 0.70520	 0.69492	 0.68571	 0.67649	 0.66806	 0.66090	 0.65618	 0.65610	 0.65933	 0.66544	 0.66947	 0.66579	 0.64964	 0.62283	 0.59041	 0.55689	 0.52654	 0.50009	 0.47689	 0.45762	 0.44196	 0.42986
101 	 0.31962	 0.32174	 0.32898	 0.34567	 0.37397	 0.40768	 0.43759	 0.45818	 0.47354	 0.48522	 0.48954	 0.48358	 0.46764	 0.44900	 0.43411	 0.42340	 0.41792	 0.41573	 0.41334	 0.41181	 0.41349	 0.42058	 0.43350	 0.45137	 0.47260	 0.49569	 0.51890	 0.54350	 0.57857	 0.62559	 0.67659	 0.72372	 0.75987	 0.78193	 0.79413	 0.80103	 0.80568	 0.80557	 0.80141	 0.79508	 0.78676	 0.77664	 0.76824	 0.76173	 0.75471	 0.74751	 0.74151	 0.73685	 0.73041	 0.72093	 0.71067	 0.70137	 0.69204	 0.68360	 0.67637	 0.67166	 0.67158	 0.67477	 0.68065	 0.68432	 0.67991	 0.66189	 0.63301	 0.59877	 0.56335	 0.53123	 0.50360	 0.48004	 0.46023	 0.44364	 0.43104
102 	 0.32660	 0.32877	 0.33612	 0.35305	 0.38199	 0.41671	 0.44801	 0.46996	 0.48646	 0.49895	 0.50353	 0.49719	 0.48018	 0.46016	 0.44437	 0.43307	 0.42727	 0.42512	 0.42271	 0.42116	 0.42289	 0.43004	 0.44322	 0.46166	 0.48379	 0.50806	 0.53261	 0.55862	 0.59542	 0.64467	 0.69783	 0.74718	 0.78517	 0.80839	 0.82126	 0.82846	 0.83332	 0.83326	 0.82906	 0.82275	 0.81443	 0.80435	 0.79589	 0.78909	 0.78166	 0.77416	 0.76787	 0.76301	 0.75634	 0.74663	 0.73608	 0.72648	 0.71702	 0.70839	 0.70107	 0.69645	 0.69671	 0.70042	 0.70687	 0.71049	 0.70521	 0.68526	 0.65335	 0.61649	 0.57941	 0.54530	 0.51553	 0.49053	 0.46992	 0.45258	 0.44022
121 	 0.37663	 0.37704	 0.38203	 0.39524	 0.41870	 0.44652	 0.46952	 0.48358	 0.49352	 0.50084	 0.50255	 0.49572	 0.48155	 0.46605	 0.45338	 0.44383	 0.43871	 0.43638	 0.43417	 0.43339	 0.43591	 0.44335	 0.45574	 0.47196	 0.49015	 0.50877	 0.52726	 0.54850	 0.58122	 0.62537	 0.67088	 0.70871	 0.73479	 0.74882	 0.75577	 0.75962	 0.76214	 0.76049	 0.75525	 0.74815	 0.73982	 0.73018	 0.72235	 0.71628	 0.70950	 0.70268	 0.69688	 0.69220	 0.68612	 0.67767	 0.66893	 0.66138	 0.65378	 0.64692	 0.64097	 0.63691	 0.63682	 0.63947	 0.64552	 0.65219	 0.65599	 0.65186	 0.63852	 0.61911	 0.59853	 0.57925	 0.56219	 0.54555	 0.53158	 0.51941	 0.51022
122 	 0.38104	 0.38128	 0.38607	 0.39930	 0.42297	 0.45075	 0.47345	 0.48704	 0.49656	 0.50367	 0.50523	 0.49838	 0.48411	 0.46837	 0.45563	 0.44600	 0.44075	 0.43828	 0.43597	 0.43511	 0.43758	 0.44488	 0.45715	 0.47316	 0.49108	 0.50947	 0.52759	 0.54837	 0.58052	 0.62348	 0.66718	 0.70315	 0.72762	 0.74033	 0.74634	 0.74967	 0.75199	 0.75022	 0.74492	 0.73805	 0.73002	 0.72078	 0.71338	 0.70764	 0.70103	 0.69443	 0.68884	 0.68439	 0.67847	 0.67020	 0.66164	 0.65444	 0.64700	 0.64022	 0.63456	 0.63068	 0.63071	 0.63333	 0.63933	 0.64625	 0.65054	 0.64718	 0.63488	 0.61627	 0.59671	 0.57898	 0.56228	 0.54663	 0.53327	 0.52249	 0.51350
131 	 0.28642	 0.28860	 0.29626	 0.31338	 0.34201	 0.37580	 0.40616	 0.42725	 0.44292	 0.45500	 0.45957	 0.45366	 0.43748	 0.41835	 0.40312	 0.39226	 0.38671	 0.38448	 0.38199	 0.38003	 0.38118	 0.38748	 0.39944	 0.41650	 0.43739	 0.46069	 0.48412	 0.50860	 0.54260	 0.58769	 0.63737	 0.68476	 0.72207	 0.74539	 0.75845	 0.76579	 0.77060	 0.77076	 0.76673	 0.76057	 0.75248	 0.74261	 0.73430	 0.72791	 0.72083	 0.71376	 0.70811	 0.70371	 0.69733	 0.68780	 0.67740	 0.66805	 0.65865	 0.65006	 0.64281	 0.63819	 0.63850	 0.64214	 0.64868	 0.65309	 0.64920	 0.63191	 0.60323	 0.56917	 0.53394	 0.50196	 0.47454	 0.45072	 0.43114	 0.41492	 0.40249
132 	 0.29142	 0.29389	 0.30189	 0.31966	 0.34933	 0.38417	 0.41497	 0.43608	 0.45163	 0.46349	 0.46795	 0.46213	 0.44646	 0.42801	 0.41321	 0.40258	 0.39728	 0.39528	 0.39300	 0.39151	 0.39324	 0.40026	 0.41306	 0.43081	 0.45214	 0.47550	 0.49881	 0.52335	 0.55796	 0.60424	 0.65489	 0.70254	 0.73955	 0.76244	 0.77517	 0.78233	 0.78701	 0.78685	 0.78240	 0.77579	 0.76732	 0.75709	 0.74864	 0.74205	 0.73495	 0.72787	 0.72194	 0.71739	 0.71098	 0.70142	 0.69104	 0.68157	 0.67217	 0.66370	 0.65641	 0.65163	 0.65151	 0.65465	 0.66058	 0.66408	 0.65901	 0.64030	 0.61077	 0.57562	 0.53978	 0.50751	 0.47975	 0.45514	 0.43538	 0.41845	 0.40579
142 	 0.31086	 0.31217	 0.31821	 0.33211	 0.35502	 0.38188	 0.40621	 0.42354	 0.43676	 0.44673	 0.45010	 0.44432	 0.42992	 0.41339	 0.40010	 0.39058	 0.38584	 0.38387	 0.38127	 0.37903	 0.37927	 0.38385	 0.39308	 0.40647	 0.42348	 0.44308	 0.46297	 0.48354	 0.51180	 0.54860	 0.58914	 0.62862	 0.66047	 0.68094	 0.69273	 0.69978	 0.70489	 0.70585	 0.70312	 0.69832	 0.69160	 0.68301	 0.67610	 0.67096	 0.66509	 0.65919	 0.65457	 0.65109	 0.64576	 0.63724	 0.62779	 0.61944	 0.61094	 0.60320	 0.59661	 0.59221	 0.59235	 0.59566	 0.60230	 0.60826	 0.60847	 0.59834	 0.57898	 0.55347	 0.52569	 0.50104	 0.47945	 0.46009	 0.44372	 0.42958	 0.41969
151 	 0.27273	 0.27400	 0.28028	 0.29469	 0.31790	 0.34519	 0.37065	 0.38949	 0.40422	 0.41561	 0.41993	 0.41440	 0.39915	 0.38111	 0.36667	 0.35641	 0.35122	 0.34898	 0.34594	 0.34282	 0.34192	 0.34512	 0.35280	 0.36493	 0.38161	 0.40219	 0.42335	 0.44435	 0.47104	 0.50403	 0.54076	 0.57921	 0.61271	 0.63580	 0.64986	 0.65858	 0.66508	 0.66738	 0.66621	 0.66306	 0.65782	 0.65039	 0.64421	 0.63974	 0.63440	 0.62915	 0.62532	 0.62259	 0.61783	 0.60955	 0.60004	 0.59166	 0.58299	 0.57508	 0.56861	 0.56442	 0.56518	 0.56941	 0.57716	 0.58418	 0.58472	 0.57442	 0.55434	 0.52739	 0.49851	 0.47266	 0.45013	 0.43056	 0.41390	 0.39912	 0.38893
161 	 0.30749	 0.30802	 0.31333	 0.32653	 0.34860	 0.37494	 0.39958	 0.41743	 0.43129	 0.44192	 0.44574	 0.43982	 0.42424	 0.40592	 0.39132	 0.38082	 0.37540	 0.37299	 0.36990	 0.36693	 0.36630	 0.36996	 0.37834	 0.39123	 0.40836	 0.42892	 0.45000	 0.47143	 0.49968	 0.53536	 0.57499	 0.61479	 0.64789	 0.66970	 0.68258	 0.69043	 0.69614	 0.69767	 0.69581	 0.69215	 0.68663	 0.67900	 0.67267	 0.66799	 0.66236	 0.65675	 0.65263	 0.64968	 0.64475	 0.63645	 0.62715	 0.61905	 0.61072	 0.60310	 0.59677	 0.59275	 0.59369	 0.59815	 0.60632	 0.61428	 0.61690	 0.60905	 0.59132	 0.56667	 0.53969	 0.51564	 0.49502	 0.47552	 0.45953	 0.44594	 0.43633
