11 	 0.29141	 0.29283	 0.29925	 0.31507	 0.33990	 0.36887	 0.39695	 0.41732	 0.43355	 0.44628	 0.45098	 0.44464	 0.42737	 0.40760	 0.39269	 0.38186	 0.37631	 0.37429	 0.37127	 0.36736	 0.36661	 0.37105	 0.38054	 0.39490	 0.41353	 0.43573	 0.45933	 0.48226	 0.51182	 0.54884	 0.59083	 0.63449	 0.67039	 0.69431	 0.70855	 0.71685	 0.72345	 0.72610	 0.72464	 0.72076	 0.71447	 0.70670	 0.70006	 0.69435	 0.68935	 0.68486	 0.68061	 0.67746	 0.67173	 0.66239	 0.65305	 0.64473	 0.63615	 0.62814	 0.62334	 0.61997	 0.62011	 0.62389	 0.63163	 0.63685	 0.63458	 0.61918	 0.59296	 0.56141	 0.53040	 0.50139	 0.47682	 0.45521	 0.43707	 0.42089	 0.40956
21 	 0.28942	 0.29080	 0.29742	 0.31324	 0.33728	 0.36471	 0.39034	 0.40917	 0.42378	 0.43481	 0.43870	 0.43282	 0.41796	 0.40071	 0.38735	 0.37733	 0.37224	 0.37051	 0.36762	 0.36375	 0.36277	 0.36670	 0.37529	 0.38823	 0.40511	 0.42521	 0.44654	 0.46677	 0.49290	 0.52572	 0.56329	 0.60260	 0.63563	 0.65815	 0.67196	 0.68023	 0.68699	 0.69004	 0.68900	 0.68530	 0.67892	 0.67114	 0.66478	 0.65935	 0.65470	 0.65035	 0.64632	 0.64333	 0.63775	 0.62849	 0.61902	 0.61079	 0.60231	 0.59428	 0.58935	 0.58539	 0.58480	 0.58766	 0.59450	 0.59970	 0.60022	 0.59000	 0.56924	 0.54254	 0.51414	 0.48851	 0.46627	 0.44733	 0.42999	 0.41611	 0.40496
22 	 0.28067	 0.28208	 0.28843	 0.30374	 0.32725	 0.35416	 0.37957	 0.39787	 0.41221	 0.42344	 0.42767	 0.42220	 0.40735	 0.38999	 0.37647	 0.36648	 0.36148	 0.35969	 0.35682	 0.35294	 0.35197	 0.35578	 0.36417	 0.37692	 0.39337	 0.41307	 0.43408	 0.45425	 0.48014	 0.51255	 0.54954	 0.58850	 0.62139	 0.64384	 0.65770	 0.66601	 0.67270	 0.67567	 0.67456	 0.67064	 0.66425	 0.65640	 0.65000	 0.64468	 0.64012	 0.63589	 0.63183	 0.62898	 0.62346	 0.61409	 0.60477	 0.59671	 0.58821	 0.58015	 0.57514	 0.57147	 0.57099	 0.57395	 0.58089	 0.58685	 0.58799	 0.57836	 0.55797	 0.53133	 0.50318	 0.47707	 0.45539	 0.43568	 0.41939	 0.40505	 0.39425
41 	 0.29988	 0.30138	 0.30800	 0.32401	 0.34857	 0.37664	 0.40295	 0.42186	 0.43632	 0.44748	 0.45145	 0.44577	 0.43086	 0.41336	 0.39979	 0.38948	 0.38430	 0.38257	 0.37962	 0.37588	 0.37517	 0.37951	 0.38867	 0.40221	 0.41957	 0.43986	 0.46131	 0.48190	 0.50832	 0.54170	 0.57957	 0.61861	 0.65097	 0.67280	 0.68614	 0.69418	 0.70084	 0.70378	 0.70268	 0.69881	 0.69236	 0.68456	 0.67807	 0.67267	 0.66811	 0.66390	 0.65972	 0.65672	 0.65120	 0.64200	 0.63289	 0.62471	 0.61627	 0.60833	 0.60353	 0.59965	 0.59889	 0.60125	 0.60725	 0.61147	 0.60991	 0.59762	 0.57532	 0.54750	 0.51882	 0.49235	 0.46935	 0.44973	 0.43365	 0.41908	 0.40831
42 	 0.30918	 0.31063	 0.31733	 0.33351	 0.35878	 0.38835	 0.41655	 0.43696	 0.45298	 0.46548	 0.47001	 0.46364	 0.44611	 0.42602	 0.41094	 0.39988	 0.39431	 0.39240	 0.38952	 0.38572	 0.38502	 0.38958	 0.39913	 0.41348	 0.43211	 0.45403	 0.47737	 0.50035	 0.52971	 0.56618	 0.60682	 0.64797	 0.68127	 0.70315	 0.71634	 0.72428	 0.73064	 0.73336	 0.73225	 0.72875	 0.72291	 0.71552	 0.70903	 0.70365	 0.69885	 0.69440	 0.69018	 0.68713	 0.68151	 0.67247	 0.66361	 0.65578	 0.64755	 0.64000	 0.63552	 0.63247	 0.63269	 0.63639	 0.64398	 0.64886	 0.64583	 0.62986	 0.60324	 0.57183	 0.54058	 0.51202	 0.48741	 0.46610	 0.44732	 0.43268	 0.42106
51 	 0.33747	 0.33986	 0.34786	 0.36679	 0.39660	 0.43034	 0.46013	 0.48071	 0.49610	 0.50758	 0.51082	 0.50390	 0.48721	 0.46856	 0.45439	 0.44380	 0.43855	 0.43708	 0.43495	 0.43280	 0.43458	 0.44234	 0.45581	 0.47407	 0.49548	 0.51818	 0.54159	 0.56593	 0.60025	 0.64637	 0.69656	 0.74267	 0.77630	 0.79626	 0.80737	 0.81323	 0.81798	 0.81842	 0.81452	 0.80806	 0.79967	 0.79038	 0.78208	 0.77511	 0.76894	 0.76297	 0.75707	 0.75232	 0.74532	 0.73536	 0.72594	 0.71754	 0.70887	 0.70113	 0.69635	 0.69265	 0.69186	 0.69413	 0.69913	 0.70043	 0.69258	 0.67180	 0.64127	 0.60714	 0.57403	 0.54315	 0.51705	 0.49479	 0.47596	 0.46021	 0.44822
52 	 0.32053	 0.32288	 0.33086	 0.34988	 0.37996	 0.41420	 0.44496	 0.46634	 0.48245	 0.49459	 0.49807	 0.49072	 0.47292	 0.45319	 0.43839	 0.42754	 0.42213	 0.42057	 0.41840	 0.41614	 0.41782	 0.42565	 0.43937	 0.45816	 0.48031	 0.50405	 0.52859	 0.55417	 0.59036	 0.63881	 0.69174	 0.74051	 0.77572	 0.79663	 0.80795	 0.81399	 0.81882	 0.81914	 0.81501	 0.80842	 0.79986	 0.79034	 0.78175	 0.77437	 0.76771	 0.76132	 0.75501	 0.74992	 0.74268	 0.73244	 0.72251	 0.71377	 0.70480	 0.69671	 0.69183	 0.68812	 0.68775	 0.69068	 0.69650	 0.69796	 0.68966	 0.66743	 0.63536	 0.59956	 0.56553	 0.53334	 0.50618	 0.48312	 0.46392	 0.44719	 0.43486
61 	 0.34116	 0.34226	 0.34818	 0.36381	 0.38959	 0.42026	 0.44733	 0.46533	 0.47884	 0.48960	 0.49328	 0.48685	 0.47067	 0.45232	 0.43832	 0.42796	 0.42230	 0.42009	 0.41753	 0.41529	 0.41688	 0.42428	 0.43725	 0.45476	 0.47506	 0.49643	 0.51852	 0.54191	 0.57609	 0.62224	 0.67275	 0.71837	 0.75066	 0.76924	 0.77943	 0.78464	 0.78867	 0.78843	 0.78375	 0.77662	 0.76776	 0.75817	 0.74981	 0.74269	 0.73645	 0.73057	 0.72471	 0.71990	 0.71296	 0.70314	 0.69385	 0.68590	 0.67747	 0.66978	 0.66526	 0.66157	 0.66099	 0.66350	 0.67000	 0.67519	 0.67409	 0.66093	 0.63692	 0.60775	 0.57941	 0.55222	 0.52909	 0.50932	 0.49181	 0.47710	 0.46555
62 	 0.31918	 0.32099	 0.32789	 0.34474	 0.37200	 0.40412	 0.43221	 0.45100	 0.46521	 0.47648	 0.48072	 0.47485	 0.45922	 0.44126	 0.42757	 0.41735	 0.41191	 0.40994	 0.40752	 0.40542	 0.40714	 0.41479	 0.42803	 0.44594	 0.46672	 0.48853	 0.51118	 0.53489	 0.56927	 0.61630	 0.66864	 0.71693	 0.75197	 0.77260	 0.78394	 0.78976	 0.79403	 0.79393	 0.78894	 0.78117	 0.77162	 0.76126	 0.75233	 0.74476	 0.73814	 0.73192	 0.72571	 0.72066	 0.71338	 0.70296	 0.69291	 0.68410	 0.67496	 0.66663	 0.66141	 0.65720	 0.65606	 0.65819	 0.66387	 0.66752	 0.66396	 0.64785	 0.62105	 0.58986	 0.55865	 0.52981	 0.50535	 0.48353	 0.46534	 0.44977	 0.43788
71 	 0.28524	 0.28699	 0.29383	 0.31071	 0.33726	 0.36838	 0.39733	 0.41770	 0.43336	 0.44557	 0.44968	 0.44284	 0.42532	 0.40560	 0.39066	 0.37972	 0.37406	 0.37215	 0.36942	 0.36616	 0.36645	 0.37237	 0.38372	 0.40008	 0.42016	 0.44271	 0.46633	 0.49018	 0.52263	 0.56492	 0.61209	 0.65824	 0.69387	 0.71621	 0.72906	 0.73620	 0.74157	 0.74288	 0.73985	 0.73444	 0.72696	 0.71813	 0.71054	 0.70385	 0.69785	 0.69233	 0.68700	 0.68299	 0.67643	 0.66664	 0.65709	 0.64902	 0.64053	 0.63255	 0.62790	 0.62443	 0.62475	 0.62854	 0.63603	 0.64044	 0.63682	 0.62025	 0.59311	 0.56052	 0.52869	 0.49922	 0.47355	 0.45148	 0.43331	 0.41743	 0.40497
72 	 0.30113	 0.30299	 0.31014	 0.32733	 0.35429	 0.38541	 0.41366	 0.43349	 0.44849	 0.45994	 0.46378	 0.45724	 0.44078	 0.42213	 0.40781	 0.39717	 0.39178	 0.38988	 0.38719	 0.38409	 0.38459	 0.39069	 0.40214	 0.41848	 0.43829	 0.46021	 0.48299	 0.50599	 0.53738	 0.57885	 0.62537	 0.67044	 0.70528	 0.72717	 0.73968	 0.74658	 0.75184	 0.75298	 0.74969	 0.74384	 0.73589	 0.72689	 0.71917	 0.71262	 0.70684	 0.70135	 0.69611	 0.69195	 0.68537	 0.67542	 0.66597	 0.65771	 0.64912	 0.64107	 0.63626	 0.63255	 0.63221	 0.63515	 0.64122	 0.64458	 0.64068	 0.62485	 0.59842	 0.56705	 0.53593	 0.50670	 0.48229	 0.46007	 0.44297	 0.42653	 0.41534
81 	 0.31279	 0.31460	 0.32116	 0.33743	 0.36324	 0.39271	 0.41908	 0.43757	 0.45143	 0.46171	 0.46504	 0.45880	 0.44386	 0.42706	 0.41409	 0.40446	 0.39943	 0.39770	 0.39526	 0.39280	 0.39390	 0.40062	 0.41260	 0.42894	 0.44802	 0.46849	 0.48987	 0.51187	 0.54384	 0.58711	 0.63547	 0.68052	 0.71379	 0.73366	 0.74478	 0.75091	 0.75566	 0.75618	 0.75211	 0.74547	 0.73680	 0.72738	 0.71929	 0.71232	 0.70603	 0.70005	 0.69425	 0.68961	 0.68289	 0.67277	 0.66298	 0.65472	 0.64600	 0.63781	 0.63266	 0.62845	 0.62753	 0.62965	 0.63496	 0.63848	 0.63608	 0.62257	 0.59883	 0.56953	 0.54007	 0.51300	 0.48943	 0.46899	 0.45200	 0.43687	 0.42531
82 	 0.31816	 0.32040	 0.32771	 0.34548	 0.37365	 0.40541	 0.43379	 0.45369	 0.46864	 0.47954	 0.48312	 0.47682	 0.46112	 0.44347	 0.42990	 0.41979	 0.41462	 0.41300	 0.41072	 0.40847	 0.40987	 0.41722	 0.43011	 0.44766	 0.46821	 0.49002	 0.51267	 0.53625	 0.57003	 0.61617	 0.66773	 0.71570	 0.75080	 0.77179	 0.78347	 0.78978	 0.79452	 0.79479	 0.79032	 0.78310	 0.77398	 0.76405	 0.75531	 0.74799	 0.74143	 0.73520	 0.72908	 0.72414	 0.71698	 0.70652	 0.69649	 0.68770	 0.67858	 0.67018	 0.66493	 0.66063	 0.65946	 0.66148	 0.66671	 0.66910	 0.66351	 0.64568	 0.61769	 0.58545	 0.55350	 0.52353	 0.49842	 0.47651	 0.45738	 0.44263	 0.43042
101 	 0.32224	 0.32434	 0.33177	 0.34973	 0.37858	 0.41193	 0.44168	 0.46214	 0.47754	 0.48942	 0.49355	 0.48724	 0.47072	 0.45199	 0.43766	 0.42713	 0.42162	 0.41975	 0.41734	 0.41496	 0.41667	 0.42443	 0.43793	 0.45637	 0.47775	 0.50038	 0.52379	 0.54819	 0.58285	 0.62985	 0.68188	 0.73007	 0.76524	 0.78640	 0.79821	 0.80458	 0.80936	 0.80979	 0.80568	 0.79869	 0.78973	 0.77988	 0.77126	 0.76408	 0.75771	 0.75160	 0.74543	 0.74049	 0.73336	 0.72308	 0.71306	 0.70419	 0.69495	 0.68657	 0.68135	 0.67714	 0.67594	 0.67786	 0.68292	 0.68457	 0.67788	 0.65755	 0.62735	 0.59294	 0.56031	 0.52956	 0.50312	 0.48081	 0.46168	 0.44598	 0.43359
102 	 0.32993	 0.33211	 0.33960	 0.35809	 0.38771	 0.42229	 0.45370	 0.47552	 0.49201	 0.50463	 0.50885	 0.50199	 0.48419	 0.46426	 0.44913	 0.43802	 0.43231	 0.43039	 0.42797	 0.42558	 0.42726	 0.43526	 0.44924	 0.46838	 0.49086	 0.51474	 0.53953	 0.56525	 0.60177	 0.65106	 0.70546	 0.75631	 0.79350	 0.81570	 0.82810	 0.83469	 0.83959	 0.84005	 0.83586	 0.82882	 0.81986	 0.81000	 0.80115	 0.79367	 0.78704	 0.78056	 0.77414	 0.76896	 0.76151	 0.75094	 0.74077	 0.73160	 0.72210	 0.71353	 0.70838	 0.70402	 0.70305	 0.70534	 0.71048	 0.71154	 0.70225	 0.67899	 0.64539	 0.60908	 0.57392	 0.54156	 0.51403	 0.49043	 0.47094	 0.45482	 0.44253
121 	 0.37189	 0.37229	 0.37712	 0.39122	 0.41512	 0.44264	 0.46544	 0.47973	 0.48995	 0.49775	 0.49979	 0.49328	 0.47917	 0.46354	 0.45127	 0.44179	 0.43632	 0.43415	 0.43196	 0.43046	 0.43276	 0.44084	 0.45397	 0.47076	 0.48881	 0.50694	 0.52591	 0.54704	 0.57959	 0.62367	 0.66996	 0.70875	 0.73424	 0.74799	 0.75537	 0.75911	 0.76188	 0.76115	 0.75602	 0.74838	 0.73934	 0.72982	 0.72175	 0.71480	 0.70866	 0.70278	 0.69678	 0.69197	 0.68537	 0.67610	 0.66742	 0.66034	 0.65283	 0.64579	 0.64182	 0.63819	 0.63710	 0.63894	 0.64505	 0.65255	 0.65833	 0.65447	 0.64036	 0.62016	 0.59942	 0.57878	 0.56159	 0.54486	 0.53106	 0.51739	 0.50749
122 	 0.37982	 0.38004	 0.38475	 0.39878	 0.42266	 0.44981	 0.47224	 0.48628	 0.49615	 0.50372	 0.50567	 0.49902	 0.48480	 0.46899	 0.45655	 0.44695	 0.44148	 0.43917	 0.43686	 0.43527	 0.43754	 0.44552	 0.45850	 0.47497	 0.49281	 0.51053	 0.52915	 0.54978	 0.58168	 0.62453	 0.66891	 0.70573	 0.72940	 0.74196	 0.74859	 0.75198	 0.75444	 0.75353	 0.74853	 0.74121	 0.73250	 0.72331	 0.71566	 0.70916	 0.70330	 0.69779	 0.69202	 0.68743	 0.68092	 0.67181	 0.66352	 0.65680	 0.64957	 0.64281	 0.63903	 0.63557	 0.63460	 0.63644	 0.64255	 0.65010	 0.65615	 0.65331	 0.64021	 0.62116	 0.60113	 0.58185	 0.56540	 0.54975	 0.53543	 0.52343	 0.51421
131 	 0.28608	 0.28841	 0.29616	 0.31472	 0.34388	 0.37735	 0.40740	 0.42818	 0.44390	 0.45612	 0.46052	 0.45411	 0.43725	 0.41814	 0.40348	 0.39279	 0.38730	 0.38545	 0.38285	 0.38007	 0.38110	 0.38806	 0.40078	 0.41844	 0.43944	 0.46232	 0.48618	 0.51042	 0.54415	 0.58922	 0.63980	 0.68839	 0.72510	 0.74744	 0.76000	 0.76681	 0.77172	 0.77237	 0.76832	 0.76155	 0.75277	 0.74299	 0.73454	 0.72733	 0.72098	 0.71491	 0.70898	 0.70434	 0.69731	 0.68688	 0.67661	 0.66762	 0.65838	 0.64977	 0.64448	 0.64025	 0.63944	 0.64187	 0.64753	 0.64996	 0.64402	 0.62500	 0.59568	 0.56183	 0.52851	 0.49790	 0.47191	 0.44956	 0.43045	 0.41401	 0.40186
132 	 0.29230	 0.29483	 0.30310	 0.32248	 0.35296	 0.38755	 0.41832	 0.43925	 0.45503	 0.46717	 0.47158	 0.46531	 0.44890	 0.43024	 0.41586	 0.40531	 0.39992	 0.39820	 0.39582	 0.39360	 0.39518	 0.40295	 0.41656	 0.43515	 0.45670	 0.47974	 0.50367	 0.52813	 0.56266	 0.60935	 0.66151	 0.71063	 0.74720	 0.76916	 0.78158	 0.78829	 0.79298	 0.79339	 0.78906	 0.78183	 0.77266	 0.76269	 0.75398	 0.74666	 0.74025	 0.73421	 0.72812	 0.72325	 0.71614	 0.70574	 0.69550	 0.68648	 0.67713	 0.66849	 0.66327	 0.65891	 0.65775	 0.65978	 0.66470	 0.66597	 0.65820	 0.63707	 0.60593	 0.57048	 0.53610	 0.50457	 0.47829	 0.45458	 0.43610	 0.41887	 0.40635
142 	 0.31081	 0.31226	 0.31798	 0.33252	 0.35540	 0.38176	 0.40662	 0.42435	 0.43779	 0.44787	 0.45145	 0.44562	 0.43100	 0.41451	 0.40163	 0.39214	 0.38720	 0.38550	 0.38276	 0.37969	 0.37960	 0.38456	 0.39427	 0.40820	 0.42519	 0.44424	 0.46452	 0.48480	 0.51253	 0.54890	 0.58995	 0.63029	 0.66192	 0.68191	 0.69388	 0.70095	 0.70618	 0.70806	 0.70557	 0.70031	 0.69288	 0.68454	 0.67757	 0.67175	 0.66655	 0.66166	 0.65687	 0.65329	 0.64742	 0.63789	 0.62854	 0.62068	 0.61238	 0.60436	 0.59963	 0.59569	 0.59490	 0.59743	 0.60363	 0.60886	 0.60978	 0.60007	 0.58019	 0.55377	 0.52717	 0.50227	 0.48078	 0.46193	 0.44560	 0.43184	 0.42112
151 	 0.27114	 0.27245	 0.27859	 0.29370	 0.31699	 0.34363	 0.36955	 0.38858	 0.40348	 0.41489	 0.41922	 0.41343	 0.39785	 0.37996	 0.36596	 0.35574	 0.35056	 0.34872	 0.34560	 0.34161	 0.34015	 0.34370	 0.35188	 0.36451	 0.38121	 0.40135	 0.42304	 0.44370	 0.46977	 0.50215	 0.53955	 0.57918	 0.61289	 0.63587	 0.65036	 0.65926	 0.66590	 0.66918	 0.66846	 0.66498	 0.65897	 0.65140	 0.64514	 0.64003	 0.63548	 0.63122	 0.62738	 0.62460	 0.61913	 0.60989	 0.60021	 0.59233	 0.58379	 0.57557	 0.57087	 0.56713	 0.56698	 0.57042	 0.57775	 0.58428	 0.58529	 0.57552	 0.55525	 0.52801	 0.50032	 0.47395	 0.45172	 0.43165	 0.41528	 0.40089	 0.38967
161 	 0.31037	 0.31081	 0.31588	 0.32973	 0.35189	 0.37781	 0.40307	 0.42127	 0.43540	 0.44616	 0.44985	 0.44359	 0.42758	 0.40938	 0.39508	 0.38473	 0.37929	 0.37713	 0.37383	 0.37006	 0.36907	 0.37314	 0.38213	 0.39565	 0.41286	 0.43305	 0.45472	 0.47588	 0.50360	 0.53887	 0.57925	 0.62036	 0.65359	 0.67510	 0.68820	 0.69603	 0.70188	 0.70434	 0.70281	 0.69875	 0.69244	 0.68481	 0.67844	 0.67309	 0.66821	 0.66354	 0.65930	 0.65622	 0.65059	 0.64134	 0.63203	 0.62439	 0.61629	 0.60843	 0.60391	 0.60047	 0.60063	 0.60445	 0.61243	 0.62028	 0.62336	 0.61535	 0.59653	 0.57187	 0.54551	 0.52130	 0.49996	 0.48059	 0.46583	 0.45109	 0.44062
