11 	 0.29374	 0.29540	 0.30235	 0.31750	 0.34206	 0.37149	 0.39914	 0.41972	 0.43579	 0.44788	 0.45246	 0.44629	 0.42909	 0.40976	 0.39464	 0.38390	 0.37846	 0.37583	 0.37283	 0.36993	 0.36958	 0.37343	 0.38277	 0.39695	 0.41580	 0.43841	 0.46171	 0.48535	 0.51508	 0.55248	 0.59386	 0.63674	 0.67239	 0.69620	 0.71009	 0.71828	 0.72359	 0.72528	 0.72398	 0.72026	 0.71461	 0.70730	 0.70030	 0.69472	 0.68938	 0.68359	 0.67904	 0.67568	 0.67068	 0.66325	 0.65362	 0.64463	 0.63592	 0.62798	 0.62264	 0.61885	 0.61940	 0.62424	 0.63279	 0.63978	 0.63956	 0.62552	 0.59980	 0.56757	 0.53537	 0.50549	 0.48044	 0.45870	 0.44029	 0.42560	 0.41347
21 	 0.28378	 0.28550	 0.29261	 0.30765	 0.33126	 0.35866	 0.38410	 0.40323	 0.41767	 0.42814	 0.43184	 0.42620	 0.41159	 0.39482	 0.38123	 0.37128	 0.36627	 0.36393	 0.36100	 0.35813	 0.35752	 0.36102	 0.36935	 0.38218	 0.39931	 0.41986	 0.44092	 0.46194	 0.48814	 0.52151	 0.55888	 0.59750	 0.63004	 0.65197	 0.66490	 0.67273	 0.67800	 0.67977	 0.67876	 0.67513	 0.66931	 0.66191	 0.65503	 0.64970	 0.64473	 0.63927	 0.63496	 0.63171	 0.62695	 0.61976	 0.61038	 0.60154	 0.59284	 0.58509	 0.57962	 0.57556	 0.57526	 0.57883	 0.58576	 0.59159	 0.59198	 0.58218	 0.56251	 0.53648	 0.50896	 0.48390	 0.46169	 0.44162	 0.42544	 0.41199	 0.40113
22 	 0.28132	 0.28301	 0.29002	 0.30503	 0.32853	 0.35607	 0.38172	 0.40069	 0.41520	 0.42598	 0.43008	 0.42473	 0.40970	 0.39256	 0.37873	 0.36865	 0.36363	 0.36115	 0.35819	 0.35538	 0.35477	 0.35819	 0.36655	 0.37931	 0.39631	 0.41685	 0.43795	 0.45916	 0.48556	 0.51888	 0.55596	 0.59452	 0.62718	 0.64931	 0.66241	 0.67026	 0.67552	 0.67733	 0.67626	 0.67245	 0.66662	 0.65918	 0.65224	 0.64701	 0.64203	 0.63665	 0.63237	 0.62915	 0.62450	 0.61729	 0.60789	 0.59912	 0.59046	 0.58278	 0.57733	 0.57339	 0.57325	 0.57693	 0.58406	 0.59016	 0.59072	 0.58065	 0.56052	 0.53372	 0.50585	 0.48025	 0.45786	 0.43786	 0.42139	 0.40827	 0.39664
41 	 0.29942	 0.30125	 0.30844	 0.32403	 0.34849	 0.37705	 0.40335	 0.42253	 0.43724	 0.44806	 0.45195	 0.44638	 0.43119	 0.41370	 0.39962	 0.38942	 0.38419	 0.38176	 0.37886	 0.37611	 0.37580	 0.37962	 0.38870	 0.40228	 0.42007	 0.44122	 0.46275	 0.48447	 0.51170	 0.54629	 0.58466	 0.62379	 0.65650	 0.67837	 0.69135	 0.69919	 0.70453	 0.70646	 0.70542	 0.70161	 0.69576	 0.68831	 0.68131	 0.67599	 0.67085	 0.66531	 0.66084	 0.65747	 0.65266	 0.64541	 0.63590	 0.62701	 0.61824	 0.61053	 0.60505	 0.60100	 0.60058	 0.60408	 0.61074	 0.61594	 0.61501	 0.60301	 0.58057	 0.55214	 0.52254	 0.49570	 0.47240	 0.45207	 0.43560	 0.42172	 0.41013
42 	 0.29942	 0.30122	 0.30823	 0.32378	 0.34896	 0.37967	 0.40863	 0.42970	 0.44648	 0.45940	 0.46445	 0.45809	 0.43909	 0.41801	 0.40171	 0.39029	 0.38461	 0.38172	 0.37877	 0.37597	 0.37569	 0.37999	 0.38974	 0.40448	 0.42402	 0.44754	 0.47193	 0.49707	 0.52874	 0.56803	 0.61046	 0.65375	 0.68906	 0.71213	 0.72560	 0.73358	 0.73879	 0.74043	 0.73929	 0.73588	 0.73048	 0.72345	 0.71659	 0.71106	 0.70567	 0.69954	 0.69485	 0.69133	 0.68637	 0.67883	 0.66934	 0.66053	 0.65207	 0.64433	 0.63908	 0.63595	 0.63716	 0.64257	 0.65198	 0.65953	 0.65890	 0.64286	 0.61349	 0.57878	 0.54412	 0.51330	 0.48723	 0.46342	 0.44524	 0.42930	 0.41718
51 	 0.33847	 0.34123	 0.34945	 0.36788	 0.39676	 0.42957	 0.45804	 0.47783	 0.49276	 0.50336	 0.50638	 0.49956	 0.48296	 0.46482	 0.45069	 0.44061	 0.43556	 0.43348	 0.43145	 0.43022	 0.43218	 0.43929	 0.45215	 0.46977	 0.49075	 0.51311	 0.53561	 0.56014	 0.59404	 0.63947	 0.68766	 0.73242	 0.76593	 0.78616	 0.79739	 0.80372	 0.80766	 0.80779	 0.80454	 0.79851	 0.79088	 0.78190	 0.77358	 0.76676	 0.76017	 0.75307	 0.74708	 0.74233	 0.73635	 0.72815	 0.71809	 0.70893	 0.70010	 0.69209	 0.68652	 0.68248	 0.68236	 0.68618	 0.69312	 0.69775	 0.69489	 0.67777	 0.64770	 0.61230	 0.57767	 0.54654	 0.51957	 0.49623	 0.47760	 0.46195	 0.44822
52 	 0.32527	 0.32796	 0.33626	 0.35492	 0.38450	 0.41831	 0.44805	 0.46884	 0.48468	 0.49596	 0.49924	 0.49200	 0.47410	 0.45484	 0.43990	 0.42931	 0.42400	 0.42186	 0.41967	 0.41834	 0.42030	 0.42754	 0.44082	 0.45914	 0.48106	 0.50479	 0.52872	 0.55476	 0.59071	 0.63876	 0.69011	 0.73758	 0.77300	 0.79425	 0.80594	 0.81245	 0.81643	 0.81646	 0.81302	 0.80688	 0.79898	 0.78974	 0.78106	 0.77377	 0.76660	 0.75904	 0.75282	 0.74785	 0.74156	 0.73291	 0.72233	 0.71267	 0.70353	 0.69510	 0.68933	 0.68535	 0.68564	 0.68998	 0.69766	 0.70269	 0.69935	 0.68081	 0.64872	 0.61117	 0.57468	 0.54139	 0.51407	 0.48968	 0.47042	 0.45315	 0.44030
61 	 0.34404	 0.34546	 0.35172	 0.36672	 0.39206	 0.42212	 0.44806	 0.46552	 0.47884	 0.48893	 0.49239	 0.48614	 0.46998	 0.45206	 0.43803	 0.42792	 0.42258	 0.41977	 0.41726	 0.41590	 0.41781	 0.42466	 0.43709	 0.45406	 0.47403	 0.49528	 0.51667	 0.54050	 0.57413	 0.61951	 0.66784	 0.71192	 0.74406	 0.76286	 0.77281	 0.77838	 0.78155	 0.78088	 0.77676	 0.77006	 0.76194	 0.75272	 0.74428	 0.73748	 0.73088	 0.72389	 0.71799	 0.71326	 0.70741	 0.69939	 0.68966	 0.68082	 0.67240	 0.66455	 0.65919	 0.65533	 0.65516	 0.65887	 0.66631	 0.67322	 0.67507	 0.66480	 0.64164	 0.61197	 0.58194	 0.55443	 0.53132	 0.50967	 0.49329	 0.47843	 0.46583
62 	 0.32191	 0.32402	 0.33116	 0.34770	 0.37495	 0.40678	 0.43422	 0.45286	 0.46700	 0.47786	 0.48193	 0.47603	 0.46006	 0.44220	 0.42817	 0.41815	 0.41284	 0.41019	 0.40781	 0.40664	 0.40869	 0.41578	 0.42874	 0.44637	 0.46716	 0.48932	 0.51158	 0.53615	 0.57062	 0.61757	 0.66838	 0.71544	 0.75047	 0.77138	 0.78273	 0.78881	 0.79221	 0.79157	 0.78725	 0.78004	 0.77123	 0.76132	 0.75217	 0.74472	 0.73770	 0.73036	 0.72412	 0.71891	 0.71254	 0.70401	 0.69361	 0.68398	 0.67473	 0.66632	 0.66043	 0.65607	 0.65562	 0.65902	 0.66615	 0.67196	 0.67131	 0.65760	 0.63080	 0.59788	 0.56525	 0.53520	 0.51077	 0.48771	 0.46935	 0.45388	 0.44139
71 	 0.28129	 0.28318	 0.29050	 0.30679	 0.33297	 0.36381	 0.39197	 0.41212	 0.42748	 0.43882	 0.44284	 0.43636	 0.41924	 0.40030	 0.38533	 0.37458	 0.36910	 0.36659	 0.36389	 0.36164	 0.36216	 0.36742	 0.37837	 0.39429	 0.41437	 0.43717	 0.46025	 0.48450	 0.51661	 0.55868	 0.60474	 0.64976	 0.68532	 0.70779	 0.72050	 0.72767	 0.73213	 0.73269	 0.73002	 0.72487	 0.71793	 0.70947	 0.70147	 0.69482	 0.68845	 0.68171	 0.67626	 0.67198	 0.66633	 0.65832	 0.64858	 0.63960	 0.63088	 0.62292	 0.61759	 0.61391	 0.61445	 0.61930	 0.62752	 0.63375	 0.63257	 0.61799	 0.59171	 0.55931	 0.52637	 0.49656	 0.47159	 0.44880	 0.43050	 0.41555	 0.40218
72 	 0.30359	 0.30575	 0.31323	 0.33015	 0.35693	 0.38806	 0.41604	 0.43573	 0.45074	 0.46172	 0.46550	 0.45902	 0.44243	 0.42395	 0.40932	 0.39882	 0.39337	 0.39089	 0.38820	 0.38615	 0.38693	 0.39254	 0.40379	 0.41984	 0.43979	 0.46219	 0.48486	 0.50875	 0.54049	 0.58249	 0.62831	 0.67298	 0.70815	 0.73040	 0.74296	 0.75000	 0.75426	 0.75468	 0.75172	 0.74618	 0.73877	 0.72997	 0.72183	 0.71521	 0.70884	 0.70217	 0.69668	 0.69233	 0.68660	 0.67850	 0.66845	 0.65922	 0.65042	 0.64233	 0.63676	 0.63274	 0.63285	 0.63696	 0.64448	 0.65017	 0.64883	 0.63438	 0.60802	 0.57542	 0.54277	 0.51324	 0.48809	 0.46544	 0.44737	 0.43242	 0.41921
81 	 0.31450	 0.31650	 0.32347	 0.33913	 0.36459	 0.39374	 0.41937	 0.43771	 0.45138	 0.46114	 0.46425	 0.45824	 0.44326	 0.42682	 0.41373	 0.40418	 0.39929	 0.39687	 0.39457	 0.39301	 0.39442	 0.40045	 0.41204	 0.42803	 0.44718	 0.46805	 0.48899	 0.51182	 0.54364	 0.58683	 0.63389	 0.67802	 0.71115	 0.73107	 0.74216	 0.74842	 0.75210	 0.75207	 0.74861	 0.74220	 0.73417	 0.72501	 0.71654	 0.70949	 0.70289	 0.69596	 0.69013	 0.68541	 0.67965	 0.67142	 0.66144	 0.65226	 0.64335	 0.63520	 0.62946	 0.62493	 0.62428	 0.62757	 0.63404	 0.63897	 0.63815	 0.62648	 0.60331	 0.57408	 0.54394	 0.51628	 0.49278	 0.47124	 0.45411	 0.44008	 0.42792
82 	 0.31754	 0.31999	 0.32781	 0.34501	 0.37251	 0.40404	 0.43162	 0.45128	 0.46602	 0.47658	 0.47998	 0.47370	 0.45779	 0.44029	 0.42652	 0.41662	 0.41153	 0.40929	 0.40703	 0.40571	 0.40749	 0.41421	 0.42671	 0.44391	 0.46439	 0.48653	 0.50879	 0.53308	 0.56697	 0.61321	 0.66364	 0.71084	 0.74641	 0.76799	 0.77990	 0.78651	 0.79044	 0.79032	 0.78647	 0.77982	 0.77125	 0.76151	 0.75249	 0.74521	 0.73811	 0.73062	 0.72438	 0.71935	 0.71312	 0.70442	 0.69386	 0.68416	 0.67471	 0.66610	 0.66009	 0.65561	 0.65507	 0.65852	 0.66536	 0.67030	 0.66804	 0.65249	 0.62460	 0.59116	 0.55720	 0.52654	 0.50085	 0.47763	 0.45914	 0.44376	 0.43043
101 	 0.32773	 0.33017	 0.33791	 0.35539	 0.38354	 0.41621	 0.44459	 0.46436	 0.47932	 0.49042	 0.49425	 0.48815	 0.47179	 0.45366	 0.43945	 0.42931	 0.42395	 0.42142	 0.41906	 0.41771	 0.41967	 0.42678	 0.43978	 0.45751	 0.47847	 0.50088	 0.52337	 0.54790	 0.58210	 0.62831	 0.67808	 0.72447	 0.75946	 0.78068	 0.79248	 0.79913	 0.80322	 0.80332	 0.79971	 0.79329	 0.78498	 0.77553	 0.76684	 0.75986	 0.75319	 0.74598	 0.73983	 0.73493	 0.72890	 0.72041	 0.70996	 0.70034	 0.69118	 0.68269	 0.67663	 0.67218	 0.67150	 0.67479	 0.68132	 0.68589	 0.68335	 0.66674	 0.63688	 0.60204	 0.56731	 0.53524	 0.50937	 0.48609	 0.46687	 0.45099	 0.43792
102 	 0.33276	 0.33517	 0.34307	 0.36081	 0.38977	 0.42353	 0.45334	 0.47425	 0.49017	 0.50196	 0.50590	 0.49919	 0.48137	 0.46183	 0.44677	 0.43611	 0.43048	 0.42806	 0.42563	 0.42421	 0.42619	 0.43344	 0.44678	 0.46520	 0.48718	 0.51087	 0.53475	 0.56083	 0.59698	 0.64568	 0.69802	 0.74697	 0.78384	 0.80629	 0.81882	 0.82586	 0.83017	 0.83035	 0.82677	 0.82045	 0.81225	 0.80269	 0.79388	 0.78653	 0.77934	 0.77171	 0.76532	 0.76019	 0.75379	 0.74499	 0.73428	 0.72443	 0.71482	 0.70605	 0.69986	 0.69553	 0.69530	 0.69937	 0.70694	 0.71208	 0.70897	 0.68968	 0.65696	 0.61863	 0.58112	 0.54743	 0.51958	 0.49510	 0.47569	 0.45900	 0.44542
121 	 0.39189	 0.39259	 0.39756	 0.41061	 0.43326	 0.45964	 0.48092	 0.49476	 0.50488	 0.51246	 0.51417	 0.50772	 0.49361	 0.47812	 0.46583	 0.45683	 0.45170	 0.44901	 0.44681	 0.44620	 0.44895	 0.45631	 0.46872	 0.48481	 0.50263	 0.52068	 0.53890	 0.56052	 0.59282	 0.63670	 0.68119	 0.71900	 0.74487	 0.75888	 0.76630	 0.77049	 0.77253	 0.77103	 0.76631	 0.75904	 0.75072	 0.74160	 0.73336	 0.72657	 0.72014	 0.71320	 0.70712	 0.70211	 0.69651	 0.68916	 0.68047	 0.67270	 0.66507	 0.65812	 0.65336	 0.64954	 0.64890	 0.65175	 0.65830	 0.66586	 0.67205	 0.67071	 0.65707	 0.63620	 0.61387	 0.59269	 0.57559	 0.55814	 0.54483	 0.53196	 0.52128
122 	 0.39622	 0.39678	 0.40155	 0.41458	 0.43712	 0.46328	 0.48421	 0.49758	 0.50736	 0.51466	 0.51624	 0.50974	 0.49547	 0.47989	 0.46748	 0.45834	 0.45321	 0.45026	 0.44795	 0.44725	 0.44981	 0.45705	 0.46929	 0.48509	 0.50259	 0.52017	 0.53798	 0.55902	 0.59045	 0.63284	 0.67524	 0.71084	 0.73479	 0.74740	 0.75373	 0.75736	 0.75932	 0.75781	 0.75330	 0.74649	 0.73853	 0.72984	 0.72201	 0.71582	 0.70974	 0.70310	 0.69737	 0.69269	 0.68737	 0.68030	 0.67180	 0.66424	 0.65691	 0.65026	 0.64579	 0.64219	 0.64170	 0.64436	 0.65078	 0.65850	 0.66528	 0.66438	 0.65193	 0.63270	 0.61183	 0.59223	 0.57585	 0.55963	 0.54680	 0.53492	 0.52384
131 	 0.28812	 0.29066	 0.29896	 0.31738	 0.34650	 0.37997	 0.40946	 0.43011	 0.44572	 0.45744	 0.46167	 0.45551	 0.43857	 0.41972	 0.40485	 0.39421	 0.38877	 0.38621	 0.38371	 0.38196	 0.38324	 0.38973	 0.40214	 0.41947	 0.44057	 0.46388	 0.48729	 0.51224	 0.54598	 0.59104	 0.64051	 0.68795	 0.72463	 0.74734	 0.75993	 0.76699	 0.77117	 0.77132	 0.76786	 0.76159	 0.75338	 0.74389	 0.73507	 0.72791	 0.72108	 0.71390	 0.70794	 0.70318	 0.69706	 0.68840	 0.67781	 0.66796	 0.65848	 0.64985	 0.64386	 0.63951	 0.63910	 0.64292	 0.64986	 0.65483	 0.65183	 0.63460	 0.60521	 0.56992	 0.53521	 0.50343	 0.47701	 0.45369	 0.43495	 0.41872	 0.40598
132 	 0.29101	 0.29382	 0.30249	 0.32168	 0.35196	 0.38620	 0.41593	 0.43635	 0.45169	 0.46319	 0.46736	 0.46137	 0.44505	 0.42678	 0.41235	 0.40194	 0.39666	 0.39436	 0.39207	 0.39069	 0.39261	 0.39979	 0.41302	 0.43108	 0.45251	 0.47574	 0.49896	 0.52398	 0.55825	 0.60454	 0.65487	 0.70234	 0.73853	 0.76075	 0.77308	 0.77993	 0.78396	 0.78390	 0.78011	 0.77336	 0.76494	 0.75519	 0.74625	 0.73891	 0.73205	 0.72483	 0.71862	 0.71357	 0.70746	 0.69874	 0.68811	 0.67828	 0.66891	 0.66034	 0.65427	 0.64976	 0.64912	 0.65245	 0.65894	 0.66311	 0.65913	 0.64064	 0.61037	 0.57437	 0.53874	 0.50654	 0.47935	 0.45509	 0.43581	 0.42001	 0.40609
142 	 0.31379	 0.31525	 0.32144	 0.33542	 0.35804	 0.38487	 0.40928	 0.42707	 0.44053	 0.45041	 0.45382	 0.44814	 0.43349	 0.41701	 0.40384	 0.39434	 0.38942	 0.38695	 0.38435	 0.38221	 0.38257	 0.38713	 0.39669	 0.41049	 0.42783	 0.44767	 0.46795	 0.48926	 0.51757	 0.55477	 0.59562	 0.63565	 0.66751	 0.68783	 0.69938	 0.70625	 0.71062	 0.71147	 0.70921	 0.70415	 0.69730	 0.68911	 0.68156	 0.67567	 0.67009	 0.66404	 0.65896	 0.65505	 0.64986	 0.64226	 0.63268	 0.62393	 0.61533	 0.60747	 0.60205	 0.59790	 0.59739	 0.60070	 0.60730	 0.61317	 0.61401	 0.60469	 0.58504	 0.55909	 0.53176	 0.50652	 0.48443	 0.46471	 0.44895	 0.43564	 0.42460
151 	 0.27059	 0.27200	 0.27875	 0.29335	 0.31665	 0.34400	 0.36983	 0.38927	 0.40417	 0.41529	 0.41946	 0.41391	 0.39844	 0.38078	 0.36658	 0.35629	 0.35115	 0.34859	 0.34551	 0.34246	 0.34152	 0.34468	 0.35277	 0.36533	 0.38244	 0.40337	 0.42504	 0.44662	 0.47320	 0.50646	 0.54358	 0.58247	 0.61559	 0.63824	 0.65182	 0.66001	 0.66553	 0.66756	 0.66692	 0.66358	 0.65813	 0.65094	 0.64416	 0.63906	 0.63412	 0.62866	 0.62431	 0.62123	 0.61655	 0.60931	 0.59990	 0.59109	 0.58224	 0.57461	 0.56929	 0.56547	 0.56542	 0.56947	 0.57700	 0.58342	 0.58397	 0.57391	 0.55387	 0.52758	 0.49977	 0.47401	 0.45194	 0.43161	 0.41498	 0.40144	 0.39012
161 	 0.30799	 0.30868	 0.31424	 0.32733	 0.34914	 0.37561	 0.40028	 0.41849	 0.43249	 0.44296	 0.44672	 0.44070	 0.42469	 0.40674	 0.39245	 0.38208	 0.37656	 0.37381	 0.37063	 0.36774	 0.36730	 0.37092	 0.37966	 0.39287	 0.41029	 0.43099	 0.45241	 0.47429	 0.50236	 0.53826	 0.57783	 0.61806	 0.65087	 0.67224	 0.68475	 0.69220	 0.69711	 0.69864	 0.69733	 0.69345	 0.68769	 0.68027	 0.67340	 0.66783	 0.66256	 0.65687	 0.65233	 0.64905	 0.64438	 0.63700	 0.62775	 0.61916	 0.61076	 0.60324	 0.59813	 0.59443	 0.59470	 0.59922	 0.60747	 0.61562	 0.61922	 0.61268	 0.59433	 0.56944	 0.54317	 0.51861	 0.49762	 0.47870	 0.46298	 0.44968	 0.43696
