11	0.218216667	0.215883333	0.218	0.2271	0.2465	0.2764	0.308966667	0.331666667	0.351716667	0.374283333	0.390166667	0.384533333	0.350733333	0.309716667	0.279766667	0.260783333	0.249483333	0.242683333	0.2373	0.232966667	0.231083333	0.23285	0.239516667	0.251366667	0.268733333	0.293133333	0.322883333	0.357433333	0.401566667	0.445833333	0.488416667	0.5339	0.5715	0.5958	0.609583333	0.61615	0.618783333	0.617133333	0.612866667	0.6073	0.600333333	0.591816667	0.583616667	0.576516667	0.568916667	0.561633333	0.556516667	0.553	0.5475	0.539683333	0.531883333	0.52565	0.519616667	0.515666667	0.515866667	0.521916667	0.536366667	0.555816667	0.5849	0.626383333	0.669783333	0.690633333	0.67935	0.645816667	0.6071	0.5783	0.556583333	0.5337	0.5121	0.494683333	0.480116667
21	0.209	0.2069	0.2096	0.2197	0.240133333	0.270833333	0.304066667	0.3275	0.348033333	0.370266667	0.3855	0.379533333	0.345833333	0.305066667	0.275266667	0.256366667	0.2453	0.238866667	0.233666667	0.229333333	0.227433333	0.2292	0.235733333	0.247333333	0.264733333	0.2894	0.3194	0.353966667	0.3977	0.441033333	0.4824	0.526466667	0.562666667	0.586266667	0.599866667	0.6068	0.61	0.6093	0.606466667	0.602466667	0.5969	0.5893	0.581466667	0.574133333	0.565966667	0.558033333	0.5526	0.5492	0.543733333	0.535866667	0.528033333	0.521866667	0.516	0.5123	0.5125	0.5187	0.533533333	0.5538	0.583633333	0.624633333	0.666166667	0.684833333	0.672266667	0.6381	0.5989	0.5696	0.546966667	0.523733333	0.502333333	0.4841	0.469166667
31	0.225733333	0.223583333	0.225633333	0.234433333	0.253	0.281216667	0.312133333	0.334033333	0.353233333	0.374066667	0.388216667	0.382366667	0.350466667	0.311883333	0.283416667	0.265183333	0.2544	0.24795	0.242616667	0.238116667	0.235816667	0.236966667	0.2427	0.253366667	0.26965	0.29315	0.321833333	0.354683333	0.396	0.436233333	0.474083333	0.51445	0.547666667	0.569383333	0.581916667	0.58825	0.59125	0.590733333	0.588466667	0.585266667	0.580316667	0.573333333	0.566083333	0.559483333	0.55205	0.544816667	0.539933333	0.53695	0.531933333	0.524616667	0.517216667	0.511466667	0.505933333	0.50235	0.502466667	0.508133333	0.5221	0.541366667	0.5694	0.607233333	0.644833333	0.661166667	0.649433333	0.618666667	0.583183333	0.556266667	0.535466667	0.514283333	0.494983333	0.478383333	0.464566667
41	0.241783333	0.238966667	0.240216667	0.247616667	0.26415	0.290166667	0.319066667	0.33965	0.35785	0.377966667	0.391733333	0.385966667	0.354566667	0.31655	0.288683333	0.270783333	0.260066667	0.2536	0.248283333	0.24385	0.241616667	0.242783333	0.24845	0.259033333	0.27495	0.297816667	0.3258	0.358133333	0.399483333	0.441083333	0.48115	0.523866667	0.5591	0.582016667	0.5952	0.601816667	0.604783333	0.60375	0.60045	0.595983333	0.590033333	0.582316667	0.5746	0.567783333	0.560283333	0.55305	0.548	0.54475	0.5396	0.532233333	0.524766667	0.51885	0.51325	0.509616667	0.509766667	0.51545	0.529133333	0.54765	0.574766667	0.6125	0.651683333	0.671616667	0.6641	0.636916667	0.6041	0.57995	0.561833333	0.54175	0.5229	0.5079	0.495066667
51	0.239933333	0.237333333	0.239083333	0.24775	0.266616667	0.29595	0.3283	0.3513	0.37175	0.394433333	0.410416667	0.4046	0.37025	0.3286	0.2981	0.278716667	0.26715	0.260266667	0.254716667	0.250066667	0.2479	0.249316667	0.255566667	0.26705	0.284433333	0.30915	0.339466667	0.374583333	0.418916667	0.462483333	0.503916667	0.54825	0.58485	0.608616667	0.622033333	0.628666667	0.631583333	0.630566667	0.627183333	0.622633333	0.616533333	0.60865	0.600883333	0.594	0.58635	0.579033333	0.573983333	0.57075	0.565416667	0.557766667	0.550083333	0.544066667	0.538316667	0.534633333	0.53505	0.5414	0.556333333	0.5766	0.606383333	0.647833333	0.69035	0.710033333	0.699466667	0.667666667	0.63015	0.602266667	0.580683333	0.557716667	0.53715	0.520316667	0.506216667
61	0.249016667	0.246233333	0.247866667	0.256166667	0.2744	0.303133333	0.335133333	0.358066667	0.3786	0.401366667	0.4175	0.411733333	0.377183333	0.33535	0.304916667	0.285666667	0.27415	0.267383333	0.261983333	0.257466667	0.255416667	0.257033333	0.2634	0.275133333	0.2926	0.31745	0.347883333	0.383333333	0.428466667	0.473666667	0.517116667	0.56365	0.6019	0.626483333	0.6404	0.647333333	0.65045	0.649383333	0.6458	0.640933333	0.634533333	0.626383333	0.618183333	0.61095	0.60295	0.595283333	0.590033333	0.5866	0.581033333	0.573216667	0.56535	0.5592	0.553383333	0.549716667	0.550166667	0.556666667	0.57195	0.592616667	0.623	0.6656	0.71035	0.732316667	0.7236	0.692833333	0.655233333	0.627233333	0.60515	0.582233333	0.561983333	0.54525	0.530566667
71	0.240116667	0.237583333	0.23945	0.24815	0.267033333	0.296316667	0.328666667	0.351683333	0.372166667	0.39485	0.410716667	0.404883333	0.370566667	0.329016667	0.298633333	0.2793	0.267816667	0.261016667	0.25555	0.250933333	0.248816667	0.2502	0.256433333	0.267916667	0.285266667	0.3101	0.340483333	0.375666667	0.419966667	0.463616667	0.505183333	0.549816667	0.586933333	0.611166667	0.625033333	0.631966667	0.635133333	0.634283333	0.6311	0.626766667	0.620883333	0.613233333	0.605516667	0.59855	0.590933333	0.583466667	0.578466667	0.575316667	0.569933333	0.562233333	0.554466667	0.54835	0.542516667	0.53875	0.539066667	0.545383333	0.560333333	0.5806	0.610666667	0.65225	0.694633333	0.713933333	0.702866667	0.670583333	0.63225	0.603716667	0.58185	0.55835	0.537466667	0.5204	0.5061
82	0.242666667	0.23985	0.241166667	0.248783333	0.265766667	0.292333333	0.321866667	0.342833333	0.361483333	0.3818	0.395733333	0.389883333	0.358216667	0.320016667	0.292	0.274016667	0.26325	0.25685	0.251616667	0.247133333	0.245066667	0.246483333	0.252533333	0.263516667	0.280033333	0.303333333	0.331683333	0.3644	0.406266667	0.4488	0.490183333	0.534216667	0.570616667	0.594333333	0.608083333	0.615133333	0.6183	0.617466667	0.614216667	0.609666667	0.603616667	0.595783333	0.587933333	0.580983333	0.573316667	0.566016667	0.560866667	0.557466667	0.55215	0.544566667	0.536883333	0.53085	0.525083333	0.521233333	0.521183333	0.526566667	0.5401	0.55865	0.585983333	0.62385	0.663216667	0.683066667	0.675166667	0.64725	0.613816667	0.58865	0.569716667	0.54915	0.52985	0.51435	0.50105
91	0.225466667	0.223	0.22475	0.2329	0.2507	0.278716667	0.309716667	0.3312	0.350416667	0.37245	0.388266667	0.382883333	0.3495	0.30895	0.27935	0.260583333	0.24935	0.242433333	0.23695	0.232483333	0.230283333	0.231416667	0.237116667	0.247666667	0.2637	0.286916667	0.315683333	0.3494	0.392533333	0.434916667	0.475116667	0.518216667	0.5534	0.57595	0.588366667	0.594016667	0.596	0.5939	0.589266667	0.58355	0.576583333	0.568283333	0.56025	0.55335	0.546033333	0.53895	0.534	0.530683333	0.525433333	0.51805	0.5107	0.505016667	0.499466667	0.49615	0.497	0.50395	0.519016667	0.538483333	0.5673	0.608966667	0.653766667	0.677183333	0.66885	0.638183333	0.6021	0.575583333	0.55615	0.535166667	0.515333333	0.499083333	0.485383333
101	0.245083333	0.242633333	0.2444	0.252633333	0.2706	0.298483333	0.329433333	0.3517	0.371466667	0.393133333	0.408116667	0.402433333	0.369533333	0.32975	0.3007	0.282233333	0.271216667	0.264816667	0.259616667	0.255216667	0.253183333	0.254683333	0.26085	0.272066667	0.2889	0.312766667	0.342016667	0.37595	0.419016667	0.462333333	0.50395	0.548133333	0.584583333	0.6083	0.621983333	0.628916667	0.632166667	0.631466667	0.628366667	0.62405	0.61815	0.610483333	0.6027	0.595766667	0.588066667	0.580633333	0.5755	0.572183333	0.566816667	0.559166667	0.551516667	0.545416667	0.5396	0.535733333	0.535666667	0.541266667	0.5553	0.574666667	0.60315	0.642416667	0.682633333	0.702016667	0.692466667	0.662333333	0.626483333	0.599433333	0.578683333	0.556283333	0.536016667	0.519616667	0.5054
102	0.2436	0.2411	0.242883333	0.251266667	0.269383333	0.297516667	0.328716667	0.351166667	0.371083333	0.392866667	0.408033333	0.402366667	0.369183333	0.32905	0.299766667	0.2811	0.270066667	0.263583333	0.258333333	0.253866667	0.25185	0.2533	0.259416667	0.270683333	0.287533333	0.311533333	0.340866667	0.37495	0.418233333	0.461516667	0.502966667	0.5471	0.583466667	0.607183333	0.620866667	0.6279	0.631266667	0.6307	0.6277	0.62345	0.6176	0.609933333	0.60225	0.595233333	0.587533333	0.58005	0.57485	0.571533333	0.566183333	0.55855	0.5508	0.544683333	0.538916667	0.535083333	0.53515	0.5409	0.5551	0.57465	0.603416667	0.643083333	0.68375	0.703183333	0.693516667	0.663066667	0.6266	0.5994	0.578316667	0.55595	0.5355	0.518733333	0.5048
111	0.241216667	0.238633333	0.24005	0.247666667	0.264616667	0.291033333	0.320183333	0.34075	0.358983333	0.378966667	0.392583333	0.38675	0.355666667	0.318133333	0.29065	0.272966667	0.262316667	0.256	0.250716667	0.24625	0.24415	0.245383333	0.2512	0.261966667	0.278166667	0.30105	0.329016667	0.361216667	0.40225	0.443733333	0.48405	0.527	0.562533333	0.585883333	0.599416667	0.606316667	0.60945	0.608566667	0.605333333	0.601033333	0.595216667	0.587566667	0.57985	0.573216667	0.565866667	0.558816667	0.55395	0.550716667	0.545416667	0.537833333	0.5301	0.524066667	0.5182	0.5142	0.513883333	0.518916667	0.532116667	0.5503	0.57735	0.614483333	0.65285	0.671466667	0.662416667	0.634166667	0.600833333	0.57585	0.55665	0.536483333	0.517416667	0.501483333	0.488016667
112	0.246533333	0.243966667	0.245516667	0.2536	0.271266667	0.298716667	0.32895	0.350383333	0.369333333	0.39005	0.40415	0.3982	0.36615	0.3275	0.299216667	0.281016667	0.270133333	0.263716667	0.2584	0.253833333	0.251683333	0.25305	0.2591	0.2703	0.287066667	0.310766667	0.339583333	0.3728	0.414866667	0.45735	0.49875	0.542966667	0.579783333	0.604066667	0.6182	0.6254	0.628716667	0.62795	0.62475	0.620416667	0.614616667	0.606883333	0.599116667	0.592316667	0.584833333	0.577633333	0.57275	0.569433333	0.564083333	0.556333333	0.548483333	0.542333333	0.536333333	0.5322	0.531883333	0.537016667	0.550583333	0.569283333	0.597183333	0.63535	0.674316667	0.692833333	0.682633333	0.65265	0.617566667	0.590933333	0.570566667	0.548866667	0.528833333	0.512433333	0.498583333
121	0.2225	0.220266667	0.22225	0.231016667	0.2495	0.277633333	0.30825	0.329583333	0.348216667	0.3686	0.38255	0.376766667	0.3453	0.307233333	0.279233333	0.26135	0.250633333	0.244383333	0.23925	0.235016667	0.2332	0.234933333	0.24135	0.252783333	0.269533333	0.292883333	0.32115	0.35375	0.395483333	0.43815	0.4798	0.52385	0.559783333	0.58285	0.595983333	0.602566667	0.605366667	0.604016667	0.6002	0.595166667	0.588766667	0.580666667	0.572566667	0.5655	0.557766667	0.550266667	0.544983333	0.541416667	0.535916667	0.528233333	0.520533333	0.514666667	0.508966667	0.505233333	0.505366667	0.51095	0.52455	0.542566667	0.569033333	0.605766667	0.644283333	0.66335	0.654416667	0.62595	0.59185	0.566283333	0.546916667	0.526383333	0.507	0.490483333	0.476916667
122	0.21945	0.217133333	0.2191	0.2278	0.246266667	0.27445	0.3051	0.326466667	0.345166667	0.365683333	0.37975	0.373966667	0.342366667	0.303983333	0.27585	0.257883333	0.24715	0.24075	0.23565	0.231366667	0.229533333	0.23125	0.237516667	0.248966667	0.26575	0.289183333	0.3176	0.350433333	0.3924	0.4351	0.476883333	0.521133333	0.557116667	0.58025	0.593383333	0.599933333	0.602716667	0.601316667	0.597466667	0.59245	0.586116667	0.578033333	0.569916667	0.56275	0.55495	0.547433333	0.542116667	0.538533333	0.533033333	0.525433333	0.517733333	0.5118	0.506133333	0.502433333	0.502533333	0.508283333	0.5221	0.540383333	0.567166667	0.604616667	0.643966667	0.663616667	0.654716667	0.62575	0.591316667	0.56555	0.545866667	0.52535	0.50615	0.489266667	0.475433333
131	0.238	0.235233333	0.236466667	0.243933333	0.260633333	0.28695	0.316133333	0.33685	0.355266667	0.37545	0.389366667	0.383466667	0.3518	0.313633333	0.2857	0.267883333	0.257133333	0.250733333	0.2454	0.24095	0.23875	0.23995	0.245733333	0.256483333	0.272716667	0.295816667	0.324	0.356666667	0.398266667	0.440016667	0.48065	0.524016667	0.559933333	0.583566667	0.59725	0.604233333	0.607433333	0.60655	0.603233333	0.598833333	0.592983333	0.585333333	0.5776	0.570783333	0.563383333	0.5562	0.551316667	0.54805	0.5428	0.535366667	0.527733333	0.521916667	0.516316667	0.512633333	0.512833333	0.518566667	0.5325	0.551183333	0.578883333	0.617433333	0.657866667	0.678383333	0.670166667	0.641666667	0.607683333	0.582733333	0.563566667	0.5432	0.524066667	0.507883333	0.494533333
132	0.240033333	0.237233333	0.238333333	0.245583333	0.261883333	0.287633333	0.316233333	0.3365	0.35445	0.374116667	0.387616667	0.381816667	0.350733333	0.31325	0.285766667	0.268116667	0.25745	0.25105	0.245766667	0.2413	0.2391	0.240233333	0.245866667	0.256433333	0.272383333	0.295016667	0.322733333	0.354816667	0.395733333	0.436916667	0.476866667	0.519616667	0.554833333	0.577933333	0.591333333	0.598133333	0.60125	0.60035	0.596966667	0.592566667	0.586716667	0.579083333	0.571483333	0.564816667	0.55745	0.55035	0.545483333	0.542266667	0.537066667	0.529633333	0.522083333	0.516333333	0.510816667	0.50715	0.507266667	0.512833333	0.52645	0.544683333	0.571583333	0.60905	0.648333333	0.668683333	0.661283333	0.634483333	0.60245	0.5782	0.559983333	0.5406	0.522033333	0.506866667	0.493716667
141	0.26485	0.260233333	0.259883333	0.266383333	0.283	0.310466667	0.341083333	0.36195	0.380566667	0.402133333	0.417433333	0.411	0.375616667	0.332683333	0.301033333	0.280666667	0.268216667	0.260766667	0.25485	0.250183333	0.248066667	0.249566667	0.255816667	0.267433333	0.284766667	0.309316667	0.339733333	0.37565	0.421516667	0.467233333	0.510983333	0.556766667	0.593283333	0.615833333	0.627933333	0.63355	0.635616667	0.6334	0.6284	0.622266667	0.614933333	0.6061	0.597333333	0.5896	0.581233333	0.5732	0.56755	0.563616667	0.557783333	0.549916667	0.5423	0.5367	0.531433333	0.5285	0.53005	0.537933333	0.55445	0.57525	0.605733333	0.64925	0.696983333	0.724783333	0.7233	0.7007	0.67155	0.650783333	0.635883333	0.620066667	0.605516667	0.59345	0.581933333
151	0.250866667	0.246733333	0.24665	0.252666667	0.267616667	0.2921	0.3196	0.33875	0.355783333	0.37455	0.3869	0.380183333	0.349016667	0.31195	0.28495	0.267616667	0.257216667	0.2511	0.246016667	0.241716667	0.23965	0.24095	0.246716667	0.257383333	0.2735	0.296283333	0.324116667	0.356433333	0.397866667	0.4405	0.482466667	0.526666667	0.56255	0.585316667	0.598183333	0.604716667	0.607683333	0.606633333	0.603216667	0.598866667	0.59305	0.585283333	0.577216667	0.569983333	0.562	0.55445	0.54915	0.545766667	0.540383333	0.532733333	0.525083333	0.519316667	0.513883333	0.510483333	0.511133333	0.5176	0.5323	0.55135	0.57925	0.618166667	0.6599	0.683383333	0.679516667	0.656583333	0.62825	0.60795	0.593	0.57605	0.560883333	0.548333333	0.536966667
161	0.271083333	0.265916667	0.2649	0.270666667	0.286566667	0.31335	0.343483333	0.363833333	0.38215	0.403566667	0.4187	0.411866667	0.37605	0.332916667	0.30125	0.28085	0.268283333	0.260733333	0.254733333	0.249916667	0.247683333	0.24905	0.255383333	0.267083333	0.284566667	0.309383333	0.340016667	0.376183333	0.422366667	0.468516667	0.512833333	0.559516667	0.597016667	0.620433333	0.633183333	0.63915	0.64155	0.639566667	0.634766667	0.628766667	0.621533333	0.612716667	0.6039	0.5961	0.587533333	0.579416667	0.573716667	0.569816667	0.563933333	0.55595	0.548183333	0.542483333	0.537216667	0.53425	0.53575	0.543933333	0.561016667	0.58265	0.614866667	0.661316667	0.712483333	0.7418	0.739683333	0.715666667	0.684716667	0.6632	0.647983333	0.6323	0.617533333	0.605233333	0.59345
171	0.26655	0.262116667	0.2622	0.2697	0.288216667	0.318483333	0.352	0.37475	0.3951	0.418633333	0.435266667	0.4286	0.3911	0.3457	0.31225	0.290883333	0.277816667	0.270016667	0.263916667	0.259016667	0.25695	0.2587	0.265633333	0.278383333	0.297083333	0.32355	0.356116667	0.3943	0.4428	0.4908	0.536533333	0.585283333	0.624733333	0.649683333	0.66355	0.670266667	0.672983333	0.671283333	0.666533333	0.660433333	0.653033333	0.643866667	0.63485	0.626866667	0.61825	0.610133333	0.604416667	0.60045	0.594333333	0.586166667	0.578033333	0.5719	0.566116667	0.562583333	0.563733333	0.5717	0.58905	0.611616667	0.64505	0.692866667	0.744183333	0.771166667	0.764116667	0.7347	0.6991	0.6724	0.652916667	0.633683333	0.615683333	0.600566667	0.58725
181	0.27765	0.27295	0.272633333	0.27945	0.297166667	0.326583333	0.359683333	0.382183333	0.4025	0.426066667	0.442966667	0.436233333	0.398266667	0.3523	0.318483333	0.296783333	0.28345	0.275416667	0.269083333	0.26395	0.261433333	0.262716667	0.26905	0.2811	0.299466667	0.325816667	0.358516667	0.396866667	0.445166667	0.491833333	0.53565	0.582716667	0.6209	0.6451	0.6584	0.6647	0.6672	0.665516667	0.661083333	0.655533333	0.648683333	0.639966667	0.631266667	0.623583333	0.6152	0.607316667	0.601983333	0.59835	0.5926	0.58465	0.576783333	0.57095	0.565516667	0.562366667	0.563933333	0.57245	0.590666667	0.61395	0.6481	0.696916667	0.7495	0.7776	0.771616667	0.743	0.70795	0.6824	0.6641	0.645666667	0.628633333	0.613716667	0.600783333
191	0.2643	0.259766667	0.2595	0.266533333	0.28415	0.313033333	0.3449	0.3663	0.385283333	0.407233333	0.4226	0.4162	0.380816667	0.337533333	0.305383333	0.284616667	0.271766667	0.264083333	0.258	0.253116667	0.25095	0.252533333	0.25915	0.271333333	0.28935	0.314833333	0.346183333	0.382833333	0.429166667	0.47515	0.519266667	0.565816667	0.603416667	0.627066667	0.640116667	0.646316667	0.64875	0.646816667	0.6419	0.63575	0.6282	0.619116667	0.610416667	0.60295	0.594866667	0.587133333	0.581583333	0.577766667	0.571916667	0.564016667	0.556216667	0.5503	0.544733333	0.541333333	0.54235	0.549716667	0.565533333	0.585733333	0.615433333	0.657233333	0.70195	0.726366667	0.723316667	0.700783333	0.672183333	0.650883333	0.635116667	0.618933333	0.604066667	0.590883333	0.579083333
201	0.2604	0.25525	0.254383333	0.259983333	0.275333333	0.301316667	0.3303	0.349666667	0.367033333	0.387266667	0.4015	0.39495	0.361183333	0.320533333	0.2907	0.271433333	0.259566667	0.252366667	0.246733333	0.242283333	0.24045	0.242216667	0.24885	0.260783333	0.27805	0.302	0.33135	0.36605	0.411166667	0.458216667	0.5046	0.55275	0.59095	0.614433333	0.627016667	0.6328	0.634866667	0.632333333	0.626483333	0.6194	0.611233333	0.6016	0.592166667	0.58405	0.57545	0.56735	0.561416667	0.5572	0.551083333	0.543033333	0.53515	0.52925	0.523716667	0.520383333	0.521466667	0.528816667	0.544383333	0.564016667	0.593233333	0.635816667	0.683466667	0.7126	0.712433333	0.69075	0.662816667	0.64385	0.63045	0.6152	0.60175	0.590183333	0.579516667
211	0.25965	0.254633333	0.253916667	0.25965	0.275033333	0.30105	0.33	0.3492	0.3664	0.386566667	0.400866667	0.3945	0.361016667	0.32035	0.290283333	0.270833333	0.258783333	0.251433333	0.2456	0.241	0.239	0.24055	0.246866667	0.258533333	0.27565	0.299566667	0.32885	0.363416667	0.40805	0.453983333	0.499133333	0.54655	0.584266667	0.607233333	0.619333333	0.6246	0.62615	0.62325	0.617166667	0.609783333	0.601433333	0.591733333	0.582566667	0.5748	0.566633333	0.558916667	0.55325	0.549266667	0.543366667	0.535633333	0.52805	0.5225	0.517333333	0.514483333	0.5161	0.524	0.53975	0.558783333	0.586516667	0.627016667	0.672683333	0.701216667	0.70205	0.6823	0.656566667	0.639083333	0.626883333	0.612416667	0.599616667	0.588733333	0.5783
221	0.26565	0.261	0.260433333	0.26635	0.281866667	0.307766667	0.336816667	0.356383333	0.373866667	0.3941	0.408	0.401216667	0.367333333	0.326566667	0.296733333	0.277566667	0.265916667	0.258983333	0.253383333	0.248866667	0.246733333	0.247966667	0.25375	0.26465	0.2811	0.304766667	0.334066667	0.36855	0.412616667	0.4569	0.4996	0.544583333	0.580783333	0.603466667	0.616016667	0.621983333	0.62445	0.6228	0.6186	0.6133	0.606583333	0.598066667	0.5896	0.58205	0.573916667	0.566133333	0.560633333	0.556966667	0.551266667	0.543483333	0.535766667	0.530133333	0.524883333	0.521883333	0.52335	0.531083333	0.547316667	0.567766667	0.59785	0.640766667	0.68775	0.715666667	0.714433333	0.692283333	0.664033333	0.64465	0.630816667	0.61525	0.601516667	0.589883333	0.579083333
241	0.257483333	0.253333333	0.253933333	0.261966667	0.281133333	0.312183333	0.346216667	0.369183333	0.389716667	0.413583333	0.430666667	0.424116667	0.3866	0.341	0.307583333	0.2863	0.273216667	0.26545	0.25945	0.254683333	0.252783333	0.2547	0.261766667	0.274583333	0.293266667	0.319483333	0.3518	0.389983333	0.438583333	0.486833333	0.533033333	0.582083333	0.6215	0.6462	0.659716667	0.666016667	0.668383333	0.66625	0.6609	0.654266667	0.646366667	0.636783333	0.62745	0.61935	0.61075	0.602566667	0.596716667	0.592533333	0.586283333	0.578016667	0.569883333	0.563733333	0.558016667	0.554683333	0.556	0.564	0.5814	0.603716667	0.636833333	0.684666667	0.736416667	0.764016667	0.756616667	0.726366667	0.68975	0.66275	0.6428	0.62295	0.604683333	0.589283333	0.57555
251	0.253316667	0.248866667	0.2488	0.255366667	0.271983333	0.299516667	0.329816667	0.349966667	0.367966667	0.388866667	0.403516667	0.39695	0.362483333	0.320883333	0.290266667	0.270616667	0.258616667	0.251416667	0.245733333	0.241233333	0.239316667	0.2409	0.2473	0.258983333	0.276133333	0.300316667	0.33005	0.365183333	0.410283333	0.45585	0.499833333	0.545916667	0.582833333	0.605733333	0.618216667	0.624083333	0.6263	0.6242	0.6192	0.613	0.605516667	0.596383333	0.58745	0.579716667	0.5714	0.5634	0.55765	0.553616667	0.547666667	0.539766667	0.531966667	0.526216667	0.52085	0.517733333	0.519166667	0.526916667	0.5432	0.563616667	0.593916667	0.637633333	0.685933333	0.714216667	0.712	0.68795	0.657966667	0.637383333	0.622333333	0.605366667	0.59035	0.57795	0.566116667
281	0.26565	0.261183333	0.26105	0.267866667	0.285133333	0.313566667	0.345233333	0.3669	0.38635	0.408833333	0.424866667	0.418383333	0.382183333	0.3383	0.3062	0.285666667	0.27305	0.26555	0.259616667	0.254816667	0.252733333	0.254383333	0.260933333	0.273033333	0.290833333	0.315933333	0.346866667	0.3835	0.430266667	0.476916667	0.521683333	0.569083333	0.607166667	0.630916667	0.643966667	0.65015	0.6525	0.650466667	0.64535	0.639033333	0.63155	0.62235	0.613416667	0.605633333	0.597033333	0.588833333	0.582966667	0.578883333	0.57285	0.564733333	0.556816667	0.550933333	0.545483333	0.54225	0.543466667	0.551183333	0.567883333	0.589283333	0.621116667	0.6671	0.71745	0.745583333	0.741566667	0.715083333	0.681733333	0.657616667	0.640483333	0.622783333	0.606416667	0.592683333	0.580383333
291	0.26065	0.257483333	0.258233333	0.264983333	0.280516667	0.305266667	0.332833333	0.352083333	0.369083333	0.387733333	0.400283333	0.39405	0.363633333	0.327316667	0.300883333	0.283766667	0.273483333	0.267516667	0.26255	0.258216667	0.256233333	0.257616667	0.2633	0.2739	0.2896	0.311566667	0.338383333	0.369833333	0.410483333	0.452883333	0.494716667	0.53885	0.574916667	0.5981	0.6114	0.618183333	0.621166667	0.620016667	0.61625	0.61145	0.605283333	0.597166667	0.588733333	0.581283333	0.5731	0.565366667	0.559766667	0.5559	0.550066667	0.542116667	0.5341	0.528	0.522183333	0.51815	0.517933333	0.523333333	0.537016667	0.555166667	0.5821	0.619583333	0.65965	0.681683333	0.676783333	0.652816667	0.623533333	0.601583333	0.585833333	0.567583333	0.550733333	0.5376	0.524866667
