11	0.122495879	0.119617444	0.119881965	0.125763648	0.14152119	0.168889554	0.201545982	0.226166225	0.244682407	0.26796509	0.285863177	0.288167081	0.26065856	0.218205001	0.187699277	0.168865795	0.157390048	0.150660675	0.146218169	0.142449756	0.140776616	0.142130751	0.147613287	0.159049374	0.176454016	0.200138234	0.228524844	0.260006852	0.297500683	0.336085393	0.375969557	0.424870884	0.467825485	0.499328387	0.518549274	0.527751906	0.531457088	0.530780264	0.526768107	0.521547221	0.514582609	0.50616472	0.497447465	0.489194838	0.480805805	0.473232494	0.468428323	0.464327577	0.458805503	0.451580438	0.443563867	0.435935229	0.429103864	0.42454796	0.423690961	0.429105338	0.442403206	0.460509113	0.48639644	0.522984875	0.560721538	0.580045311	0.568540594	0.539054125	0.504650992	0.477377738	0.455947183	0.433080269	0.412655823	0.39519099	0.380058083
21	0.114656713	0.112172749	0.11289127	0.119430526	0.135738916	0.162986383	0.195040003	0.219299821	0.237493817	0.259232187	0.275617885	0.277406154	0.251277248	0.211138454	0.182191441	0.164166451	0.153286338	0.147170075	0.143144795	0.139580084	0.137845876	0.139091384	0.144357233	0.155340526	0.172239484	0.19546363	0.222915192	0.253015744	0.288572066	0.32486551	0.362428783	0.408516212	0.44882594	0.477975803	0.495729775	0.504293621	0.508059541	0.507789841	0.504834082	0.501038758	0.495289829	0.48772489	0.479406613	0.471166446	0.462643149	0.454899475	0.450008404	0.445996138	0.440587322	0.433441289	0.425548274	0.418269158	0.411935448	0.407780996	0.40681525	0.41190182	0.424822204	0.442568561	0.467142247	0.500425905	0.533127467	0.548897243	0.538061577	0.510982809	0.479212969	0.453917991	0.4332258	0.412201018	0.392822166	0.376237626	0.361696228
31	0.133502458	0.130680893	0.130928098	0.136549734	0.151674988	0.177731421	0.208874214	0.232714308	0.250821971	0.272782551	0.289241567	0.29091757	0.264174835	0.223101211	0.193401373	0.174930184	0.163725114	0.157198729	0.152847626	0.148996719	0.146892426	0.147589168	0.152095945	0.162271374	0.178534566	0.201506371	0.229052453	0.259345839	0.294973252	0.330206547	0.365295485	0.408784437	0.447184822	0.475126764	0.492218514	0.500299569	0.503958457	0.504060476	0.501873385	0.499094055	0.49433041	0.487503284	0.479759352	0.471979074	0.463707498	0.456137566	0.451656368	0.448026213	0.4429382	0.436134611	0.428607571	0.421695218	0.415747643	0.411942568	0.411208818	0.416646981	0.430323209	0.449231725	0.475273403	0.510127187	0.544076829	0.559809891	0.547883243	0.519806638	0.487778146	0.462075405	0.441438679	0.419947735	0.400785587	0.38540726	0.371002395
41	0.1472755	0.143982564	0.143679095	0.148538848	0.162430199	0.187186725	0.217280131	0.240383801	0.258008208	0.279583768	0.296075359	0.297883643	0.271119114	0.230034423	0.200373779	0.182003738	0.17082335	0.164285339	0.1598743	0.156034855	0.153963335	0.154756083	0.159454922	0.169802614	0.186211336	0.209109629	0.236551227	0.266895676	0.303098397	0.339959262	0.377701177	0.424122699	0.46499979	0.494655784	0.512741481	0.52140172	0.525152377	0.524878702	0.521751301	0.51772204	0.511803362	0.50420307	0.495940795	0.48790881	0.479485717	0.472006064	0.46741269	0.463546771	0.458367339	0.451351277	0.443684858	0.436545534	0.430263566	0.426341364	0.42562676	0.431156905	0.444698512	0.463033681	0.488591943	0.524172621	0.560285374	0.579726092	0.571009557	0.545493962	0.515166932	0.491320234	0.471831267	0.452232064	0.433544305	0.418251379	0.404259215
51	0.148766846	0.145590459	0.145549136	0.151030798	0.16633362	0.193360463	0.225984061	0.251012899	0.270224242	0.293844723	0.312066129	0.314471051	0.286116369	0.242180065	0.210509245	0.190939208	0.179080835	0.172227236	0.167551435	0.16359727	0.161562943	0.162594315	0.167771208	0.178949814	0.196449894	0.220901929	0.250168971	0.282607051	0.321206294	0.360190368	0.399525397	0.447821959	0.490206121	0.520675703	0.539121668	0.547755608	0.551406914	0.55098145	0.547608568	0.543322891	0.537194569	0.529414694	0.52100636	0.512884516	0.504338944	0.496755036	0.492156829	0.488241038	0.48285631	0.475657911	0.467757993	0.46049161	0.454146873	0.450137343	0.449534996	0.455525493	0.46998381	0.489381017	0.516563428	0.554251737	0.591943736	0.611090116	0.599884	0.571140542	0.537402273	0.510785307	0.488990133	0.46677637	0.446652754	0.429905163	0.414107208
61	0.15796297	0.154620015	0.154248614	0.159392365	0.174079134	0.199860837	0.231218579	0.2554989	0.274358765	0.297324541	0.315033109	0.317343178	0.289546655	0.246600555	0.215715417	0.19668021	0.185237991	0.178653557	0.174068869	0.170282148	0.168470195	0.169653855	0.174833165	0.185914859	0.203300581	0.22745317	0.256291265	0.288248385	0.326756448	0.366521448	0.407295578	0.456966597	0.500075527	0.530895957	0.549422898	0.557921353	0.561538768	0.561094458	0.557404333	0.552667335	0.546251571	0.538187051	0.529491675	0.521043687	0.512251213	0.504471291	0.499642698	0.495467835	0.489793446	0.482566776	0.47463004	0.467237965	0.460811134	0.456856653	0.456307525	0.462296747	0.476675496	0.495867722	0.522698938	0.560455237	0.599071418	0.620095327	0.611725416	0.585162617	0.552835343	0.527475561	0.506996399	0.485698727	0.465708672	0.449176026	0.434418946
71	0.148243521	0.145171759	0.145157711	0.15060264	0.165738602	0.19213135	0.22395548	0.248496418	0.267372178	0.290396406	0.308056158	0.310325035	0.282740304	0.24005246	0.209112126	0.190015906	0.178546983	0.171920281	0.167256891	0.163321998	0.161319513	0.162362377	0.167287883	0.178065436	0.195152645	0.21913789	0.24791326	0.279562839	0.317086684	0.354937161	0.393236259	0.440536958	0.482182741	0.512328306	0.530730585	0.539397018	0.543121101	0.542927157	0.53966869	0.535527689	0.529704765	0.522226461	0.514076384	0.506132434	0.497739032	0.490377082	0.485916655	0.481952412	0.476571706	0.469617958	0.461789985	0.454517784	0.448165613	0.444177883	0.443348889	0.449006237	0.462978611	0.481657524	0.50805352	0.544705912	0.580969223	0.599026975	0.588132051	0.559715168	0.526388893	0.500231931	0.479468601	0.457499619	0.437076206	0.420768178	0.406665166
82	0.148769331	0.145465383	0.145122608	0.149913901	0.163759588	0.188068426	0.217351797	0.239977171	0.257417405	0.278265294	0.293913584	0.295388776	0.269634739	0.230218086	0.201720517	0.184047244	0.173440324	0.167285683	0.162961323	0.159250364	0.157478581	0.15865743	0.16360924	0.174215253	0.190919036	0.213939288	0.241085578	0.270823459	0.306528115	0.343816949	0.382950877	0.430784106	0.472573762	0.50270518	0.521094529	0.529996135	0.533997576	0.53380624	0.53056497	0.526336282	0.520466139	0.512910237	0.504674299	0.496625205	0.488130348	0.480638332	0.475968733	0.471893422	0.466429094	0.459408327	0.451572057	0.444272957	0.437827321	0.433685626	0.432538124	0.437419552	0.450262731	0.467626291	0.492403389	0.526737001	0.561059608	0.579304039	0.570617787	0.545528324	0.51533985	0.4916319	0.472146981	0.451955088	0.433531055	0.41806632	0.403894241
91	0.132180069	0.129181769	0.129255353	0.134630584	0.149261312	0.175190943	0.206494864	0.229963241	0.247763835	0.270569441	0.288483399	0.291143618	0.263838382	0.221204265	0.190385464	0.17143289	0.159935017	0.153071031	0.148337805	0.144544052	0.142678195	0.143562718	0.148045574	0.158158927	0.174346343	0.19721268	0.224911767	0.255919139	0.293073464	0.330357301	0.367940753	0.414695711	0.455372285	0.4842295	0.50122933	0.508552615	0.511145863	0.509663865	0.504856882	0.499078108	0.492077394	0.483845244	0.475313252	0.467322712	0.458942147	0.451715171	0.447165948	0.442949452	0.437448761	0.430545296	0.422974234	0.415976725	0.409875576	0.406416689	0.406491871	0.413142578	0.427848221	0.446408664	0.472684699	0.51096221	0.550966305	0.573378173	0.564794653	0.537565407	0.505322546	0.480509884	0.460814746	0.439753454	0.420837027	0.405285781	0.390441393
101	0.147346587	0.144362089	0.144441118	0.149954543	0.16504712	0.191195523	0.222609988	0.246887288	0.265639785	0.288184225	0.305342546	0.30750305	0.280420505	0.238566463	0.208253761	0.189561221	0.178374051	0.172018163	0.167596676	0.163827998	0.162140395	0.163441394	0.16865704	0.179668135	0.196945246	0.220939046	0.249466891	0.280915356	0.318629274	0.357439694	0.397271248	0.445801798	0.488117811	0.51839777	0.536754805	0.54556609	0.549553079	0.549424265	0.546122244	0.541976313	0.536051379	0.528441991	0.520066171	0.511861419	0.503101744	0.495373508	0.490649261	0.486445672	0.480828987	0.473706428	0.465780846	0.458373254	0.451936832	0.447864351	0.446918127	0.452325426	0.466015784	0.484404729	0.510396302	0.546254491	0.581666215	0.59968023	0.589619899	0.562266965	0.529964065	0.504034788	0.482894708	0.460293505	0.4398303	0.423006852	0.408277118
102	0.152540644	0.14950792	0.149452399	0.154724965	0.169284112	0.194584136	0.224983879	0.248615158	0.266918043	0.288817075	0.305366592	0.30727101	0.280810101	0.240066299	0.210590215	0.192340772	0.181442192	0.175240938	0.170847283	0.167103947	0.165401577	0.166653843	0.171771664	0.182648652	0.199693968	0.223360536	0.251297025	0.28200677	0.318884961	0.357118138	0.396624754	0.444541167	0.48635998	0.516352376	0.534517322	0.54315567	0.547062096	0.546955597	0.543751864	0.539654488	0.533870543	0.526438594	0.518259794	0.510226026	0.501593544	0.494059994	0.489461804	0.485251836	0.479710823	0.472723526	0.464867309	0.457541907	0.45108378	0.446954052	0.445782536	0.450766665	0.463917244	0.481698533	0.506957985	0.541753015	0.575983654	0.593542804	0.583721313	0.557450109	0.525937756	0.500886135	0.480780313	0.458897557	0.439477228	0.423031641	0.408850201
111	0.153056722	0.149937348	0.149789225	0.154953523	0.169513574	0.19495413	0.225611307	0.249042444	0.266975462	0.288770206	0.305177952	0.306828422	0.280166355	0.239285708	0.209616016	0.191291861	0.180255728	0.173905116	0.169379293	0.165500246	0.163670113	0.16469984	0.169591669	0.180206369	0.19701896	0.22057348	0.248566731	0.279296565	0.316051508	0.353864328	0.392935178	0.440994207	0.483300538	0.513893711	0.532565611	0.541564243	0.545634408	0.5454978	0.542145401	0.537932797	0.53213908	0.524580691	0.516357684	0.508359355	0.49973192	0.492224918	0.487635896	0.483439737	0.477822692	0.470749465	0.462742808	0.455180892	0.448561998	0.44433834	0.443144618	0.4483318	0.4618497	0.479925571	0.506130146	0.542213959	0.577359177	0.594645869	0.583661433	0.555673723	0.523212054	0.497786361	0.476435412	0.45510288	0.435402284	0.419518349	0.405263931
112	0.156038591	0.152980278	0.152891502	0.158032784	0.172597568	0.19794778	0.228504109	0.251877351	0.269756668	0.291482603	0.307691478	0.309225208	0.282670614	0.242042034	0.212511031	0.194205866	0.183299502	0.177031892	0.17249014	0.168602722	0.16675881	0.167902574	0.172893532	0.183527315	0.200430597	0.224144475	0.252174814	0.282833563	0.319531753	0.357337528	0.396538748	0.444670499	0.486969577	0.517660588	0.536299318	0.545268277	0.549336834	0.549264176	0.546001294	0.541873114	0.53609027	0.528621028	0.520390651	0.512427024	0.503878453	0.496283505	0.491675271	0.487522495	0.481912816	0.474775229	0.466711925	0.459151932	0.452521671	0.44824723	0.447007155	0.452071852	0.465380396	0.483325213	0.509408608	0.545173818	0.579892009	0.596595193	0.585620763	0.55764651	0.525143988	0.499378737	0.4785026	0.456897229	0.43730645	0.420853154	0.406628642
121	0.125758086	0.122941846	0.123295146	0.129061578	0.144171313	0.169895457	0.200360183	0.22340951	0.240821872	0.262011659	0.278008908	0.279648197	0.253703317	0.213747468	0.184786554	0.166928198	0.156229137	0.150163603	0.145968171	0.142488791	0.141078062	0.142554834	0.147797065	0.158661761	0.175478397	0.198639555	0.225929226	0.255898275	0.292224361	0.330360625	0.3703541	0.41872958	0.460273717	0.48932191	0.506339143	0.514103106	0.517300502	0.516359604	0.512116934	0.507033903	0.500716654	0.49286018	0.484298725	0.475866608	0.466837497	0.458898971	0.453842464	0.44933386	0.443622568	0.436621521	0.428840348	0.421773239	0.415695942	0.412051741	0.411521316	0.417380962	0.431060694	0.448566093	0.473376676	0.508093827	0.542792073	0.561409842	0.552243306	0.525789772	0.494697605	0.470259311	0.450132367	0.429284457	0.410696266	0.395161961	0.380047504
122	0.127638352	0.124681922	0.1249802	0.130763591	0.145917146	0.171856288	0.202633194	0.225806929	0.24330869	0.264736164	0.280933798	0.282628966	0.256300261	0.215826407	0.186478885	0.168246008	0.157341811	0.151082267	0.14676108	0.143172035	0.141656098	0.14301949	0.148231823	0.159069851	0.175911547	0.199275736	0.226871563	0.257210319	0.293834609	0.332098887	0.372060905	0.420496867	0.462191658	0.491500863	0.508819287	0.516738421	0.519958955	0.519009696	0.514808287	0.509723637	0.503298719	0.495365685	0.486757505	0.478302823	0.469219968	0.461238254	0.456207872	0.451708353	0.445988387	0.438912361	0.431117721	0.423963327	0.417859673	0.414196027	0.413689269	0.419591428	0.433479	0.451211228	0.476474237	0.511986976	0.54776363	0.567045	0.558344049	0.532066762	0.501025646	0.476769708	0.457529636	0.436233009	0.417665485	0.402415468	0.387343241
131	0.145115818	0.141789689	0.141391558	0.146045042	0.159567186	0.183455532	0.212520074	0.234878227	0.251952919	0.272804725	0.288470411	0.290016086	0.264336707	0.224808385	0.195981112	0.178201301	0.167514825	0.161328373	0.156840542	0.15299192	0.151079007	0.151962251	0.156514329	0.166588872	0.182688925	0.205334865	0.232297764	0.261811876	0.297150278	0.333287149	0.37056416	0.416972511	0.458182189	0.488249008	0.506772898	0.515810845	0.520103261	0.520327186	0.51738505	0.513562023	0.508198434	0.501145313	0.493311015	0.485528035	0.477253368	0.470079292	0.465705634	0.461799535	0.456558243	0.449843934	0.442233322	0.435153004	0.428957882	0.425015846	0.424122137	0.429431962	0.442679151	0.459998833	0.484715314	0.519551689	0.554710223	0.573736493	0.565333066	0.540255966	0.510116652	0.486496457	0.467012975	0.447151352	0.428824666	0.41317985	0.399268648
132	0.143450727	0.140217287	0.139940911	0.144583356	0.158035974	0.181905168	0.210835407	0.233132634	0.250205906	0.271013127	0.286593299	0.288052571	0.262432762	0.223049593	0.194478591	0.17690131	0.166269523	0.160111851	0.155746482	0.152018018	0.150214626	0.151203781	0.155794744	0.165936768	0.18213384	0.204786137	0.231722678	0.261274334	0.29669732	0.333148171	0.371057532	0.417944463	0.45938637	0.48949773	0.5079438	0.516913411	0.52103239	0.521060191	0.517893086	0.513918721	0.508472677	0.501281344	0.493292127	0.485434962	0.477003035	0.469634241	0.465171298	0.461138693	0.455753884	0.448936806	0.441182047	0.433995682	0.427758941	0.423807243	0.422920706	0.428222383	0.441541851	0.459012576	0.48414235	0.519240843	0.554341146	0.572740702	0.563849555	0.537981175	0.506693708	0.482535212	0.462898686	0.442136904	0.423880048	0.408397035	0.394642305
141	0.170750846	0.16546071	0.163320002	0.166481563	0.179161548	0.203638247	0.233752385	0.255922951	0.272366372	0.294192146	0.31117434	0.312857038	0.28442649	0.240303258	0.207842921	0.187573481	0.175115505	0.167623405	0.162492833	0.158509373	0.156663347	0.157645451	0.162573823	0.173310935	0.190149081	0.213871489	0.242519617	0.274773365	0.314112157	0.354332915	0.395070509	0.443705658	0.484541248	0.512496602	0.528364533	0.535112332	0.537543916	0.535822905	0.530542988	0.524281307	0.516816903	0.508121385	0.499028067	0.490273034	0.480989791	0.472874325	0.467671067	0.462882542	0.456961107	0.449915737	0.442264534	0.435424695	0.429705521	0.426636947	0.427297677	0.434911402	0.4508422	0.470359338	0.498214845	0.539039455	0.582984822	0.611866063	0.612066699	0.593617377	0.569726742	0.553479687	0.541712742	0.526876756	0.512599274	0.500923159	0.489176289
151	0.153871225	0.148684354	0.146493749	0.149282078	0.160685082	0.182078844	0.208298	0.22805719	0.243007009	0.261532104	0.27496838	0.275120336	0.250231732	0.212797923	0.18534804	0.168090983	0.157638397	0.151647494	0.147126092	0.143360134	0.141605317	0.142646192	0.147294563	0.157414192	0.173607988	0.196133584	0.222708461	0.251504155	0.286258254	0.32308761	0.362398347	0.410016522	0.451197733	0.480159235	0.497209177	0.505160728	0.508604815	0.508008837	0.504277625	0.499859651	0.494089025	0.486576414	0.478275315	0.470025721	0.461207395	0.453603023	0.448887878	0.444690751	0.439256448	0.432403496	0.424679357	0.417691083	0.411699817	0.408159678	0.407731162	0.41364736	0.427362951	0.44485537	0.470004192	0.505850119	0.543723615	0.567755811	0.566075718	0.548006113	0.525501435	0.509000568	0.496138091	0.481956215	0.468039011	0.456775341	0.445613872
161	0.178732576	0.173020937	0.170445605	0.173085247	0.18529305	0.209551421	0.239653585	0.261756017	0.278171273	0.300188834	0.317149346	0.318486948	0.289407624	0.244747896	0.211968051	0.191495002	0.178899638	0.171380912	0.166167946	0.162035788	0.160174304	0.161166937	0.166256841	0.177288786	0.194524364	0.218858887	0.248032016	0.280880469	0.320935352	0.361928444	0.403550303	0.453333803	0.495547524	0.524734852	0.541565928	0.549083319	0.552091555	0.550794613	0.545826801	0.53990043	0.532776265	0.524196934	0.515073626	0.506104928	0.496592502	0.488377537	0.483236306	0.478441358	0.472459473	0.465337361	0.457523402	0.450511518	0.444660012	0.441515909	0.442018224	0.44983862	0.466211438	0.486200012	0.515361425	0.558235309	0.604858663	0.635310276	0.634695262	0.614146461	0.58834862	0.570745532	0.558063613	0.542365019	0.528159606	0.515732418	0.504552478
171	0.176341882	0.171345061	0.169713606	0.173967519	0.188856812	0.216685199	0.250677193	0.275848012	0.294538801	0.319048471	0.338145068	0.340425832	0.309604192	0.261700305	0.226524071	0.204769061	0.191470834	0.183570231	0.178211026	0.173923167	0.172163704	0.173495524	0.179329033	0.191381809	0.210031416	0.23622214	0.267705821	0.303153798	0.346119705	0.389877879	0.43383429	0.486105993	0.530447198	0.561300898	0.579057365	0.586968135	0.590045028	0.588766289	0.583745253	0.577578895	0.569947888	0.560938397	0.55154976	0.542430213	0.532679775	0.524253766	0.518908945	0.513908344	0.507664729	0.500203396	0.4920206	0.484559149	0.478147595	0.474505459	0.474803703	0.482731549	0.499824388	0.521015242	0.55182958	0.596516697	0.643308744	0.670497339	0.664087139	0.63776084	0.606554434	0.583701637	0.565808471	0.545366366	0.527104817	0.511655964	0.498088491
181	0.184784128	0.17951245	0.17747206	0.181045257	0.194759134	0.221249467	0.25396513	0.278199136	0.296211792	0.32017035	0.338902181	0.341095829	0.310672281	0.263267412	0.228323629	0.20657494	0.193169463	0.1850721	0.179432587	0.174956136	0.172778579	0.17350708	0.178514493	0.189682179	0.207417997	0.232868749	0.263778953	0.298400516	0.33995415	0.381078717	0.421593653	0.470679574	0.512676922	0.542158511	0.559186683	0.566653293	0.569613713	0.568456075	0.563851237	0.558301592	0.551417653	0.543070826	0.534223295	0.525636365	0.516437382	0.50850944	0.503621442	0.499124674	0.493362908	0.48634772	0.478589798	0.471558463	0.465563622	0.462355466	0.463011242	0.471192392	0.48830062	0.509204724	0.539157708	0.58270902	0.628569686	0.656233983	0.651955522	0.628783773	0.600500278	0.579373695	0.56416329	0.546503652	0.5294745	0.515516152	0.503045414
191	0.176691584	0.171504766	0.169535442	0.173185811	0.187027482	0.213470986	0.245683947	0.269333633	0.286770951	0.309738642	0.327519766	0.329410396	0.300222242	0.254713796	0.221017273	0.199933618	0.186964455	0.179153773	0.173691452	0.1694737	0.167645281	0.168800133	0.174233038	0.185835318	0.203754367	0.228973741	0.259238965	0.293003178	0.333956739	0.375491891	0.417427477	0.467394199	0.509767249	0.539186719	0.556035015	0.563362652	0.566166596	0.564668139	0.559472756	0.553233273	0.54572255	0.536861419	0.527791966	0.519113434	0.509830124	0.501966118	0.497055582	0.492404795	0.486290938	0.479187009	0.471403122	0.464198878	0.458058462	0.454657007	0.454860284	0.462213965	0.478068164	0.497599852	0.525772893	0.566612414	0.609304055	0.635434215	0.632665375	0.611949082	0.586173794	0.567633189	0.553685363	0.536173577	0.519999939	0.507093901	0.495122258
201	0.166137838	0.160560846	0.157945489	0.1603312	0.171719434	0.194318546	0.222244191	0.242489532	0.257365328	0.277443737	0.292788733	0.293856935	0.267224911	0.226372914	0.196388548	0.177630564	0.166004357	0.159016181	0.154166678	0.150465818	0.149060351	0.150418936	0.155810551	0.166832838	0.183561013	0.206609307	0.233972975	0.264737733	0.303107695	0.344157134	0.38764909	0.438634916	0.481000255	0.509635937	0.52563083	0.532498627	0.534837644	0.532646046	0.526454949	0.519216461	0.510902731	0.501421621	0.49177754	0.48263738	0.473021359	0.464856061	0.459536481	0.454507971	0.448216793	0.441032627	0.433234922	0.426140655	0.420160426	0.416754058	0.416908924	0.423874208	0.438628679	0.456431133	0.482632931	0.521830701	0.565058761	0.594596287	0.596013669	0.579433516	0.557481361	0.543302493	0.532762718	0.519284043	0.506761539	0.495425182	0.485423794
211	0.16911508	0.163448512	0.160896053	0.163339956	0.174773491	0.197486355	0.225593965	0.245754068	0.260501119	0.28067915	0.296210976	0.29744672	0.270790374	0.22958605	0.199093753	0.179978645	0.168036195	0.160742889	0.155645446	0.151713688	0.15003642	0.151061868	0.15613556	0.166929908	0.183565215	0.206659247	0.234143597	0.26497955	0.302984753	0.343085213	0.385394171	0.435665255	0.477633616	0.505820164	0.521268243	0.527557193	0.529351474	0.526672968	0.520094269	0.512488881	0.503893728	0.494402333	0.484951103	0.476123251	0.466937104	0.45919579	0.454218286	0.44941239	0.443371162	0.436436987	0.428952047	0.422171215	0.416533832	0.413557273	0.414297255	0.421852138	0.436964044	0.454532941	0.479634647	0.517478836	0.559564725	0.58903246	0.591625137	0.576678122	0.556581208	0.543745154	0.534918656	0.522094621	0.510691415	0.500322797	0.491218512
221	0.170321841	0.164974749	0.162690316	0.165716607	0.178157804	0.202251721	0.231905359	0.253481922	0.269288744	0.290536185	0.306731629	0.307922161	0.279949109	0.236980151	0.20526628	0.185400487	0.173160502	0.165837344	0.1607339	0.156640688	0.154795787	0.155695472	0.16052832	0.171225818	0.188002115	0.211774634	0.240371075	0.272331065	0.311089439	0.350701722	0.391152751	0.439630881	0.480745099	0.509056697	0.52498875	0.531797032	0.534295981	0.532723146	0.527742022	0.522039285	0.515026602	0.506514961	0.497639557	0.488996398	0.47963935	0.471632621	0.466690768	0.462129822	0.456272198	0.449267792	0.441511955	0.434566567	0.428848706	0.425860422	0.426533944	0.434280201	0.450315423	0.469765319	0.497954791	0.539239018	0.583774265	0.612707033	0.6123506	0.593651994	0.569364683	0.553086398	0.540982292	0.526669338	0.512153946	0.500523244	0.490085666
241	0.170617914	0.165887664	0.164553253	0.169057823	0.18416657	0.212266748	0.246303803	0.27115062	0.289406973	0.313807657	0.3327824	0.33504701	0.304733823	0.257632336	0.223041685	0.201471411	0.188280474	0.180560227	0.175276614	0.171199818	0.169649855	0.171141641	0.177143828	0.189402209	0.208027105	0.233945095	0.265001914	0.300013602	0.342833595	0.386890355	0.431525336	0.484254889	0.52865485	0.559162659	0.576217579	0.583467018	0.586082422	0.584078182	0.57823313	0.571390369	0.563324415	0.553791608	0.544129508	0.534930274	0.525018276	0.516509614	0.511205116	0.506315897	0.499813959	0.492144852	0.483964148	0.476507582	0.470233666	0.466688179	0.466962845	0.474771041	0.491412573	0.511951736	0.541927374	0.585668909	0.631448201	0.658194339	0.652037244	0.626375224	0.595271624	0.57221616	0.554801346	0.534917822	0.516477068	0.501202868	0.487392671
251	0.160164672	0.155246183	0.153479612	0.156987375	0.16993142	0.194572744	0.224574597	0.246119977	0.261850012	0.283240043	0.299522272	0.300680261	0.273068732	0.230666024	0.199410516	0.179846925	0.167799104	0.160718721	0.155866863	0.151992223	0.150431634	0.151621648	0.156899244	0.167904161	0.18481271	0.208454954	0.236661878	0.268338871	0.307157625	0.347428756	0.388812914	0.437840717	0.478973856	0.506884423	0.522221837	0.52872673	0.531018418	0.529006745	0.523425244	0.517048427	0.509456473	0.500481689	0.49133589	0.482520422	0.473057671	0.464968715	0.459883382	0.455228398	0.449078005	0.441844302	0.434156771	0.427156145	0.421366257	0.418209368	0.418747649	0.426315159	0.441904131	0.460840413	0.488311998	0.528734075	0.572461896	0.600582634	0.599103861	0.579056282	0.55400918	0.536706514	0.523864407	0.507758079	0.493406292	0.481134883	0.468954878
281	0.172127718	0.167044265	0.16517981	0.16875279	0.182046437	0.207710015	0.239166144	0.262317988	0.279556237	0.302537601	0.320463617	0.322402894	0.293099607	0.247789666	0.214519248	0.193770481	0.181023952	0.173494858	0.168316774	0.164256723	0.162561148	0.163756895	0.169257671	0.180667598	0.19830294	0.223042169	0.252677363	0.286131043	0.32713066	0.369339247	0.412224222	0.463092475	0.505965047	0.535229763	0.551415389	0.55826453	0.560591717	0.558573331	0.552908115	0.546353966	0.538515832	0.529282921	0.519915958	0.510817938	0.501031397	0.492669339	0.487424343	0.482624758	0.476224873	0.46879685	0.460912788	0.45369105	0.447760968	0.444485881	0.444801856	0.452364305	0.46868471	0.488692508	0.51761079	0.560075854	0.605556122	0.634064449	0.631000333	0.608649433	0.580746507	0.560798349	0.545450776	0.528479456	0.512123384	0.498546193	0.486200014
291	0.168011465	0.164442498	0.163702773	0.167882301	0.180663108	0.20384157	0.232067948	0.253278672	0.269199964	0.289181491	0.303911236	0.304740506	0.279183481	0.240597331	0.212599003	0.195313206	0.184816555	0.178882199	0.17463247	0.171021807	0.169504523	0.170649536	0.17552681	0.185730533	0.201723284	0.224055191	0.250419742	0.279734835	0.315808628	0.354058956	0.39447119	0.442894587	0.4845402	0.513539689	0.530227888	0.538031645	0.541425372	0.540455014	0.536182506	0.531325227	0.524972622	0.516792472	0.508011365	0.499179185	0.48953773	0.481194911	0.475993042	0.471298986	0.465076099	0.457608265	0.449483814	0.441975047	0.435606894	0.431530096	0.430531517	0.436101067	0.449872208	0.467660791	0.49352932	0.529932779	0.567291501	0.589116674	0.583575531	0.56086082	0.533508292	0.512882642	0.496232434	0.479267187	0.462409788	0.448728723	0.435446502
