11	0.099140872	0.097881971	0.100160155	0.109007293	0.127642601	0.156476955	0.188868527	0.210464271	0.229975739	0.252418642	0.267171382	0.263018804	0.228871933	0.188267895	0.160124643	0.144232132	0.135042681	0.130157672	0.125968515	0.122131111	0.121075002	0.12336864	0.130552108	0.143474362	0.161987075	0.187527653	0.216989592	0.248461399	0.287403059	0.326165372	0.3672093	0.416917797	0.459249446	0.488857579	0.506600084	0.515222498	0.519049544	0.518448728	0.514538528	0.509503783	0.503285305	0.49593205	0.488744498	0.48162984	0.473899049	0.466382795	0.462326185	0.459128639	0.454075738	0.44767328	0.440911851	0.434012417	0.428461677	0.424954159	0.424569562	0.432781602	0.44822633	0.467739649	0.497865774	0.537840244	0.567505135	0.571412998	0.550200839	0.51648681	0.483525424	0.459026413	0.436987462	0.41559967	0.395155164	0.379586678	0.363426998
21	0.092363723	0.091146705	0.094022502	0.103581261	0.122642181	0.1509702	0.182481144	0.203815163	0.222847544	0.243567669	0.256862556	0.252491679	0.220252874	0.182111976	0.155489765	0.140527474	0.13192731	0.127535555	0.123451845	0.119656713	0.118789169	0.121028125	0.128014248	0.140567641	0.15852634	0.183268768	0.21169617	0.24147179	0.278296981	0.314879109	0.353986151	0.400929003	0.44027662	0.46798317	0.484447027	0.492117008	0.495992105	0.496088223	0.493253109	0.489532209	0.484313006	0.477664319	0.470868786	0.463713586	0.455694091	0.448173404	0.44407523	0.440937632	0.436150517	0.429645833	0.422976194	0.416479176	0.411525683	0.408261381	0.408170617	0.415988963	0.430673361	0.449698986	0.478195372	0.514310558	0.539839849	0.541497641	0.521491174	0.490712622	0.460020615	0.437092738	0.415763686	0.396248572	0.377430805	0.362468816	0.346950005
31	0.110397959	0.109004792	0.110992846	0.119672333	0.137579083	0.164747401	0.195629196	0.216670405	0.2358008	0.256605259	0.269951984	0.265474269	0.232403599	0.193278617	0.166184313	0.150978558	0.142027074	0.137282979	0.132702717	0.128680335	0.12739145	0.129179702	0.135524073	0.147192674	0.164520698	0.189015661	0.217599766	0.247749339	0.284444696	0.319570305	0.355952551	0.400601579	0.437940197	0.464742227	0.480687942	0.487987931	0.491683851	0.492202736	0.490213099	0.487423379	0.483058606	0.477106318	0.470888412	0.464177312	0.456540647	0.449398678	0.445563751	0.442688332	0.438094922	0.431908758	0.425448359	0.419459147	0.414898239	0.411973373	0.412479766	0.420720456	0.436219303	0.456661693	0.487086146	0.524880092	0.550977951	0.552025335	0.5310078	0.499386875	0.468343354	0.445039184	0.424500559	0.404705132	0.386263849	0.371051554	0.356659939
41	0.122672237	0.120775974	0.122078075	0.129925528	0.146606556	0.172627814	0.202720013	0.223092516	0.241835193	0.262538045	0.275763615	0.271359967	0.238178249	0.198949694	0.171926397	0.156862111	0.14783271	0.142862324	0.138224166	0.134363645	0.133166649	0.135053651	0.141684462	0.153513194	0.170889819	0.195241455	0.22378729	0.254113727	0.29151745	0.328443074	0.367495245	0.415163343	0.455072232	0.483196398	0.500198086	0.508030458	0.511754202	0.511795515	0.508787424	0.504625739	0.499147801	0.492467775	0.485799151	0.478864239	0.471165962	0.4642527	0.46022094	0.457039362	0.452305681	0.445889978	0.439219734	0.433123541	0.428287872	0.42521455	0.425850038	0.434301388	0.449711594	0.469652235	0.499724094	0.538879416	0.568212008	0.573212175	0.555745066	0.525869709	0.496976151	0.475249828	0.455631286	0.435996429	0.417909555	0.403015856	0.388007771
51	0.12652729	0.124681456	0.126351028	0.135137905	0.153480152	0.181938108	0.214687958	0.236816372	0.257277092	0.279982573	0.294734118	0.290554626	0.255138989	0.212963773	0.184062692	0.167948117	0.158365171	0.153152258	0.148249026	0.144385019	0.143202374	0.14542347	0.152592473	0.165329043	0.183894568	0.209850097	0.240352209	0.272937534	0.312825783	0.351857906	0.392575121	0.442343427	0.483705777	0.512680547	0.52991761	0.537770941	0.541361548	0.54116183	0.537875261	0.533454184	0.52783961	0.521039142	0.51403851	0.50693968	0.49918823	0.492203028	0.488155808	0.484949315	0.479868209	0.473120918	0.466245841	0.459973199	0.455131198	0.452012078	0.452996842	0.461959546	0.478278236	0.499329888	0.531032521	0.57231996	0.602150539	0.605447894	0.584682332	0.55166223	0.519709519	0.495901561	0.473116709	0.452352527	0.432497479	0.416797443	0.399491439
61	0.134933761	0.133029833	0.134194522	0.142626953	0.160052505	0.187275927	0.218923188	0.240376872	0.260268477	0.282363256	0.296669196	0.292527066	0.257868772	0.216694373	0.188645689	0.173082151	0.16375403	0.158810183	0.154197378	0.150482336	0.149242871	0.151749375	0.159038389	0.171689728	0.18990714	0.215348166	0.245370899	0.277524082	0.317218502	0.356991866	0.39906954	0.450304322	0.492121409	0.520903277	0.538136211	0.546074012	0.549505241	0.549227139	0.545544506	0.540701923	0.534728459	0.527759814	0.5203991	0.512957393	0.505121561	0.497950824	0.493704367	0.490309422	0.485096789	0.478214204	0.471246948	0.465001884	0.460161264	0.457146795	0.458283411	0.467236548	0.483530392	0.504288556	0.535825465	0.577653887	0.609033086	0.615188468	0.597172417	0.565604331	0.535700989	0.512812757	0.491805586	0.470935947	0.451730864	0.435549467	0.419298838
71	0.125677915	0.123934913	0.1253381	0.134253396	0.1521798	0.18001307	0.212080546	0.233805998	0.253780683	0.275968525	0.29025384	0.286002668	0.251579472	0.210453597	0.182382011	0.166678733	0.157300228	0.152322662	0.147595445	0.143727929	0.142266942	0.144606398	0.151684596	0.163988734	0.182083657	0.207386003	0.2373496	0.269205285	0.307832976	0.345641476	0.385352748	0.434471672	0.474993814	0.503500435	0.520773796	0.528867146	0.532285972	0.532267521	0.529135977	0.524906843	0.519425221	0.513079984	0.506198932	0.499184744	0.491783762	0.485095599	0.481223738	0.478055749	0.473032662	0.466264464	0.459440516	0.453293048	0.448402111	0.445208104	0.446257644	0.454816558	0.470513764	0.490784477	0.521519943	0.561538336	0.589840083	0.592706009	0.572002522	0.539575534	0.507944614	0.48445071	0.462575869	0.441450124	0.422616273	0.406821305	0.390395126
82	0.125680367	0.123791953	0.124752518	0.132741137	0.149182145	0.174814892	0.204252165	0.224303293	0.242544753	0.262550403	0.274992829	0.270506494	0.238567521	0.200744781	0.174886878	0.160387613	0.151798277	0.147222433	0.14279617	0.139124321	0.137879982	0.140404679	0.147485316	0.159617888	0.177085767	0.201192806	0.229479974	0.259424186	0.296101357	0.333629529	0.374302067	0.423650379	0.464282039	0.492479658	0.509718126	0.517989726	0.521624155	0.521628538	0.518508728	0.514222683	0.508796389	0.502250343	0.495370771	0.488217687	0.48075513	0.473881741	0.469861286	0.466610101	0.461464006	0.454757582	0.447784944	0.441808266	0.436802617	0.433466893	0.434069307	0.44180679	0.456244455	0.47508711	0.503946208	0.541759433	0.569354508	0.573803899	0.556870252	0.527054322	0.498705851	0.477109036	0.457273302	0.438096524	0.420612009	0.405453076	0.389870672
91	0.110399487	0.108719876	0.110233822	0.118862199	0.136302366	0.163893337	0.195370137	0.215957346	0.23503007	0.25719768	0.271917622	0.267970756	0.233688074	0.192555441	0.164597572	0.148875014	0.139479727	0.134318695	0.129576069	0.125747936	0.124262333	0.126439697	0.13320025	0.144854346	0.161849498	0.186152683	0.215208921	0.246517917	0.284714999	0.321915141	0.361064554	0.409615205	0.449005426	0.476007774	0.491929874	0.498743872	0.501012024	0.49966607	0.495036626	0.489212019	0.482647832	0.475543986	0.468420998	0.461337616	0.453979177	0.447445442	0.443486017	0.440144826	0.43496404	0.428345999	0.421643445	0.415930178	0.411318227	0.408766435	0.41062277	0.420212049	0.436583603	0.456613701	0.48764909	0.529966242	0.562895693	0.569831162	0.55147997	0.519520559	0.489320412	0.466769734	0.446908006	0.427018811	0.408615091	0.393670908	0.37781189
101	0.124552146	0.122823166	0.124338152	0.133215977	0.151063855	0.17860587	0.210153245	0.231690864	0.251332934	0.272963468	0.28684686	0.282573416	0.248902298	0.208716997	0.181160136	0.165841607	0.156847243	0.152160045	0.14773476	0.144101487	0.14280798	0.14548483	0.152852619	0.165439109	0.183521236	0.208743538	0.23846699	0.270082677	0.308693296	0.347518585	0.388840268	0.439008291	0.48011437	0.508460352	0.525690606	0.533951256	0.537562686	0.537529963	0.53444499	0.530204228	0.52466937	0.518160041	0.511036494	0.503635879	0.495972913	0.488981166	0.484897034	0.48160307	0.476326301	0.469423661	0.462411251	0.456245297	0.451251765	0.447968293	0.448927055	0.457097845	0.472491948	0.492313791	0.522450981	0.561617874	0.589416375	0.59295801	0.573503963	0.541899514	0.510791802	0.487746539	0.465959409	0.44482674	0.42630649	0.409482157	0.39347423
102	0.129167835	0.127483355	0.128789175	0.13734589	0.154598878	0.181185253	0.211936898	0.23292079	0.252075626	0.273035402	0.286547143	0.282124983	0.24921055	0.210055442	0.183300773	0.168313346	0.159555023	0.155024168	0.150629541	0.146857891	0.14561255	0.148266324	0.15554545	0.167947408	0.185777655	0.210620542	0.239789671	0.27073007	0.30855343	0.346793069	0.387771191	0.437419383	0.477920511	0.505956825	0.523010037	0.531143582	0.534699913	0.534639516	0.53157952	0.527482861	0.52206787	0.515721062	0.50874884	0.501534557	0.494109156	0.487245737	0.483277804	0.480076974	0.47479991	0.467985913	0.461055356	0.454944412	0.449988571	0.446660381	0.447350681	0.455191566	0.469900404	0.48922823	0.518521658	0.556228275	0.583320256	0.586577631	0.567913583	0.537109696	0.507118959	0.484185539	0.462985564	0.443062313	0.423156122	0.408313523	0.392180119
111	0.129076178	0.127319993	0.128623273	0.137071071	0.154319899	0.181145244	0.212022435	0.232616552	0.251420888	0.272478594	0.285586184	0.280862827	0.247775708	0.208528669	0.18163938	0.166663561	0.15783063	0.153103784	0.14860754	0.144675704	0.143242798	0.145731066	0.152789489	0.165097873	0.182766333	0.207459725	0.236693303	0.267680301	0.305264167	0.342970532	0.383516158	0.433212775	0.474125254	0.502720726	0.520218636	0.52862879	0.532198958	0.532085467	0.528993678	0.524773469	0.519296017	0.512826099	0.505782827	0.498513406	0.491068341	0.484224751	0.480269962	0.477062688	0.471735572	0.46466799	0.457619002	0.451458965	0.446311383	0.442942444	0.44350271	0.4515861	0.466669718	0.486236848	0.516487993	0.55564067	0.583104119	0.585886718	0.565818312	0.533621784	0.503524628	0.480038084	0.458581383	0.438887366	0.419539576	0.404565425	0.38867657
112	0.13459691	0.132753479	0.134028685	0.142471273	0.159857038	0.186744934	0.217651188	0.238337008	0.257196054	0.278064203	0.291181096	0.286311218	0.25328335	0.213985478	0.187166853	0.172116128	0.163301749	0.158647668	0.154189341	0.150177075	0.148751717	0.151306045	0.158434258	0.170849464	0.188641549	0.213564755	0.242981035	0.274044951	0.311614569	0.349453737	0.39024432	0.44011076	0.481176713	0.509859257	0.527486688	0.535995853	0.539620188	0.539526316	0.536425295	0.532269399	0.526850142	0.520439252	0.513358981	0.506088313	0.498642176	0.491811702	0.487853767	0.484578845	0.479193319	0.472149554	0.464996488	0.458827047	0.453591139	0.450077448	0.450668334	0.458508106	0.47340307	0.492911244	0.523062933	0.561916727	0.589224925	0.591593038	0.57138403	0.539433428	0.508812142	0.485737691	0.464247841	0.444408168	0.424683902	0.409544915	0.393820634
121	0.101863061	0.100395038	0.102183314	0.111281645	0.129053628	0.156066605	0.186743029	0.206997833	0.225241941	0.245696462	0.25867771	0.254075316	0.22172966	0.183274647	0.157032435	0.142368625	0.133805664	0.129431458	0.125374018	0.121728521	0.120738517	0.123681076	0.131041097	0.143600935	0.161201719	0.1855232	0.214201851	0.244512974	0.281733309	0.32000253	0.361739743	0.411830686	0.451837909	0.478802886	0.494814898	0.502155106	0.504882594	0.503957526	0.499924999	0.494870438	0.488862757	0.482040546	0.474621064	0.466926808	0.458975239	0.451698799	0.44753286	0.444019221	0.438520056	0.431547394	0.424834644	0.419087426	0.414399469	0.411670369	0.41294656	0.421563166	0.436733549	0.455628428	0.484672893	0.522794637	0.551071969	0.555363189	0.536935357	0.506667327	0.477098643	0.454427122	0.433842239	0.414047314	0.396537403	0.380469048	0.36446998
122	0.103563696	0.101945829	0.103719009	0.112744911	0.130576892	0.157841011	0.188632025	0.208940576	0.22724283	0.247854017	0.260964584	0.256303601	0.223727851	0.184883316	0.158277369	0.143410894	0.134656488	0.130141678	0.125952795	0.12231939	0.12117236	0.123977867	0.13133933	0.143796516	0.161424458	0.185846513	0.214646907	0.245276211	0.28268984	0.320893491	0.362461516	0.41253791	0.452633442	0.479760294	0.495955365	0.503417193	0.506237728	0.505329674	0.501264946	0.496198977	0.490185025	0.483393047	0.47592764	0.468164857	0.460282152	0.453115554	0.448735527	0.445262992	0.439782456	0.432817875	0.425980725	0.420183333	0.415528114	0.412735354	0.414066581	0.42276251	0.438113683	0.457217161	0.486414538	0.525324191	0.55413894	0.559290734	0.541198592	0.511209979	0.481657375	0.459342959	0.439348745	0.419784866	0.401221436	0.386057398	0.370537373
131	0.120562803	0.118535735	0.119411044	0.127136549	0.143143378	0.168291411	0.197708259	0.217447899	0.235239917	0.255301336	0.267877348	0.263242196	0.231403146	0.193523305	0.167472865	0.152965416	0.144355607	0.139783813	0.135479717	0.131536509	0.130009734	0.132304929	0.138999261	0.150720668	0.167477704	0.191260246	0.219465152	0.249220991	0.285158672	0.321064142	0.359903802	0.407951394	0.447664478	0.475786319	0.493228716	0.501898422	0.505760686	0.505966965	0.503322985	0.499560905	0.494507483	0.488566573	0.481892747	0.474972205	0.46783679	0.461280895	0.457576277	0.454729194	0.449762784	0.443067021	0.436419022	0.430633694	0.425812689	0.422633827	0.423594769	0.431670359	0.44649237	0.46520902	0.494249657	0.532637649	0.561025032	0.566031978	0.548913307	0.519034633	0.490836733	0.468614778	0.449233858	0.430552545	0.412259616	0.397456797	0.381619421
132	0.121304225	0.119323397	0.120318281	0.128117335	0.144215434	0.169553585	0.198869152	0.218654869	0.236632211	0.256737824	0.269360217	0.264611787	0.232625702	0.194724182	0.168840143	0.154259108	0.145680206	0.141254866	0.136919557	0.133082578	0.131548753	0.133969159	0.140799874	0.15270804	0.169585209	0.193450722	0.221786794	0.251680433	0.287966914	0.32440073	0.363980233	0.412674284	0.452864722	0.481034153	0.498457808	0.506992265	0.510762062	0.510937478	0.50802559	0.504042532	0.498862528	0.492663037	0.485874945	0.478797552	0.471591222	0.464971884	0.461127639	0.458121291	0.452982189	0.446070196	0.439356749	0.433522598	0.428596273	0.425444452	0.42630953	0.434402615	0.44930139	0.468225932	0.497521014	0.536050164	0.5643859	0.568626016	0.550394131	0.520397304	0.490819384	0.468612618	0.448661971	0.429497853	0.410867003	0.396038858	0.380401466
141	0.145755625	0.141859376	0.14119047	0.147663482	0.163269325	0.189295393	0.219710935	0.238805132	0.256500321	0.277762288	0.291646202	0.286499605	0.250962695	0.208512724	0.179144892	0.162367975	0.152240927	0.146620299	0.141737674	0.137705151	0.136215687	0.138751964	0.145846519	0.158263362	0.175937186	0.200830048	0.23087061	0.263571457	0.303780887	0.343813015	0.385867433	0.436137717	0.475400425	0.501256532	0.516263565	0.522722258	0.52487133	0.523107895	0.518109185	0.511885534	0.504812207	0.497158585	0.489306785	0.481354069	0.473338209	0.465949164	0.461446199	0.457701351	0.452056833	0.445020309	0.438532909	0.433134717	0.428852257	0.426746182	0.42936453	0.440029382	0.457580162	0.478592775	0.511342569	0.557415605	0.596548469	0.612550308	0.604293146	0.582117204	0.56004808	0.545217147	0.531021738	0.516826738	0.501535308	0.489178283	0.475466961
151	0.130839153	0.127113555	0.12624766	0.132193798	0.146061645	0.168846288	0.195527409	0.212878681	0.228611529	0.246488935	0.257122429	0.251464886	0.220771359	0.184649505	0.15973431	0.145479679	0.137106167	0.132663424	0.128393902	0.124426759	0.122952702	0.125405107	0.132326631	0.144236362	0.161195002	0.184786978	0.212589822	0.241800936	0.277501322	0.314588359	0.355793741	0.405236027	0.444934743	0.471778072	0.487721166	0.495125352	0.498133473	0.497625848	0.494136704	0.48980296	0.484295998	0.477867214	0.470742896	0.463222584	0.455608897	0.448630551	0.444630651	0.441467856	0.436261054	0.429443421	0.42279394	0.41723723	0.412733711	0.409967276	0.411558435	0.420281346	0.435630309	0.454896258	0.48487086	0.525359863	0.558401645	0.570418416	0.560822021	0.53901921	0.517005846	0.502343951	0.487958919	0.473785214	0.459756643	0.447603918	0.434567508
161	0.155200455	0.15083891	0.149675203	0.155681517	0.170917558	0.197144926	0.22765617	0.24682551	0.26456599	0.28608766	0.29999646	0.294374647	0.258046483	0.214844578	0.185075381	0.168055282	0.157819185	0.152103828	0.147102015	0.142935898	0.141353012	0.143910528	0.151179622	0.164015613	0.182174425	0.20769371	0.238429077	0.271862597	0.312950077	0.353735381	0.396785493	0.448231103	0.488871425	0.5160689	0.531925996	0.53901903	0.541700315	0.540371063	0.535751627	0.529962292	0.523153317	0.515647151	0.507712456	0.499524357	0.491247739	0.483720014	0.479247874	0.475612709	0.469839523	0.462568686	0.455951851	0.450466434	0.446033558	0.443877883	0.446453117	0.457440463	0.475639473	0.497457441	0.532056729	0.580591533	0.621928616	0.638077189	0.62839311	0.604700579	0.580925013	0.564859669	0.550077508	0.534433995	0.518858832	0.506208411	0.491897816
171	0.152864067	0.14931813	0.149273864	0.157163519	0.175230865	0.205090793	0.239371002	0.26104377	0.280978838	0.305065753	0.320854007	0.315493078	0.276728584	0.230540733	0.198737563	0.180760321	0.169889664	0.163897346	0.158773063	0.154491841	0.15311572	0.15607712	0.164073395	0.178099196	0.19761033	0.225006634	0.258023449	0.293908243	0.338019146	0.38135128	0.426435008	0.480460999	0.523193095	0.551862387	0.568611986	0.576114223	0.578973735	0.577543424	0.572672504	0.566622513	0.559419897	0.551563448	0.543259961	0.534922371	0.526474301	0.518743721	0.514147025	0.510304568	0.504239518	0.496615558	0.489559363	0.483552284	0.478631246	0.476070427	0.478389651	0.489488403	0.508346412	0.531375766	0.567753394	0.617475439	0.657146486	0.668345875	0.651978494	0.622407691	0.592924079	0.572087294	0.55253443	0.534435023	0.51556846	0.501030348	0.484652584
181	0.159253273	0.155396571	0.154906424	0.161922242	0.178776598	0.207071163	0.239934245	0.260774827	0.279988407	0.303465279	0.318884375	0.313511013	0.275386036	0.229805348	0.198396291	0.180371232	0.169454444	0.163320652	0.157939215	0.153322401	0.151555692	0.15397064	0.161181963	0.174193752	0.192879209	0.219603039	0.251902564	0.286980495	0.329478978	0.370120902	0.411901168	0.462813958	0.503159521	0.53052444	0.546284211	0.5531518	0.555607744	0.554301329	0.549897637	0.544374331	0.537854122	0.53059019	0.522924437	0.515025122	0.507039261	0.499829731	0.495676128	0.492270455	0.486685292	0.479477596	0.472888371	0.467354771	0.462852862	0.460721578	0.463428571	0.474845106	0.493676871	0.516421784	0.551960689	0.600668497	0.64000492	0.652716188	0.6392173	0.612844765	0.586234851	0.56775264	0.550577726	0.533467135	0.516581071	0.502980694	0.487974019
191	0.150664141	0.146794893	0.146470101	0.153637784	0.17055425	0.198777638	0.231076546	0.25128748	0.269817039	0.29220605	0.306930896	0.301648584	0.265185285	0.221333009	0.190839697	0.17346632	0.162839699	0.156931608	0.151831392	0.147519191	0.146009987	0.148777078	0.156443363	0.169848904	0.188608534	0.21490651	0.246521584	0.28072068	0.322471377	0.36360419	0.406779681	0.458387085	0.499117969	0.526434718	0.542252144	0.549232202	0.551721148	0.550185395	0.545205516	0.539040522	0.53188696	0.524216831	0.51629761	0.508424362	0.500623983	0.493393064	0.489135488	0.485512468	0.479856392	0.472582829	0.465906874	0.460237537	0.455551185	0.453072367	0.455257217	0.465647356	0.483132327	0.504172111	0.53750633	0.582871154	0.619526696	0.632065293	0.620692008	0.596607425	0.572390641	0.555482861	0.539238413	0.523764162	0.507134819	0.494040725	0.47901349
201	0.142602154	0.138335865	0.137067926	0.142764674	0.156995724	0.181345295	0.209647469	0.227066748	0.243034403	0.262845202	0.27539604	0.26999646	0.236681865	0.197146351	0.169932161	0.154446647	0.145029938	0.139758121	0.135147549	0.131286915	0.13016054	0.133056786	0.140610206	0.153387263	0.170997777	0.195117742	0.223963963	0.255359334	0.294747755	0.336052092	0.381151867	0.433728767	0.474528563	0.500811158	0.515829244	0.522252375	0.524349028	0.522062543	0.516048245	0.508771599	0.500757264	0.492509024	0.484089512	0.47578508	0.467657762	0.460169219	0.455481463	0.451491911	0.445566224	0.438267727	0.431708422	0.426153486	0.421529074	0.419147402	0.421237549	0.431165206	0.447458409	0.466949381	0.498336206	0.542948153	0.581839839	0.59884218	0.592197222	0.571700081	0.551807834	0.538535632	0.525646985	0.51313239	0.498401621	0.487414451	0.474674618
211	0.144295617	0.139982264	0.138916776	0.144535912	0.15877396	0.183014747	0.211358758	0.228654187	0.244550347	0.264273839	0.27692996	0.271758157	0.238499331	0.198763806	0.17119132	0.155377241	0.145674327	0.140207562	0.135442074	0.131350808	0.129939573	0.132575671	0.139794545	0.152403298	0.169806422	0.19388571	0.222684245	0.253995537	0.292831647	0.333032754	0.376935523	0.428828429	0.469135251	0.495032432	0.509541128	0.515436553	0.516949553	0.514256893	0.507829966	0.500215912	0.492138551	0.483946753	0.475798948	0.467767385	0.459996936	0.45290698	0.448503704	0.444818975	0.43915906	0.43217463	0.425938018	0.420683371	0.416405625	0.414457728	0.417087971	0.42764658	0.444126123	0.463111106	0.493087053	0.536257591	0.574512899	0.592212154	0.587389257	0.568851114	0.551046728	0.539113375	0.527431538	0.515358463	0.502292035	0.491279431	0.478610097
221	0.146113452	0.142084441	0.141351879	0.147712777	0.163215888	0.189172197	0.219091106	0.23764759	0.254769746	0.275629024	0.288925773	0.283171817	0.24813161	0.206423998	0.177695163	0.161215468	0.151293207	0.145787585	0.140919443	0.136627098	0.135089276	0.137496536	0.144555158	0.157060802	0.174803874	0.199744185	0.22981554	0.26243362	0.302182543	0.341763749	0.383839029	0.434182332	0.473732897	0.499943652	0.514927039	0.521320887	0.52348798	0.521908954	0.517146938	0.511418848	0.504735018	0.497349154	0.489572685	0.481675332	0.473725386	0.466526826	0.462139165	0.458743497	0.453102125	0.445928811	0.439536445	0.434165914	0.42978598	0.427738383	0.430513712	0.44124138	0.459108753	0.480357184	0.514041826	0.560917229	0.600283589	0.615810091	0.606979257	0.584417512	0.562495022	0.547524903	0.53373953	0.519291046	0.504051499	0.492033056	0.478405318
241	0.144302735	0.141069606	0.141286269	0.149378212	0.167682944	0.197655882	0.231511373	0.252728502	0.272237486	0.296107937	0.31175941	0.30649913	0.268603499	0.223308547	0.192199067	0.174589007	0.163972169	0.158142475	0.153164137	0.148991944	0.147851392	0.150980452	0.159117129	0.173323966	0.192678568	0.219618783	0.251964734	0.28735974	0.330880932	0.374430614	0.420142046	0.474498803	0.517093418	0.545336552	0.561348508	0.568198777	0.570481601	0.568511726	0.562959295	0.556083636	0.548332702	0.540079492	0.531698921	0.523248127	0.514853279	0.507124703	0.502535743	0.498562811	0.492435948	0.484723359	0.47783828	0.471942495	0.466993624	0.464542033	0.466679937	0.477415483	0.495706914	0.517724611	0.552780033	0.601026936	0.639568094	0.650927828	0.634953742	0.605904985	0.577362536	0.556336641	0.53716455	0.518230147	0.500581659	0.485561486	0.46965883
251	0.134655084	0.131096707	0.130981244	0.137778676	0.153746201	0.180096145	0.210168571	0.228669186	0.245760721	0.266706711	0.279994231	0.27459441	0.240013626	0.199006061	0.17070371	0.154640949	0.144905468	0.13951632	0.134964176	0.130849005	0.1296649	0.132427991	0.139865038	0.15269465	0.170389801	0.195114098	0.224770839	0.256986376	0.296745586	0.33682309	0.379773014	0.430460786	0.469938525	0.49560978	0.510181438	0.516309272	0.518283883	0.516306011	0.51092648	0.504535044	0.497242985	0.489639078	0.481725424	0.473646203	0.465628841	0.458276686	0.453819769	0.450097935	0.444290908	0.436991447	0.430656129	0.42521682	0.420798173	0.418628342	0.421167831	0.431563797	0.44880363	0.469308522	0.502209601	0.547947553	0.586206236	0.60063058	0.590346872	0.56612055	0.543052332	0.527216585	0.512135183	0.497068961	0.481286353	0.468717037	0.454597801
281	0.147997052	0.144317925	0.144009401	0.150883439	0.167344586	0.194713644	0.226417453	0.24639358	0.264894572	0.287522668	0.302376993	0.297088531	0.26029928	0.216517597	0.186540577	0.169477447	0.159151046	0.153438166	0.148552536	0.144323121	0.143021598	0.145841623	0.153446398	0.166787018	0.185254665	0.211053628	0.242174254	0.276086597	0.318031808	0.360019465	0.404302465	0.457001936	0.498150395	0.525158327	0.540393192	0.546769679	0.548896129	0.546843156	0.541397735	0.534828131	0.527378426	0.51950848	0.511241187	0.502884204	0.494484092	0.486856504	0.482268098	0.478455121	0.472420511	0.464910131	0.458193479	0.452653765	0.448046003	0.445737713	0.448044229	0.458650107	0.476614574	0.498278224	0.532705183	0.580252666	0.619737552	0.633738217	0.621263392	0.595011757	0.569252558	0.551623321	0.534828913	0.517909507	0.501987309	0.488132845	0.473888678
291	0.14394071	0.141586661	0.142187217	0.149418279	0.164926844	0.189765883	0.218227817	0.236935257	0.25380185	0.273273906	0.285198406	0.279835859	0.247972897	0.21055778	0.185196362	0.170974625	0.162650779	0.158296803	0.154295621	0.150342696	0.149142522	0.151781454	0.158680877	0.170764442	0.18770111	0.211131815	0.238886571	0.268720961	0.305752436	0.344164492	0.386416499	0.436619526	0.476698843	0.503679307	0.519594712	0.526960565	0.529942007	0.528991938	0.525033768	0.520079294	0.514016361	0.507010971	0.49930009	0.491096157	0.482844746	0.475270007	0.470714284	0.467064924	0.461119045	0.453506496	0.446677119	0.440579912	0.435410591	0.432295251	0.433227512	0.441611736	0.457017912	0.476370608	0.506823457	0.547313641	0.578710055	0.587406773	0.573178083	0.546394219	0.520720932	0.502480895	0.484284895	0.467178559	0.450725337	0.436886082	0.422427447
