11	0.097689	0.096036	0.098255	0.108037	0.128338	0.157386	0.188827	0.207688	0.227586	0.249181	0.264439	0.261865	0.226032	0.186450	0.160033	0.143930	0.134246	0.129313	0.124383	0.120429	0.119519	0.121953	0.129507	0.142590	0.160632	0.184774	0.213522	0.245716	0.284625	0.323837	0.364520	0.414461	0.456002	0.484806	0.502802	0.511923	0.515278	0.514685	0.511927	0.507510	0.501334	0.493993	0.485804	0.478058	0.470322	0.463869	0.458741	0.454699	0.450052	0.443156	0.435253	0.428383	0.422115	0.418503	0.419084	0.426308	0.441935	0.462104	0.492685	0.535088	0.573171	0.584366	0.566460	0.533450	0.500510	0.475180	0.451932	0.429531	0.408507	0.389973	0.372392
21	0.090938	0.089650	0.092347	0.102803	0.123491	0.152165	0.182774	0.201549	0.220721	0.240675	0.254433	0.251659	0.217991	0.180833	0.155797	0.140341	0.131260	0.126874	0.122191	0.118336	0.117439	0.119783	0.127117	0.139728	0.157216	0.180912	0.208677	0.239482	0.276198	0.312956	0.351431	0.398515	0.437396	0.464131	0.480792	0.489588	0.493042	0.493028	0.491458	0.488365	0.483504	0.477200	0.469420	0.461674	0.453669	0.446975	0.441743	0.437890	0.433455	0.426740	0.419023	0.412401	0.406508	0.403139	0.403653	0.410298	0.425213	0.444714	0.473392	0.511820	0.545039	0.553724	0.536711	0.506775	0.476377	0.452692	0.430630	0.409996	0.390502	0.372700	0.356320
31	0.108449	0.106812	0.108946	0.118406	0.137795	0.165384	0.195489	0.213908	0.233254	0.253507	0.267386	0.264365	0.229725	0.191661	0.165977	0.150282	0.140844	0.136078	0.131173	0.127017	0.125566	0.127349	0.133924	0.145819	0.162702	0.186210	0.214135	0.245205	0.282009	0.317435	0.353256	0.397929	0.434873	0.460466	0.476528	0.485022	0.488336	0.488607	0.487856	0.485917	0.481992	0.476343	0.469130	0.461885	0.454207	0.447708	0.442812	0.439370	0.435290	0.428862	0.421519	0.415262	0.409824	0.406747	0.407613	0.414773	0.430508	0.451202	0.481751	0.522160	0.556504	0.564839	0.546966	0.515799	0.484096	0.460572	0.438267	0.417961	0.398384	0.381254	0.364398
41	0.120419	0.118355	0.119824	0.128279	0.146461	0.172985	0.202268	0.220128	0.239051	0.259166	0.273076	0.270079	0.235238	0.197041	0.171373	0.155562	0.146186	0.141356	0.136378	0.132165	0.130809	0.132680	0.139464	0.151602	0.168693	0.192162	0.219984	0.251316	0.288922	0.326274	0.364873	0.412592	0.452034	0.479415	0.496285	0.505137	0.508502	0.508278	0.506574	0.503266	0.498190	0.491791	0.484035	0.476416	0.468583	0.462009	0.456971	0.453245	0.448894	0.442443	0.434895	0.428471	0.422639	0.419556	0.420465	0.427719	0.443421	0.463705	0.493911	0.535206	0.572063	0.584261	0.569816	0.540849	0.511371	0.489718	0.468871	0.448831	0.429790	0.413312	0.397310
51	0.124269	0.122364	0.124201	0.133619	0.153478	0.182375	0.214042	0.233432	0.254000	0.275985	0.291529	0.288698	0.251520	0.210817	0.183473	0.166732	0.156746	0.151629	0.146493	0.142274	0.140895	0.143147	0.150384	0.163421	0.181582	0.206527	0.236252	0.269603	0.309687	0.349078	0.389106	0.438692	0.479747	0.508083	0.525471	0.534292	0.537560	0.537206	0.535375	0.531872	0.526578	0.519979	0.512098	0.504356	0.496294	0.489701	0.484628	0.480929	0.476477	0.469743	0.461964	0.455389	0.449466	0.446262	0.447349	0.455114	0.471627	0.493050	0.525060	0.568710	0.607065	0.617932	0.600713	0.567845	0.534658	0.510182	0.486651	0.464829	0.444102	0.425852	0.408348
61	0.132403	0.130401	0.132006	0.140852	0.159654	0.187215	0.217715	0.236622	0.256649	0.277966	0.293034	0.290153	0.253859	0.214161	0.187595	0.171427	0.161830	0.156918	0.151947	0.147827	0.146763	0.148915	0.156266	0.169237	0.187222	0.211699	0.240811	0.273695	0.313530	0.353636	0.395241	0.445909	0.487522	0.515969	0.533146	0.541997	0.545170	0.544624	0.542445	0.538669	0.532917	0.525951	0.517707	0.509763	0.501484	0.494631	0.489327	0.485341	0.480834	0.474043	0.466237	0.459571	0.453758	0.450524	0.451626	0.459331	0.475668	0.496896	0.528424	0.571935	0.611211	0.624664	0.610540	0.579728	0.548619	0.525912	0.503177	0.482556	0.461952	0.443621	0.426725
71	0.121483	0.119665	0.121577	0.130863	0.150336	0.178620	0.209652	0.228900	0.249051	0.270587	0.285675	0.282864	0.246607	0.206782	0.180052	0.163705	0.154015	0.149088	0.143962	0.139703	0.138344	0.140472	0.147582	0.160307	0.178114	0.202681	0.231863	0.264519	0.303575	0.341997	0.381318	0.430133	0.470704	0.498816	0.516181	0.525048	0.528343	0.528080	0.526307	0.523108	0.517880	0.511410	0.503644	0.496037	0.488190	0.481723	0.476738	0.473078	0.468725	0.462099	0.454398	0.447814	0.441877	0.438621	0.439535	0.446818	0.462907	0.483772	0.515164	0.557565	0.594596	0.604997	0.587799	0.555692	0.523445	0.499423	0.476048	0.454658	0.434055	0.415917	0.398213
82	0.121472	0.119481	0.120947	0.129337	0.147250	0.173221	0.201806	0.219716	0.238194	0.257557	0.270862	0.267500	0.233916	0.197324	0.172668	0.157506	0.148532	0.144042	0.139235	0.135195	0.134024	0.136250	0.143419	0.155953	0.173298	0.196731	0.224273	0.255055	0.292306	0.330367	0.370643	0.419658	0.460230	0.488233	0.505536	0.514677	0.518151	0.518039	0.516264	0.513063	0.507876	0.501351	0.493462	0.485695	0.477725	0.471141	0.466017	0.462216	0.457789	0.451201	0.443547	0.436883	0.431018	0.427479	0.428021	0.434611	0.449422	0.468902	0.498324	0.538262	0.573833	0.585133	0.570919	0.542090	0.512773	0.490600	0.469545	0.449800	0.430676	0.413248	0.395651
91	0.107181	0.105480	0.107488	0.116368	0.135197	0.162886	0.192945	0.210882	0.230177	0.251411	0.266687	0.264052	0.228323	0.188964	0.162674	0.146526	0.136858	0.131703	0.126638	0.122505	0.121172	0.123030	0.129687	0.141694	0.158507	0.181718	0.209636	0.241461	0.279783	0.317240	0.355664	0.403481	0.442679	0.469345	0.485203	0.492880	0.495040	0.493540	0.490298	0.485607	0.479349	0.472164	0.464065	0.456456	0.448821	0.442495	0.437455	0.433613	0.429275	0.422736	0.415350	0.409037	0.403457	0.400708	0.402292	0.410500	0.427159	0.447660	0.478956	0.523182	0.564179	0.578527	0.563615	0.532647	0.501531	0.479307	0.457238	0.437460	0.417571	0.400360	0.383722
101	0.124761	0.123008	0.124998	0.134294	0.153697	0.181588	0.212161	0.231364	0.251276	0.272190	0.286789	0.283897	0.248337	0.209476	0.183339	0.167386	0.157998	0.153278	0.148398	0.144337	0.143276	0.145631	0.152961	0.165983	0.183916	0.208388	0.237217	0.269675	0.308814	0.348186	0.388942	0.438701	0.479647	0.507761	0.525060	0.534172	0.537674	0.537466	0.535807	0.532570	0.527366	0.520768	0.512799	0.504827	0.496659	0.489861	0.484645	0.480741	0.476209	0.469527	0.461668	0.454993	0.449112	0.445632	0.446429	0.453356	0.468981	0.489564	0.520319	0.561761	0.597964	0.608732	0.592769	0.561534	0.529992	0.506165	0.482704	0.461955	0.441221	0.422754	0.405080
102	0.127223	0.125412	0.127229	0.136084	0.154818	0.181690	0.211267	0.229958	0.249353	0.269599	0.283633	0.280718	0.246153	0.208361	0.182997	0.167490	0.158366	0.153767	0.148985	0.144929	0.143844	0.146108	0.153370	0.166142	0.183840	0.207731	0.235936	0.267608	0.305851	0.344443	0.384774	0.433926	0.474367	0.502178	0.519319	0.528264	0.531649	0.531519	0.529882	0.526655	0.521621	0.515189	0.507294	0.499650	0.491581	0.485036	0.479914	0.476126	0.471715	0.465121	0.457403	0.450718	0.444796	0.441397	0.441890	0.448472	0.463591	0.483518	0.513442	0.553721	0.588760	0.599329	0.583940	0.553763	0.523266	0.499721	0.476964	0.456614	0.436250	0.418737	0.402007
111	0.125742	0.123912	0.125659	0.134566	0.153377	0.180798	0.210733	0.229114	0.248440	0.268758	0.282752	0.279473	0.244449	0.206320	0.180726	0.165072	0.155736	0.150979	0.146026	0.141852	0.140585	0.142675	0.149782	0.162464	0.180114	0.204163	0.232617	0.264524	0.302777	0.341149	0.381322	0.430630	0.471704	0.500235	0.517907	0.527123	0.530621	0.530414	0.528756	0.525516	0.520316	0.513816	0.505845	0.498005	0.489958	0.483282	0.478158	0.474295	0.469741	0.463008	0.455055	0.448206	0.442088	0.438550	0.439123	0.445938	0.461408	0.481772	0.512751	0.554527	0.590794	0.600599	0.583923	0.551897	0.520296	0.496750	0.473801	0.452612	0.432074	0.414884	0.396777
112	0.133654	0.131827	0.133471	0.142427	0.161342	0.188840	0.218819	0.237348	0.256633	0.276932	0.290825	0.287470	0.252356	0.214213	0.188590	0.172882	0.163550	0.158760	0.153835	0.149637	0.148371	0.150540	0.157748	0.170493	0.188322	0.212561	0.241148	0.273183	0.311562	0.350076	0.390497	0.440003	0.481220	0.509887	0.527516	0.536716	0.540280	0.540121	0.538549	0.535399	0.530298	0.523776	0.515793	0.507971	0.499919	0.493183	0.488052	0.484161	0.479620	0.472767	0.464829	0.457875	0.451755	0.448070	0.448594	0.455312	0.470676	0.491096	0.522124	0.563822	0.599700	0.609098	0.591499	0.559401	0.527676	0.504106	0.480739	0.459505	0.438768	0.421272	0.404129
121	0.102093	0.100621	0.102926	0.112422	0.131710	0.159177	0.188935	0.207029	0.225647	0.245376	0.259040	0.255830	0.221746	0.184511	0.159496	0.144213	0.135172	0.130684	0.126059	0.122287	0.121390	0.123869	0.131391	0.144264	0.161950	0.185608	0.213328	0.244575	0.282507	0.321274	0.362498	0.412193	0.452366	0.479294	0.495440	0.503571	0.506267	0.505247	0.502601	0.498503	0.492747	0.485809	0.477381	0.469321	0.460814	0.453811	0.448337	0.444114	0.439587	0.432935	0.425296	0.418886	0.413183	0.410111	0.411285	0.418710	0.434395	0.454036	0.483610	0.524131	0.560311	0.572028	0.556617	0.526877	0.496594	0.473417	0.452148	0.431894	0.411994	0.394794	0.377247
122	0.100345	0.098705	0.100908	0.110309	0.129593	0.157148	0.186798	0.204853	0.223556	0.243324	0.256972	0.253709	0.219446	0.182047	0.156809	0.141258	0.132146	0.127491	0.122791	0.118893	0.117943	0.120347	0.127687	0.140504	0.158219	0.181903	0.209808	0.241108	0.278981	0.317675	0.358702	0.408274	0.448531	0.475578	0.491944	0.500177	0.502971	0.502064	0.499430	0.495448	0.489714	0.482782	0.474450	0.466201	0.457795	0.450737	0.445255	0.441100	0.436479	0.429853	0.422150	0.415734	0.410009	0.406950	0.408133	0.415637	0.431235	0.451086	0.480804	0.521623	0.558211	0.570127	0.555325	0.525918	0.496181	0.473872	0.451395	0.431734	0.412376	0.394935	0.378728
131	0.119726	0.117697	0.119070	0.127045	0.144255	0.169675	0.197753	0.215238	0.233365	0.252436	0.265491	0.262210	0.228898	0.192610	0.168174	0.153111	0.144161	0.139653	0.134766	0.130680	0.129340	0.131299	0.138003	0.150121	0.167076	0.190259	0.217460	0.247950	0.284397	0.321124	0.359829	0.407784	0.447867	0.475844	0.493415	0.502928	0.506711	0.506855	0.505534	0.502747	0.498018	0.491927	0.484342	0.476874	0.469197	0.462931	0.458191	0.454624	0.450446	0.444235	0.436844	0.430404	0.424601	0.421233	0.421808	0.428693	0.443656	0.463105	0.492824	0.533339	0.569495	0.581351	0.567368	0.538414	0.509342	0.487448	0.466745	0.446692	0.428070	0.411067	0.395104
132	0.118165	0.116211	0.117707	0.125799	0.143165	0.168661	0.196870	0.214333	0.232536	0.251735	0.264849	0.261483	0.228106	0.191723	0.167341	0.152431	0.143461	0.138906	0.134155	0.130095	0.128796	0.130809	0.137577	0.149695	0.166559	0.189585	0.216748	0.247216	0.283807	0.320612	0.359342	0.407268	0.447144	0.474925	0.492303	0.501521	0.505067	0.505040	0.503516	0.500535	0.495753	0.489544	0.481846	0.474265	0.466494	0.460055	0.455188	0.451541	0.447214	0.440829	0.433338	0.426844	0.421011	0.417633	0.418363	0.425261	0.440348	0.459950	0.489818	0.530283	0.566337	0.577686	0.562719	0.533136	0.503736	0.481507	0.459854	0.440595	0.420881	0.403780	0.387415
141	0.146578	0.142737	0.142518	0.149381	0.166631	0.193242	0.222549	0.239354	0.257704	0.278121	0.292583	0.288980	0.251484	0.210195	0.182100	0.164685	0.154021	0.148323	0.142845	0.138491	0.137191	0.139232	0.146377	0.159180	0.176871	0.201211	0.230400	0.263879	0.304727	0.345481	0.387130	0.436814	0.476159	0.501916	0.516717	0.523823	0.525732	0.523899	0.520227	0.514976	0.508186	0.500416	0.491522	0.483074	0.474402	0.467191	0.461612	0.457245	0.452378	0.445846	0.438481	0.432354	0.427065	0.424655	0.427104	0.436519	0.454356	0.475829	0.508569	0.555363	0.600905	0.623437	0.617481	0.595691	0.573056	0.558206	0.544419	0.529655	0.514841	0.500628	0.485172
151	0.132432	0.128611	0.128263	0.134476	0.149740	0.172852	0.198548	0.213843	0.230078	0.247080	0.258275	0.254028	0.221752	0.186964	0.163245	0.148420	0.139625	0.135039	0.130167	0.126032	0.124665	0.126743	0.133502	0.145709	0.162731	0.185637	0.212508	0.242435	0.278488	0.315838	0.356300	0.405021	0.444704	0.471405	0.487464	0.495788	0.498760	0.498138	0.496036	0.492754	0.487489	0.480985	0.472963	0.465010	0.456845	0.450235	0.445138	0.441303	0.436970	0.430595	0.423154	0.416824	0.411359	0.408325	0.409639	0.417194	0.432804	0.452424	0.482319	0.523900	0.563488	0.581472	0.574822	0.553568	0.531805	0.517581	0.502437	0.488198	0.473390	0.460235	0.445458
161	0.154284	0.149969	0.149331	0.155807	0.172682	0.199228	0.228511	0.245191	0.263606	0.284211	0.298591	0.294531	0.256448	0.214792	0.186541	0.168978	0.158235	0.152419	0.146902	0.142494	0.141132	0.143159	0.150476	0.163510	0.181676	0.206489	0.236317	0.270411	0.311837	0.353188	0.395604	0.446483	0.487276	0.514389	0.530209	0.537987	0.540420	0.538992	0.535700	0.530901	0.524358	0.516724	0.507870	0.499219	0.490337	0.482969	0.477407	0.473050	0.468065	0.461426	0.453847	0.447491	0.442213	0.439723	0.441999	0.451602	0.470138	0.492455	0.526894	0.576153	0.624232	0.647157	0.639824	0.616035	0.591660	0.576099	0.560476	0.545120	0.529083	0.514720	0.498753
171	0.147944	0.144514	0.145060	0.153501	0.173226	0.203415	0.236307	0.255440	0.275999	0.298989	0.315290	0.311658	0.270991	0.226393	0.196190	0.177570	0.166337	0.160322	0.154734	0.150331	0.149067	0.151584	0.159620	0.173763	0.193283	0.219867	0.251777	0.288345	0.332739	0.376788	0.421272	0.474674	0.517538	0.546095	0.562792	0.570833	0.573382	0.571844	0.568306	0.563063	0.556236	0.548272	0.539082	0.530220	0.521202	0.513584	0.507792	0.503261	0.498103	0.491085	0.483137	0.476404	0.470514	0.467700	0.469832	0.479625	0.498787	0.522368	0.558775	0.609830	0.657556	0.676632	0.663083	0.633041	0.602930	0.581699	0.561391	0.541688	0.522228	0.504805	0.488185
181	0.158106	0.154285	0.154317	0.161801	0.180335	0.209192	0.240923	0.259176	0.279199	0.301666	0.317618	0.314042	0.273913	0.229672	0.199568	0.180938	0.169589	0.163347	0.157491	0.152788	0.151117	0.152974	0.160196	0.173405	0.192043	0.218003	0.249453	0.285265	0.328266	0.369712	0.410968	0.461503	0.502191	0.529422	0.545325	0.552995	0.555267	0.553827	0.550680	0.546101	0.539811	0.532405	0.523786	0.515470	0.506746	0.499622	0.494298	0.490283	0.485481	0.478832	0.471295	0.464908	0.459587	0.457099	0.459692	0.469698	0.488961	0.512276	0.547757	0.597624	0.644771	0.664978	0.654257	0.626922	0.599749	0.581689	0.563045	0.546305	0.527720	0.511893	0.496830
191	0.150022	0.146217	0.146406	0.153972	0.172762	0.201476	0.232779	0.250703	0.270202	0.291746	0.306941	0.303480	0.264760	0.222015	0.192847	0.174653	0.163666	0.157603	0.152002	0.147540	0.146146	0.148416	0.156077	0.169790	0.188661	0.214425	0.245203	0.280410	0.322872	0.364870	0.407678	0.459021	0.500148	0.527470	0.543471	0.551122	0.553376	0.551807	0.548210	0.543053	0.536187	0.528415	0.519523	0.511085	0.502523	0.495474	0.490097	0.485758	0.480893	0.474085	0.466526	0.460026	0.454457	0.451591	0.453666	0.462887	0.480986	0.502871	0.536741	0.584259	0.628818	0.647874	0.638736	0.613488	0.588372	0.570935	0.553989	0.536739	0.519752	0.504182	0.488358
201	0.142490	0.138244	0.137467	0.143502	0.159351	0.184228	0.211394	0.226656	0.243425	0.262231	0.275274	0.271429	0.236440	0.198123	0.172181	0.155997	0.146069	0.140711	0.135582	0.131604	0.130548	0.132974	0.140501	0.153546	0.171278	0.194781	0.222743	0.254919	0.294697	0.336317	0.380809	0.432774	0.473622	0.500018	0.515140	0.522369	0.524120	0.521805	0.517244	0.510961	0.503281	0.494872	0.485442	0.476643	0.467832	0.460587	0.454841	0.450229	0.445176	0.438395	0.430901	0.424484	0.418934	0.416177	0.418141	0.426843	0.443436	0.463542	0.494643	0.539938	0.585011	0.607914	0.603594	0.583463	0.562663	0.550143	0.536938	0.523993	0.509275	0.496605	0.482688
211	0.138989	0.134786	0.134235	0.140137	0.155773	0.180379	0.207362	0.222367	0.238915	0.257593	0.270741	0.267072	0.232241	0.194003	0.167922	0.151605	0.141585	0.136016	0.130740	0.126532	0.125299	0.127385	0.134537	0.147202	0.164617	0.187926	0.215702	0.247604	0.286680	0.327047	0.370252	0.421383	0.461615	0.487425	0.502057	0.508618	0.509838	0.507030	0.502047	0.495385	0.487511	0.479060	0.469986	0.461402	0.453143	0.446319	0.440950	0.436483	0.431666	0.425264	0.418108	0.412071	0.406767	0.404553	0.406969	0.416218	0.433232	0.452773	0.482853	0.526773	0.570973	0.594385	0.591155	0.573413	0.554667	0.543913	0.531601	0.519780	0.506018	0.493465	0.480413
221	0.142216	0.138299	0.138019	0.144847	0.161729	0.187939	0.216506	0.232833	0.250626	0.270384	0.284063	0.280009	0.243364	0.203304	0.175935	0.159042	0.148708	0.143158	0.137713	0.133397	0.131936	0.133902	0.140873	0.153514	0.171139	0.195354	0.224392	0.257406	0.297405	0.337285	0.378586	0.428187	0.467762	0.493892	0.508985	0.516268	0.518238	0.516584	0.513269	0.508547	0.502164	0.494684	0.486095	0.477653	0.469142	0.462061	0.456718	0.452566	0.447858	0.441232	0.433861	0.427714	0.422390	0.420018	0.422482	0.431971	0.450007	0.471708	0.505127	0.552539	0.598552	0.620563	0.613883	0.591562	0.568762	0.554750	0.539379	0.525100	0.509975	0.496141	0.481020
241	0.146724	0.143461	0.144226	0.152919	0.172893	0.203196	0.235957	0.254649	0.275053	0.297740	0.313895	0.310310	0.270360	0.226492	0.196787	0.178431	0.167379	0.161361	0.155863	0.151601	0.150547	0.153211	0.161410	0.175684	0.195238	0.221714	0.253214	0.289389	0.333460	0.377712	0.423076	0.476928	0.519904	0.548124	0.564237	0.571733	0.573628	0.571440	0.567147	0.561260	0.553759	0.545345	0.535940	0.526996	0.517924	0.510379	0.504644	0.499967	0.494694	0.487594	0.479694	0.472884	0.467063	0.464230	0.466248	0.475799	0.494450	0.517171	0.552597	0.602495	0.649215	0.667734	0.655045	0.624983	0.595460	0.574745	0.554296	0.535352	0.515892	0.498989	0.481457
251	0.132294	0.128887	0.129100	0.136339	0.153778	0.180480	0.209332	0.225525	0.243399	0.263183	0.276865	0.273048	0.236907	0.197368	0.170496	0.153810	0.143655	0.138180	0.133004	0.128939	0.127811	0.130053	0.137375	0.150310	0.168147	0.192225	0.220870	0.253654	0.293538	0.334019	0.376283	0.426315	0.465893	0.491612	0.506425	0.513455	0.515189	0.513198	0.509283	0.503956	0.496995	0.489248	0.480378	0.471902	0.463316	0.456194	0.450674	0.446189	0.441250	0.434734	0.427332	0.421110	0.415645	0.413159	0.415323	0.424591	0.442057	0.463061	0.495693	0.542144	0.587224	0.608178	0.600445	0.576753	0.553348	0.538267	0.521795	0.507052	0.490101	0.475188	0.461225
281	0.148677	0.145069	0.145159	0.152531	0.170613	0.198360	0.228871	0.246564	0.265934	0.287383	0.302668	0.299013	0.260371	0.218024	0.189314	0.171634	0.160830	0.155086	0.149637	0.145267	0.144008	0.146325	0.153952	0.167437	0.186010	0.211189	0.241394	0.276070	0.318372	0.360796	0.404354	0.456399	0.497725	0.524759	0.540133	0.547277	0.549018	0.546869	0.542856	0.537180	0.530113	0.522109	0.512946	0.504066	0.495036	0.487624	0.481998	0.477368	0.472244	0.465387	0.457733	0.451284	0.445814	0.443093	0.445272	0.454730	0.472862	0.495082	0.529305	0.577902	0.624699	0.645618	0.636163	0.609884	0.583217	0.566199	0.547899	0.531830	0.514326	0.499113	0.482705
291	0.142610	0.140367	0.141437	0.149090	0.165932	0.190927	0.218506	0.235132	0.252616	0.270973	0.283245	0.279414	0.246047	0.210147	0.186049	0.171327	0.162598	0.158122	0.153492	0.149620	0.148530	0.150630	0.157598	0.169877	0.186899	0.209725	0.236572	0.267161	0.304501	0.343330	0.385134	0.434809	0.475025	0.501983	0.517808	0.525899	0.528576	0.527461	0.524828	0.520831	0.515047	0.508077	0.499479	0.490776	0.481824	0.474425	0.468718	0.464288	0.459165	0.452274	0.444423	0.437585	0.431671	0.428161	0.428861	0.436227	0.451858	0.472021	0.502719	0.544953	0.583683	0.598780	0.587547	0.561465	0.535171	0.516231	0.497581	0.480252	0.462798	0.446990	0.431479
