11 	 0.22951	 0.22695	 0.22898	 0.23800	 0.25766	 0.28782	 0.32074	 0.34375	 0.36390	 0.38685	 0.40279	 0.39708	 0.36291	 0.32127	 0.29086	 0.27163	 0.25995	 0.25316	 0.24772	 0.24328	 0.24119	 0.24276	 0.24967	 0.26177	 0.27974	 0.30475	 0.33519	 0.37053	 0.41517	 0.46062	 0.50517	 0.55282	 0.59154	 0.61680	 0.63071	 0.63733	 0.63977	 0.63769	 0.63303	 0.62697	 0.61957	 0.61084	 0.60217	 0.59430	 0.58631	 0.57830	 0.57270	 0.56943	 0.56399	 0.55607	 0.54786	 0.54114	 0.53503	 0.53083	 0.53125	 0.53743	 0.55174	 0.57192	 0.60219	 0.64433	 0.68841	 0.70933	 0.69854	 0.66505	 0.62563	 0.59710	 0.57466	 0.55054	 0.52937	 0.51155	 0.49728
21 	 0.22136	 0.21924	 0.22177	 0.23152	 0.25179	 0.28185	 0.31419	 0.33689	 0.35672	 0.37820	 0.39271	 0.38660	 0.35381	 0.31435	 0.28544	 0.26700	 0.25594	 0.24978	 0.24475	 0.24049	 0.23836	 0.23986	 0.24656	 0.25819	 0.27565	 0.30022	 0.32969	 0.36366	 0.40646	 0.44976	 0.49219	 0.53717	 0.57336	 0.59631	 0.60870	 0.61462	 0.61695	 0.61517	 0.61141	 0.60668	 0.60042	 0.59249	 0.58416	 0.57621	 0.56799	 0.55974	 0.55398	 0.55073	 0.54537	 0.53755	 0.52950	 0.52315	 0.51755	 0.51378	 0.51414	 0.52013	 0.53430	 0.55431	 0.58352	 0.62286	 0.66276	 0.68210	 0.67253	 0.64030	 0.60271	 0.57589	 0.55426	 0.53136	 0.51065	 0.49331	 0.47969
31 	 0.24095	 0.23843	 0.24037	 0.24903	 0.26797	 0.29676	 0.32813	 0.35029	 0.37004	 0.39162	 0.40612	 0.39976	 0.36632	 0.32606	 0.29647	 0.27759	 0.26615	 0.25948	 0.25412	 0.24964	 0.24708	 0.24798	 0.25396	 0.26487	 0.28175	 0.30608	 0.33571	 0.36988	 0.41271	 0.45493	 0.49494	 0.53742	 0.57179	 0.59358	 0.60532	 0.61075	 0.61295	 0.61152	 0.60849	 0.60476	 0.59947	 0.59227	 0.58452	 0.57703	 0.56906	 0.56099	 0.55565	 0.55280	 0.54777	 0.54030	 0.53261	 0.52664	 0.52144	 0.51801	 0.51859	 0.52490	 0.53976	 0.56085	 0.59140	 0.63210	 0.67294	 0.69164	 0.68092	 0.64808	 0.61043	 0.58327	 0.56163	 0.53848	 0.51817	 0.50213	 0.48860
41 	 0.25528	 0.25222	 0.25352	 0.26129	 0.27889	 0.30633	 0.33660	 0.35796	 0.37721	 0.39835	 0.41285	 0.40654	 0.37306	 0.33284	 0.30333	 0.28455	 0.27308	 0.26633	 0.26091	 0.25647	 0.25390	 0.25483	 0.26100	 0.27213	 0.28920	 0.31345	 0.34306	 0.37730	 0.42063	 0.46436	 0.50683	 0.55211	 0.58884	 0.61232	 0.62511	 0.63118	 0.63362	 0.63191	 0.62808	 0.62318	 0.61681	 0.60889	 0.60066	 0.59301	 0.58498	 0.57706	 0.57167	 0.56863	 0.56355	 0.55584	 0.54799	 0.54176	 0.53621	 0.53265	 0.53321	 0.53949	 0.55402	 0.57440	 0.60432	 0.64546	 0.68801	 0.70905	 0.70065	 0.67073	 0.63511	 0.60971	 0.58893	 0.56814	 0.54909	 0.53374	 0.52046
51 	 0.25683	 0.25389	 0.25545	 0.26384	 0.28285	 0.31257	 0.34537	 0.36858	 0.38942	 0.41248	 0.42858	 0.42270	 0.38761	 0.34472	 0.31329	 0.29334	 0.28115	 0.27401	 0.26833	 0.26382	 0.26123	 0.26231	 0.26895	 0.28095	 0.29912	 0.32489	 0.35641	 0.39274	 0.43829	 0.48393	 0.52774	 0.57479	 0.61296	 0.63729	 0.65055	 0.65669	 0.65922	 0.65749	 0.65357	 0.64850	 0.64202	 0.63398	 0.62567	 0.61807	 0.61006	 0.60212	 0.59682	 0.59382	 0.58858	 0.58066	 0.57253	 0.56615	 0.56053	 0.55683	 0.55745	 0.56400	 0.57911	 0.60026	 0.63144	 0.67409	 0.71744	 0.73648	 0.72529	 0.69334	 0.65514	 0.62731	 0.60434	 0.58150	 0.56147	 0.54495	 0.52989
61 	 0.26639	 0.26325	 0.26443	 0.27240	 0.29072	 0.31914	 0.35064	 0.37306	 0.39355	 0.41593	 0.43150	 0.42550	 0.39093	 0.34904	 0.31842	 0.29899	 0.28717	 0.28023	 0.27462	 0.27031	 0.26788	 0.26906	 0.27570	 0.28766	 0.30577	 0.33125	 0.36241	 0.39828	 0.44370	 0.49005	 0.53519	 0.58355	 0.62240	 0.64710	 0.66048	 0.66654	 0.66911	 0.66739	 0.66322	 0.65774	 0.65101	 0.64271	 0.63414	 0.62625	 0.61804	 0.60994	 0.60443	 0.60119	 0.59568	 0.58771	 0.57954	 0.57302	 0.56731	 0.56366	 0.56432	 0.57081	 0.58574	 0.60663	 0.63738	 0.67999	 0.72407	 0.74435	 0.73539	 0.70571	 0.66905	 0.64239	 0.62051	 0.59888	 0.57946	 0.56350	 0.54935
71 	 0.25628	 0.25345	 0.25505	 0.26341	 0.28225	 0.31133	 0.34332	 0.36606	 0.38657	 0.40906	 0.42464	 0.41866	 0.38433	 0.34264	 0.31192	 0.29243	 0.28063	 0.27371	 0.26804	 0.26355	 0.26099	 0.26209	 0.26849	 0.28010	 0.29787	 0.32318	 0.35420	 0.38975	 0.43427	 0.47885	 0.52172	 0.56782	 0.60528	 0.62928	 0.64245	 0.64860	 0.65114	 0.64960	 0.64574	 0.64079	 0.63458	 0.62683	 0.61876	 0.61129	 0.60340	 0.59566	 0.59048	 0.58740	 0.58216	 0.57449	 0.56644	 0.56007	 0.55444	 0.55078	 0.55118	 0.55744	 0.57216	 0.59268	 0.62318	 0.66500	 0.70724	 0.72593	 0.71526	 0.68327	 0.64522	 0.61776	 0.59578	 0.57298	 0.55243	 0.53616	 0.52276
82 	 0.25683	 0.25376	 0.25501	 0.26270	 0.28024	 0.30722	 0.33667	 0.35755	 0.37662	 0.39705	 0.41072	 0.40411	 0.37162	 0.33302	 0.30465	 0.28656	 0.27564	 0.26923	 0.26389	 0.25960	 0.25729	 0.25855	 0.26497	 0.27639	 0.29376	 0.31814	 0.34750	 0.38116	 0.42397	 0.46809	 0.51186	 0.55848	 0.59609	 0.62004	 0.63316	 0.63950	 0.64225	 0.64066	 0.63677	 0.63170	 0.62541	 0.61756	 0.60938	 0.60176	 0.59370	 0.58580	 0.58036	 0.57714	 0.57179	 0.56407	 0.55603	 0.54963	 0.54391	 0.54011	 0.54022	 0.54579	 0.55954	 0.57891	 0.60801	 0.64790	 0.68873	 0.70868	 0.70031	 0.67076	 0.63526	 0.60999	 0.58921	 0.56788	 0.54908	 0.53356	 0.52011
91 	 0.23958	 0.23687	 0.23865	 0.24707	 0.26552	 0.29419	 0.32573	 0.34754	 0.36698	 0.38943	 0.40537	 0.39998	 0.36600	 0.32420	 0.29350	 0.27415	 0.26244	 0.25549	 0.24976	 0.24531	 0.24302	 0.24413	 0.25009	 0.26091	 0.27769	 0.30191	 0.33165	 0.36651	 0.41085	 0.45507	 0.49748	 0.54308	 0.57963	 0.60231	 0.61401	 0.61874	 0.61996	 0.61701	 0.61143	 0.60475	 0.59723	 0.58863	 0.58008	 0.57236	 0.56425	 0.55651	 0.55109	 0.54762	 0.54216	 0.53460	 0.52687	 0.52081	 0.51546	 0.51240	 0.51381	 0.52138	 0.53730	 0.55808	 0.58889	 0.63289	 0.67934	 0.70350	 0.69535	 0.66374	 0.62624	 0.59993	 0.57903	 0.55667	 0.53710	 0.52126	 0.50722
101 	 0.25535	 0.25261	 0.25431	 0.26274	 0.28155	 0.31038	 0.34197	 0.36445	 0.38484	 0.40687	 0.42197	 0.41592	 0.38208	 0.34118	 0.31108	 0.29199	 0.28046	 0.27381	 0.26837	 0.26404	 0.26178	 0.26312	 0.26979	 0.28164	 0.29960	 0.32493	 0.35572	 0.39107	 0.43578	 0.48127	 0.52558	 0.57286	 0.61096	 0.63510	 0.64826	 0.65458	 0.65742	 0.65596	 0.65210	 0.64717	 0.64088	 0.63301	 0.62474	 0.61704	 0.60881	 0.60072	 0.59529	 0.59199	 0.58651	 0.57867	 0.57051	 0.56399	 0.55828	 0.55452	 0.55480	 0.56078	 0.57517	 0.59538	 0.62546	 0.66648	 0.70789	 0.72650	 0.71653	 0.68552	 0.64844	 0.62120	 0.59886	 0.57554	 0.55503	 0.53832	 0.52431
102 	 0.26075	 0.25795	 0.25948	 0.26762	 0.28585	 0.31381	 0.34436	 0.36618	 0.38611	 0.40750	 0.42199	 0.41569	 0.38246	 0.34265	 0.31337	 0.29472	 0.28346	 0.27693	 0.27151	 0.26723	 0.26493	 0.26619	 0.27277	 0.28451	 0.30227	 0.32728	 0.35752	 0.39215	 0.43603	 0.48096	 0.52496	 0.57165	 0.60928	 0.63314	 0.64611	 0.65224	 0.65499	 0.65354	 0.64977	 0.64487	 0.63872	 0.63102	 0.62293	 0.61540	 0.60729	 0.59939	 0.59408	 0.59077	 0.58537	 0.57766	 0.56958	 0.56315	 0.55741	 0.55360	 0.55364	 0.55921	 0.57309	 0.59272	 0.62212	 0.66219	 0.70260	 0.72113	 0.71150	 0.68127	 0.64481	 0.61836	 0.59696	 0.57426	 0.55469	 0.53834	 0.52486
111 	 0.26129	 0.25839	 0.25983	 0.26786	 0.28608	 0.31418	 0.34499	 0.36661	 0.38617	 0.40745	 0.42180	 0.41526	 0.38183	 0.34189	 0.31242	 0.29369	 0.28230	 0.27563	 0.27009	 0.26567	 0.26326	 0.26433	 0.27069	 0.28216	 0.29968	 0.32457	 0.35484	 0.38948	 0.43326	 0.47781	 0.52143	 0.56826	 0.60635	 0.63078	 0.64422	 0.65070	 0.65360	 0.65211	 0.64818	 0.64317	 0.63700	 0.62917	 0.62104	 0.61353	 0.60541	 0.59754	 0.59222	 0.58892	 0.58344	 0.57565	 0.56742	 0.56074	 0.55484	 0.55094	 0.55097	 0.55676	 0.57104	 0.59098	 0.62132	 0.66263	 0.70388	 0.72210	 0.71144	 0.67971	 0.64236	 0.61555	 0.59306	 0.57077	 0.55085	 0.53496	 0.52142
112 	 0.26439	 0.26155	 0.26303	 0.27101	 0.28921	 0.31721	 0.34790	 0.36944	 0.38895	 0.41014	 0.42428	 0.41759	 0.38426	 0.34458	 0.31526	 0.29656	 0.28528	 0.27866	 0.27310	 0.26868	 0.26623	 0.26739	 0.27385	 0.28536	 0.30298	 0.32804	 0.35838	 0.39296	 0.43666	 0.48117	 0.52488	 0.57178	 0.60986	 0.63440	 0.64783	 0.65429	 0.65721	 0.65580	 0.65198	 0.64707	 0.64092	 0.63319	 0.62506	 0.61761	 0.60959	 0.60165	 0.59633	 0.59308	 0.58762	 0.57976	 0.57146	 0.56478	 0.55887	 0.55491	 0.55489	 0.56052	 0.57454	 0.59432	 0.62450	 0.66545	 0.70624	 0.72380	 0.71312	 0.68145	 0.64410	 0.61699	 0.59492	 0.57242	 0.55264	 0.53624	 0.52273
121 	 0.23290	 0.23040	 0.23250	 0.24137	 0.26035	 0.28884	 0.31955	 0.34099	 0.36005	 0.38095	 0.39506	 0.38878	 0.35616	 0.31691	 0.28799	 0.26972	 0.25882	 0.25268	 0.24748	 0.24332	 0.24148	 0.24317	 0.24985	 0.26139	 0.27879	 0.30330	 0.33265	 0.36649	 0.41003	 0.45508	 0.49979	 0.54694	 0.58432	 0.60720	 0.61893	 0.62412	 0.62596	 0.62357	 0.61859	 0.61261	 0.60581	 0.59760	 0.58905	 0.58093	 0.57222	 0.56379	 0.55788	 0.55413	 0.54847	 0.54080	 0.53285	 0.52672	 0.52138	 0.51813	 0.51891	 0.52564	 0.54049	 0.56020	 0.58956	 0.63016	 0.67175	 0.69304	 0.68464	 0.65335	 0.61667	 0.59067	 0.56944	 0.54705	 0.52752	 0.51152	 0.49727
122 	 0.23486	 0.23221	 0.23424	 0.24311	 0.26212	 0.29082	 0.32184	 0.34339	 0.36253	 0.38365	 0.39794	 0.39168	 0.35868	 0.31894	 0.28966	 0.27102	 0.25991	 0.25357	 0.24824	 0.24398	 0.24204	 0.24361	 0.25026	 0.26179	 0.27921	 0.30391	 0.33357	 0.36778	 0.41160	 0.45676	 0.50142	 0.54864	 0.58615	 0.60929	 0.62132	 0.62667	 0.62856	 0.62616	 0.62124	 0.61527	 0.60837	 0.60010	 0.59150	 0.58337	 0.57462	 0.56616	 0.56028	 0.55655	 0.55089	 0.54314	 0.53517	 0.52895	 0.52359	 0.52030	 0.52111	 0.52786	 0.54289	 0.56279	 0.59257	 0.63387	 0.67637	 0.69797	 0.68984	 0.65889	 0.62237	 0.59655	 0.57608	 0.55344	 0.53410	 0.51850	 0.50426
131 	 0.25303	 0.24995	 0.25117	 0.25874	 0.27598	 0.30255	 0.33180	 0.35245	 0.37117	 0.39164	 0.40536	 0.39888	 0.36648	 0.32773	 0.29901	 0.28081	 0.26985	 0.26347	 0.25798	 0.25352	 0.25112	 0.25216	 0.25818	 0.26903	 0.28578	 0.30979	 0.33889	 0.37230	 0.41483	 0.45791	 0.49999	 0.54526	 0.58232	 0.60617	 0.61935	 0.62577	 0.62870	 0.62745	 0.62378	 0.61907	 0.61324	 0.60585	 0.59804	 0.59062	 0.58273	 0.57511	 0.56993	 0.56685	 0.56170	 0.55430	 0.54651	 0.54034	 0.53488	 0.53130	 0.53168	 0.53776	 0.55202	 0.57142	 0.60056	 0.64107	 0.68283	 0.70382	 0.69580	 0.66611	 0.63056	 0.60535	 0.58460	 0.56347	 0.54464	 0.52886	 0.51568
132 	 0.25130	 0.24831	 0.24967	 0.25725	 0.27443	 0.30098	 0.33010	 0.35071	 0.36942	 0.38987	 0.40351	 0.39697	 0.36463	 0.32601	 0.29753	 0.27953	 0.26863	 0.26230	 0.25692	 0.25257	 0.25029	 0.25143	 0.25750	 0.26841	 0.28524	 0.30926	 0.33833	 0.37178	 0.41439	 0.45777	 0.50046	 0.54619	 0.58347	 0.60737	 0.62048	 0.62684	 0.62960	 0.62817	 0.62428	 0.61942	 0.61351	 0.60598	 0.59802	 0.59053	 0.58248	 0.57466	 0.56939	 0.56617	 0.56087	 0.55338	 0.54543	 0.53916	 0.53366	 0.53007	 0.53046	 0.53654	 0.55089	 0.57045	 0.60000	 0.64077	 0.68248	 0.70295	 0.69454	 0.66410	 0.62747	 0.60177	 0.58090	 0.55886	 0.53997	 0.52426	 0.51125
141 	 0.27969	 0.27449	 0.27379	 0.27965	 0.29588	 0.32296	 0.35319	 0.37348	 0.39156	 0.41282	 0.42771	 0.42113	 0.38597	 0.34288	 0.31067	 0.29003	 0.27728	 0.26956	 0.26344	 0.25888	 0.25650	 0.25759	 0.26398	 0.27551	 0.29302	 0.31807	 0.34891	 0.38504	 0.43137	 0.47827	 0.52348	 0.57085	 0.60754	 0.62944	 0.64017	 0.64445	 0.64571	 0.64264	 0.63675	 0.62967	 0.62179	 0.61279	 0.60374	 0.59538	 0.58650	 0.57794	 0.57193	 0.56795	 0.56211	 0.55437	 0.54654	 0.54062	 0.53565	 0.53295	 0.53490	 0.54327	 0.56011	 0.58159	 0.61365	 0.65961	 0.70911	 0.73715	 0.73568	 0.71316	 0.68427	 0.66590	 0.65168	 0.63671	 0.62372	 0.61330	 0.60180
151 	 0.26214	 0.25709	 0.25643	 0.26206	 0.27712	 0.30116	 0.32755	 0.34564	 0.36223	 0.38048	 0.39207	 0.38437	 0.35280	 0.31598	 0.28855	 0.27086	 0.26020	 0.25411	 0.24859	 0.24416	 0.24199	 0.24326	 0.24937	 0.26019	 0.27698	 0.30087	 0.32949	 0.36218	 0.40421	 0.44804	 0.49216	 0.53860	 0.57563	 0.59841	 0.61013	 0.61546	 0.61748	 0.61539	 0.61086	 0.60552	 0.59923	 0.59135	 0.58303	 0.57507	 0.56654	 0.55842	 0.55284	 0.54940	 0.54401	 0.53649	 0.52861	 0.52256	 0.51732	 0.51417	 0.51506	 0.52188	 0.53682	 0.55655	 0.58629	 0.62803	 0.67261	 0.69859	 0.69644	 0.67294	 0.64442	 0.62569	 0.61075	 0.59544	 0.58165	 0.57081	 0.56007
161 	 0.28799	 0.28233	 0.28114	 0.28640	 0.30211	 0.32894	 0.35914	 0.37931	 0.39735	 0.41876	 0.43359	 0.42662	 0.39080	 0.34723	 0.31473	 0.29389	 0.28098	 0.27319	 0.26699	 0.26230	 0.25989	 0.26095	 0.26750	 0.27935	 0.29726	 0.32291	 0.35431	 0.39104	 0.43803	 0.48561	 0.53160	 0.58007	 0.61807	 0.64119	 0.65290	 0.65798	 0.65989	 0.65730	 0.65181	 0.64512	 0.63763	 0.62879	 0.61975	 0.61127	 0.60224	 0.59364	 0.58775	 0.58382	 0.57795	 0.57012	 0.56209	 0.55599	 0.55087	 0.54807	 0.54983	 0.55828	 0.57536	 0.59714	 0.63027	 0.67788	 0.72945	 0.75765	 0.75499	 0.73127	 0.70105	 0.68151	 0.66636	 0.65094	 0.63841	 0.62755	 0.61653
171 	 0.28550	 0.28059	 0.28038	 0.28731	 0.30573	 0.33616	 0.37024	 0.39339	 0.41370	 0.43744	 0.45425	 0.44799	 0.41039	 0.36382	 0.32905	 0.30695	 0.29326	 0.28498	 0.27862	 0.27385	 0.27145	 0.27273	 0.28000	 0.29293	 0.31229	 0.33976	 0.37360	 0.41292	 0.46259	 0.51265	 0.56062	 0.61144	 0.65146	 0.67628	 0.68906	 0.69466	 0.69690	 0.69450	 0.68919	 0.68238	 0.67453	 0.66535	 0.65615	 0.64771	 0.63865	 0.62997	 0.62401	 0.62000	 0.61395	 0.60572	 0.59727	 0.59066	 0.58496	 0.58160	 0.58307	 0.59136	 0.60871	 0.63132	 0.66563	 0.71431	 0.76520	 0.78841	 0.78007	 0.75209	 0.71745	 0.69323	 0.67332	 0.65370	 0.63741	 0.62363	 0.61034
181 	 0.29428	 0.28906	 0.28838	 0.29455	 0.31172	 0.34077	 0.37356	 0.39574	 0.41537	 0.43855	 0.45500	 0.44864	 0.41143	 0.36535	 0.33082	 0.30873	 0.29492	 0.28643	 0.27980	 0.27485	 0.27204	 0.27274	 0.27922	 0.29129	 0.30976	 0.33650	 0.36975	 0.40825	 0.45657	 0.50414	 0.54889	 0.59667	 0.63446	 0.65791	 0.66990	 0.67499	 0.67698	 0.67461	 0.66958	 0.66332	 0.65613	 0.64757	 0.63886	 0.63086	 0.62227	 0.61403	 0.60847	 0.60492	 0.59933	 0.59157	 0.58357	 0.57742	 0.57215	 0.56925	 0.57111	 0.57975	 0.59728	 0.61972	 0.65334	 0.70117	 0.75149	 0.77594	 0.76972	 0.74417	 0.71199	 0.68931	 0.67184	 0.65474	 0.63965	 0.62734	 0.61509
191 	 0.28587	 0.28076	 0.28020	 0.28651	 0.30387	 0.33291	 0.36521	 0.38688	 0.40594	 0.42822	 0.44380	 0.43726	 0.40129	 0.35698	 0.32363	 0.30219	 0.28886	 0.28071	 0.27426	 0.26953	 0.26709	 0.26824	 0.27513	 0.28759	 0.30621	 0.33272	 0.36530	 0.40295	 0.45072	 0.49873	 0.54490	 0.59353	 0.63167	 0.65505	 0.66686	 0.67180	 0.67362	 0.67090	 0.66526	 0.65830	 0.65048	 0.64139	 0.63245	 0.62432	 0.61560	 0.60740	 0.60180	 0.59806	 0.59210	 0.58426	 0.57625	 0.56992	 0.56451	 0.56143	 0.56285	 0.57072	 0.58713	 0.60833	 0.64036	 0.68585	 0.73358	 0.75776	 0.75326	 0.72933	 0.69909	 0.67870	 0.66243	 0.64525	 0.63071	 0.61924	 0.60750
201 	 0.27489	 0.26941	 0.26824	 0.27336	 0.28832	 0.31354	 0.34160	 0.36006	 0.37657	 0.39624	 0.40961	 0.40262	 0.36928	 0.32926	 0.29941	 0.28025	 0.26837	 0.26124	 0.25540	 0.25107	 0.24917	 0.25068	 0.25751	 0.26927	 0.28663	 0.31103	 0.34053	 0.37518	 0.42064	 0.46842	 0.51636	 0.56600	 0.60415	 0.62670	 0.63754	 0.64192	 0.64307	 0.63952	 0.63272	 0.62466	 0.61592	 0.60612	 0.59651	 0.58772	 0.57846	 0.56982	 0.56366	 0.55941	 0.55317	 0.54531	 0.53733	 0.53117	 0.52593	 0.52290	 0.52437	 0.53217	 0.54800	 0.56792	 0.59854	 0.64324	 0.69245	 0.72205	 0.72198	 0.70066	 0.67323	 0.65670	 0.64364	 0.62974	 0.61821	 0.60801	 0.59821
211 	 0.27799	 0.27240	 0.27129	 0.27644	 0.29142	 0.31674	 0.34497	 0.36332	 0.37970	 0.39944	 0.41298	 0.40612	 0.37274	 0.33240	 0.30207	 0.28256	 0.27036	 0.26291	 0.25682	 0.25228	 0.25011	 0.25130	 0.25782	 0.26936	 0.28663	 0.31108	 0.34070	 0.37542	 0.42052	 0.46739	 0.51420	 0.56316	 0.60093	 0.62303	 0.63333	 0.63714	 0.63772	 0.63367	 0.62645	 0.61801	 0.60896	 0.59914	 0.58970	 0.58119	 0.57232	 0.56409	 0.55826	 0.55421	 0.54821	 0.54061	 0.53297	 0.52712	 0.52224	 0.51966	 0.52172	 0.53013	 0.54635	 0.56605	 0.59563	 0.63909	 0.68734	 0.71719	 0.71824	 0.69823	 0.67242	 0.65710	 0.64558	 0.63232	 0.62192	 0.61272	 0.60376
221 	 0.27924	 0.27399	 0.27314	 0.27887	 0.29486	 0.32156	 0.35133	 0.37104	 0.38848	 0.40920	 0.42333	 0.41632	 0.38162	 0.33963	 0.30814	 0.28789	 0.27537	 0.26783	 0.26174	 0.25706	 0.25470	 0.25572	 0.26202	 0.27350	 0.29093	 0.31604	 0.34680	 0.38264	 0.42842	 0.47475	 0.51972	 0.56695	 0.60391	 0.62614	 0.63692	 0.64125	 0.64254	 0.63960	 0.63399	 0.62745	 0.62001	 0.61119	 0.60236	 0.59410	 0.58514	 0.57668	 0.57093	 0.56718	 0.56140	 0.55371	 0.54577	 0.53975	 0.53477	 0.53216	 0.53413	 0.54263	 0.55959	 0.58101	 0.61339	 0.65980	 0.70985	 0.73789	 0.73592	 0.71319	 0.68394	 0.66555	 0.65103	 0.63652	 0.62330	 0.61291	 0.60268
241 	 0.27955	 0.27493	 0.27506	 0.28228	 0.30096	 0.33169	 0.36584	 0.38870	 0.40858	 0.43225	 0.44898	 0.44275	 0.40567	 0.35984	 0.32562	 0.30371	 0.29015	 0.28207	 0.27579	 0.27120	 0.26902	 0.27048	 0.27791	 0.29102	 0.31035	 0.33755	 0.37095	 0.40984	 0.45938	 0.50976	 0.55841	 0.60967	 0.64975	 0.67423	 0.68632	 0.69127	 0.69304	 0.68991	 0.68376	 0.67626	 0.66795	 0.65824	 0.64875	 0.64019	 0.63092	 0.62213	 0.61618	 0.61225	 0.60592	 0.59749	 0.58905	 0.58246	 0.57691	 0.57366	 0.57512	 0.58335	 0.60036	 0.62242	 0.65603	 0.70399	 0.75417	 0.77766	 0.76979	 0.74205	 0.70728	 0.68284	 0.66344	 0.64410	 0.62738	 0.61357	 0.60010
251 	 0.26868	 0.26390	 0.26363	 0.26994	 0.28651	 0.31380	 0.34395	 0.36369	 0.38105	 0.40198	 0.41624	 0.40927	 0.37495	 0.33346	 0.30238	 0.28243	 0.27013	 0.26288	 0.25704	 0.25255	 0.25050	 0.25183	 0.25855	 0.27030	 0.28784	 0.31282	 0.34317	 0.37872	 0.42459	 0.47159	 0.51748	 0.56524	 0.60221	 0.62405	 0.63425	 0.63827	 0.63934	 0.63596	 0.62973	 0.62252	 0.61448	 0.60519	 0.59607	 0.58760	 0.57850	 0.56993	 0.56402	 0.56014	 0.55405	 0.54613	 0.53827	 0.53220	 0.52716	 0.52438	 0.52623	 0.53462	 0.55125	 0.57225	 0.60404	 0.64980	 0.69933	 0.72729	 0.72462	 0.70032	 0.67011	 0.65074	 0.63565	 0.61915	 0.60560	 0.59426	 0.58243
281 	 0.28112	 0.27613	 0.27570	 0.28197	 0.29881	 0.32708	 0.35865	 0.37987	 0.39874	 0.42109	 0.43685	 0.43043	 0.39438	 0.35021	 0.31724	 0.29613	 0.28305	 0.27524	 0.26907	 0.26446	 0.26219	 0.26343	 0.27037	 0.28260	 0.30092	 0.32697	 0.35887	 0.39620	 0.44407	 0.49278	 0.53991	 0.58941	 0.62804	 0.65126	 0.66240	 0.66687	 0.66818	 0.66492	 0.65879	 0.65150	 0.64333	 0.63385	 0.62459	 0.61599	 0.60672	 0.59799	 0.59201	 0.58809	 0.58180	 0.57365	 0.56555	 0.55922	 0.55403	 0.55109	 0.55265	 0.56082	 0.57782	 0.59959	 0.63245	 0.67963	 0.73010	 0.75656	 0.75184	 0.72642	 0.69420	 0.67252	 0.65504	 0.63819	 0.62327	 0.61101	 0.59895
291 	 0.27684	 0.27343	 0.27418	 0.28108	 0.29740	 0.32317	 0.35149	 0.37084	 0.38839	 0.40786	 0.42056	 0.41322	 0.38088	 0.34317	 0.31535	 0.29765	 0.28676	 0.28045	 0.27517	 0.27103	 0.26888	 0.27001	 0.27636	 0.28748	 0.30424	 0.32795	 0.35666	 0.38991	 0.43303	 0.47800	 0.52290	 0.57008	 0.60754	 0.63044	 0.64197	 0.64728	 0.64949	 0.64717	 0.64231	 0.63664	 0.62988	 0.62142	 0.61271	 0.60432	 0.59512	 0.58637	 0.58039	 0.57654	 0.57041	 0.56223	 0.55390	 0.54729	 0.54165	 0.53792	 0.53818	 0.54446	 0.55915	 0.57894	 0.60910	 0.65095	 0.69452	 0.71726	 0.71137	 0.68428	 0.65163	 0.62920	 0.61084	 0.59297	 0.57634	 0.56307	 0.55033
