1	0.219377296	0.22933909	0.242691559	0.254109937	0.258873028	0.258146674	0.255729904	0.25088768	0.245461466	0.239866883	0.234534224	0.228982466	0.22324136	0.217964893	0.214181596	0.212174223	0.212983174	0.219036501	0.235904357	0.26549833	0.302716939	0.338530918	0.368559682	0.394206648	0.413483799	0.419948118	0.413175376	0.396888555	0.37944294	0.366283817	0.358611551	0.354571909	0.351345536	0.34616229	0.341938094	0.341795583	0.34743592	0.360663135	0.384140502	0.414808695	0.447895993	0.4791749	0.505723507	0.534418032	0.575984888	0.631120166	0.690839242	0.740945531	0.771746506	0.789642089	0.800005297	0.804672801	0.805600983	0.80546719	0.802516485	0.798335282	0.794667425	0.790123922	0.785617249	0.782239982	0.779560744	0.777757523	0.775441199	0.770944863	0.763961006	0.754208842	0.742903854	0.731726652	0.721463059	0.71205942	0.705530738	0.70064821	0.69960756	0.702759303	0.700212616	0.679417615	0.641706538	0.597924504	0.554761864	0.513365484	0.477188521	0.443840222	0.416765568	0.392646756	0.372362429	0.355670924
6	0.219727026	0.229725521	0.243282141	0.254504328	0.259023408	0.258613848	0.25596424	0.251062191	0.245540856	0.239983348	0.234650812	0.229252919	0.223417822	0.218102046	0.214264754	0.212395182	0.213161599	0.219057758	0.235904884	0.265770711	0.303021838	0.338753231	0.368778552	0.394186866	0.413576213	0.420130738	0.413226936	0.396803576	0.379371476	0.366410317	0.358692974	0.354436486	0.351334519	0.34646371	0.342064409	0.34161249	0.347326434	0.360707772	0.384290073	0.415084683	0.448090024	0.479397614	0.506114494	0.534824788	0.576499056	0.631450089	0.691024054	0.740865264	0.771413186	0.789126387	0.799313964	0.803980243	0.804978352	0.804834439	0.801705454	0.797551746	0.794001703	0.789184604	0.784504094	0.781163224	0.77843372	0.776744382	0.774566477	0.770074583	0.763026522	0.753186269	0.741835329	0.73066361	0.720453986	0.71133998	0.704597248	0.699585466	0.698685718	0.702068067	0.699529648	0.678471842	0.64096865	0.597434654	0.553915332	0.513171097	0.476979466	0.443923538	0.416898227	0.392743453	0.37261789	0.356244266
11	0.219637414	0.229779722	0.243327349	0.25450363	0.258942574	0.258600425	0.255877745	0.250848766	0.245456673	0.239924009	0.234611384	0.22927236	0.223424668	0.21796856	0.21402022	0.21227307	0.213040936	0.218932638	0.235742203	0.265693147	0.302860572	0.338601278	0.368721239	0.394149636	0.413612638	0.420125978	0.413206094	0.396850244	0.379399159	0.366417154	0.358795993	0.354339114	0.351169363	0.346633533	0.34213317	0.341567009	0.347318525	0.360744641	0.384339867	0.415100189	0.448109137	0.479408058	0.506097301	0.534722911	0.576307359	0.631053867	0.690399963	0.74007809	0.770548615	0.78823081	0.798239663	0.802805382	0.803790416	0.803434746	0.800341175	0.796472686	0.792941235	0.787902076	0.783432954	0.780195658	0.777650344	0.775971081	0.773562618	0.768950946	0.761973307	0.75230258	0.741094349	0.730013292	0.719885378	0.71056406	0.703685519	0.698724364	0.697862847	0.701177705	0.698431164	0.677389636	0.639886414	0.596429275	0.553113131	0.51217291	0.475604826	0.442739405	0.416020877	0.392054929	0.37211741	0.355029822
16	0.219699798	0.2299386	0.243474883	0.25455071	0.258917331	0.258521344	0.255787529	0.250803862	0.24528487	0.239811292	0.234501033	0.229151907	0.223193088	0.217800052	0.213850888	0.212040987	0.212906958	0.218801411	0.23560434	0.265562463	0.30281672	0.338431268	0.36848085	0.393856767	0.413219191	0.419749367	0.412971187	0.396670372	0.379227416	0.366124136	0.358481538	0.353940541	0.350766551	0.346336173	0.341847846	0.341285248	0.347102667	0.360699808	0.384319495	0.414953998	0.448002604	0.479324228	0.506089627	0.534781003	0.576430834	0.631265911	0.690684504	0.740268517	0.770505268	0.788051291	0.79798835	0.802433189	0.803365169	0.803039993	0.79985208	0.795906787	0.792397297	0.787388371	0.782847576	0.779680599	0.777273847	0.775577981	0.772959241	0.768250086	0.761164601	0.751541307	0.740392145	0.729402404	0.719313567	0.709936108	0.702954496	0.698066969	0.697381396	0.70072499	0.698130955	0.677294963	0.639647982	0.596399066	0.553061043	0.511929131	0.475825656	0.443030409	0.416242264	0.392176126	0.372397687	0.355392055
21	0.219745089	0.229964173	0.243492463	0.254466582	0.258866152	0.258539296	0.255841725	0.250860882	0.245395135	0.239917392	0.234540068	0.229266926	0.223295021	0.217860689	0.21386727	0.212109092	0.212867782	0.218847958	0.235582913	0.265564615	0.302740676	0.338408533	0.368535256	0.393793644	0.413293341	0.41981307	0.413061664	0.396777298	0.379317868	0.366152473	0.358485437	0.353920444	0.350710519	0.346300495	0.34181919	0.341243829	0.347015387	0.360706354	0.38423531	0.414942457	0.448015264	0.479212505	0.505953451	0.534574519	0.576223028	0.630939135	0.690244935	0.739810321	0.770254133	0.78787495	0.7978321	0.802312611	0.803510824	0.803125697	0.799870186	0.795874419	0.792415948	0.78741759	0.782986547	0.779831903	0.77739858	0.775630052	0.773066808	0.768392835	0.761365517	0.751612148	0.740552412	0.729658474	0.719556046	0.710135763	0.703147454	0.698176808	0.697472162	0.700768225	0.698288833	0.677201783	0.639807785	0.596555564	0.553218576	0.512349081	0.476017757	0.443486524	0.416632803	0.391837551	0.372887719	0.355481583
26	0.219166769	0.229366393	0.24298114	0.253940645	0.258265217	0.257912245	0.255226408	0.250251401	0.244840607	0.239429806	0.234016844	0.228763438	0.222812863	0.217297123	0.213268213	0.211469537	0.212229587	0.218213682	0.23507601	0.265048899	0.30232776	0.33793261	0.368179514	0.393498734	0.413044159	0.419606567	0.412827145	0.39653405	0.379014202	0.365747015	0.358084185	0.353537476	0.350337711	0.346062505	0.341542869	0.340932316	0.34668517	0.360407202	0.38401949	0.414710098	0.44787672	0.479159095	0.505912761	0.534634899	0.576370807	0.631196883	0.690703352	0.74051948	0.770954933	0.788622219	0.798569167	0.802984876	0.804241991	0.804023987	0.800720804	0.796628781	0.793042932	0.78811363	0.783671397	0.780541569	0.778088576	0.776382097	0.773780888	0.769131875	0.762012998	0.752189349	0.740950889	0.730039007	0.720058347	0.7106573	0.703670816	0.69857761	0.697927623	0.701364006	0.698670977	0.677619711	0.639913976	0.59646056	0.552771419	0.512194709	0.475385074	0.442512427	0.416099131	0.39193582	0.371988905	0.355105179
31	0.219201722	0.229370609	0.243084712	0.253986396	0.258388824	0.257925378	0.255282339	0.250334684	0.244903137	0.239457839	0.234014189	0.228786499	0.222812272	0.217362756	0.213389792	0.211543894	0.212297306	0.218301829	0.235050694	0.265044816	0.302253187	0.337852708	0.368128108	0.393442313	0.413038717	0.419551643	0.412674219	0.396497341	0.378986306	0.365728081	0.358050492	0.353464936	0.350229589	0.345954867	0.341395721	0.340819374	0.346658832	0.360393124	0.384016904	0.41461659	0.44784946	0.479115356	0.50587274	0.534617242	0.57632633	0.631083214	0.690541801	0.740389142	0.77088969	0.788618562	0.79856685	0.803056012	0.80441087	0.804059418	0.800752229	0.796681023	0.793110527	0.788146529	0.783812861	0.780760379	0.77822863	0.77640421	0.773818486	0.769159958	0.762162037	0.752274671	0.741232592	0.730266693	0.720126971	0.710701096	0.703600946	0.698707376	0.698015983	0.701348838	0.698598917	0.67750383	0.639960519	0.596518953	0.553017767	0.512660653	0.475977742	0.443020596	0.416296763	0.392326981	0.371999571	0.354960304
36	0.219364149	0.229603524	0.243182711	0.254086209	0.258532622	0.258054183	0.255360889	0.250438599	0.244996551	0.239560619	0.234147468	0.228753026	0.22288593	0.217457172	0.213507871	0.211695874	0.21240904	0.218359961	0.235129857	0.265084362	0.302314276	0.337910767	0.36802646	0.393283296	0.412880087	0.419410491	0.412665236	0.396458819	0.378901921	0.365608932	0.357937084	0.353376987	0.350058742	0.345931302	0.341354319	0.340778749	0.346586108	0.360326692	0.383879342	0.41455651	0.447748047	0.47892499	0.505631236	0.5343606	0.576097909	0.630801281	0.690111531	0.739842547	0.77025599	0.787843884	0.797788471	0.802208774	0.80343779	0.803096201	0.79990709	0.795872138	0.792251433	0.787252059	0.782902341	0.779899859	0.777439371	0.775688764	0.772930849	0.768281313	0.761214641	0.751360092	0.740305647	0.729375389	0.719391262	0.710010772	0.702899477	0.698035321	0.697447149	0.700869613	0.698399197	0.677360699	0.639782284	0.596430901	0.552729074	0.512340279	0.476025674	0.443210117	0.416503854	0.392422069	0.372181698	0.355351857
41	0.219399662	0.229639078	0.243335834	0.254149729	0.258503661	0.257994175	0.255265438	0.250277375	0.244887766	0.239415489	0.23396186	0.228697704	0.222792982	0.217324995	0.213434043	0.211463316	0.212326122	0.218289413	0.235075266	0.265030659	0.302133439	0.337722485	0.367845466	0.393038831	0.41261233	0.419146039	0.412372945	0.396190465	0.378652956	0.365371623	0.357670222	0.353102231	0.349787825	0.34566501	0.341087774	0.34055597	0.346386346	0.360169296	0.38377117	0.414430991	0.447693048	0.478881536	0.505606689	0.534433223	0.576209349	0.630995616	0.690441107	0.740121303	0.770480402	0.788084837	0.797967181	0.802396298	0.803693126	0.803270255	0.799947338	0.795898234	0.792355961	0.787347621	0.78302057	0.779961347	0.777493684	0.775747732	0.772928878	0.768197033	0.761211046	0.751324851	0.740353947	0.729418878	0.719256961	0.709863387	0.702787093	0.697928286	0.697328059	0.700752636	0.698237018	0.677272226	0.639665067	0.59638749	0.552849734	0.512753986	0.475844751	0.44331564	0.416359488	0.391497267	0.372259551	0.355391477
46	0.219845844	0.230038133	0.243650911	0.25449248	0.258770706	0.258304067	0.25541146	0.250646345	0.245119954	0.239642858	0.234137165	0.228909985	0.222940406	0.21749776	0.213554038	0.211612647	0.212507087	0.218534603	0.235310471	0.265249615	0.302528411	0.338078088	0.368131825	0.393311512	0.41300026	0.419482445	0.412728798	0.396546498	0.379010469	0.36557871	0.357870573	0.353290734	0.349953975	0.345843211	0.341304368	0.340754899	0.346623165	0.360450097	0.384117621	0.414874361	0.448233192	0.479419945	0.506227601	0.535162422	0.577182138	0.632083712	0.691586179	0.741327091	0.771609349	0.789109259	0.798979475	0.803341386	0.804587979	0.804214539	0.800790488	0.796614105	0.792965713	0.787950519	0.78364396	0.780645673	0.77814836	0.776233559	0.773568777	0.768913195	0.761788894	0.751826534	0.740717385	0.729825971	0.719745303	0.710267313	0.703161439	0.698233424	0.697694672	0.70111018	0.698565805	0.677572505	0.640033102	0.596328555	0.552969222	0.512718717	0.475979018	0.443353891	0.416642023	0.392628513	0.372058797	0.35503126
2	0.158911243	0.164313673	0.170711058	0.175741644	0.177210751	0.175315774	0.172316169	0.168127364	0.163961972	0.159731634	0.155788189	0.151793376	0.147428947	0.143310106	0.140141948	0.138104982	0.137680738	0.140052147	0.148230508	0.164119867	0.184468473	0.202747704	0.216688808	0.228207281	0.237418126	0.240747446	0.236907324	0.227763787	0.21783185	0.21043229	0.205780367	0.202994131	0.200620048	0.19713671	0.195080111	0.195534239	0.199351794	0.207318146	0.221083174	0.237689654	0.254622663	0.270704494	0.284963424	0.302490444	0.329883747	0.366468037	0.405787221	0.439752741	0.462250421	0.476172736	0.484099844	0.48699579	0.486330576	0.483869847	0.47872272	0.472690192	0.467660007	0.462445442	0.457647954	0.454241794	0.451479843	0.449466244	0.447318878	0.443630167	0.438050988	0.430376081	0.421734106	0.413592663	0.406455414	0.400340366	0.396396553	0.392938086	0.392388178	0.396295688	0.399761904	0.3962973	0.383569561	0.36692904	0.348421791	0.3309128	0.314219422	0.298383413	0.285089106	0.272082467	0.261329379	0.251357
7	0.157741545	0.163116766	0.169601315	0.174746979	0.175957351	0.174052342	0.171122326	0.166858167	0.162607112	0.15843347	0.154543204	0.150733991	0.146300339	0.142030081	0.13882042	0.136957298	0.136539533	0.138937319	0.147041636	0.163065102	0.183481922	0.201635656	0.215594742	0.226960756	0.236280964	0.239678502	0.235758609	0.226477056	0.216581801	0.209259228	0.204682745	0.201727283	0.199432735	0.196165258	0.19395765	0.194227713	0.198105977	0.206211687	0.22011922	0.236766116	0.253692315	0.269804635	0.284173671	0.301762649	0.329232566	0.36588772	0.40535567	0.43918122	0.46120961	0.474823451	0.482559511	0.485403987	0.484764873	0.482292011	0.476974974	0.470979592	0.466054242	0.460552936	0.455728167	0.452456152	0.449722049	0.44778358	0.445585762	0.441839621	0.436279983	0.428604788	0.420024614	0.411996917	0.404888182	0.398821438	0.39474368	0.391224527	0.390806773	0.394703607	0.398043455	0.394317339	0.381781336	0.365129043	0.347031618	0.32901605	0.31235431	0.296514502	0.28340565	0.270378065	0.259852828	0.249834731
12	0.158287991	0.16384427	0.170171513	0.175128779	0.176237169	0.174573881	0.171605664	0.167162405	0.162958498	0.158798061	0.15493196	0.151117842	0.14668183	0.142299419	0.139041071	0.137228431	0.136721305	0.138963068	0.147115543	0.163191878	0.183577875	0.20162029	0.215599931	0.226926537	0.236220858	0.239572175	0.235685168	0.226382392	0.216487751	0.209175619	0.204570963	0.201453339	0.199190865	0.196227348	0.1938948	0.193975929	0.197863695	0.206223743	0.220082945	0.236658623	0.253583039	0.269698033	0.284081128	0.301628885	0.329126198	0.365620011	0.404953012	0.438731476	0.460737429	0.474204183	0.48174026	0.484487511	0.483866625	0.48130418	0.475909074	0.469925469	0.465006481	0.45940582	0.454679578	0.451448344	0.448867173	0.44696559	0.44456695	0.440681609	0.435177993	0.42754336	0.419081679	0.411052358	0.403986562	0.397937119	0.393627006	0.390084778	0.389848036	0.393932271	0.397388816	0.393669315	0.381361669	0.364913945	0.346961475	0.329135429	0.312593806	0.296791259	0.283684426	0.271140751	0.260432064	0.250536433
17	0.156755777	0.162199334	0.168778081	0.173535627	0.174710582	0.173029075	0.16999306	0.165597552	0.16132234	0.157270558	0.153265441	0.149502348	0.145061277	0.140810603	0.137521279	0.135549371	0.135217285	0.137462256	0.145603074	0.161769297	0.182103878	0.200190294	0.214112231	0.225405779	0.234807225	0.23812049	0.234257407	0.225038351	0.215168549	0.207729934	0.203162995	0.199953931	0.197648403	0.194872098	0.192490472	0.192564253	0.196507585	0.204950448	0.218793228	0.23536796	0.252369937	0.268483455	0.282894756	0.300479305	0.328059179	0.364633062	0.404007746	0.437798849	0.45974818	0.473211168	0.480684228	0.483333014	0.482801331	0.480099006	0.474668677	0.468616461	0.463724651	0.458162749	0.453477512	0.450271939	0.447693368	0.445844472	0.443296993	0.439342572	0.433834263	0.426134937	0.417712965	0.409769942	0.402732489	0.396602643	0.392277729	0.388784425	0.38856768	0.392680138	0.396124188	0.39242269	0.379851558	0.36336423	0.345396186	0.327709201	0.310838459	0.295780797	0.282167042	0.270102951	0.258797967	0.249050007
22	0.156410736	0.161894251	0.168442484	0.173256755	0.174336534	0.172655397	0.169380475	0.165102241	0.160941873	0.156903381	0.152878053	0.149180811	0.144764113	0.140446271	0.137093973	0.135132568	0.134811033	0.137122096	0.145247997	0.161318869	0.181694804	0.19972527	0.213701761	0.224923781	0.234343433	0.237707063	0.233798287	0.224663204	0.214833739	0.2072302	0.202723846	0.199496354	0.197134824	0.194435872	0.192088934	0.192134464	0.196105996	0.204576775	0.218380385	0.234939691	0.251982782	0.268023495	0.282424398	0.300052719	0.327606884	0.364075699	0.403459712	0.437207421	0.459082496	0.472531363	0.479977574	0.482614215	0.482131605	0.479501751	0.473988606	0.467966962	0.463058813	0.457475259	0.452870133	0.449646742	0.447075289	0.445214327	0.442658653	0.438724365	0.433237687	0.425517923	0.417161381	0.409207139	0.402189967	0.396065694	0.391652171	0.3881064	0.387931095	0.39199118	0.395354063	0.391733092	0.379317824	0.362864003	0.344751848	0.326958934	0.310159095	0.294726392	0.281597073	0.268798204	0.258079678	0.248295861
27	0.155639003	0.161310642	0.167718254	0.172536307	0.173615093	0.171954754	0.168809349	0.164458294	0.160299322	0.156234468	0.152226396	0.1485833	0.144063264	0.139787432	0.136487604	0.134505017	0.134156033	0.136447664	0.144614707	0.160739458	0.18108129	0.199067988	0.213070026	0.224328241	0.233727473	0.237077303	0.233246089	0.22409829	0.214235675	0.206664104	0.202048193	0.198821251	0.196469351	0.193879589	0.191446273	0.191555413	0.195516968	0.203994758	0.217841731	0.234411916	0.251411971	0.267447451	0.281867389	0.299484932	0.327058395	0.363564858	0.402904115	0.436651773	0.458641036	0.472083768	0.479525127	0.48214445	0.481788755	0.479137595	0.473541918	0.467545331	0.462619609	0.456997276	0.452480543	0.449338187	0.446727477	0.44485571	0.442310026	0.438367868	0.432803837	0.425063985	0.416644141	0.408806387	0.401846882	0.395674544	0.391166502	0.387713949	0.387591397	0.391635649	0.395185991	0.391367315	0.378963477	0.362227121	0.343979344	0.326358741	0.309461265	0.294185226	0.281104344	0.2685098	0.257303177	0.247591688
32	0.155859343	0.161487697	0.167757152	0.172605697	0.173663386	0.172009284	0.168704008	0.164558011	0.16034071	0.1562849	0.152237211	0.148591975	0.144133363	0.139779664	0.136553294	0.134590163	0.134115567	0.136527571	0.144684133	0.16074731	0.181081704	0.199081373	0.213057428	0.224237624	0.23369545	0.236983294	0.233200237	0.224096383	0.214233031	0.2066629	0.202058225	0.198763242	0.196375231	0.19380163	0.191390891	0.191478501	0.195447541	0.204007196	0.21789779	0.234400431	0.251494369	0.267504079	0.281954912	0.299573274	0.327209439	0.363722144	0.402972577	0.436662232	0.458617651	0.472009907	0.479400743	0.482043217	0.48163884	0.47895165	0.473407797	0.467331522	0.462295932	0.456790149	0.452221692	0.449095075	0.446598287	0.444633395	0.441998784	0.438047928	0.432580883	0.42474453	0.416441393	0.408589061	0.401626431	0.395485388	0.390954382	0.387456188	0.387289776	0.39143928	0.394888801	0.391185877	0.378777663	0.36209264	0.343878226	0.326082668	0.310111392	0.294372979	0.281019131	0.268958861	0.257771735	0.247919195
37	0.156065958	0.161633599	0.168145955	0.172864987	0.173938444	0.172181689	0.168869421	0.164729288	0.160533408	0.156477755	0.152425994	0.148782153	0.144279829	0.139914271	0.136610197	0.134541267	0.13421636	0.136548848	0.144663472	0.160724761	0.180919579	0.198905637	0.212915145	0.224067164	0.233484498	0.236772741	0.232988326	0.223892999	0.214006914	0.206357781	0.201730519	0.198471534	0.196093573	0.193522071	0.191113123	0.191206252	0.195155975	0.203645794	0.217470475	0.234044755	0.251103195	0.267011959	0.281374035	0.299005672	0.326577369	0.363019518	0.402261873	0.436009995	0.457936536	0.471384213	0.478790459	0.481437405	0.481070022	0.478335884	0.472712068	0.466663384	0.461671491	0.45606151	0.451615153	0.448542092	0.445902284	0.444019301	0.44137196	0.437366625	0.431920828	0.424129671	0.415745477	0.407929004	0.400951648	0.394765466	0.390319274	0.386822542	0.386739536	0.390865601	0.394337392	0.390748997	0.378366661	0.361793839	0.343727571	0.32613907	0.309860961	0.294515564	0.281175654	0.268868499	0.258035943	0.248066141
42	0.155745858	0.161336209	0.167838628	0.172496259	0.173560025	0.171783639	0.168607428	0.164328491	0.160118102	0.156030301	0.152088535	0.148346479	0.143883025	0.139517202	0.136276762	0.134278705	0.13391595	0.136259402	0.144371527	0.160393948	0.180634646	0.198585283	0.212526164	0.223628427	0.233091338	0.236398861	0.232551402	0.223526324	0.213645515	0.206016935	0.201406927	0.198088151	0.195649244	0.193129614	0.190732782	0.190834889	0.194760063	0.203320141	0.217152518	0.233654808	0.250790246	0.266740526	0.281065417	0.298688297	0.32628515	0.362602081	0.401780924	0.435476217	0.457380112	0.47070121	0.478065348	0.480613727	0.480286935	0.477579522	0.471970112	0.465904762	0.460914974	0.455298711	0.450823288	0.447792679	0.445203135	0.443248652	0.440563216	0.436633969	0.431091578	0.423323202	0.415038085	0.40731755	0.400358028	0.394149448	0.389697079	0.386248723	0.386199885	0.390312424	0.393872257	0.390348251	0.378009434	0.361527856	0.34350178	0.325666808	0.309514178	0.294278186	0.280950646	0.268245641	0.25747883	0.247659421
47	0.155982333	0.161614198	0.167948396	0.172679122	0.17366626	0.171874572	0.168737056	0.164478943	0.160276504	0.156176567	0.152213948	0.148458293	0.144043927	0.139687055	0.136372365	0.134308842	0.13400312	0.136299291	0.144428451	0.160435894	0.180633715	0.198490834	0.212417707	0.223485269	0.232962049	0.236213984	0.232414603	0.223432459	0.213511688	0.20581629	0.201194035	0.197901236	0.195500172	0.192932012	0.190555436	0.190643144	0.194574631	0.203147875	0.216963243	0.23344705	0.250581272	0.266507882	0.280865305	0.298452402	0.326015161	0.362422435	0.401571922	0.435262736	0.457162598	0.470470916	0.477764679	0.480349861	0.479982285	0.477228447	0.471556636	0.465451085	0.460389028	0.45477539	0.450363017	0.447318313	0.444751483	0.442771093	0.440090572	0.436168573	0.430668856	0.422840613	0.414528221	0.406740736	0.399755978	0.393569161	0.389130605	0.385727209	0.385685421	0.389903532	0.393460739	0.389937651	0.37764939	0.361071467	0.343486157	0.325496612	0.30960151	0.294188736	0.280349171	0.26869532	0.25755259	0.248009291
3	0.175447543	0.17866731	0.183640585	0.188123491	0.189259004	0.187353402	0.184793561	0.181016197	0.177240738	0.173309348	0.169510587	0.165665926	0.161358601	0.156928518	0.153231909	0.150445965	0.149125015	0.150374519	0.156276928	0.168139962	0.184201641	0.200051908	0.213315197	0.22473048	0.233705172	0.236687558	0.232896777	0.223872723	0.214105472	0.206691172	0.201970539	0.199140111	0.196693577	0.192716355	0.189581672	0.188611493	0.190622123	0.196418278	0.208048501	0.223369997	0.240038341	0.256102658	0.269460082	0.283769314	0.306082761	0.337923993	0.375312155	0.410572922	0.435230669	0.450772606	0.459733524	0.463273824	0.463575087	0.462539184	0.458823737	0.454073384	0.450287345	0.445890067	0.441788222	0.439111173	0.437022011	0.435901604	0.434353038	0.43097177	0.425628293	0.418069289	0.40947946	0.401382228	0.394215087	0.38813333	0.384342377	0.381387841	0.381723503	0.38695963	0.39237984	0.390930989	0.380935537	0.367084254	0.351565877	0.336361032	0.322042374	0.308562776	0.296716144	0.285482913	0.275547477	0.267014605
8	0.175687437	0.179116365	0.18398443	0.188368883	0.189263994	0.1875427	0.184927367	0.180883303	0.177076451	0.17321625	0.169424288	0.16574882	0.161321899	0.156781218	0.152971767	0.150382724	0.149117262	0.150162316	0.155893631	0.167915917	0.183926998	0.199667482	0.212869566	0.224110133	0.233090049	0.23626275	0.232281126	0.223080434	0.213326865	0.206037725	0.201323918	0.198298765	0.195946137	0.192238638	0.18893266	0.187634621	0.189708047	0.195682937	0.207360488	0.222668408	0.239270428	0.25533258	0.268749961	0.283148876	0.305510173	0.337285596	0.374681824	0.409899252	0.43421116	0.449440393	0.458264104	0.461802795	0.46201158	0.460816923	0.456945677	0.452324377	0.448491968	0.443901127	0.439755259	0.437120899	0.435085228	0.433933114	0.432323436	0.428929481	0.423650629	0.416063969	0.407523852	0.399453117	0.3924116	0.386391522	0.38237376	0.379328327	0.379886554	0.38533967	0.390736939	0.389289212	0.379539846	0.36594093	0.350883365	0.335700331	0.321794686	0.308526707	0.296938666	0.285736277	0.276008902	0.267023051
13	0.177327054	0.180692231	0.185415765	0.189802352	0.190684107	0.18897389	0.18629244	0.18230327	0.178350574	0.174510075	0.17080294	0.167147004	0.162676194	0.158000075	0.154121624	0.151564156	0.150250308	0.151292074	0.156989672	0.169060292	0.185057554	0.200727954	0.213986822	0.225184398	0.234295073	0.237303695	0.233346638	0.224205469	0.214423957	0.207012006	0.202290296	0.199090478	0.196684229	0.193324452	0.189859079	0.188490224	0.190531284	0.196592929	0.208340323	0.223638955	0.240304947	0.25633855	0.269822348	0.284153117	0.306540298	0.338358987	0.375884362	0.411009108	0.435227229	0.450534824	0.459203474	0.462635875	0.462978025	0.461773436	0.45780469	0.453210756	0.44941258	0.444778551	0.440687686	0.438097587	0.436158985	0.435062851	0.433330908	0.429815536	0.424446656	0.416910078	0.408432207	0.40044243	0.393354687	0.387223401	0.383065425	0.380015352	0.380709466	0.386252226	0.391669993	0.390149725	0.380302325	0.366984816	0.351827458	0.336838433	0.322687008	0.309435295	0.298240225	0.287253026	0.276886915	0.268321186
18	0.17712097	0.180340206	0.185277386	0.189413177	0.190166643	0.18859958	0.185870821	0.18183147	0.178048868	0.174277363	0.170491347	0.166829121	0.162313909	0.157677372	0.153832086	0.151172555	0.149851513	0.150877337	0.156612259	0.168636263	0.184463561	0.200077388	0.213323841	0.224430468	0.233551416	0.236450432	0.2325759	0.223582092	0.213813042	0.206346662	0.201643468	0.198350552	0.19596212	0.19267874	0.189216888	0.187789644	0.189865345	0.196012174	0.207676852	0.222844028	0.239461866	0.255436211	0.268896028	0.283230832	0.305592106	0.337245074	0.374651964	0.409803409	0.43398027	0.449164285	0.457772284	0.461157127	0.46155508	0.460276243	0.456283645	0.451635906	0.447822944	0.443203014	0.439179957	0.436611992	0.434677955	0.433533973	0.431696616	0.428206825	0.422928801	0.415330348	0.406913461	0.398980193	0.391955926	0.385751391	0.381595929	0.378551095	0.379237383	0.384814223	0.390209482	0.388771474	0.378999602	0.365675082	0.350738093	0.335685068	0.322333872	0.308776717	0.297221414	0.286663542	0.276382068	0.267705694
23	0.178589836	0.181710231	0.186992854	0.190857894	0.191681357	0.189980794	0.187181817	0.183236903	0.179363666	0.175628365	0.17181323	0.168077536	0.163560236	0.158881393	0.154920455	0.152279677	0.150992975	0.152094203	0.157798763	0.169876036	0.185813731	0.201468842	0.214741912	0.225873135	0.234937842	0.237969676	0.234094876	0.225063936	0.215275186	0.207647735	0.202954877	0.199608384	0.197131464	0.193978416	0.190524241	0.189100012	0.191183813	0.197394842	0.209119398	0.224366082	0.24109953	0.257101736	0.270582482	0.284961367	0.307464488	0.339205682	0.376655448	0.411787568	0.436016471	0.451197396	0.4597523	0.463075834	0.463487223	0.462227661	0.458178284	0.453493834	0.44972388	0.445007164	0.441112333	0.438572757	0.4366526	0.435615655	0.43369989	0.430004412	0.424688062	0.417109622	0.408697856	0.400809696	0.393839019	0.387654896	0.383278202	0.380276831	0.381107117	0.38673796	0.392242044	0.390850321	0.381053129	0.367533589	0.352609105	0.337736421	0.323623728	0.310535464	0.299378147	0.288190653	0.278076921	0.269667767
28	0.17675072	0.17999856	0.185031488	0.18917167	0.189854874	0.188173643	0.185366504	0.181493576	0.177630004	0.173831713	0.170081256	0.166278818	0.161778777	0.15717439	0.153218497	0.150555741	0.149278736	0.150344674	0.15610598	0.168230648	0.184161247	0.199801133	0.213129214	0.224215422	0.233409888	0.236371169	0.232520144	0.223528651	0.213647396	0.206060037	0.201282469	0.197924318	0.195441498	0.192380057	0.188938846	0.187487201	0.189586031	0.195881586	0.207634213	0.222870547	0.239646769	0.255610522	0.269153111	0.283602797	0.306125074	0.337965612	0.375457529	0.410773297	0.435070071	0.450329291	0.45884679	0.462222989	0.462738198	0.46142751	0.457370247	0.452656509	0.44880572	0.44414276	0.440269713	0.437742843	0.43584629	0.4347181	0.432712819	0.429053373	0.423724563	0.416163096	0.40774188	0.399859488	0.392896147	0.386649674	0.382205941	0.379279063	0.379998028	0.385625283	0.391143904	0.389543587	0.379853509	0.366169529	0.351159133	0.335928796	0.321679563	0.308710289	0.297666562	0.286435262	0.276634534	0.267861372
33	0.177636278	0.181026836	0.185899714	0.190175403	0.190854289	0.189077099	0.186235154	0.18226624	0.178416102	0.174678613	0.170794787	0.167074161	0.16258464	0.157904294	0.15400484	0.151306907	0.150031085	0.151064666	0.156850254	0.168862276	0.184877787	0.200466829	0.213798494	0.224873663	0.234094797	0.237103626	0.233181675	0.224170544	0.214382725	0.206593961	0.201905968	0.198494303	0.195955119	0.192902942	0.189399539	0.188045501	0.190153532	0.196498045	0.208218845	0.223477155	0.240338642	0.256367651	0.269908564	0.284390748	0.307050823	0.338798736	0.376283858	0.411515269	0.43578768	0.450977696	0.459491219	0.462802169	0.463277969	0.461930287	0.457837388	0.453143251	0.449280093	0.444548942	0.440723127	0.438150687	0.436272813	0.435097062	0.433149505	0.429494394	0.424160035	0.416483519	0.408117733	0.400287242	0.393350908	0.387123381	0.382646196	0.379646127	0.380476389	0.386121872	0.391612425	0.390181791	0.380433709	0.366755321	0.351834621	0.336664606	0.322856713	0.309693742	0.298109975	0.287097372	0.277082946	0.268636426
38	0.176890167	0.180047508	0.185286901	0.189246082	0.190065235	0.188378819	0.185539914	0.181525559	0.177658204	0.173965358	0.170036826	0.166433147	0.161955681	0.157187579	0.153362643	0.150582185	0.149408298	0.150479493	0.156198031	0.168215881	0.184299602	0.199897503	0.213244453	0.224325216	0.233556342	0.236593395	0.232754254	0.223763945	0.21392481	0.206181604	0.201425686	0.198087949	0.195552071	0.192531142	0.189072531	0.18766496	0.189810914	0.196170301	0.207852816	0.223151065	0.240004684	0.255958018	0.26947448	0.283934443	0.306586893	0.338354329	0.375826073	0.411108416	0.435419302	0.45057679	0.4591019	0.462435119	0.462989735	0.461641318	0.457496278	0.452803438	0.448900424	0.444228325	0.4404149	0.437928093	0.436045335	0.434937459	0.43287549	0.429235701	0.42392919	0.416211953	0.407878227	0.400021294	0.393074793	0.38685122	0.382385548	0.379415459	0.38013061	0.385785669	0.391317624	0.389713165	0.380029643	0.366395888	0.351232145	0.336227339	0.322291396	0.308747039	0.297353536	0.286595462	0.276867809	0.267942591
43	0.176596513	0.17985182	0.184813209	0.1889001	0.189598589	0.187879786	0.184923237	0.181093989	0.177219554	0.173469321	0.169588739	0.165901952	0.161428829	0.156730012	0.152868778	0.150091651	0.148879769	0.149922657	0.155655041	0.167638082	0.183581639	0.199084005	0.212399489	0.223356277	0.232579926	0.235607693	0.231743399	0.222850856	0.213056124	0.205232844	0.200557392	0.197138331	0.19454339	0.191568581	0.188151433	0.186811806	0.188871531	0.195195966	0.206912199	0.222080451	0.238923341	0.254844683	0.268348857	0.282812321	0.305388229	0.337091834	0.374437967	0.409493166	0.433659961	0.448709117	0.457142884	0.460493167	0.461005264	0.459522486	0.455370997	0.450677043	0.446838057	0.442035123	0.438213763	0.435822762	0.433875275	0.432695134	0.430648385	0.427031075	0.42173608	0.414005046	0.405743065	0.397994978	0.390950129	0.384784653	0.380279965	0.377287237	0.378137338	0.383800743	0.389386409	0.388054701	0.378466123	0.365136082	0.349946641	0.334913786	0.321361059	0.307869613	0.296763438	0.286291216	0.27633717	0.267436713
48	0.176292024	0.179639609	0.184678008	0.18878982	0.18942442	0.187792225	0.18485648	0.180965281	0.177059334	0.173328295	0.169506639	0.16591452	0.161325681	0.156631361	0.152765688	0.150081495	0.148811672	0.149925921	0.155641732	0.167640477	0.183588947	0.199161433	0.212459136	0.223477358	0.232718649	0.235733449	0.231850147	0.2229622	0.213184409	0.205384719	0.200708639	0.197326258	0.19470336	0.191815792	0.188255075	0.186908062	0.189044718	0.195408176	0.207094172	0.22228167	0.239164491	0.255056163	0.268500313	0.282966281	0.305554354	0.337249936	0.374562042	0.409677714	0.433937874	0.449017932	0.457383682	0.460672239	0.461261583	0.459827956	0.45565478	0.450955126	0.447107422	0.442399176	0.438589566	0.436103272	0.434201301	0.433038484	0.430976722	0.427426297	0.422099944	0.414379382	0.406058306	0.398291287	0.391364365	0.385080328	0.380628995	0.37762952	0.378444528	0.384045728	0.389378462	0.388060228	0.378369224	0.364838535	0.349793101	0.334916116	0.321047684	0.307559725	0.295889418	0.286130865	0.275731606	0.267017401
4	0.210268936	0.213682877	0.21764332	0.220599991	0.220535036	0.217233047	0.213311346	0.20833024	0.203398143	0.19846376	0.193738665	0.189059046	0.184084758	0.17925424	0.175457366	0.172664455	0.17133768	0.172865131	0.180034393	0.19475522	0.213730959	0.230730184	0.243870414	0.254568857	0.262680922	0.2647793	0.260018468	0.250341043	0.24030494	0.232834208	0.22792857	0.224909985	0.222430287	0.218935361	0.216772636	0.217174232	0.221106968	0.229179953	0.243017456	0.259665717	0.276545707	0.292614113	0.307293493	0.325723818	0.354696587	0.39260104	0.43197972	0.464950213	0.48601622	0.498923324	0.506399843	0.509130513	0.508402075	0.506063491	0.501008473	0.494937228	0.490110591	0.48479093	0.479808735	0.476153917	0.473030407	0.470760277	0.468333299	0.464513904	0.458971173	0.45136639	0.442946025	0.434861016	0.427702454	0.421573034	0.417614634	0.414444672	0.414451514	0.418950433	0.423731744	0.421970109	0.412312625	0.399182324	0.384946896	0.371048336	0.357079007	0.343927377	0.332633407	0.32036524	0.310876712	0.301846909
9	0.210473219	0.213765132	0.217875555	0.220821756	0.220425586	0.217350732	0.213431609	0.208265813	0.203344011	0.198516398	0.193809273	0.189317172	0.184240158	0.179258465	0.175292687	0.17270815	0.17145398	0.172803972	0.1798869	0.194692735	0.213604449	0.230464195	0.2435582	0.254049365	0.262220076	0.264384666	0.259544527	0.249835924	0.239806653	0.232406099	0.227538335	0.22429328	0.221916882	0.218699863	0.216284621	0.216464735	0.220386558	0.228676707	0.242583935	0.259161436	0.275956428	0.29203576	0.306706823	0.325226645	0.354101967	0.391771204	0.43114542	0.464007706	0.484836425	0.497547621	0.504832895	0.507549995	0.50692914	0.504448662	0.499117339	0.493230644	0.488475901	0.482963671	0.477950134	0.474442196	0.471375652	0.469125017	0.466689836	0.462737674	0.457173256	0.449584796	0.441110747	0.433152403	0.426095654	0.419996883	0.415760816	0.41245874	0.412675162	0.417471561	0.422290703	0.420539248	0.410984392	0.398384459	0.384220296	0.370140146	0.356667839	0.343553172	0.332784703	0.320775283	0.310706972	0.301791233
14	0.214218691	0.217514279	0.221304052	0.224235603	0.223768377	0.22079866	0.216808524	0.211565895	0.206522112	0.201678114	0.196976242	0.192466802	0.187301909	0.182331104	0.178304279	0.175727727	0.174368999	0.17580403	0.182850873	0.197672643	0.216602976	0.23344927	0.246587903	0.257078466	0.265308835	0.26735718	0.262477338	0.252755165	0.242693358	0.235130459	0.230268161	0.226906697	0.224507739	0.221474593	0.219033298	0.219102864	0.223066195	0.231428668	0.245264873	0.261850375	0.278758636	0.294891478	0.309588824	0.32801373	0.356949513	0.394612282	0.433997765	0.466756421	0.487452886	0.500100422	0.507349566	0.50998439	0.509355052	0.506779564	0.501404435	0.495448108	0.490636921	0.485032926	0.480129575	0.476649984	0.473601222	0.471357194	0.468844086	0.464856763	0.459306121	0.451722753	0.443352083	0.435512603	0.428539365	0.422344279	0.417975505	0.414648652	0.414897999	0.419852162	0.424570675	0.422919271	0.413651635	0.400957696	0.386838999	0.37308043	0.35914354	0.346265604	0.335405178	0.323493659	0.314174783	0.305355754
19	0.212882689	0.216180842	0.220189698	0.222901266	0.222449987	0.219520174	0.215531223	0.2102422	0.20534016	0.200610886	0.195843798	0.19137773	0.186177797	0.181167799	0.177123502	0.17451467	0.173248409	0.174531057	0.181647149	0.196436708	0.21534101	0.232176024	0.245331091	0.255803624	0.26400191	0.266077743	0.261306244	0.251640547	0.241604918	0.234000613	0.22907519	0.225656512	0.22318814	0.22034659	0.217862217	0.217934631	0.221881502	0.230279779	0.24413297	0.260667589	0.277503944	0.293566208	0.308288641	0.32673119	0.3556529	0.393273729	0.432584261	0.465324383	0.486049903	0.498802822	0.50599884	0.508558233	0.508024327	0.505448107	0.500006302	0.494083684	0.489267762	0.48374605	0.478885692	0.475420029	0.472442564	0.470267829	0.46752864	0.463480884	0.457934151	0.450295758	0.441998672	0.434185197	0.427177816	0.42089588	0.416520362	0.413248887	0.413572887	0.418568664	0.423333247	0.421501426	0.4122065	0.399726627	0.385876306	0.371887747	0.358300272	0.345714441	0.334034652	0.323354464	0.312873857	0.304232533
24	0.213512196	0.216845344	0.220972728	0.223610554	0.223024856	0.220117788	0.2159625	0.210851389	0.205887702	0.201033183	0.196275322	0.191830732	0.186542895	0.181524314	0.177527528	0.174862641	0.173595046	0.174921762	0.182067626	0.196917772	0.215838588	0.23264745	0.24587234	0.256273782	0.264594097	0.266634184	0.261818283	0.252216898	0.242125969	0.234356028	0.229437	0.22597344	0.22348439	0.220738383	0.21819714	0.218318051	0.222261235	0.230726127	0.244656073	0.261192454	0.278145144	0.294211347	0.308997679	0.327461913	0.356495765	0.394149594	0.433535103	0.466403937	0.487157357	0.499870197	0.507010283	0.509470897	0.509066997	0.506480521	0.50097482	0.495024536	0.490110126	0.484472845	0.479708389	0.476231787	0.47324348	0.471055082	0.468310378	0.464242621	0.458674834	0.450914139	0.442652544	0.434799375	0.427827545	0.421545236	0.417009674	0.413743606	0.414083405	0.419090781	0.423997633	0.422358539	0.413034775	0.400351852	0.386429705	0.371848751	0.359084903	0.345806713	0.334722496	0.32377744	0.313483655	0.304271796
29	0.213657589	0.217005164	0.221136578	0.223704543	0.223145312	0.220187967	0.216049972	0.210936421	0.205964678	0.20118252	0.196430721	0.191895482	0.186713479	0.18163615	0.177561123	0.174927398	0.173666257	0.175065298	0.18207821	0.19693229	0.215858646	0.232646845	0.245899137	0.256263523	0.264585581	0.266634811	0.261857307	0.252240355	0.242098426	0.234287907	0.229393044	0.225886257	0.223430356	0.220707255	0.218190871	0.218230416	0.222180248	0.230720474	0.244568141	0.26111496	0.278087809	0.294099052	0.308846627	0.327384362	0.35638428	0.393989761	0.433355407	0.46607532	0.486892893	0.499611776	0.506741936	0.509330558	0.508868326	0.506229932	0.500752551	0.494793857	0.489935299	0.484397019	0.479606727	0.47617759	0.473211578	0.470944517	0.46822588	0.464164828	0.458580341	0.450869655	0.442581654	0.434847702	0.427884292	0.42157489	0.417081947	0.413761022	0.414173687	0.419095095	0.423974371	0.422439419	0.412947834	0.400269357	0.386185045	0.372149223	0.358838543	0.345794017	0.335221805	0.323336139	0.314286703	0.304788978
34	0.214831356	0.218055137	0.222263061	0.224820044	0.224256272	0.221284274	0.21707192	0.211874451	0.206951032	0.202125432	0.197390255	0.192969349	0.187679461	0.182597515	0.178596678	0.175839965	0.174636301	0.175994581	0.183021388	0.19786314	0.216814203	0.233668898	0.246854702	0.257220098	0.265597168	0.267636434	0.262797378	0.25317517	0.24309098	0.235141274	0.230302444	0.226774982	0.224234646	0.22157294	0.219004021	0.219021244	0.223020006	0.231588021	0.245478005	0.262034965	0.279050643	0.295075306	0.309835203	0.328365454	0.357403274	0.394935863	0.434246235	0.467034804	0.487795751	0.500484628	0.507548993	0.510140597	0.509794076	0.507124601	0.501643958	0.495594893	0.490707308	0.485128427	0.480435307	0.477024322	0.474089875	0.471799161	0.468941591	0.464889484	0.459314114	0.451592471	0.443347718	0.435622432	0.428626752	0.422420267	0.417871307	0.414561953	0.414990482	0.420048354	0.424957706	0.423327164	0.414008639	0.401331716	0.387582746	0.373147047	0.360300685	0.347051418	0.336102198	0.324807105	0.314677692	0.30612044
39	0.214842952	0.218157137	0.222122593	0.224772083	0.224173429	0.221218984	0.217082392	0.21180879	0.206799253	0.202027176	0.197297366	0.192806835	0.187590337	0.182514668	0.178507807	0.175745235	0.174495098	0.175862749	0.182941162	0.197680794	0.216541208	0.233413344	0.246620272	0.256858262	0.265215178	0.267267107	0.262489853	0.252896713	0.242794543	0.234901194	0.229998145	0.226479484	0.223859641	0.221217858	0.218706931	0.218694997	0.222708644	0.231234134	0.245070278	0.261579776	0.278635439	0.294623253	0.309298414	0.327738216	0.35668341	0.394167841	0.433439359	0.466225016	0.486951797	0.499581777	0.506653115	0.509193619	0.508836456	0.506183596	0.500665857	0.494700776	0.489882432	0.484235295	0.47954665	0.47612508	0.473170843	0.470971188	0.468081657	0.463995093	0.458482568	0.450748607	0.442567668	0.434819597	0.427882364	0.421514802	0.417060542	0.413783143	0.414204305	0.419192863	0.42410718	0.422685265	0.413336317	0.400720205	0.386763261	0.372840064	0.359682456	0.346797288	0.33559027	0.324394335	0.315153575	0.305894356
44	0.213938813	0.217348038	0.221361035	0.22399677	0.223349538	0.220313212	0.215975426	0.210965675	0.205959307	0.201096746	0.196420839	0.191866475	0.186757327	0.181648731	0.177646687	0.174868047	0.173627366	0.175030006	0.182091984	0.19686361	0.215781162	0.232428328	0.245534972	0.255752972	0.264118586	0.266129956	0.261358579	0.251887899	0.241757481	0.233817738	0.22891108	0.225392782	0.22280238	0.220254676	0.217694876	0.217710617	0.221706847	0.230304429	0.244176109	0.260720066	0.277816579	0.293794584	0.308496577	0.327049264	0.35615086	0.393657855	0.432755995	0.465340857	0.485929304	0.498351477	0.505263278	0.507656234	0.507212576	0.504574531	0.499018407	0.492985002	0.488066446	0.482451232	0.477794243	0.474424877	0.47143123	0.469171467	0.466320219	0.4622766	0.456730598	0.448911884	0.44072161	0.433005896	0.42604782	0.419837824	0.415327702	0.412004998	0.412521407	0.417600006	0.422521604	0.421125011	0.411772061	0.399308758	0.385444426	0.371796701	0.358626258	0.345700761	0.334310198	0.323808992	0.313672102	0.304668964
49	0.214847215	0.218325856	0.222354581	0.224851737	0.224295124	0.221224998	0.21703901	0.212002134	0.206943026	0.202088285	0.197354756	0.192802439	0.187715247	0.182572712	0.178506727	0.175760688	0.174523974	0.17594029	0.182967081	0.197762431	0.216646206	0.233282477	0.246526784	0.256777652	0.265112171	0.267126804	0.262355122	0.252889781	0.242765951	0.234808199	0.229860225	0.226316043	0.223765929	0.221156029	0.218593195	0.218633006	0.222633679	0.231144073	0.245002658	0.261527856	0.278651772	0.294604626	0.309250392	0.327760643	0.356705338	0.394146556	0.433286858	0.466010233	0.486637009	0.499174884	0.506190025	0.508685523	0.50830237	0.505650901	0.500136671	0.494152743	0.489208161	0.483627457	0.479014604	0.47564295	0.472612427	0.470392961	0.467539194	0.463500741	0.45797525	0.450202358	0.442037288	0.434331408	0.427376598	0.421105633	0.416570732	0.413343896	0.413824167	0.41888154	0.423819626	0.422318151	0.413138445	0.400488107	0.386532937	0.372671159	0.359628962	0.346396448	0.335809099	0.324088372	0.314924424	0.305638636
5	0.189653581	0.19696218	0.205694932	0.213098144	0.215832233	0.214634799	0.21219447	0.208100899	0.203739815	0.199075734	0.19474815	0.190123619	0.18528698	0.180822093	0.177625572	0.175839762	0.176173593	0.180382228	0.192499901	0.214223338	0.241164947	0.266332821	0.286623969	0.30326093	0.315606365	0.319606416	0.314603791	0.302871601	0.290330421	0.281025061	0.275462527	0.272412871	0.27009622	0.266327708	0.263542882	0.263799755	0.268328185	0.278114504	0.295138255	0.316267792	0.338167154	0.358598426	0.376053855	0.395416926	0.423399581	0.458926062	0.495670126	0.525983492	0.544910323	0.556470858	0.56354682	0.566535978	0.566746557	0.566163936	0.563191049	0.559467871	0.556652432	0.553045002	0.54949117	0.547104301	0.545078551	0.543754989	0.542438863	0.539590345	0.535152714	0.528776684	0.52144421	0.514476196	0.508229649	0.502683081	0.499202319	0.496285293	0.496144274	0.499183837	0.499950752	0.490692631	0.470960088	0.446810814	0.421615719	0.397316674	0.375227952	0.354535407	0.337163559	0.320755394	0.306724745	0.295098904
10	0.189112078	0.196382478	0.205170224	0.212407427	0.215028235	0.213849569	0.211468513	0.207143614	0.202612417	0.198083781	0.193738457	0.189246543	0.184411338	0.179813687	0.176551299	0.174960009	0.175198526	0.17932574	0.191484891	0.213353192	0.240414732	0.265344844	0.28543299	0.301868441	0.314287654	0.318304686	0.313206348	0.301437222	0.288988574	0.279701447	0.274158945	0.27088517	0.26862205	0.26523126	0.262294372	0.262291494	0.266902177	0.276915274	0.29403405	0.315189815	0.337108047	0.357554507	0.37509857	0.394553019	0.422595121	0.458117857	0.494766226	0.524798575	0.54331128	0.554603963	0.561456764	0.564248463	0.564421509	0.563646863	0.560519052	0.556875805	0.554071602	0.550267575	0.546727206	0.544359372	0.542379803	0.541191701	0.539765392	0.536864081	0.532459014	0.526174148	0.518852787	0.51191034	0.505672256	0.500260042	0.496557129	0.493569234	0.493593855	0.496970875	0.497669919	0.488312894	0.468831592	0.444759997	0.419506131	0.395599245	0.373169771	0.352432668	0.335375796	0.319005942	0.305753445	0.293704009
15	0.188057788	0.195311603	0.204127589	0.211348609	0.213914655	0.212875865	0.210369721	0.206089512	0.201691831	0.197164161	0.192800872	0.188456215	0.18350987	0.178879065	0.175539275	0.173985983	0.174188045	0.178262238	0.190313153	0.21224667	0.23919156	0.264117924	0.284395743	0.300834989	0.313275784	0.317261081	0.312217975	0.300499554	0.288078006	0.278759753	0.273186825	0.269813787	0.267553477	0.264352281	0.261356129	0.261310718	0.265893465	0.275942508	0.29297254	0.314022365	0.335890697	0.356358562	0.373861985	0.393110639	0.421052136	0.456389189	0.492964578	0.523044802	0.541683146	0.553089152	0.559911395	0.562779363	0.563128372	0.56233466	0.559155501	0.55553951	0.552754782	0.548843156	0.545425714	0.543116008	0.541291873	0.540130516	0.538552757	0.535537863	0.531158718	0.524859539	0.517690085	0.510787082	0.504593181	0.498998968	0.495183368	0.492248917	0.492313673	0.495547911	0.496025095	0.486722786	0.467327088	0.443441847	0.418422661	0.394370398	0.371975468	0.351285094	0.333665255	0.31854986	0.304337847	0.292864935
20	0.187719544	0.194903327	0.203770685	0.210779653	0.213237011	0.212330498	0.209732549	0.205483558	0.201093253	0.196761037	0.192313511	0.1880401	0.183011852	0.178323969	0.174929759	0.173302987	0.173710762	0.177806836	0.189785107	0.211608089	0.238427905	0.263259453	0.283467593	0.299853618	0.31239852	0.316298715	0.311341093	0.299694071	0.287197908	0.277856674	0.272259957	0.268824399	0.266539905	0.263455895	0.260429502	0.260376497	0.264996441	0.275144074	0.292081579	0.313066077	0.33497686	0.355387032	0.37295373	0.392241717	0.42026975	0.45567339	0.492212088	0.522297063	0.540942677	0.552345405	0.559109066	0.561857934	0.562372186	0.561561771	0.558335945	0.554696267	0.551879213	0.54798014	0.544612018	0.542333328	0.540481822	0.539332378	0.537687985	0.534686299	0.530299725	0.524004142	0.516816193	0.509954246	0.503794364	0.498232329	0.494323342	0.491349464	0.491526515	0.494950614	0.495497903	0.486306736	0.466813807	0.442836253	0.417771686	0.393981139	0.371501091	0.351299142	0.333885642	0.318183306	0.304435681	0.292284203
25	0.186814626	0.194017672	0.203040525	0.209898429	0.212342042	0.211412218	0.208796611	0.204580757	0.200267987	0.195816832	0.191365771	0.187047343	0.182112532	0.177463923	0.174045778	0.172570547	0.172811076	0.176902436	0.188894873	0.210749521	0.237639615	0.262410612	0.282606198	0.298912709	0.311543143	0.315477444	0.310497853	0.298949464	0.286437067	0.27690746	0.2713858	0.26786213	0.265554382	0.262603127	0.259572755	0.259506839	0.264140676	0.274353748	0.291310473	0.312353706	0.334309665	0.354665542	0.372229991	0.391573533	0.419647851	0.455055378	0.491659392	0.521837771	0.540494484	0.551890224	0.558631523	0.561333755	0.561924647	0.561068885	0.557791094	0.554120574	0.551329559	0.547407276	0.544058616	0.541810639	0.540022882	0.538845661	0.537088543	0.534055703	0.529695313	0.523275987	0.51616986	0.509301352	0.50318345	0.497657564	0.493651666	0.490736706	0.490920254	0.494342824	0.494957101	0.485889292	0.466384154	0.442530542	0.417165686	0.393174111	0.371068724	0.350489834	0.333410049	0.31717387	0.303275648	0.291747391
30	0.186711062	0.194069213	0.203042198	0.210091409	0.212536191	0.211547502	0.20885561	0.204743708	0.200380188	0.195963553	0.191448031	0.187183126	0.18214519	0.177476592	0.174188455	0.172458693	0.172900878	0.177023877	0.189094986	0.211081914	0.23802931	0.263000217	0.283324937	0.299726434	0.312361298	0.316376011	0.311369738	0.299753973	0.287209686	0.277668059	0.272108048	0.268582802	0.266246234	0.263356896	0.260319708	0.260275511	0.2649542	0.275227522	0.292265989	0.313366486	0.335429809	0.355908103	0.373499768	0.392919245	0.421084535	0.45651774	0.493198527	0.523403814	0.542065171	0.55354783	0.560272145	0.56295695	0.563542765	0.562706003	0.559417611	0.555745086	0.552847479	0.548896638	0.545598272	0.543401128	0.541595975	0.540423632	0.538615112	0.535530961	0.531135569	0.524694544	0.517589855	0.510790426	0.504638414	0.499042018	0.4950183	0.492052672	0.492277583	0.495625192	0.496174056	0.48671248	0.466940699	0.442864154	0.4176749	0.39346918	0.371058998	0.350263	0.332594062	0.316985624	0.30290811	0.291480319
35	0.186828189	0.194063309	0.203022699	0.210012687	0.212399647	0.211411326	0.208708303	0.204597463	0.20011911	0.195742398	0.191278397	0.186915508	0.182037406	0.177354301	0.173933503	0.172313635	0.172715674	0.176811145	0.188888747	0.210788839	0.237590707	0.262337162	0.282491433	0.298803117	0.311419646	0.315356317	0.310410898	0.298851039	0.286394711	0.276811941	0.271220818	0.267673727	0.265324986	0.262476132	0.259421827	0.259436396	0.264057479	0.274308742	0.291355959	0.31237786	0.334399089	0.354694201	0.372152733	0.391556922	0.419726158	0.455050878	0.491541717	0.521627545	0.540312204	0.551635998	0.558308459	0.561027463	0.561562445	0.560688675	0.557382392	0.553695335	0.55081723	0.546874685	0.543644948	0.541464462	0.539561824	0.538393333	0.536576086	0.533551827	0.529200585	0.522794986	0.515604358	0.508879266	0.502775041	0.497123855	0.493118755	0.490219903	0.490447221	0.493852967	0.494622019	0.485340139	0.465857808	0.441805157	0.41694197	0.392461191	0.370482148	0.349709245	0.332130191	0.316400184	0.30344856	0.29162135
40	0.186561372	0.193910737	0.202800457	0.209782008	0.212157935	0.211220652	0.208473558	0.20441581	0.199984466	0.195498138	0.191019136	0.186693851	0.181794373	0.177168424	0.173786058	0.17214162	0.172471005	0.176599079	0.188640124	0.210473508	0.237295488	0.262117805	0.282301039	0.29850928	0.311153214	0.315124759	0.310168808	0.298670137	0.286137138	0.276571067	0.270977587	0.267437242	0.265060666	0.262205037	0.259167218	0.259111491	0.263782683	0.274059315	0.291022779	0.312044028	0.334145369	0.354423821	0.371883751	0.391283156	0.41937617	0.454663666	0.491179814	0.52134699	0.540044292	0.551429892	0.558102607	0.56083915	0.561422247	0.560586072	0.557242858	0.553461314	0.550617372	0.54662403	0.543458078	0.541350878	0.539507804	0.538176694	0.53637195	0.533349352	0.52899598	0.522584288	0.515523701	0.508747992	0.502604625	0.496983129	0.49301693	0.490077093	0.49028077	0.493673258	0.494180747	0.48508483	0.465670255	0.441822292	0.416636736	0.392308628	0.370209607	0.349773677	0.33288452	0.316911052	0.302509246	0.291130072
45	0.186522596	0.193935444	0.202915586	0.209808641	0.212141633	0.211071754	0.208316093	0.204275191	0.199801526	0.195441371	0.190956639	0.186656416	0.181713729	0.176974195	0.173663505	0.171966529	0.17242381	0.176522532	0.18854195	0.210413485	0.237291258	0.261987242	0.282165783	0.298301176	0.310996125	0.314950957	0.309940882	0.2984851	0.285940187	0.276320366	0.270757089	0.267174405	0.264760635	0.261962846	0.258947406	0.258906602	0.263598902	0.273872491	0.290912277	0.311990995	0.334108431	0.354413477	0.371904443	0.391348376	0.41955795	0.454921763	0.491432797	0.521468394	0.53998807	0.551287471	0.557894647	0.560613946	0.561157803	0.56027204	0.556900366	0.553172555	0.550288095	0.546324209	0.54309364	0.540966545	0.539061952	0.537794603	0.535985698	0.533006783	0.528619255	0.522114066	0.515094546	0.508342857	0.502166002	0.496565832	0.492595421	0.489702113	0.489985234	0.493444937	0.493927767	0.485009341	0.465593897	0.441435821	0.416379802	0.392445445	0.370120921	0.34986326	0.33286881	0.316114594	0.303279045	0.290941428
50	0.186559275	0.193862849	0.202976652	0.20984325	0.212140402	0.211233333	0.208461567	0.204395004	0.199975299	0.195462464	0.19098973	0.186719588	0.181810017	0.177121006	0.173752666	0.171988676	0.172419048	0.176520067	0.188570862	0.210455138	0.237226629	0.262055799	0.282237333	0.29837976	0.31113349	0.31509511	0.310099364	0.298583888	0.286068042	0.276498083	0.270893847	0.267340178	0.264949548	0.262100575	0.259068666	0.259050395	0.263740963	0.274033174	0.291000189	0.312037476	0.334135572	0.354422341	0.37190989	0.391376683	0.41953077	0.454864639	0.491323421	0.521469424	0.540024584	0.551355496	0.558033476	0.560765213	0.561360489	0.560516813	0.557164365	0.553411771	0.550463493	0.546481098	0.543336496	0.541222419	0.53934379	0.538103434	0.536293289	0.533255024	0.528885103	0.522435329	0.515423984	0.508611678	0.502460652	0.496919098	0.492899017	0.489952277	0.490201338	0.493617233	0.494311827	0.485090555	0.465565825	0.441397541	0.416454416	0.392390994	0.370462406	0.349745646	0.33242465	0.316267018	0.303305716	0.291394472
