4207	0.215333333	0.215616667	0.2193	0.22835	0.244083333	0.264266667	0.282783333	0.296133333	0.30625	0.314116667	0.31745	0.314683333	0.308066667	0.30025	0.29395	0.289416667	0.286	0.2828	0.279416667	0.277216667	0.27725	0.280466667	0.287966667	0.30025	0.31455	0.329066667	0.343133333	0.356416667	0.3748	0.40135	0.431666667	0.4596	0.480916667	0.493116667	0.498666667	0.500933333	0.501283333	0.499433333	0.49565	0.490533333	0.48475	0.478066667	0.472533333	0.468983333	0.46595	0.462966667	0.4605	0.458166667	0.4551	0.449966667	0.443583333	0.4382	0.432416667	0.427333333	0.423783333	0.4211	0.42035	0.420783333	0.422266667	0.423016667	0.4224	0.416483333	0.405833333	0.391933333	0.37635	0.36165	0.347816667	0.334583333	0.323416667	0.313033333	0.305016667
4208	0.192483333	0.192533333	0.195966667	0.2046	0.2198	0.239483333	0.257533333	0.2705	0.28035	0.288116667	0.291416667	0.288633333	0.28205	0.27425	0.2679	0.263266667	0.259766667	0.256483333	0.253033333	0.250666667	0.2505	0.253383333	0.260566667	0.2724	0.28625	0.300366667	0.314183333	0.327283333	0.345516667	0.372116667	0.402866667	0.431633333	0.45405	0.467166667	0.473233333	0.475633333	0.476033333	0.47415	0.470133333	0.464833333	0.458816667	0.45195	0.44625	0.442566667	0.439433333	0.436366667	0.433816667	0.431383333	0.428216667	0.422816667	0.41625	0.41055	0.404516667	0.3992	0.395483333	0.392633333	0.391833333	0.392333333	0.394066667	0.3952	0.395033333	0.3899	0.379933333	0.366516667	0.351333333	0.3373	0.3239	0.311383333	0.300166667	0.290383333	0.28235
4209	0.212083333	0.21215	0.21555	0.224183333	0.239383333	0.2591	0.27735	0.290616667	0.3007	0.308516667	0.311916667	0.309166667	0.30255	0.294683333	0.288283333	0.28365	0.280133333	0.2768	0.273283333	0.270866667	0.270666667	0.273466667	0.28055	0.292433333	0.3065	0.32095	0.335033333	0.348166667	0.36625	0.392366667	0.42245	0.450766667	0.473033333	0.48615	0.4924	0.495083333	0.495766667	0.49415	0.490583333	0.4857	0.48005	0.473516667	0.468033333	0.464716667	0.46185	0.459083333	0.456816667	0.454616667	0.451583333	0.4463	0.439816667	0.434216667	0.4283	0.423116667	0.4195	0.416816667	0.416233333	0.4172	0.41935	0.420616667	0.42025	0.414633333	0.40415	0.390083333	0.374383333	0.360133333	0.34595	0.333066667	0.321783333	0.311716667	0.3033
4210	0.198866667	0.1995	0.203683333	0.213483333	0.230366667	0.251733333	0.270933333	0.28445	0.29445	0.30215	0.3053	0.302483333	0.295933333	0.288333333	0.282133333	0.277516667	0.274133333	0.270983333	0.267733333	0.26575	0.2661	0.269716667	0.277733333	0.290583333	0.305133333	0.3196	0.333616667	0.347066667	0.366066667	0.393633333	0.424766667	0.452666667	0.4733	0.484783333	0.489866667	0.491833333	0.492016667	0.490033333	0.48595	0.48055	0.474516667	0.467666667	0.46185	0.457933333	0.4546	0.451383333	0.448666667	0.446183333	0.443016667	0.437866667	0.431533333	0.426266667	0.420616667	0.415683333	0.412216667	0.4097	0.408966667	0.409233333	0.410433333	0.410533333	0.409116667	0.402483333	0.391	0.3761	0.359716667	0.344533333	0.3297	0.31635	0.304666667	0.294316667	0.285666667
4211	0.199366667	0.199183333	0.202533333	0.211383333	0.2272	0.247866667	0.267066667	0.281216667	0.292166667	0.30075	0.3043	0.3012	0.2938	0.28525	0.2783	0.27325	0.269533333	0.266016667	0.262266667	0.2596	0.259266667	0.262283333	0.269866667	0.282533333	0.297566667	0.3131	0.3281	0.342166667	0.361266667	0.388866667	0.4206	0.450066667	0.472883333	0.486216667	0.492483333	0.49505	0.495583333	0.4939	0.490216667	0.485366667	0.4797	0.473216667	0.467816667	0.4644	0.461433333	0.458516667	0.4561	0.453833333	0.4507	0.445333333	0.43875	0.432983333	0.426816667	0.421333333	0.417333333	0.4143	0.413333333	0.41385	0.41585	0.417366667	0.417383333	0.41175	0.40115	0.387033333	0.37105	0.356466667	0.342283333	0.32895	0.317483333	0.306883333	0.298166667
4212	0.1927	0.192733333	0.19615	0.204783333	0.2201	0.2399	0.257833333	0.270533333	0.280116667	0.28765	0.29085	0.28795	0.2813	0.273566667	0.2672	0.26245	0.258916667	0.2556	0.2522	0.25005	0.25015	0.2534	0.261033333	0.273383333	0.28765	0.30215	0.31635	0.33	0.349433333	0.3783	0.411666667	0.442716667	0.466633333	0.480516667	0.486883333	0.489383333	0.4897	0.487583333	0.48315	0.4773	0.47065	0.463166667	0.45685	0.452583333	0.44895	0.445516667	0.442533333	0.43975	0.43615	0.430333333	0.423283333	0.417083333	0.410516667	0.404816667	0.400816667	0.397866667	0.396883333	0.3974	0.399183333	0.400483333	0.400616667	0.39565	0.386166667	0.3734	0.358866667	0.345366667	0.332033333	0.31935	0.30835	0.298516667	0.28995
4213	0.204866667	0.20465	0.207833333	0.2161	0.23105	0.250533333	0.268166667	0.280633333	0.290033333	0.297466667	0.300416667	0.297416667	0.2907	0.282883333	0.27655	0.271816667	0.268266667	0.264933333	0.261483333	0.259233333	0.259233333	0.262266667	0.269616667	0.281583333	0.2953	0.3092	0.322866667	0.335966667	0.354716667	0.382133333	0.413466667	0.44215	0.4639	0.476316667	0.481933333	0.484033333	0.48405	0.481883333	0.47755	0.472	0.465833333	0.458883333	0.453066667	0.4492	0.445866667	0.442666667	0.44	0.437483333	0.434116667	0.428733333	0.422233333	0.4167	0.410716667	0.405416667	0.40165	0.398766667	0.39785	0.398266667	0.4	0.40145	0.402	0.398016667	0.389766667	0.378333333	0.3653	0.353016667	0.340566667	0.329116667	0.318883333	0.309633333	0.301683333
4214	0.187166667	0.187116667	0.190583333	0.1996	0.215616667	0.236166667	0.254833333	0.268116667	0.278183333	0.286083333	0.289433333	0.286583333	0.279816667	0.2719	0.265466667	0.260783333	0.2573	0.254	0.250533333	0.248283333	0.24825	0.251416667	0.258966667	0.271233333	0.285366667	0.299666667	0.313616667	0.32695	0.34555	0.372716667	0.4038	0.432266667	0.45395	0.466316667	0.472116667	0.474416667	0.4748	0.472916667	0.46895	0.463666667	0.4577	0.451	0.445383333	0.441633333	0.438466667	0.435433333	0.4328	0.430383333	0.427216667	0.421966667	0.415483333	0.40995	0.404066667	0.39885	0.3951	0.392233333	0.3913	0.3916	0.393166667	0.394316667	0.394333333	0.389533333	0.38005	0.367433333	0.35315	0.339216667	0.326216667	0.31365	0.302866667	0.292966667	0.28445
4215	0.184766667	0.184616667	0.1876	0.1952	0.208433333	0.225583333	0.241083333	0.251783333	0.25975	0.265983333	0.268516667	0.2659	0.260016667	0.253133333	0.247416667	0.24305	0.239683333	0.236466667	0.233166667	0.2311	0.231066667	0.233683333	0.240183333	0.251	0.263383333	0.276066667	0.28855	0.300766667	0.318633333	0.345466667	0.3766	0.405616667	0.427883333	0.440633333	0.446233333	0.4482	0.448066667	0.4456	0.440833333	0.434783333	0.4281	0.420633333	0.414266667	0.410066667	0.4065	0.403066667	0.40005	0.397283333	0.393716667	0.388083333	0.381283333	0.375383333	0.369216667	0.36395	0.360283333	0.3576	0.357066667	0.35785	0.35975	0.360983333	0.361683333	0.358566667	0.351516667	0.3413	0.329716667	0.31845	0.307716667	0.297583333	0.2885	0.279966667	0.273
4216	0.17765	0.177333333	0.180316667	0.188066667	0.20175	0.219716667	0.2365	0.248833333	0.25835	0.265983333	0.2691	0.266316667	0.25965	0.251866667	0.2456	0.24085	0.237233333	0.2338	0.230166667	0.227666667	0.2271	0.2294	0.235833333	0.246966667	0.2603	0.274166667	0.287816667	0.3006	0.318283333	0.3441	0.37425	0.403	0.425883333	0.439533333	0.445983333	0.448533333	0.449033333	0.4472	0.443333333	0.438266667	0.432516667	0.425883333	0.420316667	0.416766667	0.413766667	0.410833333	0.4084	0.40615	0.403	0.3976	0.390916667	0.384983333	0.378733333	0.37325	0.369316667	0.366366667	0.3656	0.366416667	0.368633333	0.370366667	0.371233333	0.367266667	0.358966667	0.347133333	0.333633333	0.320966667	0.308883333	0.297333333	0.287333333	0.278133333	0.270283333
4217	0.191783333	0.191716667	0.1953	0.20415	0.219583333	0.239283333	0.257383333	0.270433333	0.280266667	0.287866667	0.29095	0.288033333	0.281416667	0.27365	0.267316667	0.262633333	0.25915	0.2558	0.252316667	0.249916667	0.249583333	0.2522	0.259183333	0.270766667	0.284333333	0.298183333	0.31155	0.324116667	0.3414	0.366333333	0.394766667	0.421133333	0.441716667	0.453683333	0.459233333	0.461416667	0.461833333	0.460033333	0.456366667	0.4515	0.446016667	0.439716667	0.43445	0.4311	0.42825	0.425466667	0.423166667	0.421033333	0.418233333	0.4132	0.407083333	0.401816667	0.39615	0.391266667	0.38785	0.385316667	0.384733333	0.38545	0.387233333	0.3882	0.388033333	0.38305	0.373633333	0.361016667	0.3467	0.333166667	0.320466667	0.308216667	0.298083333	0.288866667	0.280466667
4218	0.1983	0.197933333	0.201083333	0.209483333	0.224416667	0.244016667	0.262266667	0.2756	0.28585	0.293983333	0.297483333	0.294566667	0.2876	0.2793	0.272516667	0.267583333	0.263816667	0.260283333	0.256516667	0.25395	0.253516667	0.255983333	0.263066667	0.27515	0.289466667	0.304283333	0.318733333	0.3322	0.350616667	0.377666667	0.408983333	0.438816667	0.4624	0.476316667	0.482783333	0.48535	0.485866667	0.484033333	0.480066667	0.47485	0.468916667	0.46205	0.456233333	0.452533333	0.449383333	0.446283333	0.443716667	0.4414	0.438183333	0.432616667	0.42575	0.4197	0.413333333	0.407733333	0.403833333	0.400966667	0.400216667	0.401016667	0.403116667	0.404716667	0.405066667	0.400166667	0.39065	0.377516667	0.362566667	0.348983333	0.335633333	0.3228	0.312116667	0.302583333	0.294483333
4219	0.196016667	0.195833333	0.199166667	0.207683333	0.222566667	0.241833333	0.259583333	0.272283333	0.281883333	0.289466667	0.292616667	0.2898	0.283366667	0.2758	0.269583333	0.265016667	0.26155	0.2582	0.254783333	0.25255	0.252316667	0.254966667	0.261983333	0.2736	0.287166667	0.300983333	0.314333333	0.326866667	0.3444	0.36995	0.39895	0.42555	0.44605	0.457766667	0.463133333	0.465216667	0.46555	0.463583333	0.4597	0.454683333	0.449083333	0.442566667	0.4371	0.433583333	0.430666667	0.427716667	0.4253	0.423133333	0.420216667	0.415216667	0.409	0.403683333	0.397933333	0.392966667	0.389616667	0.387	0.3864	0.387083333	0.388766667	0.389783333	0.389816667	0.385466667	0.376983333	0.365033333	0.351816667	0.33915	0.327116667	0.31525	0.305166667	0.296266667	0.288183333
4221	0.205366667	0.205283333	0.208916667	0.218133333	0.2344	0.255266667	0.274383333	0.287933333	0.2981	0.306033333	0.309233333	0.306166667	0.299183333	0.291083333	0.28445	0.279616667	0.276033333	0.272666667	0.269216667	0.267066667	0.2671	0.2702	0.277883333	0.29045	0.304783333	0.319183333	0.333116667	0.346416667	0.364983333	0.392	0.42255	0.4506	0.472033333	0.484266667	0.489783333	0.491866667	0.492116667	0.490066667	0.485833333	0.48035	0.4744	0.467616667	0.461883333	0.458266667	0.455133333	0.451966667	0.449316667	0.446933333	0.443766667	0.4385	0.432116667	0.42655	0.4206	0.415466667	0.4118	0.408966667	0.408116667	0.408616667	0.410266667	0.411283333	0.411133333	0.405933333	0.396366667	0.38325	0.3685	0.35505	0.341516667	0.329083333	0.3182	0.308133333	0.300166667
4222	0.20295	0.203	0.2067	0.216283333	0.233166667	0.255033333	0.275033333	0.289333333	0.300083333	0.30865	0.312133333	0.309183333	0.302116667	0.29385	0.287166667	0.282333333	0.27875	0.275283333	0.271733333	0.269633333	0.269783333	0.273133333	0.281233333	0.2943	0.309433333	0.32465	0.33935	0.3533	0.37265	0.4009	0.433083333	0.462616667	0.485166667	0.498083333	0.504066667	0.5066	0.50735	0.505633333	0.501566667	0.496333333	0.490433333	0.483683333	0.477916667	0.474233333	0.47115	0.4681	0.465516667	0.46325	0.460183333	0.454866667	0.448366667	0.442683333	0.436633333	0.431366667	0.4276	0.424616667	0.423766667	0.42445	0.4265	0.42735	0.426066667	0.419	0.406683333	0.390616667	0.373033333	0.356883333	0.341566667	0.326916667	0.315	0.304266667	0.295016667
4223	0.196916667	0.196666667	0.19985	0.208066667	0.22245	0.24105	0.258216667	0.270416667	0.279666667	0.287016667	0.2901	0.28745	0.281166667	0.273683333	0.26755	0.262983333	0.259483333	0.25605	0.252566667	0.250266667	0.249883333	0.252283333	0.258966667	0.2703	0.283466667	0.296983333	0.310083333	0.3224	0.33945	0.364483333	0.393183333	0.41975	0.440416667	0.452366667	0.4577	0.459683333	0.45995	0.458083333	0.454033333	0.448916667	0.443283333	0.436683333	0.431083333	0.4276	0.424533333	0.421583333	0.419133333	0.416933333	0.414016667	0.408866667	0.4026	0.3972	0.391416667	0.386483333	0.38315	0.380616667	0.380133333	0.380883333	0.3826	0.383566667	0.383666667	0.37935	0.370983333	0.359333333	0.346133333	0.333433333	0.321666667	0.310483333	0.300583333	0.29155	0.2842
4225	0.199266667	0.19905	0.202283333	0.210466667	0.22465	0.24295	0.259666667	0.2715	0.280416667	0.2876	0.290466667	0.287733333	0.2816	0.274466667	0.268466667	0.263966667	0.260533333	0.257283333	0.2539	0.25175	0.251516667	0.254	0.2607	0.271933333	0.284866667	0.29805	0.310816667	0.3229	0.33995	0.3648	0.392866667	0.418233333	0.43735	0.448033333	0.452733333	0.454466667	0.454533333	0.452666667	0.448783333	0.44385	0.438333333	0.432033333	0.4266	0.423216667	0.420266667	0.417333333	0.414883333	0.41275	0.40995	0.405066667	0.399016667	0.393916667	0.38845	0.38375	0.380633333	0.378266667	0.377833333	0.37855	0.380066667	0.380983333	0.3812	0.377516667	0.37	0.359533333	0.347633333	0.336033333	0.325	0.314133333	0.304666667	0.296316667	0.2894
4226	0.198466667	0.19825	0.201566667	0.210133333	0.225283333	0.2449	0.263	0.276066667	0.286033333	0.29395	0.297183333	0.294266667	0.287466667	0.279516667	0.273066667	0.268316667	0.264766667	0.261316667	0.257733333	0.25555	0.255416667	0.2582	0.265533333	0.27765	0.2919	0.306466667	0.320533333	0.333866667	0.3525	0.38	0.411566667	0.44075	0.46315	0.476	0.48185	0.483983333	0.484266667	0.48235	0.478233333	0.472833333	0.466883333	0.460166667	0.454383333	0.450666667	0.447566667	0.444516667	0.441883333	0.439483333	0.4363	0.430933333	0.4243	0.4185	0.412416667	0.407166667	0.4036	0.400833333	0.400133333	0.400783333	0.402633333	0.404	0.404133333	0.399083333	0.389516667	0.376466667	0.361733333	0.3481	0.3346	0.321883333	0.311333333	0.301916667	0.293133333
4606	0.16825	0.168116667	0.17125	0.179616667	0.194483333	0.213633333	0.231366667	0.24415	0.25415	0.2621	0.2658	0.263133333	0.256633333	0.249316667	0.243333333	0.23865	0.235133333	0.232066667	0.229016667	0.226866667	0.22705	0.230183333	0.237683333	0.249683333	0.263683333	0.27825	0.2924	0.3058	0.3243	0.35125	0.382683333	0.4125	0.435733333	0.449833333	0.45675	0.459583333	0.460366667	0.458583333	0.454783333	0.449833333	0.44395	0.43745	0.43195	0.428416667	0.4255	0.4225	0.419766667	0.417516667	0.4144	0.4091	0.402483333	0.3969	0.390733333	0.385333333	0.381666667	0.37885	0.3783	0.3791	0.3811	0.38235	0.382533333	0.378416667	0.36945	0.356933333	0.342633333	0.329233333	0.316183333	0.303933333	0.293066667	0.283233333	0.274316667
4607	0.17495	0.174883333	0.178416667	0.187783333	0.204633333	0.226366667	0.246783333	0.262016667	0.274066667	0.283616667	0.288216667	0.285483333	0.278183333	0.269866667	0.263033333	0.257966667	0.254266667	0.250933333	0.247416667	0.244816667	0.244716667	0.2479	0.256	0.2693	0.285016667	0.301466667	0.3171	0.3315	0.35035	0.376933333	0.407433333	0.436183333	0.458333333	0.471466667	0.477916667	0.48055	0.4814	0.479866667	0.4767	0.472533333	0.467483333	0.461783333	0.457116667	0.4542	0.45185	0.449383333	0.447166667	0.445316667	0.44255	0.43775	0.431616667	0.42655	0.4207	0.4155	0.411916667	0.409	0.408266667	0.408866667	0.41075	0.411566667	0.41055	0.404233333	0.392116667	0.376216667	0.35835	0.3422	0.326516667	0.312183333	0.2999	0.28835	0.2793
4608	0.154283333	0.154316667	0.157983333	0.167366667	0.183933333	0.205166667	0.225066667	0.23975	0.2514	0.260733333	0.265366667	0.26295	0.256083333	0.248233333	0.24175	0.236866667	0.233183333	0.229966667	0.226466667	0.223883333	0.223716667	0.226783333	0.234566667	0.24735	0.262666667	0.278733333	0.2941	0.308183333	0.3267	0.353183333	0.384283333	0.4144	0.438266667	0.45275	0.45975	0.462533333	0.463283333	0.4615	0.45795	0.453466667	0.448016667	0.441966667	0.4369	0.433766667	0.43135	0.428833333	0.4265	0.424583333	0.421766667	0.416783333	0.410383333	0.40505	0.399083333	0.39385	0.3904	0.387766667	0.387466667	0.38845	0.390366667	0.391066667	0.389766667	0.382816667	0.369916667	0.352966667	0.334283333	0.317133333	0.301183333	0.286616667	0.27365	0.26205	0.252883333
4609	0.174883333	0.174716667	0.177983333	0.186716667	0.202133333	0.221833333	0.240216667	0.25385	0.264433333	0.2727	0.276483333	0.273866667	0.267366667	0.260033333	0.253933333	0.249166667	0.24565	0.2426	0.239366667	0.236983333	0.2369	0.239933333	0.24745	0.259616667	0.274	0.289016667	0.3034	0.316716667	0.334583333	0.3601	0.389483333	0.4173	0.43915	0.45255	0.459183333	0.462066667	0.463183333	0.461783333	0.45865	0.454466667	0.4493	0.443433333	0.43855	0.435483333	0.433083333	0.43045	0.42825	0.4264	0.423666667	0.41875	0.412533333	0.40735	0.401583333	0.3966	0.393233333	0.390683333	0.390366667	0.3914	0.3935	0.394616667	0.394266667	0.38955	0.380016667	0.366983333	0.352133333	0.3381	0.32475	0.312116667	0.300783333	0.2908	0.2821
4610	0.174875	0.1749	0.178375	0.187375	0.203225	0.223825	0.243125	0.25745	0.268675	0.2777	0.28195	0.279225	0.27225	0.2644	0.257875	0.253075	0.249475	0.246275	0.2429	0.24055	0.24055	0.243675	0.2515	0.2643	0.279375	0.295225	0.31045	0.3246	0.34345	0.37065	0.402875	0.434375	0.45945	0.474825	0.4822	0.485175	0.486	0.4841	0.480175	0.475225	0.469425	0.462975	0.4576	0.4542	0.4515	0.44865	0.446025	0.4438	0.44065	0.435325	0.428575	0.42295	0.416675	0.4112	0.407525	0.4047	0.404325	0.40525	0.40735	0.40835	0.407375	0.400925	0.3888	0.3726	0.354775	0.338525	0.323025	0.30895	0.29635	0.285075	0.276075
4611	0.190033333	0.190116667	0.193783333	0.203316667	0.22015	0.2414	0.26075	0.274583333	0.285066667	0.293216667	0.2967	0.293616667	0.286733333	0.27915	0.272983333	0.268266667	0.2647	0.261633333	0.258683333	0.25685	0.257566667	0.261683333	0.270366667	0.28375	0.2989	0.3143	0.329116667	0.343516667	0.363783333	0.3933	0.427083333	0.458216667	0.481566667	0.495366667	0.502033333	0.504866667	0.505733333	0.5037	0.499583333	0.49425	0.488	0.481133333	0.475433333	0.471633333	0.46845	0.4652	0.462333333	0.459833333	0.456633333	0.451333333	0.444816667	0.43935	0.43335	0.428066667	0.424466667	0.421816667	0.421416667	0.422283333	0.4242	0.424833333	0.4237	0.417833333	0.406833333	0.39205	0.37525	0.359966667	0.344816667	0.33105	0.31885	0.307716667	0.2985
4612	0.155116667	0.154983333	0.158	0.166033333	0.1799	0.197516667	0.213833333	0.22565	0.2347	0.241683333	0.244783333	0.242366667	0.236633333	0.23025	0.224866667	0.220616667	0.21735	0.214533333	0.211566667	0.209433333	0.209383333	0.212	0.218616667	0.2294	0.241883333	0.254933333	0.267583333	0.279483333	0.2959	0.319316667	0.345916667	0.370766667	0.390066667	0.401783333	0.407616667	0.410133333	0.41105	0.409666667	0.406716667	0.402783333	0.397933333	0.39245	0.387933333	0.3851	0.3829	0.380533333	0.37835	0.376716667	0.374216667	0.369733333	0.364133333	0.359533333	0.354366667	0.3499	0.347016667	0.344816667	0.344733333	0.346033333	0.348283333	0.349366667	0.3493	0.345733333	0.33805	0.326783333	0.314133333	0.302283333	0.290333333	0.27975	0.2699	0.260733333	0.252866667
4613	0.167683333	0.1672	0.169966667	0.17775	0.191633333	0.209733333	0.22705	0.2401	0.250566667	0.259	0.263	0.260583333	0.2542	0.246766667	0.240533333	0.235733333	0.232066667	0.228866667	0.22545	0.222666667	0.22205	0.224333333	0.230983333	0.24235	0.256266667	0.2713	0.285816667	0.298983333	0.316283333	0.340966667	0.370216667	0.39895	0.4223	0.436783333	0.443766667	0.446566667	0.447333333	0.44565	0.442366667	0.438066667	0.432766667	0.426716667	0.4217	0.418633333	0.416216667	0.413733333	0.41145	0.409566667	0.40675	0.4016	0.395183333	0.389766667	0.38375	0.3785	0.37505	0.372483333	0.372166667	0.3734	0.3759	0.3775	0.378116667	0.37435	0.365833333	0.35365	0.33955	0.32645	0.313766667	0.302233333	0.29125	0.281716667	0.2736
4614	0.166	0.165666667	0.168666667	0.176883333	0.19145	0.210216667	0.22795	0.24115	0.251516667	0.25965	0.2633	0.26055	0.253933333	0.2465	0.240233333	0.235433333	0.2318	0.228616667	0.225233333	0.222683333	0.22245	0.225166667	0.232416667	0.24435	0.258533333	0.273583333	0.28815	0.301633333	0.319566667	0.345433333	0.375716667	0.404883333	0.4281	0.442383333	0.449383333	0.452316667	0.453316667	0.451716667	0.448366667	0.443983333	0.438616667	0.43255	0.427416667	0.42425	0.4218	0.419166667	0.416766667	0.41485	0.411966667	0.406833333	0.40045	0.395	0.389066667	0.3839	0.380466667	0.37805	0.378116667	0.379516667	0.381983333	0.383366667	0.383366667	0.37885	0.369583333	0.356666667	0.3418	0.328116667	0.31485	0.302466667	0.291233333	0.28145	0.272983333
4615	0.163116667	0.1633	0.167016667	0.176533333	0.193033333	0.213683333	0.232583333	0.246233333	0.25655	0.264316667	0.267516667	0.264583333	0.258033333	0.2509	0.245016667	0.2404	0.236966667	0.2341	0.231133333	0.229116667	0.229433333	0.232833333	0.240666667	0.252983333	0.26705	0.281466667	0.29535	0.308466667	0.32645	0.3521	0.381033333	0.407616667	0.42775	0.439783333	0.445766667	0.448433333	0.449333333	0.447766667	0.44445	0.440116667	0.434933333	0.42925	0.424616667	0.42165	0.419283333	0.416683333	0.4144	0.412533333	0.40985	0.40515	0.399416667	0.39465	0.38925	0.384533333	0.381316667	0.37875	0.378283333	0.3793	0.38135	0.38205	0.380916667	0.375383333	0.36515	0.351216667	0.335466667	0.320783333	0.306833333	0.293816667	0.2823	0.271466667	0.2636
4616	0.184066667	0.183216667	0.184966667	0.190766667	0.2016	0.216083333	0.2299	0.24005	0.247983333	0.2543	0.25695	0.254066667	0.247983333	0.241233333	0.23555	0.230883333	0.227266667	0.224133333	0.220916667	0.2185	0.217983333	0.2201	0.2261	0.2362	0.248216667	0.260983333	0.273616667	0.28575	0.30285	0.327983333	0.357316667	0.385016667	0.406516667	0.419283333	0.42535	0.427666667	0.428183333	0.426166667	0.422366667	0.4175	0.411666667	0.405183333	0.399733333	0.3962	0.393266667	0.390183333	0.387466667	0.38515	0.382	0.376666667	0.370183333	0.36465	0.35855	0.353333333	0.349766667	0.347083333	0.34655	0.347483333	0.349733333	0.35155	0.353266667	0.352233333	0.347816667	0.340216667	0.331066667	0.322366667	0.31385	0.305433333	0.297516667	0.290216667	0.28395
4617	0.168183333	0.168316667	0.17185	0.181	0.197216667	0.217783333	0.2365	0.2497	0.259833333	0.267916667	0.271683333	0.269066667	0.262516667	0.255166667	0.249066667	0.244333333	0.240816667	0.237816667	0.234766667	0.23275	0.233266667	0.236883333	0.245016667	0.257716667	0.272216667	0.287033333	0.301333333	0.315066667	0.334216667	0.362266667	0.3948	0.425416667	0.448916667	0.46285	0.46945	0.472016667	0.47255	0.470366667	0.466083333	0.46065	0.45425	0.4473	0.44145	0.437533333	0.43425	0.430883333	0.4279	0.425416667	0.422083333	0.41665	0.409983333	0.4042	0.398	0.3926	0.3889	0.386133333	0.385533333	0.386166667	0.387766667	0.38845	0.387966667	0.383033333	0.373316667	0.35975	0.344433333	0.330016667	0.316233333	0.30345	0.291816667	0.281716667	0.272866667
4618	0.155383333	0.155616667	0.15935	0.16895	0.185633333	0.206716667	0.226083333	0.24015	0.251083333	0.259566667	0.263466667	0.260883333	0.254383333	0.247066667	0.240966667	0.236366667	0.232966667	0.229933333	0.226783333	0.224566667	0.224733333	0.22795	0.235833333	0.248383333	0.262866667	0.277883333	0.29235	0.305783333	0.3239	0.349816667	0.379466667	0.407183333	0.428683333	0.441733333	0.448166667	0.451	0.452083333	0.450633333	0.447516667	0.4433	0.438066667	0.432266667	0.4274	0.424316667	0.421883333	0.41925	0.41695	0.4151	0.412416667	0.407566667	0.401566667	0.396466667	0.3908	0.3858	0.382466667	0.3799	0.379433333	0.380216667	0.382	0.382566667	0.381283333	0.375083333	0.3637	0.348366667	0.33175	0.316	0.300883333	0.2874	0.275283333	0.26405	0.255416667
5148	0.161422222	0.161533333	0.165888889	0.175977778	0.1933	0.215444444	0.236055556	0.2511	0.262811111	0.272233333	0.276611111	0.274355556	0.267766667	0.2601	0.253922222	0.249277778	0.246288889	0.243688889	0.240822222	0.239322222	0.2397	0.243255556	0.252088889	0.265711111	0.2813	0.2975	0.313111111	0.326766667	0.343888889	0.369611111	0.400577778	0.431055556	0.455622222	0.4705	0.478244444	0.482	0.4835	0.482222222	0.479044444	0.4745	0.469488889	0.4642	0.4595	0.456488889	0.453666667	0.450988889	0.448433333	0.446966667	0.444366667	0.439344444	0.433333333	0.4281	0.422277778	0.417122222	0.4137	0.411211111	0.410611111	0.411288889	0.413022222	0.413866667	0.412188889	0.4042	0.390677778	0.373355556	0.354466667	0.336544444	0.319922222	0.304066667	0.2909	0.279777778	0.269444444
5149	0.140655556	0.139866667	0.142422222	0.148944444	0.1606	0.175944444	0.190866667	0.201922222	0.210544444	0.217488889	0.220344444	0.217922222	0.2121	0.205433333	0.200022222	0.195688889	0.192733333	0.190144444	0.187244444	0.185633333	0.1854	0.187655556	0.1943	0.205055556	0.217588889	0.231122222	0.244511111	0.256322222	0.271722222	0.295355556	0.324344444	0.353622222	0.378022222	0.393255556	0.401222222	0.405	0.406466667	0.405077778	0.4018	0.397233333	0.392155556	0.386733333	0.381922222	0.378788889	0.375877778	0.373222222	0.370655556	0.369166667	0.366377778	0.361133333	0.354955556	0.349555556	0.343755556	0.338611111	0.335111111	0.332722222	0.3324	0.333722222	0.3366	0.339055556	0.340111111	0.336922222	0.329777778	0.319644444	0.307955556	0.296577778	0.285777778	0.274944444	0.265711111	0.2573	0.249633333
5150	0.159422222	0.158844444	0.161977778	0.169988889	0.184111111	0.202455556	0.219933333	0.232822222	0.242833333	0.250711111	0.253911111	0.251311111	0.245033333	0.237866667	0.232022222	0.2275	0.224533333	0.221922222	0.219	0.217311111	0.217344444	0.220166667	0.227811111	0.239877778	0.253822222	0.268633333	0.282988889	0.295644444	0.311733333	0.336033333	0.365422222	0.3947	0.418822222	0.433833333	0.441766667	0.445666667	0.447333333	0.446266667	0.443233333	0.4389	0.434022222	0.428733333	0.424122222	0.421177778	0.418411111	0.415822222	0.413377778	0.411988889	0.409388889	0.404377778	0.398333333	0.393055556	0.3874	0.382311111	0.378844444	0.376411111	0.376077778	0.377366667	0.379977778	0.381833333	0.381877778	0.377133333	0.368288889	0.356244444	0.342566667	0.329133333	0.316544444	0.304011111	0.293488889	0.284177778	0.275433333
5151	0.172022222	0.170922222	0.173144444	0.179233333	0.190277778	0.205088889	0.2195	0.230122222	0.238266667	0.244911111	0.247533333	0.245	0.239033333	0.232144444	0.226411111	0.221755556	0.218533333	0.215677778	0.212577778	0.210677778	0.210255556	0.212344444	0.218888889	0.229566667	0.242066667	0.2556	0.268955556	0.280644444	0.2959	0.319522222	0.348677778	0.378488889	0.403433333	0.418888889	0.4268	0.430388889	0.431655556	0.430111111	0.426488889	0.421511111	0.415955556	0.409911111	0.404533333	0.401055556	0.397844444	0.394811111	0.3919	0.390077778	0.387033333	0.381466667	0.374877778	0.369033333	0.362933333	0.357511111	0.353877778	0.351388889	0.351033333	0.352322222	0.3549	0.357155556	0.358733333	0.356711111	0.351533333	0.3432	0.333344444	0.323777778	0.314366667	0.304611111	0.296688889	0.289622222	0.282188889
5152	0.1497125	0.1495625	0.1535125	0.1628875	0.179025	0.1997875	0.219325	0.2337	0.2448875	0.2537125	0.2577	0.2554125	0.24905	0.24165	0.235675	0.231075	0.228125	0.22555	0.222625	0.2209125	0.2211125	0.224325	0.2326625	0.24565	0.2606125	0.2763375	0.291475	0.304625	0.3211375	0.3458875	0.375625	0.4049875	0.428925	0.4437	0.451425	0.4553	0.4570125	0.4560375	0.453075	0.448775	0.44395	0.4387625	0.434225	0.4312875	0.428575	0.42605	0.4236625	0.422375	0.4199	0.4150625	0.409225	0.4041375	0.398625	0.3936875	0.3903875	0.388125	0.3878875	0.388975	0.39115	0.3922	0.3910125	0.38425	0.3726125	0.35745	0.3405875	0.3244	0.3094625	0.2946875	0.282575	0.2719625	0.2619625
5153	0.162122222	0.161777778	0.165644444	0.175122222	0.191744444	0.213055556	0.233033333	0.247755556	0.259155556	0.268233333	0.272222222	0.269788889	0.263222222	0.255633333	0.249544444	0.244977778	0.242066667	0.239488889	0.236566667	0.234866667	0.235066667	0.238266667	0.246644444	0.259677778	0.274555556	0.290177778	0.305177778	0.318166667	0.334366667	0.3583	0.386577778	0.414177778	0.436322222	0.449733333	0.456855556	0.460466667	0.462044444	0.461111111	0.458477778	0.454655556	0.450266667	0.445533333	0.4414	0.438811111	0.4363	0.433966667	0.431744444	0.430633333	0.428322222	0.423711111	0.418277778	0.413477778	0.408255556	0.403444444	0.400177778	0.397744444	0.397022222	0.3977	0.399622222	0.400822222	0.400244444	0.394322222	0.383911111	0.369988889	0.354344444	0.339066667	0.3248	0.310844444	0.299066667	0.289077778	0.279344444
5154	0.163511111	0.163422222	0.167511111	0.177088889	0.1937	0.214922222	0.234844444	0.249533333	0.260911111	0.269811111	0.273677778	0.271122222	0.264433333	0.256777778	0.2506	0.245977778	0.242988889	0.240433333	0.237566667	0.236	0.2363	0.239677778	0.248222222	0.261466667	0.276688889	0.292688889	0.308111111	0.321488889	0.338288889	0.363211111	0.392733333	0.421622222	0.445011111	0.459311111	0.466877778	0.470711111	0.472455556	0.471566667	0.468811111	0.464744444	0.460144444	0.455166667	0.450877778	0.448155556	0.445488889	0.443022222	0.440733333	0.439466667	0.436977778	0.432122222	0.426288889	0.421133333	0.415666667	0.410677778	0.407244444	0.404788889	0.404255556	0.405388889	0.4078	0.409177778	0.408133333	0.401144444	0.389122222	0.373555556	0.3565	0.340155556	0.324633333	0.309766667	0.2975	0.287077778	0.277077778
5155	0.138244444	0.138411111	0.142933333	0.153311111	0.171144444	0.193755556	0.214622222	0.229766667	0.241455556	0.250777778	0.255022222	0.252622222	0.245955556	0.238233333	0.232055556	0.227511111	0.224633333	0.222144444	0.2194	0.218011111	0.218511111	0.222277778	0.231222222	0.244833333	0.260211111	0.276155556	0.291533333	0.305155556	0.322488889	0.348288889	0.378811111	0.408344444	0.431766667	0.445922222	0.453322222	0.456955556	0.458466667	0.457388889	0.454322222	0.449988889	0.445133333	0.439933333	0.435477778	0.432588889	0.429744444	0.427077778	0.424622222	0.423233333	0.420666667	0.415755556	0.409933333	0.404766667	0.399255556	0.394177778	0.390666667	0.388011111	0.3872	0.387766667	0.389566667	0.390455556	0.388977778	0.381144444	0.367722222	0.350511111	0.3317	0.313688889	0.297444444	0.281733333	0.268466667	0.257322222	0.247133333
5156	0.152522222	0.1523	0.156244444	0.165722222	0.182277778	0.203488889	0.223666667	0.238844444	0.250666667	0.259922222	0.263944444	0.261388889	0.254555556	0.246722222	0.240444444	0.235833333	0.232877778	0.230344444	0.227333333	0.225544444	0.225622222	0.228733333	0.237022222	0.2501	0.265211111	0.281166667	0.296488889	0.309711111	0.325922222	0.349622222	0.377577778	0.405022222	0.427411111	0.441277778	0.448733333	0.452666667	0.4546	0.454055556	0.451744444	0.448266667	0.444244444	0.4398	0.435977778	0.433611111	0.431288889	0.429144444	0.427066667	0.426155556	0.423944444	0.419422222	0.413922222	0.409111111	0.403933333	0.399111111	0.395822222	0.393377778	0.3928	0.393811111	0.396144444	0.397522222	0.396633333	0.3899	0.378133333	0.362933333	0.346166667	0.329955556	0.314444444	0.299633333	0.287533333	0.277222222	0.266988889
5157	0.165455556	0.165166667	0.168611111	0.176755556	0.190722222	0.208577778	0.225355556	0.237788889	0.247255556	0.254666667	0.257544444	0.254855556	0.248788889	0.242022222	0.236577778	0.232422222	0.2297	0.227422222	0.224844444	0.223577778	0.223844444	0.226822222	0.234322222	0.245911111	0.259055556	0.272888889	0.286366667	0.298311111	0.314066667	0.337644444	0.365377778	0.392277778	0.413722222	0.426611111	0.433266667	0.436388889	0.4374	0.435855556	0.432666667	0.428388889	0.423766667	0.418822222	0.414566667	0.411822222	0.409111111	0.406533333	0.404122222	0.402833333	0.400366667	0.395666667	0.390188889	0.3856	0.380611111	0.375988889	0.372855556	0.370544444	0.369955556	0.370866667	0.373155556	0.374822222	0.375	0.3705	0.362055556	0.350711111	0.337722222	0.325022222	0.312811111	0.300922222	0.291166667	0.282688889	0.273744444
5158	0.147388889	0.147288889	0.151411111	0.161122222	0.177933333	0.1992	0.219	0.233422222	0.2446	0.253488889	0.257488889	0.2551	0.248577778	0.240988889	0.234877778	0.230277778	0.227366667	0.224844444	0.222011111	0.220455556	0.220811111	0.224233333	0.232744444	0.245777778	0.260611111	0.276211111	0.2912	0.304333333	0.321	0.345822222	0.375288889	0.404311111	0.427788889	0.442244444	0.449811111	0.453566667	0.455122222	0.454077778	0.451044444	0.446666667	0.441822222	0.436611111	0.432155556	0.429255556	0.426433333	0.423833333	0.421377778	0.420022222	0.417488889	0.412566667	0.406766667	0.401622222	0.396133333	0.391166667	0.387822222	0.385366667	0.384733333	0.385577778	0.387666667	0.388855556	0.388033333	0.381844444	0.370822222	0.3563	0.339955556	0.3242	0.309244444	0.294977778	0.283233333	0.272577778	0.262777778
6953	0.177855556	0.178377778	0.182555556	0.192211111	0.209511111	0.231455556	0.251333333	0.2659	0.276788889	0.284722222	0.2876	0.2843	0.277011111	0.2689	0.262255556	0.257455556	0.254188889	0.2511	0.247911111	0.246233333	0.246688889	0.2505	0.259388889	0.272722222	0.288055556	0.3036	0.318955556	0.333888889	0.355411111	0.387822222	0.424533333	0.458366667	0.483977778	0.498455556	0.505455556	0.508633333	0.509511111	0.507355556	0.502577778	0.496322222	0.489422222	0.482111111	0.475777778	0.471311111	0.4671	0.463455556	0.460066667	0.457355556	0.4535	0.4472	0.440011111	0.433688889	0.427111111	0.420922222	0.416511111	0.413411111	0.412188889	0.412633333	0.414933333	0.415988889	0.414222222	0.406444444	0.393255556	0.376122222	0.357288889	0.339777778	0.323377778	0.308	0.294922222	0.284088889	0.274077778
6954	0.201688889	0.201933333	0.205744444	0.214555556	0.230011111	0.2496	0.267877778	0.2819	0.292433333	0.3	0.302944444	0.300133333	0.293666667	0.286177778	0.279755556	0.274988889	0.271722222	0.268577778	0.264977778	0.262388889	0.261544444	0.263711111	0.270511111	0.281677778	0.294988889	0.308933333	0.322633333	0.334744444	0.351	0.374244444	0.399755556	0.423077778	0.441311111	0.451877778	0.457122222	0.459677778	0.460622222	0.459422222	0.456611111	0.452766667	0.448322222	0.443344444	0.439077778	0.4363	0.433755556	0.431655556	0.429811111	0.428577778	0.426177778	0.421522222	0.416144444	0.411711111	0.407033333	0.402566667	0.399566667	0.397588889	0.397233333	0.398177778	0.400266667	0.400844444	0.398733333	0.391766667	0.380433333	0.365877778	0.349722222	0.334644444	0.320666667	0.307633333	0.296722222	0.287877778	0.279488889
6955	0.211933333	0.211255556	0.213866667	0.221222222	0.235544444	0.2547	0.272588889	0.2857	0.295655556	0.303277778	0.306477778	0.303977778	0.297344444	0.289266667	0.282133333	0.276555556	0.272566667	0.268788889	0.264888889	0.262555556	0.262544444	0.265977778	0.274522222	0.287677778	0.303055556	0.319322222	0.335266667	0.350266667	0.371522222	0.404011111	0.441422222	0.476188889	0.502766667	0.518111111	0.525544444	0.529011111	0.530155556	0.5281	0.523288889	0.516522222	0.509077778	0.501366667	0.494822222	0.490311111	0.486188889	0.482555556	0.479011111	0.476077778	0.472033333	0.465555556	0.458066667	0.451522222	0.444811111	0.438444444	0.433888889	0.430711111	0.429544444	0.429988889	0.432388889	0.434422222	0.434833333	0.430433333	0.421422222	0.4086	0.393655556	0.379633333	0.366344444	0.3538	0.342766667	0.333155556	0.3241
6956	0.193177778	0.193055556	0.196188889	0.203844444	0.2181	0.236788889	0.254122222	0.2668	0.276533333	0.284122222	0.287166667	0.284266667	0.277311111	0.269244444	0.262555556	0.257388889	0.253666667	0.250233333	0.246588889	0.244344444	0.2441	0.247011111	0.254755556	0.266977778	0.281366667	0.296444444	0.311322222	0.325522222	0.345777778	0.376488889	0.412011111	0.445966667	0.472544444	0.487655556	0.494533333	0.497255556	0.4976	0.495077778	0.490088889	0.483655556	0.476588889	0.469077778	0.462566667	0.457977778	0.453866667	0.450411111	0.447211111	0.444566667	0.440622222	0.434066667	0.4264	0.419644444	0.412655556	0.406188889	0.401633333	0.398577778	0.397655556	0.3983	0.400844444	0.402955556	0.403311111	0.3985	0.388788889	0.375333333	0.36	0.345766667	0.332377778	0.319211111	0.3083	0.298877778	0.290011111
6957	0.174922222	0.175455556	0.179333333	0.188033333	0.203511111	0.223266667	0.240966667	0.253722222	0.263166667	0.270266667	0.273144444	0.270566667	0.264344444	0.257077778	0.250988889	0.246366667	0.243177778	0.240222222	0.237088889	0.2353	0.2355	0.2388	0.246744444	0.258777778	0.272444444	0.2864	0.300222222	0.313555556	0.333011111	0.362444444	0.395822222	0.426644444	0.450155556	0.463366667	0.469344444	0.471777778	0.472111111	0.469722222	0.464877778	0.458677778	0.451822222	0.444511111	0.438088889	0.433544444	0.4293	0.4257	0.422366667	0.419677778	0.415888889	0.409744444	0.402733333	0.396666667	0.390422222	0.3846	0.380533333	0.377766667	0.3769	0.377322222	0.379011111	0.379833333	0.378666667	0.372577778	0.361733333	0.347588889	0.331811111	0.316466667	0.302577778	0.289222222	0.277855556	0.268566667	0.260044444
6958	0.196822222	0.197033333	0.200922222	0.210177778	0.227011111	0.248488889	0.267933333	0.282188889	0.292966667	0.300922222	0.303988889	0.300911111	0.293877778	0.285966667	0.279388889	0.274433333	0.271066667	0.2679	0.264577778	0.262588889	0.2627	0.266211111	0.274777778	0.287733333	0.3026	0.317677778	0.332511111	0.346677778	0.366866667	0.396788889	0.430266667	0.460655556	0.4834	0.496	0.501922222	0.504622222	0.505411111	0.503511111	0.499377778	0.493955556	0.487788889	0.481144444	0.475333333	0.471266667	0.467422222	0.464244444	0.4613	0.458966667	0.455577778	0.449755556	0.443111111	0.437377778	0.431277778	0.425566667	0.421544444	0.4187	0.417688889	0.418144444	0.420066667	0.421066667	0.419722222	0.413144444	0.401644444	0.3864	0.369511111	0.353977778	0.339211111	0.325033333	0.312944444	0.303077778	0.293777778
6959	0.182888889	0.183411111	0.187666667	0.197266667	0.214155556	0.2355	0.254966667	0.269188889	0.279933333	0.288	0.291288889	0.288677778	0.281977778	0.274088889	0.267455556	0.262511111	0.259144444	0.255944444	0.252433333	0.2503	0.250177778	0.253311111	0.261488889	0.274155556	0.2889	0.304122222	0.318955556	0.332688889	0.351766667	0.380188889	0.4125	0.442833333	0.466666667	0.4805	0.487055556	0.489911111	0.490844444	0.4891	0.485044444	0.479522222	0.473211111	0.466355556	0.460344444	0.456155556	0.452322222	0.449088889	0.4461	0.443744444	0.440277778	0.434344444	0.427377778	0.421288889	0.415	0.409111111	0.405066667	0.402377778	0.401611111	0.402122222	0.403933333	0.404455556	0.402511111	0.395077778	0.382322222	0.365922222	0.348044444	0.3312	0.315522222	0.300944444	0.288533333	0.278444444	0.269011111
6960	0.193677778	0.1938	0.197144444	0.205011111	0.219255556	0.237777778	0.255088889	0.268255556	0.278433333	0.286122222	0.289233333	0.286555556	0.280088889	0.272733333	0.266533333	0.261866667	0.258733333	0.255655556	0.252211111	0.249911111	0.2493	0.2517	0.258677778	0.269855556	0.283211111	0.297177778	0.310888889	0.323555556	0.341288889	0.367288889	0.396511111	0.423722222	0.444955556	0.457	0.462555556	0.464888889	0.465411111	0.463488889	0.459766667	0.455	0.449622222	0.443822222	0.438811111	0.435466667	0.432322222	0.429766667	0.427511111	0.425644444	0.422677778	0.4174	0.411288889	0.406133333	0.400622222	0.395477778	0.391877778	0.389455556	0.388733333	0.389255556	0.391311111	0.392677778	0.391944444	0.386211111	0.375733333	0.362044444	0.346766667	0.3323	0.318733333	0.305888889	0.295066667	0.285988889	0.277566667
6961	0.182944444	0.182988889	0.186566667	0.1951	0.210444444	0.2302	0.248811111	0.262944444	0.273788889	0.281966667	0.285433333	0.282711111	0.275977778	0.267988889	0.261133333	0.256011111	0.252511111	0.249111111	0.245211111	0.242488889	0.241588889	0.244	0.251333333	0.263255556	0.277688889	0.292988889	0.307877778	0.3213	0.339388889	0.366177778	0.396977778	0.426633333	0.450688889	0.464988889	0.471755556	0.474711111	0.475644444	0.474033333	0.470355556	0.465333333	0.459488889	0.453022222	0.447366667	0.443577778	0.440111111	0.437244444	0.434644444	0.432511111	0.429155556	0.423244444	0.416355556	0.410255556	0.403988889	0.398177778	0.394088889	0.391333333	0.3906	0.391366667	0.393522222	0.3949	0.393833333	0.387388889	0.375833333	0.3608	0.344311111	0.3286	0.314188889	0.300488889	0.2887	0.279366667	0.270511111
6962	0.197222222	0.197911111	0.202288889	0.212255556	0.229688889	0.251577778	0.271122222	0.285333333	0.295933333	0.3036	0.306377778	0.303188889	0.296177778	0.288344444	0.2819	0.277122222	0.273822222	0.2708	0.267644444	0.265955556	0.266488889	0.270422222	0.279255556	0.292433333	0.307255556	0.322244444	0.3369	0.351166667	0.3719	0.402588889	0.436377778	0.466333333	0.488111111	0.499955556	0.505522222	0.508077778	0.508833333	0.506888889	0.502544444	0.496811111	0.490444444	0.483722222	0.477844444	0.473611111	0.469611111	0.466166667	0.463	0.460588889	0.4572	0.451666667	0.445222222	0.439755556	0.433988889	0.428577778	0.424822222	0.422377778	0.421833333	0.422533333	0.4245	0.424933333	0.422711111	0.415211111	0.402655556	0.3864	0.368377778	0.351622222	0.335888889	0.321288889	0.308933333	0.298622222	0.288744444
6963	0.206122222	0.205933333	0.209466667	0.218088889	0.233688889	0.253711111	0.272222222	0.285822222	0.296133333	0.303822222	0.306722222	0.303855556	0.297166667	0.2893	0.282755556	0.277733333	0.274288889	0.270955556	0.267322222	0.265066667	0.264788889	0.267688889	0.275533333	0.287755556	0.302044444	0.3169	0.331388889	0.344788889	0.363522222	0.391266667	0.422577778	0.451688889	0.474244444	0.487133333	0.493266667	0.495888889	0.496666667	0.494933333	0.491011111	0.485677778	0.479711111	0.473188889	0.467522222	0.463577778	0.459933333	0.456855556	0.454088889	0.451877778	0.448622222	0.442944444	0.436222222	0.430455556	0.424411111	0.418733333	0.414888889	0.412288889	0.411622222	0.412288889	0.414488889	0.415833333	0.415477778	0.410666667	0.401422222	0.388877778	0.374488889	0.361022222	0.347855556	0.335455556	0.324888889	0.315455556	0.3063
6964	0.175666667	0.175766667	0.179244444	0.187288889	0.201388889	0.219388889	0.236555556	0.249955556	0.260288889	0.267911111	0.270911111	0.268233333	0.261822222	0.254288889	0.247833333	0.242833333	0.239444444	0.236211111	0.232411111	0.229566667	0.228377778	0.230133333	0.236511111	0.247222222	0.2605	0.2747	0.288466667	0.300622222	0.316766667	0.339922222	0.365644444	0.389644444	0.408644444	0.419422222	0.424355556	0.426444444	0.426933333	0.425322222	0.422233333	0.418188889	0.413644444	0.408455556	0.403944444	0.401011111	0.398233333	0.396022222	0.394	0.392544444	0.389944444	0.385111111	0.379533333	0.374877778	0.369922222	0.365211111	0.362011111	0.360011111	0.359766667	0.360655556	0.3627	0.363611111	0.362677778	0.357222222	0.347377778	0.3343	0.319677778	0.305688889	0.293144444	0.280955556	0.270633333	0.262044444	0.254377778
6965	0.183911111	0.183633333	0.186288889	0.192977778	0.205577778	0.222333333	0.2382	0.250066667	0.259166667	0.266177778	0.269055556	0.266411111	0.259955556	0.252422222	0.245933333	0.240877778	0.237177778	0.233666667	0.229866667	0.227333333	0.226566667	0.228822222	0.235711111	0.246844444	0.260177778	0.274288889	0.288244444	0.301211111	0.319488889	0.347122222	0.378944444	0.4095	0.4338	0.447922222	0.454466667	0.4572	0.457833333	0.455744444	0.451455556	0.445822222	0.439444444	0.432522222	0.426511111	0.4223	0.418511111	0.415322222	0.412422222	0.410066667	0.406444444	0.400277778	0.393177778	0.386922222	0.380433333	0.374455556	0.370222222	0.367488889	0.366911111	0.367655556	0.369977778	0.371755556	0.372122222	0.368111111	0.359844444	0.348277778	0.335111111	0.322333333	0.310566667	0.2992	0.289333333	0.2813	0.273311111
6966	0.202044444	0.202455556	0.206322222	0.215411111	0.231777778	0.252522222	0.271211111	0.2848	0.294888889	0.302355556	0.3054	0.302633333	0.296277778	0.288966667	0.282777778	0.278111111	0.2749	0.271844444	0.268611111	0.266677778	0.266655556	0.269944444	0.277966667	0.290155556	0.304011111	0.317933333	0.331488889	0.344377778	0.362733333	0.389755556	0.4194	0.4457	0.465077778	0.475633333	0.480455556	0.482566667	0.482966667	0.480888889	0.476855556	0.4717	0.466011111	0.459877778	0.454644444	0.451022222	0.4476	0.444711111	0.442155556	0.440077778	0.437133333	0.432055556	0.426211111	0.421355556	0.416266667	0.411444444	0.408166667	0.405944444	0.405211111	0.405611111	0.4071	0.407555556	0.406111111	0.400233333	0.389922222	0.376311111	0.361055556	0.346855556	0.333344444	0.320344444	0.309422222	0.3001	0.291288889
6967	0.197888889	0.198355556	0.202711111	0.212655556	0.230333333	0.252666667	0.272877778	0.287588889	0.298711111	0.307055556	0.310344444	0.307488889	0.300433333	0.292311111	0.2856	0.280544444	0.277055556	0.2738	0.270355556	0.268366667	0.268555556	0.272122222	0.280788889	0.294055556	0.309355556	0.324911111	0.340111111	0.354411111	0.374433333	0.404277778	0.438088889	0.4695	0.493555556	0.507077778	0.513333333	0.516	0.516577778	0.514411111	0.509933333	0.504133333	0.497744444	0.490777778	0.484644444	0.480455556	0.476622222	0.473311111	0.470333333	0.467944444	0.464433333	0.458455556	0.451488889	0.445433333	0.439122222	0.433244444	0.429155556	0.426433333	0.425777778	0.426433333	0.428266667	0.428722222	0.4267	0.418888889	0.405855556	0.3888	0.370122222	0.352977778	0.336766667	0.321888889	0.309122222	0.298488889	0.288844444
6968	0.207444444	0.207244444	0.2106	0.218677778	0.233333333	0.2522	0.269777778	0.282877778	0.292744444	0.300166667	0.302944444	0.300066667	0.293488889	0.285944444	0.2797	0.274844444	0.271422222	0.268233333	0.264722222	0.262511111	0.2623	0.265022222	0.272511111	0.284333333	0.298111111	0.312388889	0.326333333	0.3394	0.357788889	0.385022222	0.415511111	0.443433333	0.4647	0.4766	0.482155556	0.484533333	0.485266667	0.483522222	0.479711111	0.474644444	0.468955556	0.462711111	0.457188889	0.453455556	0.449944444	0.446977778	0.444411111	0.442422222	0.439322222	0.433888889	0.427411111	0.421855556	0.416088889	0.4107	0.407066667	0.404633333	0.404122222	0.404922222	0.407055556	0.408277778	0.408044444	0.4035	0.394766667	0.382777778	0.369022222	0.356	0.3436	0.331555556	0.321255556	0.312377778	0.303722222
7049	0.182	0.182311111	0.186066667	0.194666667	0.209877778	0.2292	0.246922222	0.260088889	0.27	0.277411111	0.280377778	0.277611111	0.271144444	0.263755556	0.257522222	0.252711111	0.249355556	0.246233333	0.242933333	0.240744444	0.240533333	0.243455556	0.251077778	0.262877778	0.276555556	0.290722222	0.3047	0.317811111	0.336466667	0.364388889	0.396122222	0.425833333	0.448666667	0.4616	0.467533333	0.469988889	0.470466667	0.468333333	0.464022222	0.458455556	0.4523	0.445633333	0.4397	0.435633333	0.431855556	0.428533333	0.425522222	0.423266667	0.4198	0.413911111	0.407222222	0.401322222	0.395111111	0.3895	0.385533333	0.382866667	0.382233333	0.3828	0.384655556	0.385522222	0.384422222	0.378577778	0.368033333	0.354066667	0.338733333	0.323722222	0.309677778	0.296788889	0.285944444	0.276566667	0.267644444
7050	0.205722222	0.206222222	0.209922222	0.218388889	0.233355556	0.252333333	0.269277778	0.2814	0.290155556	0.296566667	0.298877778	0.295911111	0.289788889	0.2829	0.277044444	0.272355556	0.269111111	0.266322222	0.263466667	0.262022222	0.2627	0.266622222	0.275155556	0.287555556	0.301255556	0.315022222	0.328733333	0.342311111	0.3629	0.393866667	0.428322222	0.458977778	0.481311111	0.493433333	0.498944444	0.501155556	0.501266667	0.498488889	0.493366667	0.486788889	0.479577778	0.471944444	0.465344444	0.460555556	0.455922222	0.451811111	0.448111111	0.445266667	0.441366667	0.435222222	0.428544444	0.422766667	0.416611111	0.411	0.406977778	0.404044444	0.403	0.4032	0.404677778	0.405477778	0.404466667	0.399422222	0.390111111	0.377555556	0.363555556	0.349977778	0.336866667	0.3247	0.3144	0.304855556	0.296055556
7051	0.179466667	0.180033333	0.184111111	0.193311111	0.209411111	0.229522222	0.247577778	0.260611111	0.270077778	0.277233333	0.280211111	0.277588889	0.271422222	0.264333333	0.2583	0.253611111	0.250366667	0.247411111	0.244344444	0.242466667	0.242666667	0.246111111	0.254222222	0.266311111	0.279955556	0.293922222	0.307688889	0.320788889	0.339933333	0.368866667	0.401755556	0.432311111	0.455766667	0.4691	0.475277778	0.477933333	0.478377778	0.476044444	0.471333333	0.465211111	0.458388889	0.451111111	0.444744444	0.440288889	0.436133333	0.432433333	0.429066667	0.426511111	0.4228	0.416688889	0.409877778	0.403922222	0.397522222	0.391855556	0.387788889	0.384944444	0.384133333	0.384477778	0.385955556	0.386655556	0.385188889	0.3788	0.3676	0.353	0.337166667	0.321477778	0.307055556	0.293611111	0.282133333	0.272633333	0.263533333
7052	0.210188889	0.210333333	0.214311111	0.224044444	0.241211111	0.262944444	0.283266667	0.2988	0.310411111	0.318611111	0.321633333	0.318244444	0.310844444	0.3025	0.295522222	0.290166667	0.286533333	0.2832	0.279544444	0.277033333	0.276644444	0.279866667	0.288211111	0.301277778	0.316688889	0.332744444	0.3484	0.362655556	0.3819	0.409955556	0.441655556	0.471022222	0.493833333	0.507144444	0.513944444	0.517466667	0.518966667	0.517922222	0.514811111	0.510344444	0.505055556	0.499077778	0.493877778	0.490511111	0.487244444	0.484444444	0.481955556	0.480155556	0.477088889	0.4715	0.4651	0.459466667	0.4534	0.447922222	0.444044444	0.441411111	0.440977778	0.4423	0.4449	0.445866667	0.443522222	0.435522222	0.422422222	0.405622222	0.387211111	0.37	0.353566667	0.338633333	0.326377778	0.315544444	0.305588889
7053	0.187766667	0.187822222	0.191444444	0.200288889	0.216288889	0.236866667	0.2561	0.2709	0.282266667	0.290688889	0.294088889	0.290888889	0.283622222	0.275333333	0.268511111	0.263377778	0.259888889	0.256644444	0.253077778	0.250577778	0.250077778	0.253022222	0.260911111	0.273322222	0.288077778	0.303588889	0.318822222	0.332888889	0.352144444	0.3804	0.412388889	0.442333333	0.465733333	0.479433333	0.486333333	0.4898	0.491211111	0.490033333	0.486855556	0.482377778	0.477122222	0.471144444	0.465977778	0.462644444	0.459455556	0.456688889	0.454211111	0.452333333	0.4492	0.4435	0.436988889	0.431155556	0.424844444	0.4191	0.414955556	0.411911111	0.410833333	0.411544444	0.414044444	0.415777778	0.414533333	0.407644444	0.395255556	0.379133333	0.361577778	0.345111111	0.3294	0.314544444	0.302566667	0.292133333	0.282411111
7054	0.189666667	0.189711111	0.192988889	0.2009	0.215111111	0.233455556	0.250644444	0.263666667	0.273533333	0.2809	0.283844444	0.281033333	0.274533333	0.267044444	0.260722222	0.255811111	0.252355556	0.249122222	0.245633333	0.243177778	0.2426	0.2451	0.252255556	0.263677778	0.277222222	0.291477778	0.305533333	0.3184	0.3364	0.363311111	0.394366667	0.424233333	0.448166667	0.462277778	0.469155556	0.472244444	0.473077778	0.471266667	0.467377778	0.462088889	0.456066667	0.449377778	0.443611111	0.439688889	0.436011111	0.432933333	0.430133333	0.428	0.424566667	0.418544444	0.411755556	0.405788889	0.399322222	0.393533333	0.389544444	0.386955556	0.386511111	0.387488889	0.389711111	0.391088889	0.390211111	0.384444444	0.374066667	0.360355556	0.345377778	0.330588889	0.316966667	0.304177778	0.293433333	0.284211111	0.275566667
7055	0.1786	0.178977778	0.183033333	0.192333333	0.208911111	0.230111111	0.249577778	0.264144444	0.275233333	0.283622222	0.287111111	0.284166667	0.277055556	0.268966667	0.262311111	0.257277778	0.2538	0.2506	0.247155556	0.244955556	0.244888889	0.248233333	0.256633333	0.269577778	0.284688889	0.300488889	0.316077778	0.330677778	0.351122222	0.381677778	0.416933333	0.450277778	0.476366667	0.491588889	0.499088889	0.502566667	0.503688889	0.501911111	0.497833333	0.492255556	0.485911111	0.478955556	0.472966667	0.468866667	0.464977778	0.461711111	0.458722222	0.4564	0.452755556	0.446488889	0.439288889	0.432833333	0.425933333	0.419722222	0.415233333	0.4121	0.411277778	0.412122222	0.414522222	0.4158	0.413777778	0.405444444	0.391266667	0.372944444	0.353255556	0.334866667	0.317644444	0.301955556	0.2888	0.277722222	0.267633333
7056	0.200166667	0.200433333	0.204244444	0.213422222	0.230022222	0.251244444	0.270688889	0.285177778	0.2962	0.304411111	0.3077	0.304622222	0.297533333	0.289566667	0.282988889	0.278022222	0.274655556	0.271511111	0.268122222	0.265855556	0.265644444	0.268844444	0.276866667	0.289244444	0.303488889	0.318044444	0.332288889	0.345555556	0.364255556	0.391422222	0.421422222	0.448411111	0.468366667	0.4793	0.484366667	0.486577778	0.486855556	0.484711111	0.480911111	0.476022222	0.470677778	0.464922222	0.459988889	0.456733333	0.4535	0.450722222	0.448311111	0.446455556	0.443511111	0.438411111	0.4327	0.427844444	0.422477778	0.417488889	0.413955556	0.411311111	0.410266667	0.410466667	0.412033333	0.412655556	0.410955556	0.404	0.392022222	0.376511111	0.359711111	0.343822222	0.328644444	0.314755556	0.3034	0.293588889	0.284422222
7057	0.217233333	0.217766667	0.221833333	0.231388889	0.248522222	0.270233333	0.289622222	0.303677778	0.314111111	0.3219	0.324988889	0.322066667	0.315288889	0.307666667	0.301222222	0.296211111	0.292766667	0.289622222	0.286411111	0.284588889	0.285055556	0.289122222	0.298122222	0.311444444	0.326455556	0.3416	0.356444444	0.370666667	0.391311111	0.422211111	0.457066667	0.489088889	0.513255556	0.526988889	0.533444444	0.536244444	0.536833333	0.5345	0.5297	0.523344444	0.516288889	0.508788889	0.5022	0.497522222	0.493144444	0.489311111	0.485777778	0.483033333	0.479211111	0.473033333	0.466	0.459788889	0.453222222	0.447322222	0.443055556	0.440044444	0.438977778	0.439255556	0.440877778	0.441555556	0.439966667	0.433422222	0.421966667	0.406811111	0.3902	0.374188889	0.358788889	0.344722222	0.333122222	0.3225	0.312511111
7058	0.218622222	0.219188889	0.223577778	0.233855556	0.252122222	0.275111111	0.295511111	0.3103	0.321322222	0.329522222	0.332811111	0.329777778	0.322811111	0.314933333	0.308377778	0.303311111	0.299822222	0.296633333	0.293377778	0.2915	0.291966667	0.296022222	0.305255556	0.318844444	0.334044444	0.349355556	0.3643	0.3785	0.398755556	0.4288	0.462177778	0.4923	0.514566667	0.526866667	0.532544444	0.534966667	0.535477778	0.533244444	0.5288	0.522944444	0.5165	0.5096	0.503544444	0.499311111	0.4953	0.491777778	0.488566667	0.486144444	0.482622222	0.476866667	0.470322222	0.4646	0.458533333	0.452944444	0.448933333	0.446122222	0.445244444	0.4455	0.446933333	0.447222222	0.445044444	0.4376	0.425177778	0.409	0.391344444	0.374477778	0.358611111	0.344011111	0.331833333	0.321222222	0.311222222
7080	0.273088889	0.271777778	0.2727	0.2767	0.285211111	0.296622222	0.307277778	0.315111111	0.320533333	0.324144444	0.324355556	0.320233333	0.313788889	0.307033333	0.301188889	0.2962	0.292388889	0.289022222	0.285533333	0.283166667	0.282244444	0.283822222	0.2892	0.297744444	0.307455556	0.317555556	0.327944444	0.3388	0.356255556	0.382711111	0.412011111	0.437888889	0.456522222	0.466044444	0.470133333	0.471511111	0.470755556	0.467466667	0.462388889	0.4562	0.449522222	0.442577778	0.436644444	0.432277778	0.428022222	0.424133333	0.420711111	0.417944444	0.414211111	0.4083	0.402166667	0.397133333	0.391411111	0.386288889	0.382644444	0.38	0.379377778	0.380222222	0.3826	0.385288889	0.388322222	0.3897	0.389122222	0.386888889	0.3829	0.379644444	0.375666667	0.371611111	0.367311111	0.363366667	0.359722222
7081	0.177266667	0.177666667	0.181477778	0.190488889	0.206233333	0.226011111	0.243755556	0.256666667	0.266111111	0.273144444	0.275866667	0.272944444	0.266555556	0.259388889	0.253322222	0.248644444	0.245377778	0.2425	0.239555556	0.237777778	0.238044444	0.241511111	0.2497	0.2617	0.275222222	0.288888889	0.3024	0.315611111	0.335033333	0.363955556	0.396422222	0.425844444	0.447822222	0.459922222	0.465622222	0.468077778	0.468366667	0.465888889	0.461344444	0.455477778	0.448933333	0.441966667	0.436055556	0.431844444	0.427855556	0.424255556	0.420977778	0.418533333	0.415011111	0.409077778	0.402644444	0.397022222	0.390877778	0.385422222	0.381566667	0.378766667	0.377977778	0.378255556	0.379677778	0.380388889	0.379355556	0.373677778	0.363377778	0.349922222	0.334655556	0.320433333	0.306855556	0.293977778	0.282577778	0.272977778	0.265144444
7082	0.184555556	0.184522222	0.187744444	0.195655556	0.209766667	0.227855556	0.244633333	0.2571	0.266488889	0.273688889	0.276711111	0.274055556	0.2678	0.260511111	0.254388889	0.249566667	0.246133333	0.243011111	0.239655556	0.237322222	0.236888889	0.239466667	0.246722222	0.257888889	0.271011111	0.284688889	0.298288889	0.310977778	0.329033333	0.3559	0.3866	0.415355556	0.437744444	0.450588889	0.456666667	0.459333333	0.459944444	0.457822222	0.453855556	0.448566667	0.442488889	0.435888889	0.430222222	0.426311111	0.422611111	0.4194	0.416588889	0.414433333	0.411144444	0.405277778	0.398788889	0.393088889	0.386855556	0.381322222	0.377422222	0.374744444	0.374233333	0.374888889	0.376588889	0.377744444	0.377533333	0.372833333	0.363722222	0.351544444	0.337522222	0.324444444	0.312066667	0.300177778	0.289577778	0.2807	0.272922222
7083	0.213011111	0.213088889	0.216611111	0.225533333	0.2422	0.263677778	0.283122222	0.297444444	0.308155556	0.316011111	0.318666667	0.314455556	0.306388889	0.297744444	0.2907	0.285466667	0.281788889	0.278577778	0.275455556	0.273822222	0.274555556	0.278955556	0.288633333	0.302688889	0.318477778	0.334355556	0.350177778	0.366288889	0.390266667	0.426288889	0.467166667	0.504266667	0.531766667	0.547366667	0.555233333	0.558833333	0.559522222	0.5566	0.551222222	0.544288889	0.5367	0.5289	0.522155556	0.517222222	0.512511111	0.508377778	0.504644444	0.501477778	0.497055556	0.4901	0.482511111	0.475733333	0.468244444	0.461266667	0.455833333	0.451577778	0.449666667	0.449511111	0.451688889	0.453722222	0.453122222	0.445977778	0.433011111	0.416422222	0.3975	0.380277778	0.363866667	0.348666667	0.335122222	0.323777778	0.314088889
7084	0.196844444	0.197477778	0.201833333	0.211722222	0.228888889	0.250433333	0.269933333	0.2843	0.294922222	0.302711111	0.305744444	0.302855556	0.296255556	0.288677778	0.282322222	0.277433333	0.274055556	0.2711	0.268033333	0.266177778	0.266555556	0.2703	0.279011111	0.2919	0.306533333	0.321355556	0.335877778	0.349711111	0.369411111	0.398311111	0.4306	0.459955556	0.482	0.494255556	0.500233333	0.503088889	0.503855556	0.501844444	0.497877778	0.492544444	0.486488889	0.479911111	0.474166667	0.470177778	0.4665	0.463211111	0.460288889	0.458055556	0.454833333	0.449077778	0.442666667	0.437077778	0.430922222	0.425444444	0.421611111	0.418955556	0.418477778	0.419177778	0.420888889	0.421133333	0.418666667	0.410722222	0.397666667	0.380911111	0.362122222	0.345644444	0.329722222	0.315111111	0.302055556	0.291544444	0.282344444
7278	0.237633333	0.236755556	0.238511111	0.244222222	0.255344444	0.269755556	0.2828	0.292322222	0.299133333	0.304077778	0.305344444	0.301855556	0.2956	0.288833333	0.283044444	0.278255556	0.274566667	0.271477778	0.268422222	0.266377778	0.266244444	0.268722222	0.2754	0.285377778	0.296555556	0.307944444	0.319544444	0.331711111	0.350555556	0.379144444	0.411444444	0.4404	0.461288889	0.472422222	0.477355556	0.4791	0.4785	0.474944444	0.469611111	0.463166667	0.456155556	0.448844444	0.442611111	0.438166667	0.433922222	0.429888889	0.426366667	0.423577778	0.419744444	0.413666667	0.407222222	0.401844444	0.395722222	0.390233333	0.386333333	0.383311111	0.382433333	0.382844444	0.384655556	0.386566667	0.3884	0.387733333	0.383788889	0.377488889	0.369577778	0.361988889	0.354555556	0.347433333	0.340666667	0.334055556	0.327855556
7279	0.184955556	0.185244444	0.1893	0.199111111	0.216344444	0.237733333	0.257077778	0.271422222	0.282088889	0.289911111	0.293066667	0.290144444	0.283366667	0.275655556	0.2692	0.264211111	0.260655556	0.257622222	0.254455556	0.252355556	0.252477778	0.255877778	0.264233333	0.276711111	0.290955556	0.305366667	0.319455556	0.332888889	0.351733333	0.379133333	0.409911111	0.438077778	0.4593	0.471133333	0.476633333	0.478922222	0.479144444	0.476522222	0.472366667	0.467177778	0.461311111	0.455066667	0.449755556	0.446222222	0.442888889	0.439711111	0.437011111	0.434944444	0.431855556	0.426344444	0.420333333	0.415266667	0.409444444	0.404233333	0.400644444	0.398022222	0.397522222	0.398266667	0.399844444	0.4003	0.398433333	0.391366667	0.3788	0.362844444	0.345122222	0.328688889	0.313855556	0.299877778	0.287588889	0.2776	0.268866667
7280	0.224755556	0.224277778	0.226477778	0.232511111	0.243911111	0.258555556	0.2721	0.282366667	0.289988889	0.2954	0.296933333	0.2937	0.287644444	0.281188889	0.275855556	0.271566667	0.268311111	0.265622222	0.262855556	0.2611	0.261055556	0.263533333	0.269966667	0.279633333	0.290555556	0.301888889	0.313588889	0.3256	0.343922222	0.371411111	0.402644444	0.4314	0.4533	0.466155556	0.4729	0.4761	0.476933333	0.474488889	0.470144444	0.464455556	0.458133333	0.451511111	0.445988889	0.442233333	0.438622222	0.435166667	0.432177778	0.429966667	0.426477778	0.420577778	0.414233333	0.408755556	0.402511111	0.396855556	0.392733333	0.389377778	0.388222222	0.3888	0.391333333	0.393822222	0.395488889	0.3935	0.387233333	0.378211111	0.367388889	0.357233333	0.347477778	0.338066667	0.329444444	0.321633333	0.314566667
7685	0.104188889	0.104366667	0.107788889	0.116166667	0.130966667	0.149866667	0.167455556	0.180922222	0.191377778	0.199066667	0.2024	0.200444444	0.194722222	0.1881	0.182555556	0.178266667	0.175477778	0.173	0.170311111	0.168677778	0.168966667	0.172166667	0.179688889	0.191844444	0.206088889	0.220922222	0.235166667	0.247622222	0.263966667	0.288644444	0.319366667	0.3511	0.378022222	0.395722222	0.405433333	0.410633333	0.413622222	0.4135	0.410622222	0.406155556	0.400911111	0.395322222	0.390422222	0.386711111	0.384088889	0.3821	0.380411111	0.378477778	0.375333333	0.370066667	0.3634	0.357588889	0.351711111	0.3462	0.342188889	0.339244444	0.338855556	0.340533333	0.343344444	0.344522222	0.343177778	0.336777778	0.325877778	0.310377778	0.293011111	0.277355556	0.262144444	0.248088889	0.235566667	0.224644444	0.2156
7686	0.1019	0.1022	0.105466667	0.113166667	0.126966667	0.144433333	0.16	0.171433333	0.180133333	0.186633333	0.189433333	0.187833333	0.183033333	0.177566667	0.172966667	0.169333333	0.166933333	0.164766667	0.162533333	0.161466667	0.162133333	0.165333333	0.1723	0.1834	0.195466667	0.207666667	0.219266667	0.2299	0.2448	0.267266667	0.294466667	0.3211	0.3425	0.355633333	0.3625	0.3659	0.3675	0.3662	0.3625	0.3577	0.352566667	0.347333333	0.3427	0.339066667	0.336566667	0.3345	0.332766667	0.330866667	0.327933333	0.3234	0.317966667	0.313633333	0.309033333	0.304666667	0.3016	0.299266667	0.2989	0.299866667	0.3016	0.3021	0.301233333	0.296966667	0.2892	0.277466667	0.264033333	0.2516	0.2393	0.228066667	0.218366667	0.2092	0.201333333
7688	0.164722222	0.163622222	0.165355556	0.171088889	0.182222222	0.197077778	0.210877778	0.220977778	0.228555556	0.234	0.235711111	0.2328	0.226744444	0.220077778	0.214722222	0.210388889	0.207322222	0.204533333	0.201611111	0.199955556	0.200144444	0.202922222	0.209666667	0.220744444	0.233144444	0.245733333	0.257922222	0.269411111	0.285744444	0.310722222	0.341155556	0.370822222	0.394088889	0.408122222	0.415455556	0.418933333	0.420211111	0.418422222	0.414588889	0.409455556	0.403922222	0.398	0.392733333	0.388933333	0.386033333	0.3835	0.381144444	0.378544444	0.375333333	0.370188889	0.363944444	0.359211111	0.354055556	0.349288889	0.345966667	0.343333333	0.343377778	0.3449	0.347633333	0.349388889	0.350444444	0.349211111	0.344944444	0.3372	0.3272	0.317977778	0.309366667	0.300755556	0.292744444	0.285677778	0.278611111
7689	0.116811111	0.1169	0.120633333	0.129833333	0.145866667	0.166277778	0.185255556	0.199544444	0.210722222	0.219277778	0.223088889	0.220922222	0.2146	0.2073	0.201411111	0.197088889	0.194244444	0.1917	0.188844444	0.1872	0.187644444	0.191188889	0.199288889	0.212555556	0.227633333	0.243144444	0.258022222	0.271277778	0.288522222	0.314288889	0.346266667	0.378533333	0.404922222	0.421611111	0.430522222	0.434944444	0.437055556	0.436166667	0.433122222	0.428633333	0.423533333	0.417833333	0.412655556	0.409011111	0.406422222	0.404233333	0.402077778	0.399644444	0.396544444	0.391177778	0.384466667	0.379022222	0.373222222	0.367844444	0.364	0.360977778	0.360666667	0.361577778	0.363588889	0.364388889	0.363033333	0.356588889	0.344855556	0.328677778	0.3101	0.2934	0.277888889	0.2638	0.250433333	0.238866667	0.229066667
7690	0.166933333	0.165866667	0.166955556	0.171077778	0.179666667	0.191333333	0.202266667	0.210566667	0.216855556	0.221411111	0.222677778	0.220133333	0.215	0.209388889	0.204644444	0.200588889	0.197666667	0.194988889	0.192322222	0.190633333	0.190311111	0.192155556	0.197388889	0.206422222	0.216655556	0.227222222	0.237644444	0.247355556	0.261555556	0.283766667	0.311055556	0.338155556	0.360044444	0.373733333	0.380744444	0.383933333	0.385188889	0.383544444	0.379466667	0.374344444	0.368711111	0.363	0.3581	0.354211111	0.351344444	0.348988889	0.347	0.3448	0.3415	0.336444444	0.330377778	0.325488889	0.320355556	0.315555556	0.312088889	0.3095	0.309077778	0.310377778	0.313011111	0.315411111	0.317577778	0.317833333	0.316211111	0.311688889	0.305522222	0.299677778	0.2938	0.287377778	0.281788889	0.276488889	0.271355556
7692	0.1761	0.175025	0.17645	0.18155	0.192125	0.2065	0.2199625	0.230175	0.2380375	0.243625	0.24535	0.2423375	0.2363625	0.229925	0.2245875	0.2202125	0.217175	0.2144375	0.2117625	0.2102	0.2103	0.2129625	0.21965	0.23045	0.242675	0.25515	0.2673	0.278725	0.2952125	0.3204625	0.3508125	0.3803875	0.403775	0.4184	0.42615	0.429925	0.43165	0.4303125	0.4265125	0.421375	0.4157	0.4100125	0.4053	0.4015	0.3986875	0.39635	0.3943375	0.3921	0.3888625	0.3838375	0.3778	0.372825	0.3676	0.3626125	0.358825	0.3557375	0.354875	0.3558375	0.3584125	0.3606	0.3617375	0.3597125	0.354925	0.3470875	0.33765	0.328175	0.31925	0.3099625	0.302075	0.295075	0.28855
7693	0.1529	0.1516	0.152311111	0.155611111	0.162866667	0.173255556	0.1836	0.1917	0.198122222	0.2031	0.2048	0.202477778	0.197177778	0.191044444	0.1857	0.181166667	0.1778	0.174555556	0.171111111	0.168544444	0.167277778	0.168022222	0.172177778	0.180366667	0.190388889	0.201411111	0.212277778	0.221588889	0.234166667	0.253666667	0.2791	0.306855556	0.3316	0.348077778	0.3565	0.360277778	0.361766667	0.360333333	0.356533333	0.351577778	0.345977778	0.340222222	0.335322222	0.3316	0.329088889	0.327066667	0.325388889	0.323377778	0.320122222	0.314822222	0.308311111	0.3029	0.297288889	0.292044444	0.288322222	0.285733333	0.285577778	0.287288889	0.290322222	0.293255556	0.295944444	0.2965	0.294555556	0.289355556	0.282811111	0.276844444	0.270588889	0.264366667	0.258644444	0.253222222	0.2487
7694	0.219025	0.21735	0.217425	0.2199625	0.2262	0.2351125	0.2436375	0.250025	0.2547	0.2578125	0.2580375	0.2549	0.249625	0.2439875	0.2391375	0.2347	0.231325	0.2281875	0.225025	0.222775	0.2217125	0.2225625	0.2265375	0.234	0.242525	0.25145	0.260375	0.268625	0.2812125	0.3012	0.3258625	0.3507	0.370925	0.3835125	0.389875	0.3926	0.39345	0.391475	0.387275	0.3819875	0.37625	0.3704	0.365425	0.36145	0.3583625	0.3557875	0.3535375	0.3511625	0.3477125	0.3425625	0.3364875	0.3315875	0.3264875	0.32165	0.318075	0.3153625	0.314925	0.3161625	0.3189	0.321625	0.32485	0.3273	0.329	0.3287625	0.3273125	0.3255	0.3235375	0.320725	0.3186375	0.316	0.3131625
7695	0.1301375	0.1301375	0.1329125	0.1401625	0.1536125	0.1712	0.1873	0.1992	0.2083	0.215125	0.2180375	0.215925	0.2103375	0.2039375	0.198525	0.1941625	0.191175	0.18855	0.1859375	0.1845	0.1849875	0.1884	0.196125	0.20825	0.22175	0.235575	0.24885	0.261025	0.2780375	0.3043875	0.3363875	0.3680875	0.3936	0.4096	0.4178875	0.4218625	0.42355	0.4221	0.4177375	0.411925	0.4055625	0.399025	0.3935375	0.3892625	0.3860375	0.3832875	0.380825	0.37825	0.374575	0.3691125	0.3625125	0.35685	0.3510875	0.3456375	0.3415375	0.3382125	0.3373875	0.338225	0.3402625	0.3416375	0.3416875	0.337925	0.3305375	0.31935	0.3064875	0.29405	0.282325	0.27075	0.2605375	0.2512375	0.243175
7701	0.104188889	0.104244444	0.107977778	0.116322222	0.1309	0.149433333	0.166666667	0.179544444	0.189488889	0.196922222	0.200066667	0.197855556	0.192011111	0.185622222	0.180477778	0.176622222	0.1741	0.171833333	0.169322222	0.167877778	0.168222222	0.171466667	0.179033333	0.190788889	0.203855556	0.217333333	0.2304	0.242133333	0.257677778	0.280666667	0.308411111	0.335544444	0.3578	0.371844444	0.379222222	0.383044444	0.384855556	0.383966667	0.381177778	0.377022222	0.372277778	0.3672	0.362888889	0.359711111	0.357144444	0.354911111	0.352933333	0.351377778	0.348855556	0.344155556	0.338555556	0.334033333	0.3291	0.324533333	0.321366667	0.319022222	0.318977778	0.320166667	0.322333333	0.323177778	0.322022222	0.316233333	0.306366667	0.292633333	0.277311111	0.263222222	0.249377778	0.236633333	0.225444444	0.216022222	0.206755556
7702	0.105122222	0.105755556	0.110533333	0.120766667	0.138011111	0.159333333	0.178811111	0.193144444	0.204011111	0.211922222	0.215266667	0.212955556	0.2068	0.200111111	0.194733333	0.190733333	0.188311111	0.186266667	0.183855556	0.182644444	0.183555556	0.1877	0.196466667	0.209677778	0.224277778	0.2391	0.253366667	0.266422222	0.283955556	0.310277778	0.341944444	0.372522222	0.396977778	0.412288889	0.420488889	0.424866667	0.427133333	0.426388889	0.4234	0.418788889	0.413422222	0.407677778	0.402588889	0.398855556	0.395688889	0.392877778	0.390444444	0.388455556	0.385588889	0.380466667	0.374244444	0.369111111	0.363655556	0.358622222	0.355166667	0.352666667	0.352555556	0.353733333	0.355688889	0.355677778	0.352933333	0.3444	0.330844444	0.3132	0.293344444	0.2755	0.258866667	0.243533333	0.2305	0.219244444	0.208955556
7703	0.107855556	0.107788889	0.111633333	0.120422222	0.1355	0.154777778	0.173355556	0.187822222	0.199077778	0.207455556	0.211011111	0.2086	0.202144444	0.194911111	0.189011111	0.184644444	0.181911111	0.179433333	0.176444444	0.174366667	0.174266667	0.177222222	0.184922222	0.197322222	0.2119	0.227444444	0.242377778	0.255255556	0.271233333	0.294655556	0.323655556	0.353144444	0.378277778	0.394688889	0.403511111	0.408255556	0.410788889	0.410622222	0.408466667	0.404844444	0.400411111	0.395333333	0.390844444	0.387666667	0.385188889	0.383022222	0.381133333	0.379677778	0.377088889	0.372088889	0.365855556	0.360633333	0.355144444	0.3501	0.346666667	0.344411111	0.344766667	0.346788889	0.349766667	0.350888889	0.349122222	0.341277778	0.328777778	0.312077778	0.293377778	0.276422222	0.260644444	0.2462	0.233644444	0.223188889	0.213288889
7704	0.089655556	0.089866667	0.093955556	0.102755556	0.117611111	0.136444444	0.154177778	0.167477778	0.177788889	0.185655556	0.189211111	0.187344444	0.181777778	0.175444444	0.170222222	0.166266667	0.1638	0.161611111	0.158944444	0.157211111	0.157266667	0.160211111	0.167566667	0.179244444	0.192611111	0.206688889	0.220222222	0.232022222	0.246955556	0.269011111	0.2961	0.323133333	0.345966667	0.360788889	0.368777778	0.373088889	0.375466667	0.375333333	0.3732	0.369544444	0.365188889	0.360311111	0.356	0.352955556	0.350577778	0.348488889	0.346622222	0.345288889	0.342966667	0.338311111	0.332488889	0.327677778	0.322655556	0.318033333	0.314933333	0.312777778	0.312977778	0.314366667	0.316466667	0.316866667	0.314911111	0.307677778	0.295944444	0.280244444	0.263122222	0.2476	0.232144444	0.218388889	0.206522222	0.197066667	0.187377778
7705	0.101777778	0.102188889	0.106711111	0.116322222	0.132688889	0.1534	0.172833333	0.187388889	0.198588889	0.206822222	0.210377778	0.208111111	0.201811111	0.194866667	0.189311111	0.185122222	0.182488889	0.180233333	0.177577778	0.176	0.176522222	0.180233333	0.1887	0.201822222	0.216622222	0.232022222	0.246755556	0.259922222	0.276944444	0.302311111	0.333155556	0.363633333	0.388688889	0.404666667	0.413333333	0.417944444	0.420377778	0.419955556	0.417333333	0.413133333	0.408166667	0.402755556	0.397988889	0.394522222	0.391744444	0.3893	0.387188889	0.385388889	0.382611111	0.377544444	0.371277778	0.366077778	0.360555556	0.355455556	0.351866667	0.349366667	0.349211111	0.350733333	0.353077778	0.353466667	0.350688889	0.341533333	0.327277778	0.308788889	0.288422222	0.270133333	0.252588889	0.2372	0.223844444	0.212633333	0.202233333
7899	0.123333333	0.123733333	0.1282	0.138366667	0.1561	0.1787	0.199766667	0.215366667	0.227333333	0.236466667	0.240333333	0.238133333	0.2316	0.224233333	0.2183	0.2139	0.211	0.208566667	0.205866667	0.204433333	0.2054	0.209733333	0.2192	0.233133333	0.248666667	0.264533333	0.2799	0.293866667	0.312033333	0.339133333	0.3719	0.403866667	0.4295	0.4452	0.4538	0.458066667	0.460066667	0.459133333	0.456033333	0.451466667	0.446033333	0.440133333	0.435066667	0.4316	0.428366667	0.425566667	0.423	0.421066667	0.418033333	0.412733333	0.406433333	0.4011	0.394966667	0.389633333	0.385866667	0.382766667	0.382066667	0.382366667	0.383566667	0.383666667	0.381633333	0.373533333	0.359633333	0.341533333	0.3221	0.304166667	0.2866	0.270833333	0.256766667	0.244933333	0.2348
7900	0.115533333	0.115433333	0.1193	0.128266667	0.143866667	0.1639	0.182966667	0.197433333	0.208733333	0.217466667	0.2212	0.219133333	0.212966667	0.205766667	0.199933333	0.1956	0.192733333	0.190166667	0.187333333	0.185433333	0.1855	0.188766667	0.1968	0.209333333	0.2237	0.2388	0.2535	0.266433333	0.2826	0.306733333	0.3367	0.367433333	0.393266667	0.409533333	0.418333333	0.422666667	0.424633333	0.4238	0.4209	0.416666667	0.411566667	0.4059	0.4011	0.397833333	0.395033333	0.3926	0.3903	0.3887	0.3858	0.380633333	0.3743	0.369033333	0.363033333	0.357766667	0.354266667	0.3516	0.3515	0.352466667	0.354133333	0.3547	0.353566667	0.346966667	0.3351	0.319	0.3014	0.285133333	0.269633333	0.255533333	0.243066667	0.232	0.2226
