1	0.175906646	0.174465744	0.176320605	0.183442309	0.200142665	0.227102857	0.255961142	0.273931187	0.291355664	0.313583695	0.32730951	0.323879571	0.29077682	0.25091327	0.225828241	0.209866665	0.200198576	0.194823584	0.1907444	0.187186331	0.18579497	0.18735761	0.193025894	0.204594434	0.221576465	0.245468077	0.273559543	0.30446984	0.343289816	0.382652738	0.423669981	0.473961806	0.511216639	0.534647312	0.545519996	0.548507518	0.546432415	0.541146756	0.535430337	0.529710191	0.521596866	0.512818946	0.504299383	0.496225041	0.488602527	0.482424926	0.478298398	0.474577587	0.468529088	0.461069808	0.455131867	0.450002434	0.446284627	0.444699255	0.446020164	0.456474853	0.472979184	0.493012377	0.523856219	0.566348734	0.602612412	0.616741288	0.603369094	0.573985922	0.543700183	0.523571657	0.50439338	0.485085851	0.46878523	0.455471962	0.441284122
4	0.107023087	0.105440252	0.107269286	0.114465919	0.131358562	0.159083549	0.189251261	0.207779061	0.225773653	0.248837217	0.262543361	0.259002412	0.225097659	0.184581501	0.159149594	0.143085321	0.133378946	0.128191527	0.123879403	0.120373841	0.118850132	0.120611026	0.126240432	0.137859771	0.154702477	0.178563862	0.206535231	0.237726168	0.276825814	0.315928703	0.356790206	0.407753148	0.446727735	0.472988863	0.486679346	0.492298375	0.492502794	0.489039738	0.484277117	0.478590973	0.470619227	0.462324764	0.453766418	0.445743975	0.438349517	0.432298856	0.428270161	0.424634993	0.418371568	0.410774542	0.404339221	0.398582687	0.393927274	0.391468156	0.392362011	0.402284294	0.418347283	0.437695855	0.468534401	0.511132628	0.547473206	0.560928043	0.546472199	0.516173832	0.485057737	0.464026891	0.444768107	0.424780799	0.407867838	0.393067776	0.378455678
7	0.105040264	0.103105354	0.104800162	0.112019694	0.128848977	0.156568239	0.187187779	0.20591432	0.224117322	0.247226066	0.261209416	0.257707225	0.223839433	0.183590384	0.157874128	0.141738723	0.131804753	0.126608146	0.122196313	0.118687358	0.117065115	0.119031855	0.124377886	0.135633275	0.152081549	0.175794734	0.203430515	0.234393347	0.272702136	0.310574252	0.349468112	0.399326845	0.438712847	0.466593045	0.482153458	0.489387461	0.491175292	0.48892211	0.485238798	0.479906973	0.47255992	0.465018235	0.456769512	0.448955147	0.441641602	0.435937566	0.432265102	0.42868543	0.422617048	0.415218383	0.408775151	0.402559416	0.397527753	0.394713565	0.395123155	0.404698998	0.420270349	0.439004835	0.469102837	0.511403264	0.547183586	0.560046308	0.545371562	0.514960697	0.483293392	0.462474513	0.443154096	0.423142887	0.406369225	0.390771444	0.376366345
10	0.104973877	0.103043469	0.10485762	0.11201023	0.128875527	0.156232103	0.186978553	0.205572742	0.223667407	0.24671007	0.260807388	0.257314299	0.223505057	0.183233919	0.157415449	0.141417521	0.131557553	0.126578852	0.122031335	0.118483664	0.117009739	0.119022249	0.124257909	0.134955949	0.151169264	0.174977984	0.202681519	0.23349077	0.271375123	0.308598652	0.346716929	0.396092356	0.435304799	0.463308916	0.479157697	0.486580849	0.489123257	0.487052689	0.48354948	0.478293602	0.471169709	0.46391333	0.455871266	0.447866796	0.440785013	0.435241691	0.431521074	0.428156528	0.42232135	0.415150491	0.40884736	0.402580602	0.397351834	0.394213261	0.394717256	0.404298105	0.419874293	0.438743915	0.468349854	0.510457827	0.54620769	0.558918426	0.544032896	0.514160461	0.482770786	0.461815939	0.442685834	0.421953187	0.40506767	0.39063068	0.375700749
13	0.105019619	0.103050341	0.104821379	0.111933135	0.128552187	0.15576677	0.186225057	0.204867674	0.222990733	0.245726639	0.259823709	0.256354919	0.222788988	0.182648533	0.157022248	0.141207672	0.131437587	0.126315719	0.121676487	0.118122542	0.116589907	0.118538101	0.123767162	0.134110653	0.150043085	0.17359708	0.201101738	0.231531534	0.268930488	0.305325939	0.342382002	0.390858105	0.429758629	0.458033252	0.474331917	0.48233494	0.485328317	0.483928362	0.480776574	0.475830549	0.469083634	0.462091951	0.454279623	0.446585745	0.439765186	0.434272952	0.430690629	0.427482345	0.421928618	0.414908797	0.408427141	0.402091582	0.396737381	0.393595876	0.393861997	0.403413496	0.418629453	0.436993982	0.466005589	0.507499925	0.542600485	0.554980866	0.540711085	0.511186725	0.480716693	0.459947213	0.440941082	0.421642313	0.404215759	0.390081968	0.375742655
16	0.104414781	0.102582857	0.104313795	0.111341928	0.127638259	0.154745515	0.185300155	0.203915037	0.221639531	0.244486529	0.258405298	0.255247395	0.222024106	0.182142728	0.156581902	0.14049692	0.130650936	0.125770143	0.120948199	0.117360242	0.115961505	0.117647497	0.122688227	0.132981121	0.148757652	0.172228054	0.199531871	0.229686613	0.266231073	0.30198344	0.338389104	0.386166405	0.424630799	0.452939218	0.469602581	0.478202796	0.481293858	0.479866705	0.476909631	0.472424654	0.466366881	0.459056714	0.451380653	0.443625274	0.437052891	0.431785283	0.428527549	0.42540102	0.419692316	0.412961184	0.407108452	0.400897309	0.395375107	0.391965736	0.392051258	0.401539723	0.41694033	0.435118973	0.463134422	0.503647446	0.538384325	0.55066226	0.536619901	0.508445654	0.478278327	0.458010891	0.439699759	0.419716401	0.403371864	0.389253942	0.374755966
19	0.102221701	0.100433254	0.102051118	0.1087844	0.124808451	0.151497527	0.181354803	0.199696295	0.217258323	0.238939909	0.252798761	0.24973994	0.21770865	0.178656539	0.153608247	0.138176627	0.128580829	0.123443021	0.118832463	0.115487298	0.114098272	0.115590216	0.120613359	0.130369612	0.145546385	0.168115009	0.194875595	0.223888668	0.259425177	0.293509924	0.327814903	0.373916937	0.411972502	0.440713149	0.458514154	0.468274953	0.472731492	0.472278244	0.469951129	0.466062339	0.460385178	0.453325709	0.446156175	0.438944796	0.432702337	0.427931445	0.424497086	0.421646811	0.416473701	0.410045556	0.404022503	0.3975542	0.391769996	0.388075084	0.387776156	0.396962105	0.41134506	0.428252454	0.454259143	0.492109811	0.5245571	0.535762771	0.523332637	0.49632179	0.468746545	0.449404446	0.431596012	0.412993386	0.397078433	0.383345534	0.36920555
2	0	0	0	0	0	0	0	0	0	0	0	0	0	0	0	0	0	0	0	0	0	0	0	0	0	0	0	0	0	0	0	0	0	0	0	0	0	0	0	0	0	0	0	0	0	0	0	0	0	0	0	0	0	0	0	0	0	0	0	0	0	0	0	0	0	0	0	0	0	0	0
5	0.157848428	0.153349056	0.152564191	0.157663757	0.172802324	0.19911446	0.227988851	0.245163047	0.261892387	0.282806378	0.294095153	0.28851875	0.253830067	0.213140792	0.187031073	0.170219446	0.16008395	0.15487218	0.150458501	0.14659483	0.145075503	0.147341249	0.153731755	0.166524332	0.185144875	0.210939358	0.240614243	0.273224535	0.314094383	0.356514356	0.401633462	0.455433772	0.496018439	0.523185965	0.537811775	0.544813266	0.546512725	0.54456154	0.541506281	0.537348392	0.530563782	0.522671043	0.513762119	0.504845236	0.496209467	0.489125048	0.484522395	0.480576744	0.473949952	0.46589893	0.458968962	0.45269096	0.447886075	0.445318278	0.445940452	0.456123043	0.472779045	0.493149963	0.525077714	0.56847733	0.606151239	0.623514253	0.617016521	0.595493075	0.572827138	0.558205911	0.545108504	0.530087961	0.516804575	0.50520478	0.492722982
8	0.155122667	0.150456069	0.149515789	0.154517239	0.169231707	0.195267105	0.224235092	0.241305373	0.258050406	0.278699166	0.289701977	0.284263604	0.250342052	0.210494773	0.184328446	0.167640998	0.157409987	0.152329173	0.147753679	0.143954728	0.142328144	0.144664928	0.150665027	0.162945006	0.18101838	0.206502914	0.235503724	0.267370004	0.306965269	0.347502993	0.390294784	0.442464047	0.482996494	0.511332928	0.527333785	0.535374866	0.538185414	0.537009727	0.534663619	0.530912429	0.524731068	0.517483747	0.508985833	0.50039525	0.492079852	0.485375445	0.481317063	0.477564053	0.471222055	0.463496647	0.456666141	0.450361387	0.445306574	0.44222189	0.442546483	0.452282293	0.468413733	0.487948262	0.518501692	0.560221589	0.596063585	0.612681896	0.606637952	0.586298966	0.564574063	0.551129312	0.537882592	0.523375831	0.511218648	0.499306254	0.487486838
11	0.152979395	0.148250679	0.147460155	0.152348059	0.167100131	0.192408339	0.221239225	0.238178913	0.25449485	0.274959194	0.286013759	0.280609233	0.246980046	0.207561241	0.18161469	0.165120962	0.155043446	0.150083909	0.145374085	0.141626295	0.140132505	0.142393541	0.148387191	0.160003216	0.177600933	0.202903711	0.231748671	0.263170133	0.301784149	0.341314234	0.382809378	0.433834873	0.473981246	0.502394699	0.518687108	0.527159414	0.530802801	0.530008392	0.527868372	0.52417019	0.518167582	0.511352764	0.503085098	0.494542756	0.486633478	0.480094981	0.476120274	0.472571793	0.466596004	0.459104195	0.452471606	0.446191342	0.440969373	0.437753947	0.437958651	0.447625076	0.463269678	0.482338309	0.512100386	0.55286134	0.588334627	0.604666029	0.598997899	0.579567769	0.558907673	0.545162239	0.532713258	0.518978154	0.50649064	0.496165406	0.484022728
14	0.151722092	0.146995617	0.146143738	0.150836635	0.16553311	0.190405695	0.218646406	0.235269089	0.251441038	0.271398689	0.282167597	0.27692405	0.24397745	0.204991232	0.179420475	0.163316886	0.153315664	0.148263714	0.143609056	0.13986648	0.138282199	0.140494568	0.146302787	0.157621514	0.174822559	0.199622812	0.228097537	0.258872873	0.296712198	0.335052423	0.375369262	0.425327882	0.464853149	0.493135859	0.509664705	0.518382862	0.522283275	0.521917332	0.520109856	0.51658107	0.510723541	0.504222114	0.496205281	0.488071175	0.480464683	0.474308667	0.470298111	0.466958322	0.461299311	0.45399851	0.447290339	0.441011869	0.435689352	0.432443224	0.432654082	0.442096161	0.457149369	0.475582426	0.504338591	0.543819057	0.578136347	0.594251836	0.589660175	0.571407051	0.552135469	0.539782377	0.527768296	0.514228566	0.50261432	0.491994808	0.480832106
17	0.150931655	0.146504174	0.145531739	0.15030423	0.164284452	0.189026976	0.217262616	0.233962289	0.249498013	0.269453187	0.280185177	0.27518683	0.242696939	0.204071164	0.178756439	0.162455853	0.152469086	0.147508237	0.142774176	0.138960111	0.137518427	0.13945119	0.145052361	0.156361297	0.173329754	0.197947534	0.225997985	0.256384947	0.293068306	0.330561802	0.370097198	0.419290588	0.458212698	0.486426444	0.503195262	0.512460976	0.516434258	0.515988629	0.514093385	0.51096912	0.505926588	0.499006668	0.491125938	0.482931749	0.475685199	0.469880919	0.466090669	0.462805765	0.456995297	0.449992866	0.44414932	0.437950269	0.4324393	0.429048144	0.428914995	0.438353638	0.453568624	0.471775377	0.499143768	0.537601859	0.5712993	0.587415356	0.582913203	0.566610298	0.547559908	0.535674753	0.524369137	0.511930758	0.500049289	0.490190702	0.479168991
20	0.149019414	0.144410576	0.14341484	0.147787031	0.161727447	0.185479409	0.212712132	0.228865735	0.244225776	0.262866261	0.273183013	0.268301311	0.237197604	0.200021729	0.175332381	0.15975927	0.150173671	0.145321814	0.140651305	0.137060526	0.135690436	0.137539478	0.142974599	0.153292143	0.169356691	0.192786676	0.219735545	0.248494695	0.283377065	0.318302914	0.354821689	0.40143228	0.439626609	0.46831238	0.486211665	0.496707968	0.502174878	0.502933602	0.501821246	0.499079514	0.494108859	0.487511578	0.480335467	0.472894995	0.466249025	0.460958801	0.457383331	0.454483307	0.449353118	0.442950795	0.436823681	0.430420363	0.424661635	0.420931636	0.420434023	0.42899179	0.44258618	0.458829133	0.48339113	0.518213675	0.549056518	0.564407866	0.56184988	0.547879081	0.532666295	0.523001268	0.513370925	0.502250589	0.491240464	0.482417476	0.471535769
3	0.170467902	0.166625172	0.166517278	0.172663418	0.18978726	0.219882432	0.252609447	0.272017434	0.291311642	0.316735853	0.331989306	0.326999515	0.286844368	0.238978303	0.208325143	0.18896575	0.177026584	0.170428334	0.165267536	0.16096546	0.159272657	0.161262142	0.168062541	0.181896418	0.202039461	0.230342261	0.263753615	0.300973013	0.347499508	0.393978478	0.441027291	0.497421494	0.538448371	0.564475126	0.576960299	0.581260275	0.580610232	0.576370587	0.57108593	0.56527346	0.557024109	0.548014196	0.538619566	0.529531284	0.520676545	0.51356086	0.50887027	0.50487238	0.498085071	0.489872436	0.483181882	0.477376886	0.47310784	0.471386054	0.473572316	0.486129031	0.505923101	0.529594903	0.56671855	0.617533404	0.661303395	0.679066321	0.667486653	0.638678007	0.609474286	0.590349117	0.573049457	0.554674129	0.538048531	0.524410029	0.51033132
6	0.165476834	0.161446477	0.161280186	0.16744667	0.184519139	0.214565038	0.247826061	0.267466283	0.286729727	0.312160209	0.327332468	0.322473337	0.28269625	0.235474332	0.205001119	0.185866304	0.173934623	0.167477185	0.162115969	0.15800311	0.156424501	0.158704526	0.165258686	0.178770084	0.198361751	0.22604973	0.258575815	0.295144844	0.340756243	0.385973727	0.43172167	0.4875789	0.529586785	0.557878374	0.572828199	0.579253957	0.580537936	0.577717532	0.57335979	0.567591333	0.559513784	0.55118743	0.541886834	0.533035877	0.524515472	0.517455563	0.512987871	0.508941304	0.502222922	0.494116933	0.487224463	0.480994701	0.47607775	0.473784519	0.47520974	0.486974793	0.505800475	0.528198786	0.563705339	0.613523952	0.655930647	0.673162907	0.661275242	0.633500637	0.603566256	0.584017284	0.566656152	0.548520367	0.531515957	0.517244988	0.502867376
9	0.16174301	0.157500379	0.157348906	0.163337704	0.180169811	0.209582523	0.242786588	0.262258132	0.281253585	0.306210078	0.320960178	0.316240862	0.277359124	0.231080403	0.200791286	0.181791702	0.169969247	0.163860638	0.158419545	0.154351158	0.152739021	0.155057189	0.161359724	0.174301975	0.193267455	0.220645046	0.252705288	0.288454923	0.332363025	0.375631927	0.419137492	0.473393572	0.515031199	0.544108044	0.560152226	0.56765801	0.570078087	0.567973105	0.564284781	0.558908633	0.551501739	0.543542188	0.534739392	0.525889046	0.517730286	0.511089582	0.506942971	0.503142927	0.496751117	0.48903006	0.482421784	0.476115212	0.470968511	0.468097585	0.469081991	0.480361988	0.498424458	0.520006954	0.553516775	0.600723471	0.641437356	0.657888172	0.647114152	0.620872193	0.593012961	0.57424119	0.557282349	0.539687865	0.524222829	0.510830089	0.496242125
12	0.161497752	0.157218984	0.157056852	0.16300439	0.179835686	0.209113814	0.242267144	0.261663718	0.280719607	0.305499523	0.320392516	0.315793503	0.276972479	0.230518854	0.200260794	0.1812583	0.169424761	0.163205679	0.157780985	0.153694534	0.151974037	0.154233779	0.160585423	0.173145023	0.191985726	0.21937752	0.251363194	0.287169709	0.330917849	0.37368809	0.416513722	0.470183418	0.511657904	0.540783157	0.556950688	0.564620637	0.567349524	0.565586623	0.562071083	0.556817446	0.549591684	0.541845618	0.533169561	0.52449566	0.516435336	0.510054568	0.506026619	0.502370596	0.496081496	0.488407182	0.481752474	0.475460189	0.470223658	0.467363241	0.468310669	0.479655184	0.49753669	0.518937449	0.552276059	0.599373183	0.639723829	0.656121588	0.645508233	0.619096389	0.591670795	0.573756289	0.557144312	0.539540021	0.52367006	0.510063157	0.495349631
15	0.157590532	0.153279786	0.152980698	0.158690986	0.175311576	0.203750479	0.2359879	0.254916685	0.273446033	0.297373098	0.31166893	0.307144984	0.269621499	0.224440638	0.194834861	0.176392837	0.164786988	0.158476504	0.153224269	0.149145228	0.147419545	0.149581089	0.155747161	0.167757739	0.186018196	0.212651771	0.243977455	0.278516782	0.320945836	0.362064998	0.40329208	0.455223875	0.495913052	0.524907887	0.541373756	0.549547861	0.552637637	0.551481417	0.548498487	0.543550694	0.536540117	0.529169518	0.520972765	0.512804111	0.505185548	0.499157591	0.495204903	0.491682411	0.485940968	0.478563366	0.471878828	0.465527037	0.460221095	0.457184024	0.458072202	0.468943967	0.48572489	0.505876593	0.537227046	0.581765846	0.619683507	0.635514306	0.626802688	0.603231286	0.578657715	0.562329146	0.54678665	0.530556606	0.515896131	0.502291982	0.489167427
18	0.155448975	0.151436518	0.150999515	0.156650841	0.172485913	0.200801342	0.232865826	0.251650724	0.269324619	0.292921675	0.307012752	0.302788944	0.266072833	0.221591863	0.192486434	0.174110663	0.16251957	0.156258147	0.150890179	0.146887259	0.14539584	0.147178267	0.153030532	0.16510662	0.183027623	0.209400448	0.240125689	0.273997035	0.315001712	0.354966497	0.395243092	0.446225457	0.485960133	0.514677601	0.531414482	0.540029982	0.543249209	0.54195145	0.538906941	0.534483416	0.528443853	0.520772222	0.512682446	0.504453583	0.497269836	0.491582982	0.48792079	0.484518143	0.478600051	0.471511368	0.465639481	0.459436042	0.453972592	0.450739752	0.451283623	0.461993197	0.478899614	0.498441608	0.527997088	0.57066369	0.607281083	0.62301038	0.615077997	0.593610955	0.570723849	0.555194167	0.540642103	0.524971021	0.510776672	0.498655944	0.485212125
21	0.150591927	0.146412146	0.145974219	0.151421104	0.167101426	0.194124171	0.224658902	0.242521077	0.259598443	0.281491263	0.294657891	0.290362382	0.255740308	0.213423952	0.185411155	0.16785037	0.156901156	0.151027142	0.145634284	0.141908425	0.140412442	0.142180931	0.147951388	0.158890011	0.175907898	0.200952864	0.230191944	0.26224918	0.301047171	0.338325043	0.375780419	0.42389587	0.462751245	0.491573994	0.508968672	0.518623253	0.523194168	0.522915063	0.52069592	0.51659307	0.51056429	0.503258963	0.495644021	0.488122542	0.481757494	0.476510757	0.473028497	0.470021051	0.464768209	0.45825739	0.452232935	0.445884168	0.44015311	0.436689017	0.436787662	0.446368424	0.461093833	0.478260354	0.504272008	0.542138508	0.574629131	0.589433179	0.584377029	0.567047543	0.548266415	0.535352396	0.523543332	0.509481726	0.497599616	0.485836315	0.474234128
