1	0.202602437	0.201147564	0.203199592	0.211613538	0.229124441	0.255489962	0.283418492	0.300741473	0.318923975	0.339886731	0.354487248	0.351110115	0.320059891	0.282185017	0.25428663	0.237259536	0.227950918	0.222659871	0.217825723	0.213884701	0.212284952	0.213721235	0.219505983	0.230867465	0.248487507	0.272314869	0.29992439	0.330843898	0.368607024	0.40718212	0.447950172	0.495889242	0.536302959	0.560174343	0.571321364	0.574969625	0.574417542	0.569478686	0.563564146	0.556858579	0.549260629	0.542502021	0.534672971	0.525537571	0.51655269	0.509714389	0.505849659	0.502514652	0.496874652	0.489981516	0.483005584	0.477779856	0.473611768	0.471646709	0.472841433	0.482215871	0.499460724	0.520100226	0.551579325	0.595715895	0.631989139	0.644468817	0.631021065	0.602184412	0.573225281	0.553725428	0.53607201	0.519679151	0.503123769	0.488651526	0.476751569
4	0.140510904	0.138912661	0.141063308	0.149526431	0.16729673	0.194442263	0.223355887	0.241489325	0.260302929	0.281743085	0.296562173	0.293027868	0.261136108	0.222373807	0.194332121	0.177313386	0.167970603	0.162553204	0.157622656	0.153719943	0.15241089	0.15398338	0.159722794	0.171122694	0.188685317	0.212174841	0.239495075	0.270306337	0.308272644	0.34718335	0.38813001	0.436548811	0.478147755	0.504422553	0.518537516	0.524863931	0.526623772	0.523616579	0.518899138	0.512627883	0.505193234	0.498388668	0.490592845	0.481830778	0.473217859	0.466462618	0.462391381	0.459179442	0.453672551	0.446861803	0.439562878	0.43343065	0.428721146	0.426058165	0.426397907	0.435359442	0.451918495	0.471674386	0.502547909	0.546425955	0.58214869	0.59394163	0.579917661	0.550008368	0.520491464	0.499769526	0.481495306	0.464354695	0.446956791	0.431928987	0.419325512
7	0.13150789	0.129954136	0.132083715	0.140465263	0.158059374	0.185227379	0.214461048	0.23305585	0.252148719	0.273589289	0.288483601	0.285036042	0.252931288	0.213596665	0.185542225	0.168742044	0.159375994	0.153859375	0.148676268	0.144945468	0.143975953	0.14550497	0.1507764	0.161804649	0.179089724	0.202126166	0.229217538	0.259962945	0.297655692	0.336056888	0.375924051	0.423508293	0.465125173	0.492441754	0.508010936	0.515737757	0.51874619	0.516784105	0.512850838	0.507203451	0.500348978	0.493819234	0.486036639	0.477650234	0.469395523	0.462546438	0.458490462	0.45556905	0.45056035	0.443843869	0.436305147	0.429725631	0.424858434	0.422054761	0.422021327	0.430773095	0.446860185	0.46594	0.496417229	0.540122755	0.575496237	0.586766926	0.572622385	0.543063174	0.513126524	0.492263583	0.473717553	0.456130492	0.438356595	0.423056333	0.410560368
10	0.129164039	0.127596669	0.129763526	0.138067241	0.155593418	0.182795135	0.211964446	0.230645455	0.249734711	0.271129617	0.285975152	0.282506424	0.25032909	0.210951246	0.182828542	0.166062156	0.15672307	0.151132827	0.14591274	0.14222429	0.141195002	0.142697228	0.147879989	0.158911065	0.176033634	0.199005106	0.226193573	0.256906392	0.294500228	0.332664843	0.372153423	0.419503017	0.460903189	0.488375831	0.504053737	0.511884767	0.51502034	0.513050681	0.509291819	0.503798205	0.497200987	0.490779476	0.483037088	0.474707687	0.466498345	0.45970309	0.455705041	0.452847685	0.447917634	0.441291327	0.43376071	0.427029165	0.422190053	0.41938462	0.419505169	0.428221053	0.444285004	0.463309159	0.493806004	0.537489581	0.572786927	0.584201569	0.570202398	0.54062909	0.51064298	0.489873091	0.471694836	0.454177979	0.437482284	0.421527081	0.408334045
13	0.129842908	0.128315872	0.130393892	0.138602052	0.156011708	0.183054655	0.212115259	0.230697437	0.249660097	0.270911903	0.28568148	0.282408987	0.250307801	0.210912254	0.183000494	0.166385722	0.157065313	0.151593281	0.146403421	0.142465044	0.141439966	0.142834654	0.14788181	0.158643177	0.175467387	0.198205161	0.225262609	0.255797626	0.293011453	0.330545481	0.368994737	0.415482348	0.456545389	0.484142174	0.500149763	0.508495306	0.512143476	0.510596835	0.507251602	0.502015875	0.495739871	0.489522957	0.481900377	0.473795744	0.465798927	0.45906421	0.455282539	0.452686351	0.447927288	0.441307856	0.433858553	0.4272133	0.422308701	0.419343388	0.419357484	0.427968135	0.443753239	0.46242966	0.492514587	0.535516968	0.570153248	0.581621787	0.567841032	0.538958625	0.509649201	0.489395169	0.471420407	0.454117685	0.436954206	0.421344092	0.408489169
16	0.128575937	0.126962876	0.129029069	0.137114898	0.154364197	0.181331186	0.210279739	0.228881527	0.247638425	0.268763426	0.283496689	0.280308358	0.248451273	0.209083081	0.181405969	0.164865283	0.15553409	0.150035323	0.144840308	0.141052394	0.139920363	0.141267153	0.146280088	0.156923577	0.173429442	0.195861814	0.222716634	0.252963039	0.28976602	0.326676205	0.364402903	0.410199181	0.450748317	0.478396016	0.494726984	0.503230509	0.507203237	0.505981959	0.502827653	0.497754624	0.491794105	0.485903182	0.478386723	0.470315286	0.462612656	0.456134132	0.45253738	0.449859466	0.445295244	0.438880435	0.431517802	0.424829674	0.419918692	0.416927872	0.417007385	0.425410672	0.440812073	0.459156025	0.488705244	0.530852546	0.565042736	0.576272587	0.563168219	0.53489663	0.505784098	0.486270122	0.468472001	0.451882022	0.434948634	0.419469453	0.406833472
19	0.127407753	0.125855474	0.127727274	0.135638026	0.152429178	0.17878553	0.207298732	0.225656426	0.244047809	0.264466034	0.278538734	0.275483994	0.24478308	0.206565157	0.179437285	0.163231365	0.154092341	0.148697483	0.143561305	0.139553566	0.138380005	0.139609406	0.144295529	0.154516632	0.1703792	0.192225368	0.218336692	0.247679388	0.283029279	0.318055397	0.353715005	0.397657943	0.437597576	0.465873199	0.483518972	0.493541823	0.498643437	0.498580948	0.496342327	0.491983962	0.486350361	0.480811742	0.473677492	0.466038855	0.458732083	0.452547758	0.449196758	0.446906167	0.442513018	0.436202919	0.429005266	0.422324241	0.417232339	0.41390633	0.413578216	0.421368392	0.435566439	0.452411102	0.479706694	0.518566145	0.549891391	0.560438061	0.548835881	0.523796806	0.496767803	0.478598145	0.462131472	0.446482979	0.430180746	0.415288618	0.403019391
2	0.186117783	0.18185002	0.181252913	0.187691987	0.203891628	0.229416012	0.256883264	0.273489038	0.290938837	0.310584844	0.323077329	0.317360444	0.284004528	0.244316968	0.215344094	0.197293518	0.18726349	0.181702462	0.176574413	0.172300717	0.17077487	0.172725367	0.17935082	0.192273472	0.212142041	0.23844651	0.268491704	0.301899299	0.342925548	0.386418699	0.432918003	0.485223211	0.528195774	0.553478809	0.565856478	0.571059682	0.572520124	0.569327206	0.565251118	0.560456727	0.554027238	0.547445058	0.538919461	0.528648737	0.518276264	0.509973913	0.505263862	0.501635704	0.49555935	0.488055488	0.480309218	0.474328792	0.469913224	0.467676118	0.468745279	0.47886002	0.497525643	0.520195114	0.554471473	0.601779198	0.640654792	0.656781899	0.649073973	0.627411071	0.60398446	0.590432123	0.577233278	0.565260618	0.551162286	0.539726874	0.529207333
5	0.182985209	0.178708765	0.178295865	0.184661241	0.200878006	0.226659967	0.254450867	0.27146477	0.289163021	0.308743539	0.321038459	0.315451035	0.282298237	0.242576005	0.213744787	0.195988524	0.186155291	0.180531766	0.175308657	0.171191736	0.170055694	0.172114987	0.178550403	0.191208971	0.210738013	0.236361463	0.265756471	0.298607054	0.339039498	0.381946206	0.427707338	0.479853026	0.523377218	0.550400784	0.565029091	0.572270018	0.575212634	0.573329621	0.569947807	0.565360594	0.559141794	0.552589711	0.544208813	0.534461856	0.524466844	0.516206201	0.511385021	0.508037033	0.502287691	0.494782236	0.486743105	0.48008562	0.475303439	0.472579008	0.472975955	0.482493634	0.500120626	0.521311455	0.55436999	0.600156728	0.637809062	0.653463167	0.645826907	0.624262406	0.601346575	0.587477704	0.574056541	0.561936891	0.548471671	0.53486699	0.524877088
8	0.178729647	0.174291122	0.173814653	0.180063189	0.195816884	0.221328573	0.249001536	0.266207148	0.283828797	0.302959709	0.315152001	0.309820384	0.277179949	0.237784535	0.209279889	0.191802282	0.182136622	0.176486063	0.171232995	0.167256118	0.166251453	0.16810426	0.174100305	0.18628034	0.205074684	0.229906771	0.258587867	0.290669408	0.329828301	0.371099835	0.414744809	0.465113918	0.508124612	0.535967617	0.551938136	0.560481376	0.564542939	0.563705511	0.561227337	0.557163669	0.551459164	0.545347655	0.537391909	0.528206462	0.518878414	0.510963528	0.506399209	0.503280573	0.49795936	0.490828018	0.482864808	0.476016305	0.471092435	0.468275099	0.468340238	0.477312542	0.493889858	0.513928679	0.545514276	0.589354839	0.625194144	0.640381292	0.6335531	0.613113344	0.59164126	0.577887937	0.565541263	0.55389331	0.540586118	0.527416807	0.517473724
11	0.178497394	0.174210347	0.173697255	0.179878718	0.195597566	0.221015738	0.248637926	0.265832095	0.283361827	0.302568834	0.314743483	0.309403468	0.276840895	0.237374973	0.20892654	0.191470969	0.18178428	0.176191792	0.170827958	0.166830753	0.165782561	0.167575272	0.17350778	0.185522892	0.204238293	0.228944843	0.257596055	0.2895306	0.328481004	0.369377243	0.412424466	0.462324091	0.505036494	0.53285427	0.548975035	0.557623245	0.561892038	0.561166731	0.558842197	0.555011915	0.549521526	0.543592284	0.535612428	0.52659397	0.517432241	0.509618321	0.505094532	0.502141925	0.496934001	0.489847765	0.481963592	0.475122189	0.470191447	0.467343911	0.46746424	0.476530646	0.493047594	0.51295435	0.54447013	0.588217742	0.623927001	0.639097512	0.632597583	0.611931903	0.590746835	0.576703063	0.564694422	0.552959717	0.539898785	0.527088269	0.516776486
14	0.177333037	0.173085142	0.172649846	0.178628396	0.193988191	0.219051704	0.246301217	0.263217424	0.280430575	0.299212159	0.311118954	0.306006143	0.273910027	0.234927942	0.20675512	0.189636818	0.180007111	0.174468882	0.16920315	0.165123303	0.164022917	0.165734823	0.171443159	0.183201712	0.201406836	0.225712807	0.253991119	0.285447474	0.323681284	0.363555581	0.405323992	0.454115466	0.496249441	0.524068336	0.540385752	0.549439333	0.55402828	0.553590507	0.551569594	0.547878931	0.542703303	0.537017876	0.529202049	0.52043786	0.51155583	0.504040718	0.499772676	0.496895044	0.49192161	0.484978304	0.477266396	0.4705633	0.465633721	0.462623883	0.462673761	0.47145281	0.487437609	0.506681588	0.53720472	0.579582082	0.614272721	0.629310317	0.623383684	0.60444235	0.58435804	0.571689526	0.560112747	0.549354965	0.536550216	0.524205948	0.514252197
17	0.175565753	0.17122029	0.170642687	0.17641588	0.191526911	0.216366148	0.243279192	0.260081128	0.276974509	0.2954925	0.307266009	0.30220051	0.27054986	0.231926405	0.204203069	0.187336579	0.177811187	0.172238007	0.166924989	0.162873719	0.161766365	0.163388603	0.168961782	0.180611774	0.198327231	0.222184167	0.250111334	0.281030082	0.318399322	0.357375498	0.398126062	0.445787219	0.487150631	0.514912591	0.531443281	0.540626973	0.545532559	0.545414372	0.54355385	0.539914072	0.534979559	0.529623914	0.521950458	0.513380809	0.504856763	0.497601802	0.493582645	0.490804782	0.486093175	0.479322206	0.471755395	0.465008185	0.460091467	0.457123623	0.457262373	0.465668803	0.481142881	0.499754245	0.529171359	0.570141087	0.603706996	0.618581254	0.613734619	0.596197303	0.577412078	0.565623898	0.554460984	0.544614243	0.532218172	0.520414867	0.510125144
20	0.171731	0.167506102	0.166893115	0.172476759	0.186899475	0.210729491	0.236685446	0.252735134	0.268802456	0.286103559	0.296964514	0.292167109	0.262509223	0.225876916	0.199316367	0.182879104	0.173701689	0.168357456	0.163206655	0.159099308	0.157848916	0.159304638	0.164571271	0.175580585	0.192520312	0.215282543	0.241822141	0.271063512	0.306274743	0.342593755	0.38065182	0.42586776	0.466024021	0.493871149	0.511275388	0.521579928	0.527364649	0.527948073	0.526790823	0.523549145	0.518619479	0.513430218	0.506207822	0.498210291	0.490442648	0.483755902	0.480076738	0.477645606	0.47320923	0.466757099	0.459540778	0.452990895	0.448002637	0.44470256	0.444374463	0.451985345	0.465620129	0.481953305	0.508068924	0.544409577	0.574518587	0.588824213	0.586294236	0.572585641	0.557231898	0.547941993	0.539155819	0.531162438	0.519659034	0.509627074	0.500094284
3	0.193871665	0.189951545	0.190124003	0.197542921	0.215877184	0.245345647	0.277120984	0.296300125	0.316536733	0.340302938	0.356672685	0.351550846	0.313446606	0.267483498	0.233970858	0.213345761	0.201616211	0.194835761	0.189014735	0.184372668	0.182701605	0.184636438	0.19163711	0.205251674	0.226068756	0.254099743	0.286945415	0.324219966	0.369737693	0.41579932	0.463012594	0.517203195	0.561814989	0.588443094	0.601562697	0.606652996	0.607635011	0.603941795	0.598650783	0.59218716	0.58437725	0.576926936	0.56813704	0.558068701	0.54799472	0.539962997	0.535345952	0.531693489	0.525552981	0.518040414	0.510373604	0.504230442	0.499700957	0.497703273	0.499544802	0.511062272	0.531437745	0.555704291	0.592963611	0.645402541	0.688281255	0.704323149	0.692182036	0.664340678	0.63559499	0.617270873	0.600497202	0.585105047	0.568516063	0.55380202	0.541643794
6	0.191167546	0.187431155	0.187584009	0.195004418	0.213348405	0.24306326	0.275183295	0.294719568	0.315216263	0.33882444	0.35501958	0.350022993	0.311971566	0.265833108	0.232444601	0.212102224	0.200486256	0.193617326	0.187601771	0.183116959	0.181942597	0.183951682	0.190599428	0.204054064	0.224710829	0.252258942	0.284690413	0.321591958	0.366850188	0.412788225	0.459690307	0.513847208	0.559057716	0.587064817	0.601829219	0.608459764	0.61066866	0.60787052	0.60325221	0.596984423	0.589336	0.581891027	0.573160501	0.563426493	0.553557307	0.545393064	0.540587116	0.537107965	0.531250258	0.523706962	0.515689961	0.509033269	0.504292262	0.50193929	0.503141891	0.514311109	0.533949196	0.557105506	0.593586123	0.644950176	0.687310738	0.702891621	0.690789772	0.662631848	0.634109655	0.615661018	0.598839225	0.583075066	0.565930015	0.551675233	0.538524331
9	0.186877823	0.183089086	0.183289784	0.190562119	0.208621363	0.237982337	0.270014449	0.289710765	0.310075489	0.333440617	0.349382071	0.344627479	0.306978443	0.261105572	0.228064521	0.207912489	0.196487038	0.189601992	0.183509972	0.179066908	0.177916427	0.179813566	0.186146565	0.199244285	0.219182633	0.246058713	0.277976039	0.314179937	0.358337713	0.402846396	0.447898924	0.500611477	0.545341361	0.574111289	0.590176027	0.598079186	0.601368983	0.59959338	0.59580559	0.590186886	0.583231086	0.576233648	0.567662138	0.558450739	0.549126062	0.541195657	0.536644127	0.533394755	0.527852262	0.520517239	0.512674826	0.505756631	0.500866241	0.498314453	0.499232428	0.509843537	0.528624	0.550694812	0.585839887	0.635821081	0.676543158	0.691659348	0.680129753	0.653130459	0.625451109	0.607531456	0.591254597	0.575848063	0.558779696	0.544004011	0.531734728
12	0.188048383	0.184366676	0.184479904	0.191698276	0.209717688	0.239135042	0.271148513	0.290787039	0.311121041	0.334487527	0.350598886	0.345881615	0.308127229	0.261869572	0.22874922	0.208703188	0.197186968	0.190289175	0.184242256	0.179740106	0.178424235	0.180228118	0.186496853	0.199520744	0.219379199	0.246329736	0.27832936	0.31466041	0.358843459	0.403235759	0.447905213	0.5002284	0.544623002	0.573372153	0.589374547	0.597378155	0.600756396	0.598971154	0.595302599	0.589775671	0.583058603	0.57621394	0.56765985	0.558517504	0.549267413	0.5413888	0.536933662	0.533834784	0.528418333	0.521086245	0.513264931	0.506541719	0.501592654	0.498944426	0.499916832	0.510636169	0.529527314	0.551754346	0.587003216	0.636964186	0.677732558	0.692759801	0.681303816	0.654355065	0.62670435	0.608645851	0.592254352	0.57699954	0.559949314	0.544836571	0.53298746
15	0.18440212	0.18055904	0.1806598	0.187824164	0.205547869	0.234621756	0.26623836	0.285796871	0.305829068	0.328747304	0.344538509	0.339924928	0.302771289	0.257143921	0.22445391	0.204583269	0.193185429	0.186350402	0.180300574	0.175704177	0.174465869	0.176132123	0.182198856	0.19484403	0.214320398	0.240845756	0.272368971	0.308094478	0.351464973	0.394675847	0.437955856	0.489027103	0.532980811	0.561764484	0.578151188	0.58649191	0.590345878	0.589017679	0.585712148	0.580488572	0.574055691	0.567405682	0.55923372	0.550421708	0.541502422	0.533929322	0.529719942	0.52678368	0.521587624	0.514440098	0.506760164	0.499922507	0.494997332	0.492316282	0.493150192	0.503562808	0.521797461	0.543169384	0.577330377	0.625571542	0.664858019	0.679594469	0.669285383	0.644115632	0.617640799	0.60024759	0.584501331	0.570533118	0.553609031	0.539922796	0.527175664
18	0.18093455	0.177060369	0.177068923	0.183834879	0.201187697	0.229650625	0.260665583	0.279759268	0.299173731	0.321452578	0.336689002	0.332253764	0.29610734	0.251456461	0.219585879	0.200142809	0.188946726	0.182227453	0.176180618	0.171733655	0.170464752	0.172075082	0.177963267	0.190247459	0.209192542	0.234928931	0.265738916	0.300597837	0.342610142	0.384487697	0.426389516	0.475966263	0.518764793	0.547267894	0.56387191	0.572583562	0.576850648	0.575851167	0.572784404	0.567802668	0.56171681	0.555497199	0.54751488	0.538986075	0.530560931	0.523367718	0.519358017	0.516506719	0.511614011	0.504798149	0.497295156	0.490598912	0.485664855	0.482969006	0.483713284	0.493500713	0.510856204	0.531074711	0.563493867	0.609201777	0.646305037	0.660869299	0.652283794	0.629104581	0.605753512	0.589565528	0.575530075	0.562564583	0.546549744	0.533005556	0.521454253
21	0.174545413	0.170740977	0.170693403	0.177172987	0.193722067	0.220967814	0.250395688	0.268588128	0.286805816	0.307469397	0.321423194	0.31716991	0.283520754	0.241545843	0.211157006	0.192492849	0.181738956	0.175293972	0.169397482	0.164953401	0.163645302	0.165072084	0.170664799	0.182337242	0.200399851	0.224943856	0.254167791	0.287099959	0.326556567	0.365680665	0.405058476	0.452130965	0.493593661	0.521858261	0.538940725	0.548448814	0.553251091	0.552976493	0.550662515	0.546036139	0.540039605	0.534083008	0.526540535	0.518552403	0.51070938	0.504081926	0.500429721	0.497907519	0.493282098	0.486651809	0.47952321	0.472887239	0.46800396	0.465078231	0.465353165	0.47413164	0.48952238	0.507302181	0.535942641	0.576196542	0.609014292	0.622885564	0.617296921	0.599069818	0.580024811	0.567248212	0.555579301	0.544123855	0.53048789	0.518193624	0.507369419
