1	0.119681778	0.117960048	0.119726778	0.12821812	0.146526202	0.172987315	0.201057583	0.217492515	0.235832233	0.256573154	0.271320525	0.268546712	0.233835414	0.195257303	0.169125426	0.153417169	0.143858703	0.138789067	0.133789233	0.129667629	0.128249003	0.13023081	0.136982835	0.148498024	0.165595172	0.189757153	0.218483308	0.250411638	0.289300669	0.329232164	0.370894531	0.419926313	0.458498447	0.482308063	0.493514796	0.495893709	0.494214888	0.489632587	0.483146953	0.476902855	0.469327137	0.461200394	0.452261209	0.443153842	0.434841933	0.428320448	0.422971352	0.418576225	0.413824856	0.407025017	0.399388522	0.393688721	0.389164237	0.387027665	0.389660626	0.3994868	0.417556723	0.439672555	0.471767543	0.516429876	0.558957913	0.576002824	0.562999553	0.534218116	0.505235536	0.485275833	0.465410749	0.447276035	0.428766576	0.413442069	0.39754253
4	0.108141783	0.106387194	0.108095783	0.116636294	0.135271854	0.162420738	0.191471186	0.20863142	0.227295333	0.248268721	0.263075172	0.26032205	0.225244929	0.186268289	0.159985344	0.144204317	0.134358529	0.129380628	0.12443057	0.120363549	0.119052564	0.121170737	0.128073328	0.139680928	0.156670956	0.180286675	0.208611316	0.2404204	0.279379188	0.318903193	0.359869308	0.409168851	0.448898527	0.474880087	0.488971147	0.494121693	0.494597038	0.491860942	0.486635522	0.480851356	0.473492668	0.465586793	0.456952506	0.448085158	0.440173116	0.43378268	0.428284371	0.423823397	0.41917142	0.412296578	0.404452411	0.398276138	0.392988692	0.39022727	0.392160472	0.401159977	0.418202792	0.439420817	0.470489397	0.514304132	0.555739274	0.571673981	0.557637889	0.528088249	0.498233607	0.477232917	0.456770457	0.437559126	0.418794529	0.402307154	0.386378669
7	0.106121667	0.104309041	0.105967647	0.114429138	0.133070887	0.160328723	0.189683039	0.207052687	0.225907816	0.246953736	0.261841373	0.259203423	0.224084554	0.184950882	0.158539724	0.142666198	0.132867653	0.127788645	0.122771915	0.11863706	0.117403609	0.119390697	0.126092833	0.137565284	0.154318594	0.177580414	0.20563543	0.237267708	0.275805218	0.314398169	0.35409385	0.402572823	0.442439737	0.469332106	0.48489762	0.491352568	0.493078518	0.491349759	0.487020503	0.481743879	0.474847519	0.467197052	0.458862309	0.450294254	0.442676549	0.436430011	0.431046807	0.426767287	0.422222468	0.415471378	0.407674038	0.401338759	0.39579078	0.392738162	0.394424152	0.403110461	0.419832448	0.440413485	0.471091162	0.514485955	0.55560846	0.570745117	0.557108309	0.527664079	0.497926612	0.476116149	0.455469483	0.435897694	0.417298304	0.400690722	0.384487813
10	0.10607484	0.104273473	0.10584946	0.114329682	0.132872246	0.160034338	0.189312304	0.206716842	0.22550975	0.246506538	0.261406156	0.258768655	0.223590669	0.184419878	0.158136385	0.142198936	0.132336171	0.127269529	0.122269097	0.118077961	0.116751944	0.118725228	0.125399618	0.13680386	0.153421464	0.17663928	0.204640648	0.236222203	0.274705408	0.31294615	0.352213063	0.400404128	0.440093745	0.466966084	0.482603261	0.489185295	0.490923951	0.489326725	0.485135941	0.480106596	0.47326556	0.465669441	0.457320927	0.448851797	0.441288442	0.435097301	0.429737466	0.425435111	0.421111024	0.414361844	0.406607953	0.400277884	0.394816852	0.39169592	0.393452296	0.402023379	0.418654412	0.439286155	0.469942158	0.513440349	0.554415219	0.570266596	0.556256549	0.527012338	0.497172467	0.475981915	0.45516671	0.436026371	0.4173822	0.400663649	0.38484571
13	0.105510896	0.10360274	0.105219346	0.113482239	0.132039682	0.159101241	0.188377226	0.205788711	0.224590818	0.245469092	0.260345026	0.257849544	0.222820981	0.183664727	0.157329197	0.141409192	0.131575251	0.126454306	0.121414457	0.117209669	0.115849532	0.117702199	0.124228948	0.135504589	0.151932705	0.174968877	0.202910817	0.234299916	0.272366481	0.310034824	0.34846981	0.396141689	0.435686133	0.462783177	0.478761813	0.485813808	0.487955129	0.486791732	0.48295328	0.478169942	0.471668039	0.464290065	0.456107858	0.447722365	0.440386452	0.434383983	0.429156693	0.42499604	0.420673082	0.414066566	0.406400028	0.400052781	0.394541382	0.391365339	0.392939792	0.401379745	0.418022759	0.438369137	0.468713016	0.511875263	0.552546441	0.567859094	0.554743097	0.525771544	0.496315085	0.474878487	0.454393857	0.435489369	0.416670158	0.40005066	0.384262659
16	0.104335547	0.10246755	0.103961461	0.112223326	0.130592703	0.157453935	0.186642807	0.204020711	0.222689661	0.243408262	0.258131913	0.255695695	0.221004058	0.182096491	0.155934668	0.140032705	0.130246508	0.125170189	0.120102396	0.115839016	0.114409253	0.116157883	0.122553287	0.133730442	0.149966183	0.172838843	0.20043832	0.231501452	0.269087128	0.305945578	0.343517426	0.390406987	0.429668301	0.456855404	0.473273996	0.480723002	0.483223907	0.482437138	0.478977851	0.474509294	0.468226569	0.461143343	0.453160425	0.445027626	0.437778998	0.431997638	0.426882579	0.42289668	0.418686562	0.412227832	0.404658516	0.398309327	0.392687527	0.389518134	0.391000449	0.399276712	0.415616318	0.435570866	0.465435962	0.507619202	0.547503192	0.562540853	0.54987963	0.521750571	0.492713057	0.471849353	0.451851491	0.433128256	0.414944077	0.398760383	0.381846523
19	0.10269491	0.100716564	0.102132782	0.110276466	0.128237995	0.154710444	0.183434133	0.200551304	0.218694704	0.238783032	0.252855056	0.250509298	0.217063755	0.179098485	0.153393433	0.137849269	0.128146915	0.123159429	0.118064934	0.113820432	0.112321836	0.113977336	0.120123175	0.130932225	0.146724572	0.169049792	0.196058171	0.226295191	0.262562687	0.297831415	0.333780823	0.379294861	0.418081248	0.445650385	0.46301233	0.471554747	0.474938103	0.474937281	0.472204449	0.468117208	0.462224284	0.455381333	0.447688538	0.439908174	0.433018352	0.427484397	0.422634699	0.418763725	0.414821737	0.408514846	0.400997944	0.394634541	0.388930423	0.385558782	0.386625838	0.394365836	0.409669909	0.428375694	0.456159927	0.495718741	0.53268905	0.54742575	0.535885808	0.510558634	0.483736711	0.464286788	0.44545205	0.427583656	0.409554964	0.39374918	0.378185402
2	0.161954009	0.157484038	0.156603204	0.163070674	0.18013914	0.205832126	0.233405871	0.249042074	0.266461963	0.285628917	0.298164481	0.293303729	0.256775012	0.216889924	0.189595307	0.172769474	0.162550327	0.15732479	0.15221806	0.147765118	0.146335632	0.148773905	0.156524236	0.169649528	0.18881683	0.215365498	0.246256655	0.280507938	0.322509511	0.36687933	0.413448441	0.466039091	0.506887754	0.53197827	0.544574313	0.54872419	0.54902589	0.546315429	0.541765674	0.537484271	0.531137596	0.52327223	0.513932067	0.503831996	0.494101364	0.486253866	0.480045184	0.475210978	0.470109665	0.462607858	0.45437063	0.448171613	0.443228873	0.440731707	0.443251428	0.453427644	0.472438173	0.496279868	0.530832081	0.577886885	0.622437997	0.643029682	0.635770841	0.613714339	0.591548616	0.576859276	0.562141527	0.547822565	0.532752895	0.518745223	0.505302669
5	0.158322751	0.153850703	0.152926787	0.159447957	0.176580165	0.202460271	0.230399387	0.246237233	0.263819089	0.282862768	0.295345014	0.290624328	0.254469362	0.214715629	0.187575542	0.170966064	0.160774839	0.155543378	0.150428607	0.146163201	0.14483062	0.147275246	0.155026551	0.168071672	0.186898584	0.212737769	0.242989309	0.276687556	0.31808384	0.361569175	0.407209276	0.45958942	0.500985948	0.527588641	0.542151207	0.54808216	0.549817564	0.548241623	0.544505192	0.540303167	0.53398162	0.526352659	0.517235662	0.507394862	0.498224609	0.490593785	0.484358015	0.479535661	0.474380218	0.46702762	0.45871423	0.452203149	0.446863811	0.443923854	0.445883843	0.455352423	0.473516764	0.496318853	0.529590921	0.575246898	0.618663248	0.638399411	0.631409048	0.609521182	0.587146883	0.572231273	0.557677899	0.543052604	0.527301798	0.513924611	0.49973684
8	0.154639907	0.150111902	0.149243065	0.155568558	0.172474624	0.198103461	0.226069975	0.242100478	0.259529277	0.278447525	0.290782346	0.286245172	0.250520405	0.211075725	0.184218944	0.167731498	0.157576814	0.152400125	0.14726181	0.142891267	0.1415143	0.143880875	0.15144407	0.164085567	0.182372529	0.207669265	0.237278663	0.270290428	0.310588851	0.352360364	0.396139482	0.447064874	0.488283369	0.515629818	0.53149991	0.538754811	0.541491652	0.540910525	0.537916065	0.534281941	0.528413937	0.521238399	0.512540523	0.503210621	0.494417012	0.487243603	0.481314092	0.476706136	0.471819825	0.464642207	0.456464268	0.449884225	0.444386353	0.441214811	0.44288793	0.451932112	0.469295213	0.491232584	0.523273297	0.567384335	0.609344166	0.628291881	0.622035576	0.601218322	0.579737168	0.565209419	0.550338283	0.53628811	0.521507643	0.507982893	0.493719117
11	0.15498929	0.150459906	0.149500127	0.155858097	0.172663625	0.198131651	0.226009907	0.241994824	0.259381195	0.278248974	0.290590708	0.286014516	0.250444322	0.211018063	0.184159596	0.167640698	0.157454175	0.152273087	0.147141955	0.142704848	0.141340829	0.143566681	0.150992645	0.163598871	0.181855977	0.206975587	0.236600182	0.269499862	0.309665553	0.351070044	0.394223637	0.444849615	0.48578951	0.513138414	0.529084312	0.536432348	0.539267771	0.53880745	0.536168594	0.532685577	0.526930108	0.51982333	0.511247555	0.502023371	0.493353527	0.486151278	0.480252247	0.475760976	0.470987004	0.463948123	0.455807137	0.449293727	0.443755568	0.440604618	0.442233126	0.451241634	0.468652179	0.490481176	0.522713788	0.56682275	0.608814323	0.628105922	0.621650947	0.600993863	0.579450696	0.565286892	0.550441718	0.536839962	0.521750171	0.508494568	0.49461406
14	0.15398563	0.149460884	0.148362634	0.154547007	0.171142207	0.196505783	0.224174392	0.240021959	0.257180663	0.275881337	0.288016664	0.283618526	0.248390369	0.209277854	0.182639804	0.166132909	0.155958553	0.150839913	0.145606324	0.141133896	0.139729996	0.141920151	0.149126905	0.161542536	0.17944163	0.204331781	0.233515245	0.266080323	0.305568958	0.346070005	0.388179059	0.437964406	0.478501769	0.50587214	0.522129644	0.529843818	0.532963494	0.532789292	0.530420309	0.527201654	0.521812464	0.514835397	0.506507363	0.497512931	0.489036091	0.482119113	0.476334966	0.471956048	0.467404776	0.460494932	0.452465221	0.446007809	0.440580701	0.437242919	0.438881505	0.447649459	0.464662706	0.486172731	0.517523497	0.560778611	0.602097375	0.621201254	0.615407583	0.595714965	0.575040813	0.56163348	0.547432109	0.534193774	0.519384739	0.506985114	0.492238917
17	0.152262033	0.147705935	0.146587209	0.152666467	0.169036559	0.194066695	0.221475142	0.237107567	0.254116515	0.272507389	0.284372722	0.280021446	0.245277007	0.206670642	0.180361362	0.163994957	0.153911345	0.148815027	0.143630263	0.139167609	0.137672865	0.139713461	0.146788837	0.158915627	0.176565487	0.201091119	0.230056255	0.262078643	0.300768923	0.340297162	0.381410211	0.430246818	0.470328082	0.49752613	0.51382338	0.521869059	0.525150639	0.525213219	0.523058041	0.520005838	0.514762002	0.50800587	0.499774239	0.491143621	0.482873071	0.476191963	0.470677523	0.466372216	0.462010494	0.455248731	0.447367845	0.440973739	0.435460202	0.432248518	0.433782723	0.442323108	0.45901704	0.479996327	0.510546968	0.552743439	0.593007126	0.611844273	0.607030411	0.587944277	0.568308781	0.556104368	0.541980534	0.529386611	0.515019198	0.502138036	0.488818867
20	0.147437994	0.142913785	0.141590182	0.147404861	0.163006148	0.186899935	0.213113285	0.228138984	0.244016771	0.261113936	0.27200495	0.267927874	0.235536604	0.198944721	0.173745827	0.15814478	0.14839193	0.14344943	0.138359496	0.133911909	0.132378621	0.13430689	0.14094194	0.152458999	0.169183666	0.192440768	0.219845495	0.249978945	0.286102363	0.322720473	0.361032964	0.407370899	0.446205381	0.473459998	0.49080387	0.499808252	0.504022913	0.504977996	0.503440505	0.500718226	0.495624953	0.489221939	0.481503503	0.473499703	0.466177322	0.460177848	0.455055504	0.450989107	0.446931465	0.440615862	0.433051916	0.426815352	0.421225737	0.417752595	0.418688451	0.426101585	0.440817865	0.45933147	0.486201416	0.523324781	0.559123703	0.577049606	0.574966916	0.561161552	0.545938011	0.536383532	0.524665198	0.514745213	0.502011898	0.490053574	0.478461399
3	0.169841759	0.165770233	0.165516771	0.173083871	0.192392443	0.222022552	0.253815128	0.271629642	0.2918405	0.315099801	0.331454472	0.327429202	0.285674898	0.239457536	0.207954167	0.188646699	0.176704	0.170372921	0.164512392	0.159800981	0.158272811	0.160700663	0.168804389	0.182620535	0.202795658	0.231035514	0.26485512	0.302912374	0.34946387	0.396450739	0.443717119	0.498246858	0.540680413	0.567084816	0.580127499	0.584001559	0.583767688	0.580287195	0.574439173	0.568276812	0.560555673	0.551925419	0.542215468	0.532273472	0.522936222	0.515439024	0.509331385	0.50442447	0.499194755	0.491672156	0.483548802	0.477274595	0.472252768	0.470091377	0.473287233	0.48486203	0.50566498	0.530956975	0.56832026	0.620128486	0.66904578	0.689712638	0.677820963	0.649755445	0.621860148	0.602753722	0.58395045	0.566125886	0.548085534	0.532618314	0.515833948
6	0.166861711	0.162831975	0.162489897	0.170068479	0.18953354	0.21927983	0.251504027	0.26975233	0.290191615	0.31341843	0.32981103	0.325993114	0.284319806	0.238053428	0.206644654	0.187343908	0.175377994	0.169017366	0.163109921	0.158446195	0.157041478	0.159441252	0.167542153	0.181245539	0.20106092	0.228808621	0.262069682	0.29977151	0.345820496	0.3919838	0.438228489	0.492432485	0.535487613	0.563275189	0.578364874	0.583970821	0.585153913	0.582898189	0.577976371	0.572128471	0.564556239	0.556150184	0.546797762	0.537074858	0.528051408	0.52072669	0.514625671	0.509766413	0.504594465	0.497100043	0.48886994	0.482369423	0.476973036	0.474358492	0.477049415	0.487974719	0.50807985	0.532549416	0.568729787	0.619573797	0.667529697	0.687439738	0.675793844	0.647825004	0.619469259	0.600458768	0.581758398	0.564100255	0.545679553	0.528660215	0.512688141
9	0.163355358	0.159234073	0.158918384	0.166384535	0.185655532	0.215299774	0.247512851	0.265827859	0.286084547	0.309165056	0.325407448	0.321621723	0.280398755	0.234355897	0.203217654	0.184035915	0.172100557	0.1657569	0.159867016	0.15511534	0.15361214	0.155958088	0.163818003	0.177298041	0.196759742	0.22396634	0.256829839	0.29390897	0.33919709	0.384071872	0.428715079	0.481891589	0.524694952	0.553006723	0.56902552	0.575640986	0.577716012	0.576299638	0.572065608	0.56676281	0.559562254	0.551407611	0.542386138	0.533054532	0.524430552	0.51733556	0.51135456	0.506665083	0.501786384	0.49449263	0.486257315	0.479749622	0.474303695	0.471393294	0.473804184	0.484245553	0.503813605	0.527465521	0.562870657	0.612434419	0.659302052	0.678909148	0.667472222	0.640390238	0.612860931	0.594339446	0.575003713	0.558251265	0.539264945	0.523227112	0.507249573
12	0.165053411	0.16092622	0.16046707	0.167944906	0.187244333	0.216937861	0.249202959	0.267482935	0.287832677	0.311033003	0.327373514	0.323597913	0.28213457	0.235955374	0.204580117	0.185285054	0.173207893	0.166868989	0.160897356	0.156042449	0.154538239	0.156784921	0.164617118	0.17809145	0.197611042	0.224964102	0.257941762	0.295228509	0.340638757	0.385515687	0.430016226	0.483022195	0.525732178	0.553920757	0.569761381	0.576235265	0.578157852	0.576640817	0.572386249	0.567168568	0.560162041	0.552092478	0.543040671	0.533693695	0.525107901	0.518009348	0.512119575	0.50754087	0.502583034	0.495335608	0.487125859	0.480680611	0.475171499	0.472362644	0.474964631	0.485582949	0.505398079	0.529361847	0.565022339	0.615006128	0.662059945	0.681594743	0.670347305	0.64276581	0.615356323	0.596465554	0.577120511	0.560448458	0.542224202	0.525716506	0.508836773
15	0.162591089	0.15842869	0.157934628	0.165372783	0.184289147	0.213682434	0.24570502	0.263925557	0.28401898	0.306958598	0.323049173	0.319420821	0.278499846	0.232666615	0.201479768	0.182299403	0.170350673	0.163993662	0.157982725	0.153107287	0.151528287	0.15370461	0.161312257	0.174565852	0.193783838	0.220807758	0.253453508	0.290316759	0.335008726	0.378902952	0.422333464	0.474560661	0.516846092	0.545069926	0.5612173	0.568204273	0.570429296	0.569280786	0.565500614	0.560648752	0.553865371	0.545988909	0.537210458	0.528196951	0.519808804	0.51295639	0.507241876	0.50279242	0.498024367	0.490978003	0.482905779	0.476466318	0.470966401	0.468128099	0.470562349	0.48096147	0.500245267	0.523731105	0.558583193	0.607570133	0.653762008	0.67339831	0.662750724	0.636361368	0.609547905	0.591383696	0.573366847	0.555781356	0.537635726	0.522284429	0.505976226
18	0.15907018	0.154849814	0.154361558	0.161605208	0.180291056	0.209088113	0.240543454	0.258443595	0.278090917	0.300432256	0.31602539	0.312475228	0.272470172	0.227628618	0.197040793	0.178102459	0.16627594	0.160027109	0.154112006	0.149251677	0.147594757	0.149584514	0.157014261	0.169999619	0.18878362	0.215380951	0.247330561	0.283406671	0.326955482	0.369523846	0.411712884	0.462691065	0.504314502	0.532287347	0.548687974	0.555958811	0.55852245	0.557697107	0.554234232	0.549726525	0.543223683	0.535750067	0.527232303	0.518584018	0.510424592	0.503809787	0.498381156	0.494075492	0.489436291	0.482612261	0.474693054	0.468308258	0.462935806	0.460074477	0.462288545	0.472222757	0.490880933	0.513445215	0.546942058	0.593865681	0.638157109	0.657117229	0.647796429	0.623881915	0.598797238	0.582411076	0.564362818	0.548914333	0.531280013	0.516935528	0.500146546
21	0.151673453	0.147544371	0.146967713	0.153732612	0.171540874	0.199052306	0.228972717	0.246006449	0.264351782	0.285025225	0.299310224	0.295919654	0.258720669	0.216446872	0.18741184	0.169331305	0.157963235	0.151873082	0.146093703	0.141394987	0.139750721	0.141609278	0.148666374	0.160984504	0.178767464	0.204015961	0.234280351	0.268291881	0.309011942	0.34872156	0.388358513	0.436794058	0.476932062	0.504717287	0.521734617	0.529922185	0.533249846	0.533198733	0.530379802	0.526079526	0.51998438	0.51277119	0.504680856	0.496596342	0.489244209	0.483319292	0.478142865	0.474022418	0.469831372	0.46344887	0.455880955	0.449593136	0.444036342	0.440891877	0.442648628	0.451436726	0.468088744	0.487986282	0.517622961	0.559052085	0.598341064	0.616072804	0.610502465	0.591175746	0.571254307	0.557402866	0.543248317	0.529273673	0.513868191	0.50046434	0.485670049
