1 	 0.32079	 0.32130	 0.32692	 0.34105	 0.36468	 0.39274	 0.41909	 0.43810	 0.45262	 0.46350	 0.46739	 0.46115	 0.44506	 0.42668	 0.41213	 0.40131	 0.39537	 0.39293	 0.39006	 0.38717	 0.38659	 0.39041	 0.39953	 0.41365	 0.43142	 0.45248	 0.47465	 0.49679	 0.52530	 0.56204	 0.60305	 0.64407	 0.67836	 0.70135	 0.71581	 0.72488	 0.73087	 0.73346	 0.73289	 0.72956	 0.72391	 0.71639	 0.70970	 0.70451	 0.69926	 0.69371	 0.68911	 0.68619	 0.68147	 0.67340	 0.66411	 0.65499	 0.64567	 0.63776	 0.63154	 0.62744	 0.62714	 0.63079	 0.63824	 0.64505	 0.64686	 0.63731	 0.61624	 0.58972	 0.56119	 0.53496	 0.51241	 0.49191	 0.47431	 0.45955	 0.44829
6 	 0.31629	 0.31691	 0.32275	 0.33707	 0.36089	 0.38914	 0.41558	 0.43469	 0.44936	 0.46039	 0.46425	 0.45805	 0.44191	 0.42352	 0.40900	 0.39795	 0.39198	 0.38958	 0.38672	 0.38385	 0.38331	 0.38728	 0.39647	 0.41055	 0.42852	 0.44979	 0.47199	 0.49424	 0.52300	 0.55990	 0.60096	 0.64214	 0.67661	 0.69964	 0.71396	 0.72282	 0.72871	 0.73124	 0.73077	 0.72738	 0.72154	 0.71387	 0.70706	 0.70188	 0.69669	 0.69120	 0.68648	 0.68354	 0.67883	 0.67073	 0.66127	 0.65219	 0.64301	 0.63500	 0.62868	 0.62454	 0.62443	 0.62823	 0.63574	 0.64251	 0.64412	 0.63418	 0.61290	 0.58544	 0.55698	 0.53078	 0.50782	 0.48696	 0.46999	 0.45553	 0.44414
11 	 0.31357	 0.31424	 0.32017	 0.33465	 0.35868	 0.38695	 0.41333	 0.43251	 0.44735	 0.45831	 0.46219	 0.45598	 0.43978	 0.42136	 0.40676	 0.39568	 0.38967	 0.38728	 0.38438	 0.38146	 0.38091	 0.38493	 0.39420	 0.40831	 0.42648	 0.44777	 0.47018	 0.49253	 0.52136	 0.55840	 0.59961	 0.64076	 0.67522	 0.69828	 0.71238	 0.72109	 0.72691	 0.72936	 0.72880	 0.72535	 0.71939	 0.71164	 0.70488	 0.69974	 0.69455	 0.68904	 0.68434	 0.68135	 0.67658	 0.66844	 0.65894	 0.64992	 0.64089	 0.63294	 0.62652	 0.62234	 0.62230	 0.62622	 0.63376	 0.64050	 0.64212	 0.63237	 0.61095	 0.58357	 0.55478	 0.52877	 0.50576	 0.48459	 0.46728	 0.45210	 0.44178
16 	 0.31323	 0.31404	 0.32008	 0.33450	 0.35855	 0.38683	 0.41307	 0.43223	 0.44697	 0.45797	 0.46188	 0.45577	 0.43955	 0.42112	 0.40652	 0.39567	 0.38975	 0.38712	 0.38423	 0.38126	 0.38077	 0.38495	 0.39417	 0.40823	 0.42633	 0.44773	 0.47021	 0.49259	 0.52120	 0.55818	 0.59938	 0.64048	 0.67464	 0.69749	 0.71141	 0.71991	 0.72548	 0.72792	 0.72717	 0.72373	 0.71785	 0.71022	 0.70338	 0.69819	 0.69299	 0.68746	 0.68268	 0.67952	 0.67475	 0.66679	 0.65733	 0.64850	 0.63953	 0.63147	 0.62514	 0.62099	 0.62101	 0.62479	 0.63218	 0.63893	 0.64057	 0.63100	 0.60960	 0.58264	 0.55411	 0.52758	 0.50502	 0.48396	 0.46616	 0.45152	 0.43989
21 	 0.31141	 0.31220	 0.31826	 0.33280	 0.35681	 0.38503	 0.41117	 0.43023	 0.44503	 0.45603	 0.45981	 0.45372	 0.43762	 0.41923	 0.40463	 0.39384	 0.38798	 0.38529	 0.38242	 0.37944	 0.37905	 0.38322	 0.39235	 0.40648	 0.42467	 0.44607	 0.46835	 0.49061	 0.51913	 0.55607	 0.59721	 0.63818	 0.67210	 0.69494	 0.70900	 0.71750	 0.72308	 0.72536	 0.72443	 0.72102	 0.71536	 0.70765	 0.70072	 0.69563	 0.69035	 0.68481	 0.68020	 0.67707	 0.67227	 0.66428	 0.65486	 0.64618	 0.63707	 0.62892	 0.62284	 0.61869	 0.61858	 0.62232	 0.62987	 0.63685	 0.63837	 0.62845	 0.60747	 0.58020	 0.55173	 0.52549	 0.50256	 0.48172	 0.46434	 0.45012	 0.43950
26 	 0.31138	 0.31219	 0.31814	 0.33276	 0.35685	 0.38525	 0.41139	 0.43049	 0.44528	 0.45631	 0.46008	 0.45397	 0.43789	 0.41939	 0.40472	 0.39393	 0.38819	 0.38556	 0.38259	 0.37969	 0.37928	 0.38343	 0.39264	 0.40679	 0.42508	 0.44644	 0.46877	 0.49105	 0.51962	 0.55648	 0.59754	 0.63857	 0.67248	 0.69535	 0.70943	 0.71794	 0.72353	 0.72568	 0.72469	 0.72131	 0.71556	 0.70787	 0.70108	 0.69608	 0.69076	 0.68510	 0.68049	 0.67738	 0.67258	 0.66454	 0.65514	 0.64638	 0.63730	 0.62916	 0.62312	 0.61893	 0.61873	 0.62248	 0.63009	 0.63701	 0.63847	 0.62828	 0.60735	 0.58000	 0.55136	 0.52525	 0.50223	 0.48125	 0.46390	 0.44940	 0.43853
31 	 0.31098	 0.31178	 0.31768	 0.33228	 0.35633	 0.38472	 0.41084	 0.42989	 0.44470	 0.45579	 0.45964	 0.45352	 0.43740	 0.41881	 0.40399	 0.39319	 0.38756	 0.38494	 0.38196	 0.37906	 0.37862	 0.38288	 0.39205	 0.40613	 0.42451	 0.44583	 0.46798	 0.49031	 0.51905	 0.55603	 0.59724	 0.63834	 0.67246	 0.69554	 0.70968	 0.71824	 0.72392	 0.72591	 0.72488	 0.72152	 0.71570	 0.70790	 0.70117	 0.69631	 0.69100	 0.68526	 0.68057	 0.67756	 0.67281	 0.66470	 0.65519	 0.64645	 0.63725	 0.62897	 0.62293	 0.61873	 0.61856	 0.62245	 0.63030	 0.63733	 0.63886	 0.62885	 0.60754	 0.58055	 0.55189	 0.52550	 0.50258	 0.48147	 0.46421	 0.44975	 0.43889
36 	 0.31169	 0.31253	 0.31841	 0.33300	 0.35704	 0.38539	 0.41149	 0.43053	 0.44527	 0.45633	 0.46024	 0.45404	 0.43787	 0.41923	 0.40449	 0.39377	 0.38815	 0.38563	 0.38266	 0.37968	 0.37927	 0.38349	 0.39261	 0.40669	 0.42502	 0.44637	 0.46862	 0.49090	 0.51962	 0.55651	 0.59762	 0.63865	 0.67266	 0.69564	 0.70970	 0.71824	 0.72399	 0.72597	 0.72485	 0.72148	 0.71567	 0.70791	 0.70120	 0.69638	 0.69113	 0.68533	 0.68068	 0.67769	 0.67301	 0.66491	 0.65541	 0.64665	 0.63751	 0.62926	 0.62312	 0.61888	 0.61877	 0.62283	 0.63067	 0.63763	 0.63915	 0.62910	 0.60803	 0.58101	 0.55236	 0.52587	 0.50305	 0.48216	 0.46522	 0.45013	 0.43848
41 	 0.31079	 0.31165	 0.31764	 0.33223	 0.35626	 0.38465	 0.41085	 0.42977	 0.44446	 0.45555	 0.45944	 0.45322	 0.43706	 0.41840	 0.40373	 0.39298	 0.38736	 0.38489	 0.38189	 0.37897	 0.37850	 0.38268	 0.39181	 0.40590	 0.42429	 0.44555	 0.46776	 0.49008	 0.51884	 0.55571	 0.59670	 0.63768	 0.67153	 0.69445	 0.70840	 0.71679	 0.72256	 0.72439	 0.72316	 0.71985	 0.71401	 0.70621	 0.69963	 0.69485	 0.68958	 0.68378	 0.67920	 0.67632	 0.67166	 0.66349	 0.65395	 0.64523	 0.63615	 0.62781	 0.62163	 0.61735	 0.61729	 0.62141	 0.62924	 0.63618	 0.63764	 0.62751	 0.60655	 0.57953	 0.55106	 0.52495	 0.50188	 0.48097	 0.46355	 0.44862	 0.43736
46 	 0.31020	 0.31105	 0.31703	 0.33172	 0.35582	 0.38427	 0.41046	 0.42940	 0.44405	 0.45507	 0.45899	 0.45284	 0.43669	 0.41792	 0.40322	 0.39255	 0.38704	 0.38464	 0.38167	 0.37871	 0.37819	 0.38235	 0.39149	 0.40551	 0.42387	 0.44515	 0.46728	 0.48948	 0.51818	 0.55493	 0.59573	 0.63637	 0.67002	 0.69278	 0.70668	 0.71500	 0.72070	 0.72252	 0.72129	 0.71796	 0.71216	 0.70444	 0.69796	 0.69325	 0.68806	 0.68235	 0.67777	 0.67493	 0.67044	 0.66223	 0.65277	 0.64411	 0.63508	 0.62686	 0.62057	 0.61629	 0.61629	 0.62051	 0.62837	 0.63521	 0.63639	 0.62625	 0.60517	 0.57830	 0.54966	 0.52332	 0.50049	 0.47986	 0.46306	 0.44765	 0.43661
2 	 0.29859	 0.30047	 0.30753	 0.32355	 0.34991	 0.38086	 0.40893	 0.42854	 0.44306	 0.45371	 0.45739	 0.45124	 0.43590	 0.41861	 0.40502	 0.39476	 0.38916	 0.38706	 0.38475	 0.38272	 0.38335	 0.38861	 0.39941	 0.41525	 0.43408	 0.45528	 0.47679	 0.49893	 0.52909	 0.56937	 0.61443	 0.65760	 0.69234	 0.71489	 0.72867	 0.73678	 0.74174	 0.74305	 0.74070	 0.73547	 0.72809	 0.71909	 0.71115	 0.70484	 0.69855	 0.69216	 0.68666	 0.68290	 0.67746	 0.66889	 0.65921	 0.64992	 0.64052	 0.63249	 0.62620	 0.62194	 0.62131	 0.62437	 0.63030	 0.63436	 0.63210	 0.61787	 0.59304	 0.56260	 0.53085	 0.50249	 0.47774	 0.45578	 0.43706	 0.42215	 0.41052
7 	 0.29892	 0.30080	 0.30799	 0.32412	 0.35056	 0.38141	 0.40934	 0.42886	 0.44343	 0.45401	 0.45761	 0.45145	 0.43609	 0.41890	 0.40535	 0.39499	 0.38941	 0.38731	 0.38503	 0.38298	 0.38360	 0.38900	 0.39979	 0.41551	 0.43446	 0.45566	 0.47730	 0.49945	 0.52969	 0.57005	 0.61503	 0.65809	 0.69270	 0.71518	 0.72862	 0.73663	 0.74144	 0.74257	 0.74028	 0.73495	 0.72737	 0.71829	 0.71029	 0.70400	 0.69787	 0.69157	 0.68598	 0.68220	 0.67669	 0.66817	 0.65838	 0.64915	 0.63995	 0.63192	 0.62549	 0.62129	 0.62088	 0.62410	 0.63005	 0.63406	 0.63184	 0.61784	 0.59306	 0.56287	 0.53155	 0.50313	 0.47839	 0.45585	 0.43760	 0.42291	 0.41095
12 	 0.29863	 0.30043	 0.30769	 0.32392	 0.35046	 0.38119	 0.40888	 0.42832	 0.44286	 0.45346	 0.45701	 0.45082	 0.43551	 0.41846	 0.40493	 0.39453	 0.38902	 0.38693	 0.38461	 0.38255	 0.38317	 0.38856	 0.39947	 0.41517	 0.43413	 0.45532	 0.47706	 0.49919	 0.52941	 0.56984	 0.61471	 0.65763	 0.69213	 0.71445	 0.72766	 0.73543	 0.74009	 0.74112	 0.73871	 0.73334	 0.72573	 0.71663	 0.70860	 0.70235	 0.69631	 0.68997	 0.68438	 0.68055	 0.67505	 0.66647	 0.65667	 0.64751	 0.63842	 0.63035	 0.62394	 0.61975	 0.61937	 0.62256	 0.62862	 0.63269	 0.63055	 0.61696	 0.59216	 0.56206	 0.53080	 0.50171	 0.47700	 0.45518	 0.43733	 0.42241	 0.41105
17 	 0.29931	 0.30131	 0.30862	 0.32488	 0.35144	 0.38215	 0.40968	 0.42919	 0.44378	 0.45435	 0.45782	 0.45175	 0.43641	 0.41923	 0.40570	 0.39551	 0.38996	 0.38766	 0.38536	 0.38330	 0.38397	 0.38943	 0.40027	 0.41597	 0.43503	 0.45626	 0.47800	 0.50017	 0.53024	 0.57073	 0.61574	 0.65873	 0.69303	 0.71542	 0.72858	 0.73618	 0.74069	 0.74175	 0.73931	 0.73394	 0.72652	 0.71752	 0.70931	 0.70299	 0.69691	 0.69057	 0.68496	 0.68090	 0.67531	 0.66688	 0.65718	 0.64826	 0.63920	 0.63104	 0.62477	 0.62059	 0.62016	 0.62322	 0.62934	 0.63357	 0.63153	 0.61783	 0.59332	 0.56279	 0.53159	 0.50274	 0.47828	 0.45605	 0.43801	 0.42283	 0.41165
22 	 0.29841	 0.30046	 0.30772	 0.32397	 0.35059	 0.38138	 0.40883	 0.42828	 0.44292	 0.45344	 0.45685	 0.45074	 0.43538	 0.41813	 0.40459	 0.39442	 0.38902	 0.38673	 0.38438	 0.38228	 0.38298	 0.38860	 0.39945	 0.41513	 0.43435	 0.45565	 0.47726	 0.49947	 0.52950	 0.57002	 0.61508	 0.65806	 0.69219	 0.71441	 0.72757	 0.73504	 0.73935	 0.74019	 0.73755	 0.73223	 0.72477	 0.71576	 0.70759	 0.70140	 0.69525	 0.68882	 0.68330	 0.67922	 0.67364	 0.66513	 0.65548	 0.64675	 0.63757	 0.62940	 0.62332	 0.61907	 0.61861	 0.62170	 0.62785	 0.63226	 0.63018	 0.61642	 0.59223	 0.56179	 0.53030	 0.50191	 0.47690	 0.45536	 0.43761	 0.42220	 0.41134
27 	 0.29899	 0.30099	 0.30820	 0.32451	 0.35113	 0.38190	 0.40934	 0.42872	 0.44330	 0.45392	 0.45729	 0.45109	 0.43574	 0.41852	 0.40482	 0.39465	 0.38934	 0.38701	 0.38461	 0.38255	 0.38330	 0.38889	 0.39973	 0.41545	 0.43469	 0.45595	 0.47755	 0.49982	 0.52990	 0.57029	 0.61527	 0.65819	 0.69226	 0.71451	 0.72768	 0.73517	 0.73955	 0.74026	 0.73747	 0.73224	 0.72486	 0.71569	 0.70764	 0.70162	 0.69544	 0.68891	 0.68342	 0.67937	 0.67379	 0.66521	 0.65558	 0.64682	 0.63769	 0.62948	 0.62344	 0.61920	 0.61873	 0.62195	 0.62824	 0.63274	 0.63061	 0.61663	 0.59225	 0.56198	 0.53100	 0.50249	 0.47753	 0.45558	 0.43754	 0.42227	 0.41142
32 	 0.29888	 0.30087	 0.30804	 0.32436	 0.35091	 0.38173	 0.40919	 0.42858	 0.44316	 0.45376	 0.45729	 0.45112	 0.43573	 0.41837	 0.40462	 0.39450	 0.38926	 0.38699	 0.38457	 0.38247	 0.38319	 0.38878	 0.39960	 0.41529	 0.43457	 0.45572	 0.47720	 0.49945	 0.52956	 0.56987	 0.61476	 0.65768	 0.69176	 0.71420	 0.72756	 0.73515	 0.73970	 0.74034	 0.73755	 0.73237	 0.72492	 0.71578	 0.70777	 0.70185	 0.69570	 0.68919	 0.68366	 0.67973	 0.67431	 0.66565	 0.65591	 0.64710	 0.63794	 0.62962	 0.62349	 0.61922	 0.61869	 0.62208	 0.62847	 0.63289	 0.63082	 0.61668	 0.59233	 0.56232	 0.53106	 0.50267	 0.47851	 0.45655	 0.43877	 0.42344	 0.41126
37 	 0.29887	 0.30086	 0.30806	 0.32444	 0.35101	 0.38185	 0.40928	 0.42855	 0.44313	 0.45374	 0.45720	 0.45096	 0.43552	 0.41818	 0.40448	 0.39436	 0.38916	 0.38696	 0.38452	 0.38237	 0.38309	 0.38870	 0.39953	 0.41522	 0.43453	 0.45576	 0.47731	 0.49955	 0.52969	 0.57003	 0.61497	 0.65781	 0.69180	 0.71406	 0.72723	 0.73472	 0.73923	 0.73969	 0.73676	 0.73163	 0.72416	 0.71492	 0.70698	 0.70110	 0.69490	 0.68835	 0.68289	 0.67904	 0.67363	 0.66497	 0.65520	 0.64639	 0.63722	 0.62890	 0.62277	 0.61852	 0.61808	 0.62152	 0.62790	 0.63235	 0.63029	 0.61634	 0.59190	 0.56159	 0.53059	 0.50208	 0.47757	 0.45563	 0.43725	 0.42215	 0.41125
42 	 0.29820	 0.30017	 0.30737	 0.32376	 0.35036	 0.38124	 0.40867	 0.42790	 0.44239	 0.45288	 0.45643	 0.45023	 0.43483	 0.41733	 0.40356	 0.39350	 0.38833	 0.38624	 0.38377	 0.38160	 0.38229	 0.38791	 0.39869	 0.41436	 0.43363	 0.45481	 0.47628	 0.49851	 0.52878	 0.56916	 0.61402	 0.65690	 0.69084	 0.71296	 0.72597	 0.73333	 0.73788	 0.73824	 0.73520	 0.72993	 0.72250	 0.71329	 0.70548	 0.69967	 0.69360	 0.68698	 0.68153	 0.67778	 0.67241	 0.66365	 0.65386	 0.64511	 0.63603	 0.62767	 0.62145	 0.61710	 0.61673	 0.62037	 0.62688	 0.63132	 0.62896	 0.61487	 0.59081	 0.56095	 0.52973	 0.50120	 0.47668	 0.45532	 0.43725	 0.42187	 0.40998
47 	 0.29867	 0.30067	 0.30786	 0.32421	 0.35085	 0.38169	 0.40912	 0.42831	 0.44274	 0.45327	 0.45679	 0.45054	 0.43507	 0.41754	 0.40385	 0.39375	 0.38857	 0.38651	 0.38411	 0.38192	 0.38254	 0.38814	 0.39894	 0.41455	 0.43386	 0.45508	 0.47658	 0.49880	 0.52917	 0.56960	 0.61455	 0.65739	 0.69132	 0.71348	 0.72643	 0.73367	 0.73820	 0.73852	 0.73547	 0.73018	 0.72268	 0.71351	 0.70568	 0.69987	 0.69386	 0.68725	 0.68171	 0.67806	 0.67280	 0.66388	 0.65407	 0.64533	 0.63625	 0.62789	 0.62155	 0.61719	 0.61691	 0.62060	 0.62709	 0.63154	 0.62937	 0.61534	 0.59107	 0.56142	 0.53020	 0.50195	 0.47706	 0.45532	 0.43751	 0.42256	 0.41075
3 	 0.35078	 0.35247	 0.35893	 0.37404	 0.39961	 0.42934	 0.45483	 0.47181	 0.48424	 0.49247	 0.49417	 0.48711	 0.47303	 0.45859	 0.44742	 0.43862	 0.43380	 0.43221	 0.43074	 0.43028	 0.43280	 0.44024	 0.45315	 0.47053	 0.48969	 0.50960	 0.52970	 0.55215	 0.58635	 0.63436	 0.68646	 0.73120	 0.76306	 0.78139	 0.79185	 0.79767	 0.80072	 0.79983	 0.79530	 0.78806	 0.77891	 0.76846	 0.75920	 0.75167	 0.74412	 0.73646	 0.72962	 0.72461	 0.71822	 0.70944	 0.70009	 0.69134	 0.68259	 0.67509	 0.66896	 0.66485	 0.66407	 0.66684	 0.67267	 0.67728	 0.67706	 0.66613	 0.64476	 0.61782	 0.59025	 0.56410	 0.54129	 0.51997	 0.50234	 0.48796	 0.47604
8 	 0.34940	 0.35099	 0.35747	 0.37271	 0.39846	 0.42812	 0.45336	 0.47020	 0.48263	 0.49075	 0.49237	 0.48532	 0.47113	 0.45670	 0.44555	 0.43661	 0.43183	 0.43018	 0.42875	 0.42833	 0.43083	 0.43836	 0.45137	 0.46873	 0.48805	 0.50801	 0.52820	 0.55072	 0.58509	 0.63334	 0.68535	 0.73009	 0.76189	 0.78006	 0.79007	 0.79565	 0.79851	 0.79737	 0.79286	 0.78543	 0.77602	 0.76544	 0.75609	 0.74856	 0.74109	 0.73344	 0.72650	 0.72148	 0.71510	 0.70627	 0.69686	 0.68816	 0.67956	 0.67206	 0.66594	 0.66176	 0.66114	 0.66397	 0.66973	 0.67425	 0.67417	 0.66372	 0.64273	 0.61631	 0.58880	 0.56286	 0.53972	 0.51878	 0.50142	 0.48649	 0.47499
13 	 0.34725	 0.34887	 0.35553	 0.37075	 0.39642	 0.42599	 0.45107	 0.46784	 0.48026	 0.48834	 0.48994	 0.48287	 0.46871	 0.45439	 0.44323	 0.43427	 0.42944	 0.42782	 0.42644	 0.42591	 0.42841	 0.43596	 0.44903	 0.46635	 0.48569	 0.50564	 0.52588	 0.54850	 0.58288	 0.63111	 0.68296	 0.72764	 0.75936	 0.77754	 0.78751	 0.79294	 0.79564	 0.79446	 0.78979	 0.78227	 0.77292	 0.76231	 0.75294	 0.74537	 0.73793	 0.73028	 0.72326	 0.71814	 0.71174	 0.70298	 0.69352	 0.68484	 0.67631	 0.66879	 0.66258	 0.65839	 0.65785	 0.66071	 0.66657	 0.67115	 0.67130	 0.66106	 0.64036	 0.61411	 0.58665	 0.56072	 0.53775	 0.51680	 0.49904	 0.48453	 0.47319
18 	 0.34751	 0.34922	 0.35584	 0.37110	 0.39675	 0.42618	 0.45107	 0.46773	 0.48004	 0.48802	 0.48955	 0.48257	 0.46843	 0.45404	 0.44287	 0.43412	 0.42944	 0.42766	 0.42620	 0.42563	 0.42814	 0.43579	 0.44879	 0.46607	 0.48548	 0.50539	 0.52553	 0.54814	 0.58218	 0.63028	 0.68225	 0.72655	 0.75779	 0.77573	 0.78545	 0.79059	 0.79308	 0.79179	 0.78697	 0.77956	 0.77027	 0.75980	 0.75034	 0.74277	 0.73525	 0.72767	 0.72081	 0.71563	 0.70915	 0.70049	 0.69117	 0.68277	 0.67438	 0.66679	 0.66077	 0.65668	 0.65616	 0.65889	 0.66477	 0.66951	 0.66974	 0.65956	 0.63921	 0.61319	 0.58629	 0.56062	 0.53771	 0.51713	 0.49982	 0.48486	 0.47272
23 	 0.34639	 0.34816	 0.35476	 0.37012	 0.39594	 0.42551	 0.45044	 0.46711	 0.47944	 0.48749	 0.48895	 0.48198	 0.46783	 0.45337	 0.44209	 0.43335	 0.42872	 0.42689	 0.42537	 0.42485	 0.42747	 0.43516	 0.44819	 0.46554	 0.48512	 0.50510	 0.52515	 0.54776	 0.58183	 0.62995	 0.68174	 0.72605	 0.75716	 0.77499	 0.78469	 0.78988	 0.79229	 0.79087	 0.78591	 0.77844	 0.76924	 0.75878	 0.74938	 0.74186	 0.73432	 0.72668	 0.71987	 0.71469	 0.70822	 0.69959	 0.69032	 0.68199	 0.67347	 0.66581	 0.65995	 0.65581	 0.65516	 0.65794	 0.66386	 0.66867	 0.66881	 0.65863	 0.63795	 0.61168	 0.58452	 0.55908	 0.53634	 0.51575	 0.49782	 0.48313	 0.47203
28 	 0.34566	 0.34750	 0.35413	 0.36948	 0.39527	 0.42482	 0.44951	 0.46601	 0.47828	 0.48628	 0.48771	 0.48071	 0.46662	 0.45217	 0.44081	 0.43214	 0.42763	 0.42573	 0.42424	 0.42371	 0.42633	 0.43400	 0.44695	 0.46425	 0.48377	 0.50372	 0.52372	 0.54626	 0.58033	 0.62828	 0.67997	 0.72411	 0.75509	 0.77291	 0.78256	 0.78768	 0.79011	 0.78846	 0.78335	 0.77587	 0.76661	 0.75612	 0.74679	 0.73941	 0.73188	 0.72419	 0.71742	 0.71228	 0.70588	 0.69713	 0.68786	 0.67958	 0.67102	 0.66336	 0.65756	 0.65334	 0.65269	 0.65568	 0.66171	 0.66665	 0.66686	 0.65684	 0.63646	 0.61037	 0.58356	 0.55787	 0.53492	 0.51446	 0.49727	 0.48246	 0.47163
33 	 0.34527	 0.34694	 0.35348	 0.36871	 0.39423	 0.42353	 0.44795	 0.46425	 0.47627	 0.48425	 0.48578	 0.47872	 0.46473	 0.45031	 0.43901	 0.43038	 0.42597	 0.42422	 0.42256	 0.42198	 0.42453	 0.43217	 0.44499	 0.46205	 0.48144	 0.50119	 0.52097	 0.54328	 0.57702	 0.62443	 0.67557	 0.71932	 0.75006	 0.76783	 0.77741	 0.78248	 0.78503	 0.78336	 0.77822	 0.77089	 0.76174	 0.75119	 0.74201	 0.73485	 0.72740	 0.71960	 0.71291	 0.70787	 0.70158	 0.69289	 0.68368	 0.67545	 0.66692	 0.65924	 0.65338	 0.64917	 0.64847	 0.65150	 0.65757	 0.66268	 0.66318	 0.65339	 0.63378	 0.60885	 0.58246	 0.55731	 0.53510	 0.51437	 0.49737	 0.48290	 0.47189
38 	 0.34304	 0.34476	 0.35128	 0.36658	 0.39223	 0.42174	 0.44633	 0.46274	 0.47489	 0.48296	 0.48451	 0.47739	 0.46327	 0.44871	 0.43738	 0.42878	 0.42432	 0.42258	 0.42092	 0.42030	 0.42285	 0.43052	 0.44342	 0.46061	 0.48015	 0.49997	 0.51983	 0.54228	 0.57630	 0.62398	 0.67551	 0.71959	 0.75049	 0.76840	 0.77808	 0.78317	 0.78574	 0.78399	 0.77874	 0.77135	 0.76214	 0.75155	 0.74240	 0.73521	 0.72768	 0.71983	 0.71306	 0.70805	 0.70178	 0.69289	 0.68353	 0.67529	 0.66672	 0.65890	 0.65303	 0.64876	 0.64812	 0.65125	 0.65740	 0.66236	 0.66271	 0.65280	 0.63266	 0.60718	 0.58016	 0.55479	 0.53286	 0.51211	 0.49515	 0.48040	 0.46923
43 	 0.34302	 0.34477	 0.35134	 0.36666	 0.39227	 0.42185	 0.44655	 0.46290	 0.47500	 0.48309	 0.48466	 0.47750	 0.46332	 0.44857	 0.43713	 0.42859	 0.42425	 0.42256	 0.42094	 0.42032	 0.42281	 0.43046	 0.44336	 0.46052	 0.48011	 0.49998	 0.51989	 0.54240	 0.57656	 0.62439	 0.67604	 0.72006	 0.75087	 0.76870	 0.77823	 0.78324	 0.78589	 0.78400	 0.77864	 0.77121	 0.76197	 0.75140	 0.74232	 0.73514	 0.72778	 0.72005	 0.71330	 0.70833	 0.70212	 0.69322	 0.68388	 0.67566	 0.66708	 0.65928	 0.65331	 0.64902	 0.64852	 0.65179	 0.65801	 0.66300	 0.66300	 0.65272	 0.63295	 0.60724	 0.57986	 0.55484	 0.53277	 0.51176	 0.49461	 0.47975	 0.46889
48 	 0.34200	 0.34373	 0.35021	 0.36538	 0.39095	 0.42041	 0.44490	 0.46107	 0.47307	 0.48105	 0.48263	 0.47550	 0.46128	 0.44656	 0.43522	 0.42669	 0.42234	 0.42067	 0.41904	 0.41836	 0.42074	 0.42834	 0.44113	 0.45824	 0.47772	 0.49751	 0.51731	 0.53971	 0.57380	 0.62133	 0.67262	 0.71653	 0.74718	 0.76486	 0.77433	 0.77924	 0.78185	 0.77994	 0.77453	 0.76705	 0.75776	 0.74718	 0.73818	 0.73108	 0.72377	 0.71592	 0.70922	 0.70439	 0.69825	 0.68919	 0.67980	 0.67155	 0.66303	 0.65529	 0.64929	 0.64489	 0.64440	 0.64782	 0.65415	 0.65920	 0.65949	 0.64958	 0.63046	 0.60519	 0.57835	 0.55358	 0.53143	 0.51070	 0.49358	 0.47898	 0.46798
4 	 0.30017	 0.30246	 0.31007	 0.32706	 0.35509	 0.38811	 0.41747	 0.43722	 0.45160	 0.46252	 0.46677	 0.46123	 0.44647	 0.42965	 0.41638	 0.40648	 0.40109	 0.39906	 0.39706	 0.39568	 0.39727	 0.40386	 0.41605	 0.43319	 0.45294	 0.47434	 0.49603	 0.51882	 0.55077	 0.59428	 0.64290	 0.68814	 0.72339	 0.74561	 0.75875	 0.76636	 0.77072	 0.77126	 0.76793	 0.76150	 0.75294	 0.74302	 0.73429	 0.72749	 0.72084	 0.71405	 0.70809	 0.70378	 0.69785	 0.68906	 0.67912	 0.66949	 0.65971	 0.65129	 0.64468	 0.64015	 0.63890	 0.64108	 0.64609	 0.64902	 0.64561	 0.62982	 0.60291	 0.57059	 0.53768	 0.50749	 0.48149	 0.45869	 0.44018	 0.42359	 0.41223
9 	 0.30001	 0.30229	 0.31008	 0.32716	 0.35529	 0.38827	 0.41737	 0.43705	 0.45150	 0.46238	 0.46657	 0.46106	 0.44630	 0.42953	 0.41628	 0.40619	 0.40077	 0.39880	 0.39686	 0.39550	 0.39704	 0.40367	 0.41601	 0.43306	 0.45292	 0.47434	 0.49615	 0.51897	 0.55107	 0.59468	 0.64309	 0.68830	 0.72352	 0.74563	 0.75849	 0.76592	 0.77016	 0.77050	 0.76718	 0.76058	 0.75189	 0.74180	 0.73304	 0.72623	 0.71966	 0.71296	 0.70690	 0.70257	 0.69660	 0.68771	 0.67767	 0.66806	 0.65847	 0.65015	 0.64343	 0.63877	 0.63778	 0.64012	 0.64508	 0.64791	 0.64433	 0.62854	 0.60191	 0.57007	 0.53680	 0.50671	 0.48160	 0.45795	 0.43878	 0.42231	 0.41031
14 	 0.29886	 0.30120	 0.30902	 0.32612	 0.35433	 0.38719	 0.41613	 0.43571	 0.45014	 0.46090	 0.46504	 0.45959	 0.44485	 0.42815	 0.41491	 0.40485	 0.39948	 0.39744	 0.39545	 0.39410	 0.39568	 0.40235	 0.41466	 0.43167	 0.45156	 0.47303	 0.49487	 0.51766	 0.54965	 0.59336	 0.64171	 0.68684	 0.72201	 0.74408	 0.75674	 0.76398	 0.76805	 0.76828	 0.76482	 0.75825	 0.74946	 0.73934	 0.73057	 0.72376	 0.71722	 0.71050	 0.70449	 0.70010	 0.69409	 0.68522	 0.67513	 0.66557	 0.65609	 0.64768	 0.64098	 0.63635	 0.63536	 0.63769	 0.64267	 0.64557	 0.64222	 0.62709	 0.60050	 0.56839	 0.53548	 0.50554	 0.47976	 0.45693	 0.43825	 0.42262	 0.41067
19 	 0.29783	 0.30021	 0.30807	 0.32520	 0.35339	 0.38629	 0.41509	 0.43470	 0.44915	 0.45995	 0.46407	 0.45864	 0.44383	 0.42699	 0.41373	 0.40388	 0.39857	 0.39628	 0.39431	 0.39282	 0.39444	 0.40127	 0.41364	 0.43066	 0.45063	 0.47213	 0.49403	 0.51689	 0.54879	 0.59261	 0.64113	 0.68627	 0.72115	 0.74307	 0.75568	 0.76273	 0.76658	 0.76676	 0.76315	 0.75656	 0.74791	 0.73792	 0.72908	 0.72220	 0.71559	 0.70887	 0.70285	 0.69833	 0.69225	 0.68346	 0.67348	 0.66418	 0.65470	 0.64629	 0.63972	 0.63505	 0.63401	 0.63630	 0.64141	 0.64458	 0.64114	 0.62579	 0.59942	 0.56702	 0.53399	 0.50419	 0.47816	 0.45532	 0.43675	 0.42059	 0.40884
24 	 0.29620	 0.29858	 0.30641	 0.32360	 0.35185	 0.38478	 0.41348	 0.43300	 0.44747	 0.45829	 0.46232	 0.45693	 0.44209	 0.42524	 0.41192	 0.40204	 0.39680	 0.39448	 0.39245	 0.39102	 0.39273	 0.39958	 0.41188	 0.42898	 0.44909	 0.47062	 0.49240	 0.51527	 0.54720	 0.59100	 0.63976	 0.68499	 0.71979	 0.74175	 0.75439	 0.76136	 0.76512	 0.76510	 0.76133	 0.75482	 0.74620	 0.73619	 0.72729	 0.72056	 0.71392	 0.70709	 0.70109	 0.69658	 0.69052	 0.68166	 0.67168	 0.66254	 0.65297	 0.64441	 0.63803	 0.63335	 0.63227	 0.63461	 0.63988	 0.64326	 0.63981	 0.62422	 0.59754	 0.56558	 0.53264	 0.50256	 0.47640	 0.45345	 0.43518	 0.41911	 0.40729
29 	 0.29457	 0.29704	 0.30484	 0.32205	 0.35027	 0.38311	 0.41170	 0.43101	 0.44539	 0.45623	 0.46025	 0.45474	 0.44001	 0.42317	 0.40973	 0.39982	 0.39473	 0.39247	 0.39038	 0.38902	 0.39075	 0.39755	 0.40986	 0.42693	 0.44709	 0.46862	 0.49033	 0.51322	 0.54519	 0.58884	 0.63732	 0.68240	 0.71685	 0.73849	 0.75090	 0.75765	 0.76134	 0.76114	 0.75721	 0.75062	 0.74203	 0.73206	 0.72330	 0.71674	 0.71012	 0.70321	 0.69731	 0.69285	 0.68687	 0.67799	 0.66802	 0.65890	 0.64939	 0.64089	 0.63455	 0.62991	 0.62878	 0.63118	 0.63660	 0.64008	 0.63674	 0.62095	 0.59483	 0.56280	 0.53016	 0.50069	 0.47536	 0.45131	 0.43294	 0.41759	 0.40549
34 	 0.29295	 0.29540	 0.30312	 0.32019	 0.34827	 0.38108	 0.40968	 0.42904	 0.44339	 0.45422	 0.45835	 0.45284	 0.43810	 0.42117	 0.40772	 0.39792	 0.39286	 0.39064	 0.38851	 0.38709	 0.38878	 0.39559	 0.40781	 0.42480	 0.44490	 0.46628	 0.48786	 0.51067	 0.54258	 0.58608	 0.63461	 0.67959	 0.71411	 0.73603	 0.74864	 0.75558	 0.75947	 0.75922	 0.75524	 0.74881	 0.74016	 0.73011	 0.72146	 0.71503	 0.70846	 0.70149	 0.69556	 0.69122	 0.68541	 0.67637	 0.66633	 0.65723	 0.64772	 0.63908	 0.63269	 0.62795	 0.62682	 0.62946	 0.63494	 0.63837	 0.63501	 0.61943	 0.59332	 0.56155	 0.52862	 0.49880	 0.47339	 0.45064	 0.43191	 0.41631	 0.40384
39 	 0.29279	 0.29523	 0.30297	 0.32016	 0.34827	 0.38121	 0.40987	 0.42926	 0.44359	 0.45447	 0.45866	 0.45316	 0.43828	 0.42118	 0.40765	 0.39778	 0.39277	 0.39064	 0.38843	 0.38697	 0.38868	 0.39551	 0.40777	 0.42482	 0.44503	 0.46648	 0.48816	 0.51107	 0.54314	 0.58679	 0.63535	 0.68051	 0.71523	 0.73729	 0.75003	 0.75698	 0.76090	 0.76057	 0.75656	 0.75010	 0.74143	 0.73127	 0.72263	 0.71619	 0.70961	 0.70249	 0.69650	 0.69215	 0.68623	 0.67723	 0.66707	 0.65788	 0.64831	 0.63959	 0.63301	 0.62821	 0.62712	 0.62981	 0.63538	 0.63889	 0.63556	 0.62001	 0.59376	 0.56180	 0.52872	 0.49912	 0.47314	 0.45056	 0.43214	 0.41612	 0.40378
44 	 0.29165	 0.29406	 0.30173	 0.31880	 0.34692	 0.37986	 0.40851	 0.42781	 0.44210	 0.45301	 0.45719	 0.45157	 0.43658	 0.41947	 0.40594	 0.39611	 0.39110	 0.38906	 0.38690	 0.38542	 0.38701	 0.39381	 0.40599	 0.42299	 0.44319	 0.46465	 0.48628	 0.50922	 0.54142	 0.58528	 0.63404	 0.67936	 0.71406	 0.73606	 0.74865	 0.75547	 0.75941	 0.75895	 0.75486	 0.74835	 0.73962	 0.72949	 0.72091	 0.71457	 0.70803	 0.70094	 0.69494	 0.69070	 0.68498	 0.67577	 0.66552	 0.65632	 0.64675	 0.63804	 0.63143	 0.62661	 0.62570	 0.62872	 0.63442	 0.63794	 0.63456	 0.61885	 0.59287	 0.56099	 0.52770	 0.49784	 0.47230	 0.45037	 0.43121	 0.41552	 0.40368
49 	 0.29067	 0.29305	 0.30074	 0.31782	 0.34588	 0.37873	 0.40737	 0.42669	 0.44097	 0.45179	 0.45601	 0.45042	 0.43541	 0.41817	 0.40468	 0.39486	 0.38987	 0.38782	 0.38567	 0.38420	 0.38574	 0.39257	 0.40475	 0.42174	 0.44196	 0.46346	 0.48506	 0.50796	 0.54033	 0.58415	 0.63285	 0.67822	 0.71293	 0.73487	 0.74744	 0.75418	 0.75812	 0.75760	 0.75347	 0.74694	 0.73820	 0.72799	 0.71949	 0.71315	 0.70653	 0.69949	 0.69349	 0.68925	 0.68352	 0.67424	 0.66403	 0.65482	 0.64529	 0.63656	 0.62986	 0.62505	 0.62419	 0.62724	 0.63305	 0.63665	 0.63339	 0.61767	 0.59132	 0.55987	 0.52699	 0.49704	 0.47102	 0.44915	 0.43022	 0.41409	 0.40267
5 	 0.29055	 0.29202	 0.29893	 0.31475	 0.34006	 0.36942	 0.39667	 0.41650	 0.43160	 0.44286	 0.44707	 0.44138	 0.42619	 0.40874	 0.39483	 0.38443	 0.37888	 0.37674	 0.37406	 0.37120	 0.37040	 0.37392	 0.38247	 0.39586	 0.41307	 0.43370	 0.45527	 0.47639	 0.50284	 0.53617	 0.57336	 0.61160	 0.64468	 0.66759	 0.68236	 0.69169	 0.69789	 0.70087	 0.70075	 0.69768	 0.69199	 0.68446	 0.67783	 0.67282	 0.66778	 0.66257	 0.65833	 0.65569	 0.65111	 0.64314	 0.63390	 0.62488	 0.61558	 0.60762	 0.60145	 0.59720	 0.59661	 0.59964	 0.60593	 0.61084	 0.60989	 0.59804	 0.57536	 0.54698	 0.51744	 0.49071	 0.46768	 0.44695	 0.42995	 0.41531	 0.40357
10 	 0.29060	 0.29216	 0.29921	 0.31514	 0.34059	 0.36988	 0.39696	 0.41672	 0.43187	 0.44313	 0.44732	 0.44171	 0.42652	 0.40908	 0.39516	 0.38456	 0.37902	 0.37695	 0.37427	 0.37134	 0.37056	 0.37413	 0.38275	 0.39614	 0.41343	 0.43415	 0.45589	 0.47714	 0.50362	 0.53709	 0.57433	 0.61246	 0.64551	 0.66840	 0.68284	 0.69190	 0.69801	 0.70088	 0.70075	 0.69754	 0.69182	 0.68414	 0.67737	 0.67238	 0.66748	 0.66229	 0.65798	 0.65528	 0.65067	 0.64273	 0.63335	 0.62442	 0.61530	 0.60726	 0.60097	 0.59678	 0.59637	 0.59952	 0.60575	 0.61046	 0.60959	 0.59766	 0.57517	 0.54704	 0.51763	 0.49107	 0.46767	 0.44636	 0.42913	 0.41514	 0.40440
15 	 0.29151	 0.29309	 0.30025	 0.31611	 0.34156	 0.37088	 0.39784	 0.41757	 0.43280	 0.44409	 0.44824	 0.44260	 0.42737	 0.40991	 0.39599	 0.38542	 0.37990	 0.37781	 0.37508	 0.37215	 0.37142	 0.37499	 0.38358	 0.39686	 0.41433	 0.43507	 0.45686	 0.47817	 0.50470	 0.53832	 0.57558	 0.61367	 0.64669	 0.66953	 0.68385	 0.69279	 0.69880	 0.70157	 0.70131	 0.69811	 0.69235	 0.68462	 0.67787	 0.67283	 0.66796	 0.66279	 0.65850	 0.65571	 0.65104	 0.64321	 0.63376	 0.62481	 0.61578	 0.60783	 0.60151	 0.59729	 0.59700	 0.60021	 0.60646	 0.61122	 0.61032	 0.59839	 0.57619	 0.54827	 0.51853	 0.49163	 0.46948	 0.44876	 0.43104	 0.41652	 0.40541
20 	 0.29120	 0.29281	 0.29997	 0.31599	 0.34149	 0.37067	 0.39756	 0.41732	 0.43253	 0.44380	 0.44790	 0.44232	 0.42715	 0.40968	 0.39577	 0.38539	 0.37996	 0.37762	 0.37485	 0.37185	 0.37120	 0.37498	 0.38358	 0.39689	 0.41434	 0.43512	 0.45683	 0.47812	 0.50447	 0.53801	 0.57548	 0.61357	 0.64630	 0.66911	 0.68342	 0.69228	 0.69801	 0.70082	 0.70050	 0.69726	 0.69160	 0.68403	 0.67723	 0.67217	 0.66717	 0.66202	 0.65773	 0.65481	 0.65020	 0.64234	 0.63300	 0.62428	 0.61534	 0.60730	 0.60102	 0.59674	 0.59646	 0.59957	 0.60581	 0.61070	 0.60979	 0.59780	 0.57568	 0.54720	 0.51776	 0.49159	 0.46801	 0.44732	 0.43028	 0.41547	 0.40542
25 	 0.29145	 0.29316	 0.30027	 0.31625	 0.34188	 0.37121	 0.39801	 0.41772	 0.43291	 0.44423	 0.44828	 0.44266	 0.42755	 0.41001	 0.39599	 0.38561	 0.38024	 0.37787	 0.37512	 0.37218	 0.37160	 0.37539	 0.38395	 0.39733	 0.41492	 0.43573	 0.45740	 0.47870	 0.50512	 0.53872	 0.57613	 0.61431	 0.64701	 0.66981	 0.68409	 0.69287	 0.69856	 0.70108	 0.70054	 0.69738	 0.69187	 0.68433	 0.67744	 0.67240	 0.66735	 0.66218	 0.65790	 0.65492	 0.65024	 0.64240	 0.63312	 0.62451	 0.61544	 0.60732	 0.60122	 0.59698	 0.59654	 0.59972	 0.60612	 0.61118	 0.61035	 0.59847	 0.57621	 0.54793	 0.51845	 0.49168	 0.46834	 0.44798	 0.43106	 0.41664	 0.40610
30 	 0.29177	 0.29350	 0.30059	 0.31667	 0.34221	 0.37155	 0.39828	 0.41781	 0.43305	 0.44435	 0.44843	 0.44275	 0.42757	 0.41008	 0.39607	 0.38577	 0.38048	 0.37816	 0.37535	 0.37239	 0.37176	 0.37551	 0.38416	 0.39750	 0.41510	 0.43591	 0.45749	 0.47866	 0.50508	 0.53856	 0.57594	 0.61396	 0.64648	 0.66922	 0.68352	 0.69229	 0.69805	 0.70041	 0.69968	 0.69649	 0.69095	 0.68338	 0.67666	 0.67181	 0.66668	 0.66142	 0.65723	 0.65433	 0.64968	 0.64178	 0.63243	 0.62387	 0.61474	 0.60659	 0.60057	 0.59629	 0.59584	 0.59914	 0.60561	 0.61074	 0.60987	 0.59768	 0.57540	 0.54726	 0.51787	 0.49153	 0.46887	 0.44809	 0.43068	 0.41644	 0.40568
35 	 0.29213	 0.29373	 0.30076	 0.31685	 0.34240	 0.37174	 0.39852	 0.41812	 0.43330	 0.44469	 0.44882	 0.44311	 0.42798	 0.41041	 0.39631	 0.38602	 0.38081	 0.37852	 0.37566	 0.37268	 0.37204	 0.37591	 0.38447	 0.39774	 0.41534	 0.43603	 0.45754	 0.47867	 0.50509	 0.53849	 0.57573	 0.61368	 0.64629	 0.66926	 0.68370	 0.69259	 0.69854	 0.70084	 0.70008	 0.69701	 0.69149	 0.68383	 0.67715	 0.67240	 0.66728	 0.66198	 0.65776	 0.65495	 0.65041	 0.64249	 0.63306	 0.62443	 0.61533	 0.60705	 0.60099	 0.59666	 0.59615	 0.59949	 0.60596	 0.61097	 0.61008	 0.59807	 0.57600	 0.54811	 0.51871	 0.49188	 0.46883	 0.44833	 0.43126	 0.41628	 0.40623
40 	 0.29217	 0.29383	 0.30090	 0.31706	 0.34263	 0.37202	 0.39876	 0.41830	 0.43354	 0.44487	 0.44905	 0.44332	 0.42817	 0.41047	 0.39639	 0.38612	 0.38094	 0.37863	 0.37574	 0.37277	 0.37218	 0.37602	 0.38455	 0.39792	 0.41558	 0.43625	 0.45788	 0.47900	 0.50549	 0.53896	 0.57627	 0.61422	 0.64676	 0.66961	 0.68394	 0.69276	 0.69871	 0.70095	 0.70010	 0.69697	 0.69131	 0.68364	 0.67703	 0.67232	 0.66726	 0.66187	 0.65766	 0.65488	 0.65037	 0.64236	 0.63293	 0.62434	 0.61527	 0.60693	 0.60082	 0.59651	 0.59608	 0.59954	 0.60610	 0.61126	 0.61034	 0.59815	 0.57601	 0.54800	 0.51886	 0.49239	 0.46943	 0.44862	 0.43158	 0.41701	 0.40640
45 	 0.29182	 0.29347	 0.30049	 0.31648	 0.34207	 0.37156	 0.39844	 0.41795	 0.43313	 0.44459	 0.44878	 0.44298	 0.42765	 0.40978	 0.39562	 0.38540	 0.38028	 0.37809	 0.37519	 0.37214	 0.37141	 0.37517	 0.38375	 0.39713	 0.41486	 0.43563	 0.45720	 0.47844	 0.50513	 0.53876	 0.57624	 0.61448	 0.64712	 0.66998	 0.68431	 0.69296	 0.69886	 0.70090	 0.69994	 0.69682	 0.69115	 0.68348	 0.67700	 0.67234	 0.66735	 0.66197	 0.65774	 0.65501	 0.65059	 0.64252	 0.63306	 0.62448	 0.61538	 0.60710	 0.60096	 0.59655	 0.59623	 0.60004	 0.60669	 0.61178	 0.61079	 0.59858	 0.57625	 0.54831	 0.51884	 0.49208	 0.46897	 0.44824	 0.43128	 0.41709	 0.40728
50 	 0.29160	 0.29327	 0.30030	 0.31636	 0.34207	 0.37154	 0.39846	 0.41803	 0.43317	 0.44464	 0.44890	 0.44313	 0.42772	 0.40979	 0.39556	 0.38529	 0.38016	 0.37797	 0.37510	 0.37205	 0.37131	 0.37514	 0.38370	 0.39710	 0.41484	 0.43567	 0.45727	 0.47855	 0.50536	 0.53902	 0.57657	 0.61489	 0.64757	 0.67045	 0.68466	 0.69329	 0.69918	 0.70120	 0.70027	 0.69715	 0.69142	 0.68371	 0.67722	 0.67262	 0.66759	 0.66217	 0.65794	 0.65526	 0.65085	 0.64270	 0.63318	 0.62460	 0.61562	 0.60743	 0.60108	 0.59662	 0.59645	 0.60027	 0.60703	 0.61219	 0.61126	 0.59903	 0.57713	 0.54884	 0.51950	 0.49278	 0.46950	 0.44907	 0.43206	 0.41786	 0.40716
