1 	 0.30595	 0.30751	 0.31381	 0.32779	 0.35178	 0.37979	 0.40582	 0.42514	 0.44066	 0.45163	 0.45470	 0.44830	 0.43188	 0.41365	 0.39973	 0.38894	 0.38351	 0.38106	 0.37787	 0.37425	 0.37358	 0.37716	 0.38627	 0.40044	 0.41878	 0.44017	 0.46278	 0.48541	 0.51324	 0.55040	 0.59134	 0.63341	 0.66858	 0.69202	 0.70639	 0.71568	 0.72228	 0.72512	 0.72559	 0.72320	 0.71636	 0.70745	 0.70014	 0.69471	 0.69040	 0.68468	 0.67983	 0.67606	 0.67160	 0.66373	 0.65430	 0.64586	 0.63686	 0.62887	 0.62325	 0.61990	 0.61956	 0.62248	 0.63012	 0.63798	 0.64016	 0.63086	 0.60968	 0.58188	 0.55164	 0.52506	 0.50215	 0.48041	 0.46362	 0.44910	 0.43615
6 	 0.30746	 0.30911	 0.31576	 0.32966	 0.35302	 0.38101	 0.40727	 0.42622	 0.44154	 0.45233	 0.45558	 0.44945	 0.43318	 0.41468	 0.40124	 0.39085	 0.38547	 0.38331	 0.37975	 0.37637	 0.37578	 0.37945	 0.38822	 0.40218	 0.42071	 0.44253	 0.46498	 0.48719	 0.51453	 0.55133	 0.59183	 0.63346	 0.66869	 0.69191	 0.70581	 0.71538	 0.72176	 0.72384	 0.72383	 0.72150	 0.71551	 0.70666	 0.69951	 0.69349	 0.68967	 0.68448	 0.67948	 0.67486	 0.67048	 0.66346	 0.65472	 0.64582	 0.63637	 0.62793	 0.62208	 0.61916	 0.61971	 0.62341	 0.63118	 0.63897	 0.64169	 0.63190	 0.60981	 0.58161	 0.55138	 0.52465	 0.50174	 0.48018	 0.46365	 0.44884	 0.43592
11 	 0.29911	 0.29982	 0.30610	 0.32083	 0.34451	 0.37277	 0.39963	 0.41903	 0.43420	 0.44520	 0.44854	 0.44249	 0.42638	 0.40721	 0.39323	 0.38304	 0.37728	 0.37507	 0.37184	 0.36862	 0.36776	 0.37138	 0.38064	 0.39513	 0.41355	 0.43576	 0.45848	 0.48108	 0.50940	 0.54653	 0.58715	 0.62863	 0.66360	 0.68728	 0.70176	 0.71093	 0.71637	 0.71874	 0.71941	 0.71711	 0.71075	 0.70141	 0.69439	 0.68850	 0.68387	 0.67881	 0.67336	 0.66910	 0.66477	 0.65776	 0.64852	 0.63987	 0.63037	 0.62193	 0.61723	 0.61344	 0.61383	 0.61770	 0.62517	 0.63276	 0.63553	 0.62491	 0.60274	 0.57459	 0.54475	 0.51773	 0.49481	 0.47375	 0.45541	 0.44174	 0.42904
16 	 0.29834	 0.29926	 0.30568	 0.32039	 0.34389	 0.37215	 0.39919	 0.41857	 0.43342	 0.44435	 0.44786	 0.44199	 0.42595	 0.40661	 0.39260	 0.38235	 0.37637	 0.37431	 0.37118	 0.36788	 0.36688	 0.37073	 0.38033	 0.39484	 0.41310	 0.43518	 0.45823	 0.48066	 0.50901	 0.54594	 0.58632	 0.62767	 0.66248	 0.68621	 0.70034	 0.70924	 0.71462	 0.71692	 0.71762	 0.71520	 0.70884	 0.69984	 0.69292	 0.68697	 0.68191	 0.67673	 0.67144	 0.66740	 0.66311	 0.65596	 0.64664	 0.63809	 0.62872	 0.62025	 0.61565	 0.61162	 0.61174	 0.61563	 0.62288	 0.63057	 0.63308	 0.62278	 0.60101	 0.57291	 0.54339	 0.51615	 0.49301	 0.47138	 0.45503	 0.44059	 0.42779
21 	 0.29708	 0.29814	 0.30443	 0.31904	 0.34270	 0.37069	 0.39745	 0.41677	 0.43156	 0.44244	 0.44594	 0.44004	 0.42435	 0.40486	 0.39113	 0.38086	 0.37473	 0.37257	 0.36979	 0.36650	 0.36540	 0.36929	 0.37895	 0.39324	 0.41136	 0.43332	 0.45619	 0.47854	 0.50668	 0.54329	 0.58348	 0.62448	 0.65914	 0.68264	 0.69659	 0.70551	 0.71093	 0.71355	 0.71403	 0.71103	 0.70515	 0.69658	 0.68976	 0.68412	 0.67862	 0.67307	 0.66778	 0.66406	 0.65995	 0.65267	 0.64354	 0.63487	 0.62557	 0.61711	 0.61234	 0.60824	 0.60814	 0.61216	 0.61947	 0.62703	 0.62932	 0.61914	 0.59743	 0.56995	 0.54048	 0.51413	 0.49082	 0.46961	 0.45256	 0.43818	 0.42534
26 	 0.29699	 0.29817	 0.30447	 0.31928	 0.34284	 0.37094	 0.39768	 0.41677	 0.43152	 0.44244	 0.44599	 0.44006	 0.42432	 0.40508	 0.39115	 0.38072	 0.37462	 0.37234	 0.36955	 0.36637	 0.36532	 0.36924	 0.37892	 0.39309	 0.41128	 0.43329	 0.45605	 0.47850	 0.50657	 0.54344	 0.58376	 0.62478	 0.65920	 0.68270	 0.69663	 0.70549	 0.71107	 0.71358	 0.71366	 0.71035	 0.70484	 0.69647	 0.68967	 0.68427	 0.67870	 0.67283	 0.66751	 0.66397	 0.65982	 0.65257	 0.64336	 0.63447	 0.62518	 0.61688	 0.61184	 0.60757	 0.60754	 0.61172	 0.61934	 0.62652	 0.62882	 0.61888	 0.59789	 0.56975	 0.54089	 0.51400	 0.49128	 0.46977	 0.45272	 0.43862	 0.42606
31 	 0.29988	 0.30124	 0.30755	 0.32241	 0.34586	 0.37374	 0.40037	 0.41941	 0.43422	 0.44503	 0.44861	 0.44254	 0.42674	 0.40816	 0.39413	 0.38362	 0.37786	 0.37559	 0.37278	 0.36975	 0.36892	 0.37280	 0.38212	 0.39614	 0.41426	 0.43595	 0.45844	 0.48088	 0.50881	 0.54541	 0.58541	 0.62619	 0.66058	 0.68394	 0.69817	 0.70726	 0.71307	 0.71566	 0.71536	 0.71193	 0.70671	 0.69854	 0.69177	 0.68658	 0.68107	 0.67504	 0.66986	 0.66669	 0.66257	 0.65526	 0.64593	 0.63669	 0.62754	 0.61943	 0.61393	 0.60966	 0.60960	 0.61393	 0.62185	 0.62875	 0.63079	 0.62101	 0.59978	 0.57203	 0.54241	 0.51607	 0.49297	 0.47157	 0.45535	 0.44095	 0.42818
36 	 0.30056	 0.30184	 0.30809	 0.32297	 0.34646	 0.37422	 0.40075	 0.41982	 0.43454	 0.44526	 0.44889	 0.44283	 0.42701	 0.40864	 0.39443	 0.38399	 0.37834	 0.37612	 0.37309	 0.37008	 0.36941	 0.37329	 0.38247	 0.39654	 0.41471	 0.43625	 0.45873	 0.48107	 0.50900	 0.54552	 0.58552	 0.62623	 0.66036	 0.68365	 0.69780	 0.70678	 0.71254	 0.71500	 0.71461	 0.71119	 0.70585	 0.69778	 0.69106	 0.68595	 0.68042	 0.67443	 0.66935	 0.66632	 0.66216	 0.65475	 0.64542	 0.63620	 0.62702	 0.61904	 0.61335	 0.60923	 0.60919	 0.61350	 0.62148	 0.62869	 0.63057	 0.62084	 0.59971	 0.57196	 0.54286	 0.51623	 0.49294	 0.47209	 0.45485	 0.44061	 0.42781
41 	 0.30126	 0.30265	 0.30885	 0.32371	 0.34702	 0.37486	 0.40123	 0.42017	 0.43491	 0.44565	 0.44921	 0.44307	 0.42722	 0.40909	 0.39470	 0.38422	 0.37875	 0.37651	 0.37343	 0.37036	 0.36988	 0.37380	 0.38280	 0.39691	 0.41513	 0.43649	 0.45878	 0.48119	 0.50909	 0.54564	 0.58562	 0.62622	 0.66018	 0.68318	 0.69714	 0.70606	 0.71178	 0.71423	 0.71363	 0.71025	 0.70472	 0.69686	 0.69014	 0.68502	 0.67962	 0.67354	 0.66867	 0.66575	 0.66156	 0.65412	 0.64459	 0.63538	 0.62630	 0.61845	 0.61286	 0.60859	 0.60848	 0.61285	 0.62111	 0.62810	 0.63005	 0.62053	 0.59978	 0.57215	 0.54269	 0.51661	 0.49383	 0.47336	 0.45636	 0.44172	 0.42918
46 	 0.30114	 0.30233	 0.30860	 0.32338	 0.34688	 0.37466	 0.40096	 0.41995	 0.43463	 0.44522	 0.44876	 0.44272	 0.42681	 0.40877	 0.39443	 0.38400	 0.37862	 0.37629	 0.37313	 0.37017	 0.36973	 0.37365	 0.38259	 0.39661	 0.41484	 0.43612	 0.45830	 0.48070	 0.50862	 0.54502	 0.58484	 0.62536	 0.65901	 0.68183	 0.69565	 0.70456	 0.71028	 0.71261	 0.71189	 0.70837	 0.70280	 0.69507	 0.68833	 0.68324	 0.67780	 0.67186	 0.66725	 0.66436	 0.66013	 0.65260	 0.64303	 0.63394	 0.62486	 0.61705	 0.61140	 0.60733	 0.60720	 0.61134	 0.61940	 0.62645	 0.62818	 0.61884	 0.59829	 0.57081	 0.54203	 0.51570	 0.49310	 0.47209	 0.45566	 0.44147	 0.42857
2 	 0.28606	 0.28873	 0.29642	 0.31244	 0.33940	 0.36986	 0.39709	 0.41669	 0.43212	 0.44282	 0.44577	 0.43956	 0.42400	 0.40692	 0.39389	 0.38361	 0.37849	 0.37640	 0.37368	 0.37081	 0.37122	 0.37638	 0.38704	 0.40274	 0.42193	 0.44328	 0.46521	 0.48771	 0.51690	 0.55733	 0.60197	 0.64568	 0.68123	 0.70408	 0.71771	 0.72630	 0.73169	 0.73330	 0.73210	 0.72783	 0.71919	 0.70902	 0.70070	 0.69414	 0.68878	 0.68227	 0.67664	 0.67194	 0.66666	 0.65841	 0.64870	 0.64016	 0.63105	 0.62297	 0.61723	 0.61376	 0.61304	 0.61522	 0.62096	 0.62542	 0.62202	 0.60727	 0.58156	 0.55060	 0.51883	 0.49076	 0.46658	 0.44497	 0.42739	 0.41276	 0.40012
7 	 0.28907	 0.29164	 0.29940	 0.31528	 0.34159	 0.37224	 0.39973	 0.41918	 0.43426	 0.44482	 0.44790	 0.44200	 0.42649	 0.40882	 0.39608	 0.38620	 0.38101	 0.37907	 0.37608	 0.37369	 0.37436	 0.37940	 0.38991	 0.40569	 0.42519	 0.44684	 0.46876	 0.49110	 0.52043	 0.56104	 0.60577	 0.64963	 0.68513	 0.70810	 0.72173	 0.73048	 0.73552	 0.73610	 0.73422	 0.73006	 0.72232	 0.71183	 0.70349	 0.69638	 0.69149	 0.68545	 0.67942	 0.67357	 0.66840	 0.66071	 0.65161	 0.64277	 0.63316	 0.62468	 0.61876	 0.61577	 0.61604	 0.61901	 0.62510	 0.62972	 0.62767	 0.61223	 0.58552	 0.55441	 0.52239	 0.49387	 0.46961	 0.44701	 0.43027	 0.41523	 0.40271
12 	 0.28487	 0.28680	 0.29439	 0.31106	 0.33750	 0.36798	 0.39579	 0.41527	 0.43006	 0.44056	 0.44362	 0.43775	 0.42270	 0.40503	 0.39191	 0.38228	 0.37688	 0.37500	 0.37227	 0.36995	 0.37030	 0.37534	 0.38623	 0.40237	 0.42148	 0.44325	 0.46512	 0.48747	 0.51727	 0.55755	 0.60158	 0.64466	 0.67976	 0.70265	 0.71635	 0.72462	 0.72873	 0.72952	 0.72840	 0.72435	 0.71626	 0.70544	 0.69730	 0.69030	 0.68462	 0.67884	 0.67252	 0.66721	 0.66215	 0.65476	 0.64523	 0.63647	 0.62690	 0.61843	 0.61375	 0.60968	 0.60953	 0.61251	 0.61804	 0.62225	 0.62018	 0.60476	 0.57906	 0.54790	 0.51720	 0.48864	 0.46464	 0.44283	 0.42597	 0.41200	 0.39928
17 	 0.28556	 0.28760	 0.29533	 0.31184	 0.33817	 0.36864	 0.39662	 0.41611	 0.43061	 0.44112	 0.44431	 0.43862	 0.42358	 0.40548	 0.39251	 0.38283	 0.37708	 0.37533	 0.37276	 0.37041	 0.37056	 0.37584	 0.38715	 0.40310	 0.42215	 0.44387	 0.46608	 0.48834	 0.51814	 0.55838	 0.60218	 0.64532	 0.68040	 0.70357	 0.71694	 0.72506	 0.72922	 0.73019	 0.72913	 0.72473	 0.71673	 0.70643	 0.69833	 0.69140	 0.68514	 0.67929	 0.67300	 0.66802	 0.66295	 0.65521	 0.64565	 0.63697	 0.62760	 0.61919	 0.61461	 0.61029	 0.60977	 0.61266	 0.61821	 0.62249	 0.62041	 0.60522	 0.57911	 0.54852	 0.51746	 0.48928	 0.46511	 0.44281	 0.42575	 0.41165	 0.39897
22 	 0.28665	 0.28882	 0.29646	 0.31309	 0.33935	 0.36990	 0.39762	 0.41698	 0.43146	 0.44200	 0.44519	 0.43933	 0.42443	 0.40617	 0.39331	 0.38351	 0.37766	 0.37587	 0.37357	 0.37119	 0.37121	 0.37662	 0.38802	 0.40392	 0.42288	 0.44463	 0.46684	 0.48911	 0.51894	 0.55921	 0.60323	 0.64619	 0.68102	 0.70396	 0.71701	 0.72495	 0.72924	 0.73027	 0.72898	 0.72407	 0.71657	 0.70664	 0.69859	 0.69196	 0.68540	 0.67901	 0.67280	 0.66810	 0.66314	 0.65534	 0.64591	 0.63711	 0.62786	 0.61954	 0.61474	 0.61046	 0.60994	 0.61319	 0.61898	 0.62354	 0.62130	 0.60631	 0.58085	 0.55003	 0.51906	 0.49017	 0.46611	 0.44436	 0.42652	 0.41278	 0.40074
27 	 0.28511	 0.28743	 0.29511	 0.31196	 0.33844	 0.36884	 0.39651	 0.41577	 0.43021	 0.44075	 0.44398	 0.43820	 0.42328	 0.40532	 0.39231	 0.38234	 0.37655	 0.37454	 0.37238	 0.37001	 0.37023	 0.37555	 0.38674	 0.40259	 0.42168	 0.44343	 0.46541	 0.48787	 0.51751	 0.55779	 0.60167	 0.64452	 0.67917	 0.70201	 0.71513	 0.72305	 0.72745	 0.72850	 0.72680	 0.72162	 0.71439	 0.70465	 0.69660	 0.69018	 0.68360	 0.67690	 0.67069	 0.66628	 0.66133	 0.65354	 0.64417	 0.63509	 0.62572	 0.61744	 0.61215	 0.60786	 0.60732	 0.61055	 0.61653	 0.62052	 0.61811	 0.60348	 0.57848	 0.54764	 0.51692	 0.48866	 0.46469	 0.44269	 0.42560	 0.41091	 0.39884
32 	 0.28708	 0.28948	 0.29704	 0.31397	 0.34022	 0.37050	 0.39822	 0.41748	 0.43210	 0.44250	 0.44592	 0.43995	 0.42479	 0.40726	 0.39390	 0.38386	 0.37842	 0.37640	 0.37398	 0.37172	 0.37218	 0.37756	 0.38859	 0.40425	 0.42342	 0.44495	 0.46679	 0.48926	 0.51902	 0.55946	 0.60349	 0.64653	 0.68124	 0.70417	 0.71762	 0.72587	 0.73040	 0.73151	 0.72943	 0.72414	 0.71721	 0.70769	 0.69968	 0.69339	 0.68684	 0.67985	 0.67383	 0.66978	 0.66471	 0.65679	 0.64715	 0.63784	 0.62863	 0.62053	 0.61502	 0.61056	 0.61018	 0.61379	 0.62029	 0.62432	 0.62184	 0.60702	 0.58129	 0.55068	 0.51916	 0.49105	 0.46701	 0.44490	 0.42796	 0.41342	 0.40150
37 	 0.28851	 0.29093	 0.29844	 0.31531	 0.34146	 0.37177	 0.39944	 0.41870	 0.43321	 0.44363	 0.44702	 0.44101	 0.42579	 0.40838	 0.39486	 0.38475	 0.37943	 0.37745	 0.37499	 0.37276	 0.37331	 0.37869	 0.38962	 0.40533	 0.42454	 0.44602	 0.46781	 0.49039	 0.52023	 0.56070	 0.60487	 0.64782	 0.68234	 0.70509	 0.71837	 0.72641	 0.73088	 0.73194	 0.72967	 0.72428	 0.71736	 0.70799	 0.69999	 0.69378	 0.68719	 0.68021	 0.67430	 0.67026	 0.66522	 0.65736	 0.64767	 0.63840	 0.62922	 0.62132	 0.61559	 0.61133	 0.61091	 0.61461	 0.62138	 0.62565	 0.62312	 0.60843	 0.58309	 0.55239	 0.52060	 0.49281	 0.46856	 0.44581	 0.42938	 0.41500	 0.40245
42 	 0.28881	 0.29118	 0.29873	 0.31565	 0.34196	 0.37221	 0.39977	 0.41905	 0.43351	 0.44396	 0.44731	 0.44119	 0.42583	 0.40859	 0.39497	 0.38487	 0.37968	 0.37772	 0.37512	 0.37292	 0.37360	 0.37899	 0.38982	 0.40560	 0.42479	 0.44613	 0.46790	 0.49048	 0.52043	 0.56093	 0.60518	 0.64810	 0.68253	 0.70517	 0.71836	 0.72634	 0.73081	 0.73187	 0.72940	 0.72403	 0.71693	 0.70770	 0.69978	 0.69354	 0.68701	 0.68004	 0.67429	 0.67034	 0.66526	 0.65734	 0.64747	 0.63814	 0.62903	 0.62112	 0.61544	 0.61122	 0.61090	 0.61460	 0.62152	 0.62576	 0.62336	 0.60866	 0.58323	 0.55250	 0.52087	 0.49269	 0.46842	 0.44649	 0.42987	 0.41537	 0.40264
47 	 0.28921	 0.29158	 0.29913	 0.31591	 0.34242	 0.37271	 0.40036	 0.41964	 0.43412	 0.44452	 0.44783	 0.44180	 0.42631	 0.40922	 0.39540	 0.38538	 0.38021	 0.37815	 0.37540	 0.37339	 0.37409	 0.37950	 0.39025	 0.40610	 0.42545	 0.44680	 0.46861	 0.49123	 0.52138	 0.56184	 0.60619	 0.64940	 0.68383	 0.70628	 0.71943	 0.72737	 0.73171	 0.73263	 0.73013	 0.72462	 0.71747	 0.70819	 0.70026	 0.69399	 0.68745	 0.68055	 0.67489	 0.67106	 0.66598	 0.65776	 0.64790	 0.63863	 0.62945	 0.62155	 0.61579	 0.61160	 0.61117	 0.61485	 0.62176	 0.62588	 0.62345	 0.60882	 0.58364	 0.55295	 0.52155	 0.49322	 0.46929	 0.44711	 0.42949	 0.41522	 0.40261
3 	 0.33266	 0.33514	 0.34215	 0.35749	 0.38387	 0.41313	 0.43750	 0.45477	 0.46802	 0.47631	 0.47745	 0.47046	 0.45668	 0.44225	 0.43132	 0.42228	 0.41787	 0.41611	 0.41421	 0.41305	 0.41550	 0.42290	 0.43570	 0.45306	 0.47249	 0.49241	 0.51280	 0.53586	 0.56971	 0.61883	 0.67127	 0.71731	 0.75084	 0.77036	 0.78142	 0.78819	 0.79174	 0.79119	 0.78765	 0.78122	 0.77073	 0.75900	 0.74901	 0.74087	 0.73400	 0.72582	 0.71863	 0.71261	 0.70624	 0.69738	 0.68779	 0.67948	 0.67061	 0.66272	 0.65721	 0.65373	 0.65288	 0.65509	 0.66144	 0.66792	 0.66912	 0.65988	 0.63895	 0.61071	 0.58010	 0.55249	 0.52836	 0.50744	 0.48881	 0.47390	 0.45993
8 	 0.33466	 0.33705	 0.34418	 0.35957	 0.38569	 0.41525	 0.44009	 0.45721	 0.47023	 0.47833	 0.47973	 0.47310	 0.45923	 0.44418	 0.43349	 0.42503	 0.42045	 0.41892	 0.41675	 0.41613	 0.41875	 0.42614	 0.43885	 0.45638	 0.47618	 0.49647	 0.51678	 0.53963	 0.57366	 0.62293	 0.67523	 0.72103	 0.75431	 0.77374	 0.78448	 0.79141	 0.79481	 0.79330	 0.78913	 0.78277	 0.77326	 0.76111	 0.75140	 0.74268	 0.73602	 0.72834	 0.72084	 0.71376	 0.70751	 0.69945	 0.69031	 0.68163	 0.67234	 0.66407	 0.65835	 0.65516	 0.65538	 0.65840	 0.66479	 0.67113	 0.67302	 0.66257	 0.64029	 0.61120	 0.58074	 0.55250	 0.52877	 0.50670	 0.48824	 0.47345	 0.45999
13 	 0.33019	 0.33191	 0.33881	 0.35478	 0.38076	 0.41019	 0.43536	 0.45253	 0.46514	 0.47344	 0.47464	 0.46800	 0.45449	 0.43930	 0.42816	 0.41986	 0.41514	 0.41364	 0.41170	 0.41115	 0.41342	 0.42077	 0.43406	 0.45182	 0.47150	 0.49207	 0.51250	 0.53559	 0.57031	 0.61971	 0.67195	 0.71767	 0.75092	 0.77061	 0.78169	 0.78803	 0.79066	 0.78930	 0.78583	 0.77940	 0.76931	 0.75693	 0.74727	 0.73857	 0.73131	 0.72388	 0.71610	 0.70930	 0.70304	 0.69494	 0.68547	 0.67696	 0.66776	 0.65943	 0.65477	 0.65063	 0.65039	 0.65350	 0.65955	 0.66567	 0.66765	 0.65747	 0.63580	 0.60698	 0.57732	 0.54888	 0.52491	 0.50341	 0.48496	 0.47039	 0.45720
18 	 0.33032	 0.33226	 0.33932	 0.35527	 0.38128	 0.41073	 0.43591	 0.45306	 0.46537	 0.47346	 0.47495	 0.46845	 0.45493	 0.43940	 0.42836	 0.41992	 0.41486	 0.41361	 0.41184	 0.41121	 0.41331	 0.42091	 0.43456	 0.45218	 0.47167	 0.49218	 0.51291	 0.53590	 0.57050	 0.61958	 0.67137	 0.71692	 0.74974	 0.76940	 0.77990	 0.78602	 0.78860	 0.78736	 0.78384	 0.77713	 0.76739	 0.75549	 0.74591	 0.73728	 0.72943	 0.72198	 0.71426	 0.70784	 0.70168	 0.69342	 0.68404	 0.67564	 0.66661	 0.65826	 0.65372	 0.64947	 0.64896	 0.65205	 0.65807	 0.66407	 0.66620	 0.65655	 0.63495	 0.60626	 0.57660	 0.54883	 0.52455	 0.50341	 0.48490	 0.47030	 0.45724
23 	 0.33016	 0.33223	 0.33916	 0.35498	 0.38096	 0.40999	 0.43484	 0.45170	 0.46382	 0.47197	 0.47342	 0.46690	 0.45361	 0.43823	 0.42731	 0.41884	 0.41366	 0.41227	 0.41071	 0.41016	 0.41213	 0.41964	 0.43328	 0.45060	 0.46984	 0.49009	 0.51053	 0.53331	 0.56752	 0.61608	 0.66748	 0.71223	 0.74466	 0.76411	 0.77441	 0.78048	 0.78317	 0.78216	 0.77838	 0.77116	 0.76190	 0.75040	 0.74088	 0.73260	 0.72449	 0.71662	 0.70894	 0.70287	 0.69689	 0.68857	 0.67930	 0.67076	 0.66179	 0.65354	 0.64865	 0.64438	 0.64390	 0.64712	 0.65324	 0.65937	 0.66137	 0.65195	 0.63158	 0.60388	 0.57464	 0.54687	 0.52340	 0.50222	 0.48449	 0.46985	 0.45658
28 	 0.32930	 0.33128	 0.33829	 0.35436	 0.38033	 0.40936	 0.43410	 0.45076	 0.46293	 0.47100	 0.47243	 0.46587	 0.45256	 0.43735	 0.42634	 0.41765	 0.41257	 0.41100	 0.40959	 0.40899	 0.41109	 0.41860	 0.43209	 0.44943	 0.46876	 0.48910	 0.50949	 0.53236	 0.56656	 0.61526	 0.66658	 0.71137	 0.74364	 0.76274	 0.77306	 0.77901	 0.78172	 0.78068	 0.77649	 0.76905	 0.76006	 0.74876	 0.73933	 0.73136	 0.72328	 0.71504	 0.70748	 0.70161	 0.69567	 0.68749	 0.67814	 0.66947	 0.66043	 0.65230	 0.64714	 0.64286	 0.64231	 0.64570	 0.65209	 0.65819	 0.66012	 0.65129	 0.63106	 0.60385	 0.57445	 0.54699	 0.52394	 0.50225	 0.48482	 0.46981	 0.45678
33 	 0.32881	 0.33107	 0.33791	 0.35392	 0.37974	 0.40861	 0.43338	 0.45009	 0.46237	 0.47038	 0.47192	 0.46534	 0.45192	 0.43718	 0.42591	 0.41717	 0.41241	 0.41085	 0.40920	 0.40860	 0.41096	 0.41848	 0.43158	 0.44880	 0.46808	 0.48810	 0.50818	 0.53093	 0.56498	 0.61332	 0.66447	 0.70900	 0.74110	 0.76033	 0.77094	 0.77730	 0.78024	 0.77926	 0.77472	 0.76716	 0.75833	 0.74730	 0.73794	 0.73008	 0.72202	 0.71364	 0.70629	 0.70092	 0.69483	 0.68647	 0.67689	 0.66790	 0.65898	 0.65115	 0.64561	 0.64124	 0.64056	 0.64409	 0.65078	 0.65648	 0.65813	 0.64926	 0.62886	 0.60159	 0.57238	 0.54534	 0.52205	 0.50028	 0.48352	 0.46885	 0.45595
38 	 0.32752	 0.32962	 0.33640	 0.35243	 0.37809	 0.40685	 0.43148	 0.44821	 0.46028	 0.46830	 0.46980	 0.46316	 0.44973	 0.43521	 0.42371	 0.41504	 0.41034	 0.40867	 0.40704	 0.40648	 0.40885	 0.41629	 0.42931	 0.44643	 0.46574	 0.48567	 0.50570	 0.52845	 0.56235	 0.61057	 0.66155	 0.70613	 0.73792	 0.75695	 0.76754	 0.77370	 0.77657	 0.77545	 0.77089	 0.76334	 0.75443	 0.74338	 0.73400	 0.72621	 0.71814	 0.70980	 0.70253	 0.69723	 0.69114	 0.68270	 0.67308	 0.66410	 0.65524	 0.64737	 0.64181	 0.63736	 0.63680	 0.64032	 0.64702	 0.65275	 0.65434	 0.64561	 0.62560	 0.59936	 0.57047	 0.54378	 0.52092	 0.49916	 0.48236	 0.46730	 0.45467
43 	 0.32735	 0.32947	 0.33635	 0.35254	 0.37863	 0.40778	 0.43252	 0.44939	 0.46172	 0.46979	 0.47133	 0.46463	 0.45097	 0.43633	 0.42461	 0.41578	 0.41125	 0.40959	 0.40780	 0.40729	 0.40990	 0.41752	 0.43048	 0.44784	 0.46739	 0.48735	 0.50753	 0.53057	 0.56500	 0.61368	 0.66522	 0.71003	 0.74204	 0.76104	 0.77161	 0.77782	 0.78062	 0.77952	 0.77464	 0.76699	 0.75791	 0.74701	 0.73762	 0.72978	 0.72173	 0.71335	 0.70624	 0.70100	 0.69487	 0.68635	 0.67650	 0.66733	 0.65840	 0.65061	 0.64508	 0.64071	 0.64007	 0.64374	 0.65070	 0.65627	 0.65763	 0.64862	 0.62844	 0.60072	 0.57120	 0.54414	 0.52087	 0.49957	 0.48196	 0.46731	 0.45455
48 	 0.32648	 0.32863	 0.33547	 0.35162	 0.37767	 0.40688	 0.43160	 0.44844	 0.46068	 0.46860	 0.47012	 0.46345	 0.44973	 0.43527	 0.42354	 0.41469	 0.41026	 0.40852	 0.40662	 0.40618	 0.40881	 0.41641	 0.42937	 0.44679	 0.46633	 0.48625	 0.50643	 0.52942	 0.56391	 0.61247	 0.66399	 0.70873	 0.74046	 0.75917	 0.76953	 0.77567	 0.77826	 0.77709	 0.77216	 0.76444	 0.75521	 0.74449	 0.73513	 0.72724	 0.71925	 0.71090	 0.70401	 0.69876	 0.69263	 0.68398	 0.67416	 0.66514	 0.65631	 0.64846	 0.64300	 0.63863	 0.63798	 0.64151	 0.64837	 0.65407	 0.65525	 0.64612	 0.62631	 0.59854	 0.56946	 0.54249	 0.51934	 0.49803	 0.48071	 0.46553	 0.45293
4 	 0.28715	 0.29031	 0.29868	 0.31582	 0.34479	 0.37754	 0.40595	 0.42561	 0.44109	 0.45227	 0.45583	 0.45017	 0.43498	 0.41802	 0.40517	 0.39507	 0.39012	 0.38812	 0.38569	 0.38367	 0.38523	 0.39171	 0.40383	 0.42093	 0.44109	 0.46267	 0.48474	 0.50803	 0.53932	 0.58354	 0.63191	 0.67832	 0.71470	 0.73729	 0.75045	 0.75845	 0.76333	 0.76417	 0.76186	 0.75637	 0.74664	 0.73569	 0.72671	 0.71956	 0.71359	 0.70661	 0.70038	 0.69508	 0.68927	 0.68061	 0.67041	 0.66139	 0.65189	 0.64333	 0.63736	 0.63352	 0.63214	 0.63375	 0.63894	 0.64260	 0.63839	 0.62156	 0.59293	 0.55919	 0.52520	 0.49510	 0.46983	 0.44686	 0.42811	 0.41344	 0.40003
9 	 0.28997	 0.29309	 0.30134	 0.31830	 0.34662	 0.37930	 0.40759	 0.42689	 0.44207	 0.45274	 0.45667	 0.45123	 0.43625	 0.41894	 0.40661	 0.39712	 0.39216	 0.39035	 0.38776	 0.38617	 0.38781	 0.39418	 0.40607	 0.42322	 0.44346	 0.46504	 0.48685	 0.50973	 0.54098	 0.58508	 0.63341	 0.67926	 0.71559	 0.73836	 0.75147	 0.75976	 0.76448	 0.76442	 0.76154	 0.75617	 0.74736	 0.73588	 0.72694	 0.71924	 0.71374	 0.70697	 0.70047	 0.69420	 0.68871	 0.68080	 0.67106	 0.66170	 0.65162	 0.64286	 0.63643	 0.63298	 0.63266	 0.63490	 0.64019	 0.64389	 0.64090	 0.62356	 0.59443	 0.56045	 0.52692	 0.49726	 0.47182	 0.44864	 0.43069	 0.41519	 0.40301
14 	 0.28647	 0.28875	 0.29697	 0.31471	 0.34300	 0.37558	 0.40425	 0.42369	 0.43834	 0.44927	 0.45295	 0.44766	 0.43307	 0.41571	 0.40292	 0.39359	 0.38830	 0.38655	 0.38411	 0.38259	 0.38394	 0.39033	 0.40272	 0.42006	 0.43988	 0.46168	 0.48355	 0.50650	 0.53818	 0.58189	 0.62952	 0.67495	 0.71058	 0.73331	 0.74658	 0.75443	 0.75797	 0.75819	 0.75601	 0.75073	 0.74169	 0.72999	 0.72112	 0.71349	 0.70735	 0.70110	 0.69437	 0.68854	 0.68305	 0.67513	 0.66519	 0.65605	 0.64610	 0.63725	 0.63225	 0.62775	 0.62703	 0.62928	 0.63399	 0.63760	 0.63447	 0.61735	 0.58877	 0.55584	 0.52285	 0.49240	 0.46759	 0.44426	 0.42744	 0.41212	 0.39950
19 	 0.28605	 0.28863	 0.29692	 0.31445	 0.34261	 0.37514	 0.40383	 0.42322	 0.43763	 0.44852	 0.45231	 0.44717	 0.43269	 0.41491	 0.40220	 0.39285	 0.38724	 0.38560	 0.38339	 0.38176	 0.38301	 0.38958	 0.40232	 0.41952	 0.43920	 0.46095	 0.48316	 0.50593	 0.53765	 0.58119	 0.62872	 0.67412	 0.70973	 0.73254	 0.74541	 0.75310	 0.75684	 0.75704	 0.75480	 0.74911	 0.74017	 0.72904	 0.72029	 0.71274	 0.70590	 0.69947	 0.69275	 0.68728	 0.68181	 0.67366	 0.66375	 0.65454	 0.64475	 0.63592	 0.63091	 0.62625	 0.62520	 0.62754	 0.63213	 0.63574	 0.63266	 0.61582	 0.58759	 0.55504	 0.52200	 0.49162	 0.46606	 0.44385	 0.42600	 0.41132	 0.39879
24 	 0.28582	 0.28846	 0.29669	 0.31431	 0.34259	 0.37508	 0.40366	 0.42290	 0.43731	 0.44819	 0.45204	 0.44684	 0.43248	 0.41466	 0.40199	 0.39245	 0.38673	 0.38498	 0.38312	 0.38162	 0.38272	 0.38933	 0.40217	 0.41917	 0.43897	 0.46078	 0.48298	 0.50588	 0.53761	 0.58131	 0.62888	 0.67425	 0.70989	 0.73272	 0.74552	 0.75324	 0.75700	 0.75745	 0.75502	 0.74872	 0.74029	 0.72948	 0.72081	 0.71353	 0.70639	 0.69953	 0.69265	 0.68748	 0.68212	 0.67381	 0.66401	 0.65477	 0.64496	 0.63619	 0.63079	 0.62618	 0.62507	 0.62760	 0.63272	 0.63601	 0.63285	 0.61601	 0.58777	 0.55501	 0.52171	 0.49202	 0.46667	 0.44322	 0.42575	 0.41100	 0.39833
29 	 0.28281	 0.28558	 0.29383	 0.31163	 0.34011	 0.37258	 0.40121	 0.42046	 0.43488	 0.44572	 0.44968	 0.44441	 0.42996	 0.41224	 0.39949	 0.38974	 0.38413	 0.38231	 0.38034	 0.37881	 0.37996	 0.38654	 0.39927	 0.41633	 0.43617	 0.45805	 0.48014	 0.50312	 0.53465	 0.57825	 0.62579	 0.67092	 0.70607	 0.72878	 0.74158	 0.74923	 0.75314	 0.75349	 0.75068	 0.74424	 0.73601	 0.72543	 0.71668	 0.70966	 0.70253	 0.69545	 0.68879	 0.68389	 0.67844	 0.67021	 0.66038	 0.65098	 0.64117	 0.63259	 0.62692	 0.62213	 0.62100	 0.62366	 0.62889	 0.63210	 0.62859	 0.61177	 0.58378	 0.55139	 0.51816	 0.48856	 0.46439	 0.44085	 0.42345	 0.40833	 0.39564
34 	 0.28264	 0.28546	 0.29362	 0.31144	 0.33960	 0.37182	 0.40031	 0.41952	 0.43395	 0.44482	 0.44886	 0.44351	 0.42890	 0.41174	 0.39868	 0.38891	 0.38362	 0.38169	 0.37964	 0.37817	 0.37965	 0.38634	 0.39867	 0.41558	 0.43548	 0.45707	 0.47889	 0.50195	 0.53348	 0.57717	 0.62476	 0.66993	 0.70532	 0.72817	 0.74123	 0.74905	 0.75320	 0.75361	 0.75052	 0.74395	 0.73588	 0.72560	 0.71692	 0.71006	 0.70301	 0.69562	 0.68904	 0.68447	 0.67895	 0.67063	 0.66066	 0.65089	 0.64125	 0.63283	 0.62689	 0.62201	 0.62088	 0.62374	 0.62938	 0.63226	 0.62879	 0.61204	 0.58414	 0.55139	 0.51805	 0.48866	 0.46320	 0.44051	 0.42279	 0.40813	 0.39604
39 	 0.28233	 0.28510	 0.29317	 0.31106	 0.33906	 0.37132	 0.39973	 0.41891	 0.43342	 0.44415	 0.44820	 0.44283	 0.42822	 0.41115	 0.39800	 0.38825	 0.38300	 0.38116	 0.37897	 0.37750	 0.37906	 0.38564	 0.39803	 0.41496	 0.43489	 0.45649	 0.47830	 0.50143	 0.53305	 0.57681	 0.62452	 0.66989	 0.70516	 0.72775	 0.74069	 0.74844	 0.75250	 0.75278	 0.74955	 0.74294	 0.73479	 0.72451	 0.71587	 0.70899	 0.70187	 0.69453	 0.68802	 0.68355	 0.67801	 0.66958	 0.65947	 0.64971	 0.64013	 0.63176	 0.62555	 0.62085	 0.61974	 0.62254	 0.62833	 0.63153	 0.62781	 0.61125	 0.58347	 0.55118	 0.51792	 0.48858	 0.46328	 0.43992	 0.42310	 0.40787	 0.39537
44 	 0.28175	 0.28459	 0.29271	 0.31046	 0.33874	 0.37107	 0.39940	 0.41870	 0.43324	 0.44387	 0.44800	 0.44256	 0.42774	 0.41073	 0.39734	 0.38757	 0.38252	 0.38057	 0.37829	 0.37688	 0.37859	 0.38533	 0.39738	 0.41451	 0.43453	 0.45603	 0.47781	 0.50101	 0.53288	 0.57676	 0.62466	 0.67006	 0.70539	 0.72792	 0.74081	 0.74847	 0.75246	 0.75279	 0.74928	 0.74267	 0.73441	 0.72424	 0.71554	 0.70869	 0.70169	 0.69436	 0.68800	 0.68353	 0.67809	 0.66952	 0.65932	 0.64944	 0.63979	 0.63150	 0.62536	 0.62068	 0.61956	 0.62246	 0.62863	 0.63161	 0.62776	 0.61125	 0.58359	 0.55069	 0.51777	 0.48812	 0.46284	 0.44008	 0.42279	 0.40819	 0.39521
49 	 0.28111	 0.28393	 0.29201	 0.30979	 0.33812	 0.37041	 0.39879	 0.41805	 0.43243	 0.44325	 0.44726	 0.44186	 0.42690	 0.41009	 0.39657	 0.38680	 0.38178	 0.37984	 0.37745	 0.37603	 0.37782	 0.38448	 0.39660	 0.41372	 0.43383	 0.45535	 0.47721	 0.50050	 0.53247	 0.57639	 0.62431	 0.66983	 0.70494	 0.72728	 0.74001	 0.74760	 0.75138	 0.75169	 0.74808	 0.74150	 0.73320	 0.72305	 0.71437	 0.70745	 0.70046	 0.69311	 0.68709	 0.68257	 0.67697	 0.66853	 0.65818	 0.64839	 0.63881	 0.63047	 0.62438	 0.61965	 0.61856	 0.62152	 0.62749	 0.63062	 0.62696	 0.61049	 0.58275	 0.55048	 0.51685	 0.48776	 0.46261	 0.43943	 0.42183	 0.40763	 0.39442
5 	 0.27849	 0.28093	 0.28856	 0.30406	 0.32951	 0.35852	 0.38526	 0.40516	 0.42106	 0.43241	 0.43585	 0.43016	 0.41473	 0.39750	 0.38400	 0.37350	 0.36849	 0.36640	 0.36325	 0.35944	 0.35859	 0.36192	 0.37026	 0.38369	 0.40131	 0.42243	 0.44464	 0.46614	 0.49167	 0.52524	 0.56248	 0.60145	 0.63538	 0.65849	 0.67287	 0.68221	 0.68863	 0.69178	 0.69272	 0.69047	 0.68364	 0.67507	 0.66798	 0.66286	 0.65889	 0.65339	 0.64887	 0.64530	 0.64100	 0.63364	 0.62416	 0.61565	 0.60667	 0.59882	 0.59351	 0.58987	 0.58911	 0.59131	 0.59736	 0.60195	 0.59930	 0.58610	 0.56323	 0.53542	 0.50600	 0.47993	 0.45770	 0.43687	 0.42023	 0.40652	 0.39478
10 	 0.28279	 0.28519	 0.29273	 0.30818	 0.33298	 0.36197	 0.38888	 0.40863	 0.42457	 0.43558	 0.43922	 0.43368	 0.41819	 0.40025	 0.38727	 0.37735	 0.37218	 0.37023	 0.36700	 0.36380	 0.36295	 0.36613	 0.37438	 0.38780	 0.40579	 0.42707	 0.44899	 0.47036	 0.49607	 0.52996	 0.56721	 0.60614	 0.64017	 0.66349	 0.67791	 0.68755	 0.69396	 0.69616	 0.69650	 0.69440	 0.68838	 0.67938	 0.67243	 0.66681	 0.66309	 0.65816	 0.65318	 0.64866	 0.64465	 0.63794	 0.62890	 0.62022	 0.61067	 0.60233	 0.59657	 0.59344	 0.59374	 0.59670	 0.60290	 0.60766	 0.60670	 0.59292	 0.56882	 0.54049	 0.51150	 0.48473	 0.46267	 0.44100	 0.42559	 0.41125	 0.39939
15 	 0.27745	 0.27925	 0.28675	 0.30282	 0.32787	 0.35691	 0.38437	 0.40435	 0.41979	 0.43104	 0.43471	 0.42929	 0.41435	 0.39612	 0.38266	 0.37287	 0.36741	 0.36562	 0.36243	 0.35921	 0.35812	 0.36139	 0.37019	 0.38395	 0.40154	 0.42311	 0.44521	 0.46667	 0.49286	 0.52647	 0.56311	 0.60153	 0.63519	 0.65859	 0.67302	 0.68207	 0.68743	 0.69008	 0.69121	 0.68909	 0.68275	 0.67342	 0.66661	 0.66117	 0.65684	 0.65220	 0.64713	 0.64292	 0.63881	 0.63200	 0.62283	 0.61439	 0.60505	 0.59683	 0.59220	 0.58814	 0.58788	 0.59086	 0.59657	 0.60103	 0.59947	 0.58528	 0.56163	 0.53391	 0.50521	 0.47862	 0.45608	 0.43489	 0.41890	 0.40534	 0.39326
20 	 0.28067	 0.28251	 0.29009	 0.30607	 0.33084	 0.35983	 0.38719	 0.40713	 0.42228	 0.43332	 0.43714	 0.43194	 0.41703	 0.39858	 0.38528	 0.37536	 0.36966	 0.36796	 0.36496	 0.36173	 0.36052	 0.36401	 0.37316	 0.38675	 0.40410	 0.42556	 0.44801	 0.46930	 0.49541	 0.52879	 0.56531	 0.60371	 0.63723	 0.66083	 0.67495	 0.68390	 0.68932	 0.69204	 0.69304	 0.69053	 0.68440	 0.67566	 0.66891	 0.66339	 0.65845	 0.65365	 0.64850	 0.64469	 0.64067	 0.63362	 0.62451	 0.61603	 0.60676	 0.59854	 0.59390	 0.58969	 0.58918	 0.59224	 0.59793	 0.60249	 0.60124	 0.58771	 0.56439	 0.53703	 0.50799	 0.48128	 0.45904	 0.43788	 0.42161	 0.40795	 0.39653
25 	 0.28108	 0.28314	 0.29056	 0.30668	 0.33165	 0.36050	 0.38774	 0.40754	 0.42275	 0.43386	 0.43759	 0.43223	 0.41746	 0.39912	 0.38583	 0.37585	 0.37006	 0.36821	 0.36554	 0.36233	 0.36108	 0.36460	 0.37368	 0.38716	 0.40454	 0.42599	 0.44832	 0.46975	 0.49571	 0.52918	 0.56590	 0.60413	 0.63751	 0.66106	 0.67512	 0.68409	 0.68974	 0.69258	 0.69330	 0.69036	 0.68477	 0.67633	 0.66956	 0.66439	 0.65911	 0.65385	 0.64867	 0.64527	 0.64126	 0.63415	 0.62523	 0.61655	 0.60726	 0.59903	 0.59417	 0.58984	 0.58939	 0.59269	 0.59866	 0.60319	 0.60169	 0.58799	 0.56508	 0.53699	 0.50849	 0.48174	 0.45876	 0.43797	 0.42161	 0.40759	 0.39626
30 	 0.27848	 0.28048	 0.28807	 0.30439	 0.32947	 0.35833	 0.38569	 0.40542	 0.42064	 0.43179	 0.43562	 0.43026	 0.41546	 0.39723	 0.38371	 0.37357	 0.36781	 0.36587	 0.36329	 0.36004	 0.35889	 0.36236	 0.37140	 0.38477	 0.40230	 0.42377	 0.44601	 0.46745	 0.49348	 0.52704	 0.56363	 0.60175	 0.63494	 0.65822	 0.67234	 0.68125	 0.68688	 0.68970	 0.69009	 0.68688	 0.68151	 0.67320	 0.66649	 0.66145	 0.65620	 0.65066	 0.64553	 0.64235	 0.63833	 0.63121	 0.62218	 0.61330	 0.60409	 0.59596	 0.59085	 0.58642	 0.58601	 0.58948	 0.59563	 0.59989	 0.59810	 0.58462	 0.56193	 0.53373	 0.50530	 0.47888	 0.45669	 0.43565	 0.42025	 0.40651	 0.39483
35 	 0.28213	 0.28425	 0.29167	 0.30807	 0.33293	 0.36172	 0.38890	 0.40862	 0.42401	 0.43504	 0.43886	 0.43334	 0.41839	 0.40062	 0.38684	 0.37665	 0.37125	 0.36929	 0.36650	 0.36328	 0.36239	 0.36586	 0.37464	 0.38805	 0.40555	 0.42684	 0.44894	 0.47042	 0.49650	 0.53016	 0.56698	 0.60518	 0.63847	 0.66196	 0.67645	 0.68568	 0.69160	 0.69445	 0.69445	 0.69112	 0.68586	 0.67792	 0.67117	 0.66631	 0.66105	 0.65526	 0.65037	 0.64755	 0.64346	 0.63622	 0.62691	 0.61777	 0.60861	 0.60059	 0.59515	 0.59065	 0.59020	 0.59385	 0.60046	 0.60478	 0.60289	 0.58980	 0.56686	 0.53841	 0.50980	 0.48323	 0.46070	 0.43989	 0.42425	 0.40999	 0.39889
40 	 0.28331	 0.28540	 0.29276	 0.30911	 0.33404	 0.36274	 0.38977	 0.40949	 0.42472	 0.43571	 0.43956	 0.43403	 0.41906	 0.40146	 0.38769	 0.37744	 0.37215	 0.37022	 0.36731	 0.36419	 0.36336	 0.36678	 0.37542	 0.38881	 0.40645	 0.42763	 0.44956	 0.47106	 0.49710	 0.53071	 0.56748	 0.60564	 0.63881	 0.66207	 0.67643	 0.68552	 0.69143	 0.69418	 0.69401	 0.69077	 0.68540	 0.67752	 0.67074	 0.66591	 0.66065	 0.65490	 0.65005	 0.64731	 0.64319	 0.63594	 0.62664	 0.61752	 0.60847	 0.60052	 0.59486	 0.59046	 0.59000	 0.59361	 0.60022	 0.60458	 0.60286	 0.58967	 0.56693	 0.53978	 0.51041	 0.48444	 0.46130	 0.44141	 0.42438	 0.41134	 0.39962
45 	 0.28199	 0.28413	 0.29154	 0.30782	 0.33284	 0.36158	 0.38862	 0.40838	 0.42353	 0.43453	 0.43845	 0.43290	 0.41770	 0.40029	 0.38631	 0.37608	 0.37093	 0.36893	 0.36589	 0.36287	 0.36216	 0.36566	 0.37413	 0.38763	 0.40527	 0.42627	 0.44821	 0.46970	 0.49599	 0.52960	 0.56638	 0.60464	 0.63754	 0.66065	 0.67482	 0.68399	 0.68971	 0.69237	 0.69203	 0.68866	 0.68319	 0.67545	 0.66873	 0.66379	 0.65864	 0.65291	 0.64833	 0.64568	 0.64162	 0.63419	 0.62476	 0.61552	 0.60647	 0.59857	 0.59306	 0.58867	 0.58811	 0.59185	 0.59861	 0.60290	 0.60115	 0.58810	 0.56571	 0.53819	 0.50911	 0.48330	 0.46094	 0.43945	 0.42424	 0.40992	 0.39861
50 	 0.28224	 0.28430	 0.29165	 0.30787	 0.33301	 0.36182	 0.38892	 0.40870	 0.42394	 0.43495	 0.43881	 0.43331	 0.41804	 0.40060	 0.38646	 0.37622	 0.37117	 0.36910	 0.36602	 0.36291	 0.36226	 0.36572	 0.37424	 0.38779	 0.40549	 0.42658	 0.44857	 0.47027	 0.49658	 0.53027	 0.56729	 0.60579	 0.63876	 0.66176	 0.67599	 0.68509	 0.69070	 0.69349	 0.69307	 0.68972	 0.68419	 0.67649	 0.66970	 0.66482	 0.65956	 0.65393	 0.64945	 0.64677	 0.64262	 0.63516	 0.62555	 0.61649	 0.60741	 0.59953	 0.59401	 0.58967	 0.58920	 0.59280	 0.59965	 0.60410	 0.60246	 0.58945	 0.56711	 0.53955	 0.51019	 0.48402	 0.46149	 0.44100	 0.42435	 0.41127	 0.39915
