1 	 0.32602	 0.32631	 0.33141	 0.34506	 0.36953	 0.40103	 0.42952	 0.45091	 0.46836	 0.48100	 0.48520	 0.47858	 0.46630	 0.45465	 0.44510	 0.43811	 0.43477	 0.43188	 0.42747	 0.42463	 0.42528	 0.43086	 0.44342	 0.46155	 0.48299	 0.50490	 0.52581	 0.54735	 0.57609	 0.61763	 0.66664	 0.71372	 0.75012	 0.77243	 0.78389	 0.78958	 0.79172	 0.78951	 0.78441	 0.77761	 0.77002	 0.76224	 0.75618	 0.75093	 0.74596	 0.74225	 0.73840	 0.73507	 0.72984	 0.72220	 0.71339	 0.70465	 0.69480	 0.68579	 0.67867	 0.67278	 0.66986	 0.67018	 0.67324	 0.67673	 0.67438	 0.65902	 0.63257	 0.60048	 0.56716	 0.53635	 0.50992	 0.48560	 0.46683	 0.45045	 0.43713
6 	 0.31055	 0.31081	 0.31588	 0.32920	 0.35321	 0.38397	 0.41129	 0.43189	 0.44826	 0.45998	 0.46440	 0.45827	 0.44615	 0.43420	 0.42535	 0.41891	 0.41494	 0.41192	 0.40826	 0.40575	 0.40637	 0.41186	 0.42341	 0.44074	 0.46100	 0.48151	 0.50195	 0.52280	 0.55062	 0.59142	 0.63879	 0.68416	 0.71891	 0.73958	 0.75032	 0.75539	 0.75711	 0.75458	 0.74933	 0.74231	 0.73488	 0.72730	 0.72051	 0.71546	 0.71120	 0.70710	 0.70316	 0.69982	 0.69494	 0.68771	 0.67894	 0.66985	 0.66054	 0.65225	 0.64605	 0.64065	 0.63758	 0.63785	 0.64149	 0.64533	 0.64413	 0.63040	 0.60550	 0.57464	 0.54296	 0.51345	 0.48830	 0.46481	 0.44541	 0.43095	 0.41775
11 	 0.29489	 0.29529	 0.30060	 0.31442	 0.33931	 0.37126	 0.39993	 0.42191	 0.43913	 0.45179	 0.45635	 0.45000	 0.43757	 0.42520	 0.41578	 0.40927	 0.40510	 0.40186	 0.39841	 0.39579	 0.39643	 0.40244	 0.41502	 0.43355	 0.45523	 0.47746	 0.49931	 0.52131	 0.55076	 0.59409	 0.64435	 0.69196	 0.72804	 0.74932	 0.76033	 0.76529	 0.76675	 0.76450	 0.75933	 0.75217	 0.74453	 0.73667	 0.72990	 0.72503	 0.72073	 0.71657	 0.71252	 0.70866	 0.70341	 0.69592	 0.68677	 0.67759	 0.66803	 0.65943	 0.65280	 0.64696	 0.64355	 0.64379	 0.64726	 0.65057	 0.64753	 0.63098	 0.60369	 0.57079	 0.53684	 0.50632	 0.47939	 0.45517	 0.43519	 0.41914	 0.40579
16 	 0.28726	 0.28786	 0.29339	 0.30773	 0.33353	 0.36625	 0.39564	 0.41822	 0.43590	 0.44906	 0.45370	 0.44712	 0.43435	 0.42165	 0.41188	 0.40526	 0.40092	 0.39762	 0.39419	 0.39157	 0.39234	 0.39860	 0.41154	 0.43065	 0.45284	 0.47566	 0.49809	 0.52055	 0.55076	 0.59508	 0.64668	 0.69609	 0.73419	 0.75684	 0.76852	 0.77383	 0.77552	 0.77339	 0.76819	 0.76091	 0.75298	 0.74476	 0.73757	 0.73257	 0.72821	 0.72387	 0.71973	 0.71597	 0.71059	 0.70272	 0.69293	 0.68316	 0.67315	 0.66403	 0.65668	 0.65025	 0.64645	 0.64620	 0.64916	 0.65138	 0.64716	 0.62881	 0.59932	 0.56501	 0.53018	 0.49793	 0.47049	 0.44590	 0.42522	 0.40913	 0.39544
21 	 0.28372	 0.28416	 0.28940	 0.30307	 0.32754	 0.35874	 0.38677	 0.40821	 0.42490	 0.43746	 0.44200	 0.43588	 0.42386	 0.41167	 0.40215	 0.39557	 0.39133	 0.38808	 0.38491	 0.38230	 0.38285	 0.38867	 0.40120	 0.41942	 0.44040	 0.46223	 0.48360	 0.50494	 0.53382	 0.57644	 0.62578	 0.67294	 0.70929	 0.73084	 0.74189	 0.74688	 0.74846	 0.74645	 0.74122	 0.73394	 0.72606	 0.71798	 0.71095	 0.70631	 0.70204	 0.69779	 0.69362	 0.68984	 0.68473	 0.67739	 0.66817	 0.65903	 0.64945	 0.64076	 0.63402	 0.62808	 0.62470	 0.62464	 0.62762	 0.63003	 0.62706	 0.61092	 0.58384	 0.55186	 0.51884	 0.48863	 0.46239	 0.43899	 0.41923	 0.40350	 0.39059
26 	 0.28474	 0.28522	 0.29058	 0.30459	 0.32956	 0.36125	 0.38965	 0.41145	 0.42841	 0.44117	 0.44565	 0.43947	 0.42733	 0.41510	 0.40546	 0.39875	 0.39454	 0.39137	 0.38821	 0.38558	 0.38620	 0.39214	 0.40476	 0.42315	 0.44438	 0.46638	 0.48790	 0.50933	 0.53841	 0.58097	 0.63013	 0.67681	 0.71246	 0.73366	 0.74431	 0.74914	 0.75073	 0.74863	 0.74350	 0.73628	 0.72845	 0.72035	 0.71351	 0.70893	 0.70466	 0.70048	 0.69631	 0.69255	 0.68749	 0.68026	 0.67124	 0.66232	 0.65290	 0.64436	 0.63763	 0.63189	 0.62871	 0.62885	 0.63203	 0.63486	 0.63156	 0.61501	 0.58750	 0.55471	 0.52140	 0.49086	 0.46426	 0.44022	 0.42042	 0.40460	 0.39146
31 	 0.29137	 0.29184	 0.29728	 0.31115	 0.33577	 0.36692	 0.39473	 0.41595	 0.43237	 0.44466	 0.44902	 0.44291	 0.43124	 0.41952	 0.41016	 0.40354	 0.39936	 0.39624	 0.39325	 0.39068	 0.39127	 0.39708	 0.40952	 0.42754	 0.44822	 0.46968	 0.49059	 0.51136	 0.53979	 0.58162	 0.62973	 0.67537	 0.71039	 0.73099	 0.74128	 0.74589	 0.74734	 0.74497	 0.73957	 0.73226	 0.72425	 0.71610	 0.70936	 0.70485	 0.70064	 0.69639	 0.69217	 0.68852	 0.68365	 0.67647	 0.66741	 0.65870	 0.64947	 0.64115	 0.63455	 0.62901	 0.62623	 0.62660	 0.62982	 0.63255	 0.62987	 0.61395	 0.58736	 0.55549	 0.52293	 0.49373	 0.46751	 0.44411	 0.42511	 0.40902	 0.39643
36 	 0.28343	 0.28383	 0.28922	 0.30329	 0.32836	 0.36016	 0.38861	 0.41059	 0.42781	 0.44066	 0.44500	 0.43867	 0.42665	 0.41461	 0.40498	 0.39830	 0.39413	 0.39095	 0.38785	 0.38532	 0.38592	 0.39196	 0.40482	 0.42372	 0.44545	 0.46791	 0.48979	 0.51143	 0.54090	 0.58423	 0.63428	 0.68181	 0.71812	 0.73951	 0.75021	 0.75493	 0.75647	 0.75440	 0.74933	 0.74206	 0.73424	 0.72614	 0.71938	 0.71489	 0.71078	 0.70655	 0.70232	 0.69849	 0.69355	 0.68604	 0.67657	 0.66745	 0.65775	 0.64898	 0.64184	 0.63567	 0.63220	 0.63206	 0.63496	 0.63730	 0.63336	 0.61578	 0.58766	 0.55422	 0.52059	 0.48965	 0.46246	 0.43869	 0.41812	 0.40241	 0.38921
41 	 0.29354	 0.29402	 0.29931	 0.31310	 0.33758	 0.36852	 0.39625	 0.41732	 0.43368	 0.44592	 0.45020	 0.44417	 0.43233	 0.42043	 0.41092	 0.40424	 0.40009	 0.39695	 0.39389	 0.39140	 0.39190	 0.39766	 0.41014	 0.42821	 0.44901	 0.47064	 0.49171	 0.51273	 0.54148	 0.58388	 0.63265	 0.67898	 0.71428	 0.73499	 0.74523	 0.74966	 0.75085	 0.74851	 0.74309	 0.73562	 0.72766	 0.71932	 0.71239	 0.70780	 0.70340	 0.69907	 0.69483	 0.69101	 0.68613	 0.67893	 0.66975	 0.66094	 0.65168	 0.64333	 0.63668	 0.63123	 0.62846	 0.62889	 0.63243	 0.63547	 0.63322	 0.61763	 0.59095	 0.55923	 0.52657	 0.49658	 0.47075	 0.44728	 0.42779	 0.41311	 0.39931
46 	 0.29164	 0.29218	 0.29764	 0.31202	 0.33758	 0.36969	 0.39839	 0.42026	 0.43729	 0.44999	 0.45444	 0.44821	 0.43610	 0.42385	 0.41407	 0.40725	 0.40291	 0.39974	 0.39665	 0.39405	 0.39468	 0.40071	 0.41354	 0.43227	 0.45375	 0.47602	 0.49769	 0.51921	 0.54839	 0.59126	 0.64046	 0.68706	 0.72260	 0.74345	 0.75384	 0.75844	 0.75977	 0.75754	 0.75225	 0.74494	 0.73703	 0.72889	 0.72214	 0.71758	 0.71342	 0.70914	 0.70495	 0.70116	 0.69630	 0.68895	 0.67977	 0.67080	 0.66142	 0.65290	 0.64596	 0.64009	 0.63700	 0.63712	 0.64016	 0.64242	 0.63904	 0.62229	 0.59435	 0.56135	 0.52765	 0.49694	 0.47046	 0.44672	 0.42669	 0.41044	 0.39759
2 	 0.34716	 0.34953	 0.35706	 0.37454	 0.40478	 0.44101	 0.46988	 0.48974	 0.50547	 0.51633	 0.51965	 0.51351	 0.50267	 0.49257	 0.48438	 0.47809	 0.47523	 0.47334	 0.47076	 0.47103	 0.47584	 0.48578	 0.50246	 0.52431	 0.54774	 0.56990	 0.59116	 0.61618	 0.65496	 0.71132	 0.77225	 0.82270	 0.85587	 0.87376	 0.88230	 0.88608	 0.88612	 0.88088	 0.87216	 0.86124	 0.84957	 0.83790	 0.82792	 0.81895	 0.81043	 0.80286	 0.79559	 0.78963	 0.78261	 0.77389	 0.76451	 0.75548	 0.74602	 0.73732	 0.73030	 0.72437	 0.72077	 0.71975	 0.72076	 0.72158	 0.71660	 0.69892	 0.67020	 0.63578	 0.60053	 0.56729	 0.53938	 0.51356	 0.49199	 0.47563	 0.46071
7 	 0.34188	 0.34416	 0.35178	 0.36932	 0.39999	 0.43669	 0.46601	 0.48646	 0.50207	 0.51314	 0.51698	 0.51092	 0.49951	 0.48846	 0.48036	 0.47434	 0.47075	 0.46866	 0.46690	 0.46745	 0.47198	 0.48235	 0.49932	 0.52170	 0.54547	 0.56800	 0.59051	 0.61650	 0.65626	 0.71429	 0.77645	 0.82806	 0.86187	 0.87963	 0.88807	 0.89136	 0.89106	 0.88597	 0.87703	 0.86581	 0.85417	 0.84235	 0.83170	 0.82299	 0.81506	 0.80736	 0.80010	 0.79379	 0.78665	 0.77783	 0.76808	 0.75858	 0.74897	 0.74037	 0.73367	 0.72751	 0.72332	 0.72202	 0.72343	 0.72409	 0.71887	 0.70027	 0.67015	 0.63438	 0.59728	 0.56297	 0.53440	 0.50866	 0.48593	 0.46880	 0.45328
12 	 0.28934	 0.29132	 0.29809	 0.31382	 0.34118	 0.37317	 0.39853	 0.41594	 0.42893	 0.43839	 0.44182	 0.43656	 0.42644	 0.41661	 0.40913	 0.40361	 0.40013	 0.39802	 0.39658	 0.39693	 0.40098	 0.41032	 0.42560	 0.44540	 0.46598	 0.48570	 0.50537	 0.52833	 0.56523	 0.61942	 0.67743	 0.72556	 0.75708	 0.77381	 0.78173	 0.78481	 0.78444	 0.77900	 0.76977	 0.75825	 0.74622	 0.73405	 0.72326	 0.71462	 0.70655	 0.69874	 0.69148	 0.68519	 0.67820	 0.66983	 0.66074	 0.65215	 0.64344	 0.63571	 0.62979	 0.62446	 0.62095	 0.62040	 0.62244	 0.62409	 0.62233	 0.60924	 0.58605	 0.55707	 0.52645	 0.49798	 0.47288	 0.45034	 0.43116	 0.41503	 0.40152
17 	 0.30417	 0.30645	 0.31376	 0.33082	 0.36035	 0.39504	 0.42263	 0.44164	 0.45580	 0.46619	 0.46984	 0.46416	 0.45359	 0.44330	 0.43532	 0.42951	 0.42582	 0.42360	 0.42229	 0.42278	 0.42715	 0.43720	 0.45366	 0.47514	 0.49759	 0.51911	 0.54042	 0.56495	 0.60364	 0.66044	 0.72122	 0.77130	 0.80398	 0.82108	 0.82902	 0.83187	 0.83126	 0.82588	 0.81658	 0.80495	 0.79273	 0.78044	 0.76957	 0.76091	 0.75284	 0.74498	 0.73757	 0.73113	 0.72398	 0.71541	 0.70593	 0.69701	 0.68797	 0.67982	 0.67343	 0.66762	 0.66386	 0.66285	 0.66441	 0.66514	 0.66085	 0.64444	 0.61718	 0.58421	 0.55060	 0.51937	 0.49264	 0.46841	 0.44728	 0.43067	 0.41611
22 	 0.30844	 0.31055	 0.31765	 0.33424	 0.36294	 0.39667	 0.42341	 0.44207	 0.45597	 0.46603	 0.46923	 0.46366	 0.45346	 0.44356	 0.43563	 0.42983	 0.42616	 0.42400	 0.42276	 0.42313	 0.42727	 0.43689	 0.45293	 0.47381	 0.49543	 0.51630	 0.53688	 0.56048	 0.59797	 0.65314	 0.71193	 0.76042	 0.79240	 0.80923	 0.81703	 0.82001	 0.81953	 0.81455	 0.80561	 0.79420	 0.78224	 0.77019	 0.75965	 0.75145	 0.74372	 0.73603	 0.72880	 0.72242	 0.71560	 0.70723	 0.69798	 0.68934	 0.68047	 0.67243	 0.66620	 0.66058	 0.65696	 0.65630	 0.65805	 0.65924	 0.65618	 0.64126	 0.61557	 0.58482	 0.55249	 0.52237	 0.49640	 0.47207	 0.45223	 0.43497	 0.42115
27 	 0.30030	 0.30244	 0.30953	 0.32610	 0.35456	 0.38804	 0.41456	 0.43297	 0.44657	 0.45653	 0.45991	 0.45447	 0.44435	 0.43437	 0.42648	 0.42061	 0.41693	 0.41477	 0.41353	 0.41383	 0.41791	 0.42743	 0.44336	 0.46397	 0.48537	 0.50587	 0.52598	 0.54890	 0.58528	 0.63871	 0.69503	 0.74097	 0.77067	 0.78592	 0.79269	 0.79505	 0.79442	 0.78947	 0.78089	 0.76988	 0.75842	 0.74686	 0.73695	 0.72932	 0.72213	 0.71486	 0.70791	 0.70187	 0.69552	 0.68768	 0.67886	 0.67066	 0.66227	 0.65482	 0.64893	 0.64362	 0.64029	 0.63965	 0.64130	 0.64208	 0.63937	 0.62489	 0.60010	 0.56978	 0.53807	 0.50902	 0.48360	 0.46035	 0.44063	 0.42357	 0.41078
32 	 0.29873	 0.30070	 0.30773	 0.32397	 0.35154	 0.38369	 0.40907	 0.42646	 0.43921	 0.44867	 0.45191	 0.44669	 0.43703	 0.42756	 0.41998	 0.41418	 0.41057	 0.40846	 0.40734	 0.40754	 0.41128	 0.42031	 0.43548	 0.45509	 0.47528	 0.49482	 0.51402	 0.53602	 0.57130	 0.62339	 0.67899	 0.72514	 0.75550	 0.77127	 0.77830	 0.78076	 0.78018	 0.77523	 0.76655	 0.75549	 0.74380	 0.73220	 0.72216	 0.71445	 0.70705	 0.69971	 0.69278	 0.68676	 0.68028	 0.67220	 0.66306	 0.65477	 0.64626	 0.63871	 0.63277	 0.62759	 0.62428	 0.62370	 0.62557	 0.62692	 0.62495	 0.61200	 0.58830	 0.55918	 0.52882	 0.50087	 0.47629	 0.45364	 0.43453	 0.41913	 0.40593
37 	 0.28611	 0.28819	 0.29510	 0.31140	 0.33944	 0.37223	 0.39829	 0.41632	 0.42970	 0.43953	 0.44282	 0.43728	 0.42717	 0.41739	 0.40942	 0.40355	 0.39990	 0.39773	 0.39650	 0.39680	 0.40071	 0.41002	 0.42575	 0.44616	 0.46729	 0.48777	 0.50789	 0.53081	 0.56740	 0.62123	 0.67855	 0.72597	 0.75703	 0.77311	 0.78037	 0.78290	 0.78235	 0.77740	 0.76856	 0.75745	 0.74565	 0.73387	 0.72365	 0.71587	 0.70848	 0.70105	 0.69403	 0.68799	 0.68149	 0.67336	 0.66410	 0.65575	 0.64714	 0.63940	 0.63313	 0.62756	 0.62403	 0.62326	 0.62480	 0.62544	 0.62250	 0.60797	 0.58312	 0.55303	 0.52174	 0.49249	 0.46729	 0.44415	 0.42403	 0.40828	 0.39464
42 	 0.30231	 0.30417	 0.31103	 0.32704	 0.35455	 0.38663	 0.41206	 0.42952	 0.44237	 0.45170	 0.45478	 0.44944	 0.43964	 0.43011	 0.42240	 0.41657	 0.41300	 0.41086	 0.40968	 0.41000	 0.41377	 0.42280	 0.43808	 0.45777	 0.47804	 0.49764	 0.51694	 0.53895	 0.57404	 0.62570	 0.68022	 0.72493	 0.75385	 0.76867	 0.77505	 0.77722	 0.77652	 0.77162	 0.76315	 0.75230	 0.74100	 0.72961	 0.71983	 0.71238	 0.70517	 0.69806	 0.69130	 0.68551	 0.67930	 0.67157	 0.66283	 0.65496	 0.64671	 0.63937	 0.63355	 0.62851	 0.62544	 0.62481	 0.62671	 0.62837	 0.62670	 0.61412	 0.59127	 0.56311	 0.53345	 0.50538	 0.48107	 0.45880	 0.44039	 0.42462	 0.41208
47 	 0.31188	 0.31398	 0.32122	 0.33813	 0.36698	 0.40088	 0.42782	 0.44636	 0.45999	 0.46995	 0.47341	 0.46786	 0.45757	 0.44745	 0.43936	 0.43337	 0.42964	 0.42752	 0.42637	 0.42673	 0.43069	 0.44013	 0.45615	 0.47692	 0.49851	 0.51929	 0.53964	 0.56292	 0.59966	 0.65365	 0.71072	 0.75750	 0.78770	 0.80317	 0.81004	 0.81245	 0.81175	 0.80667	 0.79791	 0.78691	 0.77541	 0.76373	 0.75381	 0.74614	 0.73882	 0.73146	 0.72434	 0.71827	 0.71182	 0.70377	 0.69473	 0.68649	 0.67797	 0.67026	 0.66413	 0.65877	 0.65556	 0.65502	 0.65701	 0.65864	 0.65618	 0.64180	 0.61636	 0.58562	 0.55371	 0.52358	 0.49762	 0.47370	 0.45373	 0.43762	 0.42396
3 	 0.32057	 0.32149	 0.32735	 0.34152	 0.36687	 0.39966	 0.42885	 0.45056	 0.46812	 0.48062	 0.48551	 0.47934	 0.46683	 0.45458	 0.44546	 0.43897	 0.43559	 0.43269	 0.42850	 0.42676	 0.42850	 0.43497	 0.44758	 0.46647	 0.48843	 0.51054	 0.53233	 0.55476	 0.58518	 0.62996	 0.68230	 0.73206	 0.77029	 0.79310	 0.80504	 0.81090	 0.81285	 0.81003	 0.80439	 0.79670	 0.78847	 0.77993	 0.77242	 0.76649	 0.76138	 0.75657	 0.75205	 0.74845	 0.74316	 0.73534	 0.72572	 0.71580	 0.70578	 0.69674	 0.68986	 0.68396	 0.68010	 0.67917	 0.68125	 0.68250	 0.67767	 0.65880	 0.62867	 0.59268	 0.55666	 0.52302	 0.49476	 0.46909	 0.44923	 0.43168	 0.41800
8 	 0.31015	 0.31123	 0.31711	 0.33178	 0.35803	 0.39139	 0.42083	 0.44275	 0.46005	 0.47291	 0.47784	 0.47194	 0.45955	 0.44706	 0.43783	 0.43135	 0.42730	 0.42426	 0.42096	 0.41889	 0.42023	 0.42685	 0.43994	 0.45882	 0.48048	 0.50238	 0.52417	 0.54656	 0.57687	 0.62141	 0.67309	 0.72226	 0.75994	 0.78259	 0.79439	 0.79978	 0.80141	 0.79871	 0.79284	 0.78504	 0.77661	 0.76780	 0.76022	 0.75479	 0.74990	 0.74523	 0.74086	 0.73682	 0.73119	 0.72328	 0.71376	 0.70410	 0.69423	 0.68532	 0.67842	 0.67225	 0.66862	 0.66826	 0.67086	 0.67287	 0.66806	 0.64901	 0.61888	 0.58280	 0.54632	 0.51374	 0.48531	 0.46079	 0.44006	 0.42294	 0.40928
13 	 0.28152	 0.28264	 0.28855	 0.30334	 0.32969	 0.36303	 0.39235	 0.41452	 0.43187	 0.44491	 0.44977	 0.44377	 0.43157	 0.41934	 0.41005	 0.40370	 0.39968	 0.39659	 0.39342	 0.39119	 0.39250	 0.39918	 0.41234	 0.43144	 0.45326	 0.47543	 0.49717	 0.51937	 0.54961	 0.59421	 0.64592	 0.69480	 0.73201	 0.75417	 0.76562	 0.77080	 0.77240	 0.76999	 0.76430	 0.75652	 0.74829	 0.73982	 0.73225	 0.72697	 0.72226	 0.71752	 0.71317	 0.70917	 0.70364	 0.69585	 0.68642	 0.67692	 0.66702	 0.65806	 0.65082	 0.64444	 0.64046	 0.63988	 0.64220	 0.64315	 0.63758	 0.61790	 0.58742	 0.55207	 0.51609	 0.48356	 0.45575	 0.43088	 0.41045	 0.39360	 0.38057
18 	 0.28391	 0.28503	 0.29108	 0.30587	 0.33210	 0.36501	 0.39398	 0.41560	 0.43247	 0.44534	 0.45026	 0.44453	 0.43240	 0.42015	 0.41080	 0.40434	 0.40017	 0.39705	 0.39393	 0.39178	 0.39311	 0.39971	 0.41280	 0.43164	 0.45310	 0.47504	 0.49650	 0.51834	 0.54866	 0.59332	 0.64478	 0.69338	 0.73045	 0.75247	 0.76380	 0.76893	 0.77043	 0.76771	 0.76170	 0.75366	 0.74497	 0.73601	 0.72839	 0.72311	 0.71839	 0.71369	 0.70913	 0.70506	 0.69965	 0.69195	 0.68253	 0.67310	 0.66335	 0.65442	 0.64740	 0.64133	 0.63794	 0.63770	 0.64044	 0.64256	 0.63817	 0.61954	 0.58970	 0.55489	 0.51922	 0.48709	 0.45920	 0.43518	 0.41453	 0.39870	 0.38448
23 	 0.29069	 0.29186	 0.29790	 0.31290	 0.33939	 0.37275	 0.40208	 0.42422	 0.44137	 0.45438	 0.45926	 0.45341	 0.44128	 0.42898	 0.41945	 0.41287	 0.40869	 0.40561	 0.40271	 0.40054	 0.40182	 0.40851	 0.42183	 0.44082	 0.46247	 0.48472	 0.50649	 0.52856	 0.55910	 0.60438	 0.65673	 0.70672	 0.74542	 0.76869	 0.78079	 0.78629	 0.78796	 0.78551	 0.77961	 0.77147	 0.76258	 0.75341	 0.74563	 0.74027	 0.73546	 0.73054	 0.72583	 0.72151	 0.71587	 0.70785	 0.69785	 0.68818	 0.67812	 0.66907	 0.66175	 0.65549	 0.65183	 0.65132	 0.65360	 0.65486	 0.64940	 0.62989	 0.59865	 0.56247	 0.52604	 0.49384	 0.46556	 0.44072	 0.41976	 0.40316	 0.38995
28 	 0.28764	 0.28880	 0.29495	 0.31029	 0.33736	 0.37143	 0.40160	 0.42443	 0.44221	 0.45568	 0.46058	 0.45446	 0.44216	 0.42981	 0.42008	 0.41337	 0.40919	 0.40608	 0.40314	 0.40094	 0.40229	 0.40919	 0.42305	 0.44288	 0.46544	 0.48853	 0.51101	 0.53374	 0.56523	 0.61169	 0.66536	 0.71630	 0.75553	 0.77899	 0.79118	 0.79679	 0.79854	 0.79624	 0.79048	 0.78232	 0.77346	 0.76437	 0.75660	 0.75123	 0.74660	 0.74179	 0.73703	 0.73268	 0.72711	 0.71903	 0.70893	 0.69892	 0.68855	 0.67905	 0.67126	 0.66455	 0.66041	 0.65977	 0.66188	 0.66272	 0.65628	 0.63483	 0.60213	 0.56488	 0.52784	 0.49399	 0.46515	 0.43952	 0.41852	 0.40156	 0.38763
33 	 0.28247	 0.28341	 0.28932	 0.30402	 0.32994	 0.36248	 0.39113	 0.41286	 0.42965	 0.44244	 0.44714	 0.44128	 0.42948	 0.41755	 0.40819	 0.40169	 0.39754	 0.39449	 0.39168	 0.38955	 0.39071	 0.39721	 0.41044	 0.42936	 0.45067	 0.47252	 0.49382	 0.51535	 0.54531	 0.58953	 0.64029	 0.68828	 0.72513	 0.74696	 0.75815	 0.76330	 0.76489	 0.76254	 0.75691	 0.74909	 0.74057	 0.73181	 0.72441	 0.71948	 0.71505	 0.71042	 0.70591	 0.70186	 0.69668	 0.68897	 0.67943	 0.67010	 0.66031	 0.65137	 0.64405	 0.63786	 0.63396	 0.63334	 0.63558	 0.63682	 0.63156	 0.61246	 0.58271	 0.54770	 0.51309	 0.48088	 0.45351	 0.42926	 0.40862	 0.39274	 0.37978
38 	 0.28103	 0.28202	 0.28792	 0.30264	 0.32865	 0.36131	 0.39007	 0.41189	 0.42881	 0.44155	 0.44631	 0.44041	 0.42854	 0.41654	 0.40707	 0.40042	 0.39628	 0.39327	 0.39048	 0.38838	 0.38952	 0.39605	 0.40935	 0.42853	 0.45023	 0.47262	 0.49442	 0.51629	 0.54700	 0.59248	 0.64499	 0.69465	 0.73259	 0.75523	 0.76684	 0.77207	 0.77355	 0.77092	 0.76486	 0.75670	 0.74786	 0.73871	 0.73108	 0.72577	 0.72103	 0.71622	 0.71153	 0.70733	 0.70181	 0.69382	 0.68391	 0.67424	 0.66421	 0.65502	 0.64767	 0.64142	 0.63802	 0.63783	 0.64056	 0.64262	 0.63795	 0.61885	 0.58849	 0.55349	 0.51771	 0.48601	 0.45819	 0.43341	 0.41291	 0.39610	 0.38302
43 	 0.28167	 0.28262	 0.28850	 0.30309	 0.32877	 0.36095	 0.38923	 0.41049	 0.42686	 0.43930	 0.44400	 0.43829	 0.42657	 0.41472	 0.40539	 0.39878	 0.39461	 0.39160	 0.38886	 0.38677	 0.38787	 0.39421	 0.40726	 0.42596	 0.44699	 0.46866	 0.48976	 0.51104	 0.54088	 0.58510	 0.63574	 0.68358	 0.72009	 0.74183	 0.75295	 0.75792	 0.75928	 0.75669	 0.75080	 0.74270	 0.73398	 0.72500	 0.71754	 0.71243	 0.70774	 0.70310	 0.69843	 0.69421	 0.68882	 0.68112	 0.67141	 0.66212	 0.65242	 0.64361	 0.63656	 0.63052	 0.62722	 0.62713	 0.63020	 0.63261	 0.62888	 0.61113	 0.58221	 0.54778	 0.51379	 0.48276	 0.45545	 0.43123	 0.41082	 0.39537	 0.38217
48 	 0.28533	 0.28636	 0.29257	 0.30804	 0.33521	 0.36925	 0.39928	 0.42198	 0.43968	 0.45309	 0.45800	 0.45191	 0.43966	 0.42728	 0.41756	 0.41073	 0.40648	 0.40339	 0.40052	 0.39828	 0.39946	 0.40627	 0.42013	 0.44004	 0.46265	 0.48587	 0.50846	 0.53124	 0.56268	 0.60923	 0.66276	 0.71328	 0.75161	 0.77426	 0.78575	 0.79086	 0.79230	 0.78987	 0.78410	 0.77603	 0.76739	 0.75840	 0.75090	 0.74574	 0.74105	 0.73632	 0.73153	 0.72724	 0.72170	 0.71366	 0.70370	 0.69400	 0.68378	 0.67444	 0.66683	 0.66040	 0.65650	 0.65584	 0.65804	 0.65928	 0.65302	 0.63188	 0.59944	 0.56231	 0.52584	 0.49204	 0.46321	 0.43765	 0.41676	 0.39998	 0.38629
4 	 0.33846	 0.33966	 0.34621	 0.36231	 0.39096	 0.42767	 0.46044	 0.48495	 0.50474	 0.51884	 0.52417	 0.51739	 0.50349	 0.48971	 0.47962	 0.47261	 0.46881	 0.46589	 0.46174	 0.45972	 0.46138	 0.46838	 0.48205	 0.50265	 0.52699	 0.55165	 0.57614	 0.60122	 0.63438	 0.68318	 0.74084	 0.79710	 0.84140	 0.86868	 0.88338	 0.89070	 0.89332	 0.89061	 0.88457	 0.87634	 0.86760	 0.85824	 0.84984	 0.84308	 0.83735	 0.83195	 0.82682	 0.82256	 0.81644	 0.80733	 0.79639	 0.78472	 0.77318	 0.76269	 0.75469	 0.74791	 0.74360	 0.74294	 0.74579	 0.74770	 0.74038	 0.71625	 0.67944	 0.63752	 0.59585	 0.55836	 0.52714	 0.49869	 0.47610	 0.45747	 0.44291
9 	 0.29090	 0.29209	 0.29851	 0.31434	 0.34221	 0.37751	 0.40879	 0.43257	 0.45129	 0.46502	 0.47012	 0.46367	 0.45026	 0.43681	 0.42684	 0.42005	 0.41572	 0.41255	 0.40926	 0.40698	 0.40831	 0.41524	 0.42894	 0.44895	 0.47214	 0.49583	 0.51946	 0.54360	 0.57592	 0.62362	 0.67964	 0.73407	 0.77681	 0.80303	 0.81715	 0.82378	 0.82598	 0.82334	 0.81736	 0.80911	 0.80015	 0.79085	 0.78249	 0.77630	 0.77073	 0.76534	 0.76047	 0.75590	 0.74954	 0.74064	 0.72993	 0.71909	 0.70801	 0.69798	 0.69007	 0.68332	 0.67952	 0.67919	 0.68228	 0.68388	 0.67652	 0.65325	 0.61823	 0.57832	 0.53848	 0.50332	 0.47324	 0.44621	 0.42448	 0.40690	 0.39300
14 	 0.29705	 0.29826	 0.30457	 0.31989	 0.34683	 0.38070	 0.41072	 0.43299	 0.45034	 0.46348	 0.46863	 0.46279	 0.44991	 0.43672	 0.42671	 0.41989	 0.41556	 0.41246	 0.40934	 0.40709	 0.40828	 0.41480	 0.42784	 0.44663	 0.46835	 0.49063	 0.51273	 0.53525	 0.56598	 0.61103	 0.66338	 0.71402	 0.75370	 0.77817	 0.79110	 0.79714	 0.79899	 0.79642	 0.79021	 0.78184	 0.77291	 0.76360	 0.75547	 0.74960	 0.74441	 0.73940	 0.73462	 0.73021	 0.72438	 0.71602	 0.70602	 0.69603	 0.68580	 0.67662	 0.66946	 0.66351	 0.66031	 0.66063	 0.66417	 0.66680	 0.66207	 0.64246	 0.61104	 0.57372	 0.53684	 0.50295	 0.47478	 0.44960	 0.42878	 0.41177	 0.39860
19 	 0.29303	 0.29431	 0.30078	 0.31681	 0.34503	 0.38060	 0.41218	 0.43597	 0.45459	 0.46867	 0.47381	 0.46738	 0.45405	 0.44069	 0.43041	 0.42346	 0.41909	 0.41588	 0.41269	 0.41037	 0.41161	 0.41861	 0.43265	 0.45299	 0.47642	 0.50051	 0.52426	 0.54823	 0.58065	 0.62826	 0.68384	 0.73737	 0.77900	 0.80418	 0.81739	 0.82345	 0.82541	 0.82300	 0.81711	 0.80888	 0.79995	 0.79062	 0.78239	 0.77649	 0.77128	 0.76615	 0.76122	 0.75667	 0.75055	 0.74188	 0.73130	 0.72091	 0.71003	 0.70014	 0.69212	 0.68539	 0.68155	 0.68113	 0.68374	 0.68468	 0.67708	 0.65398	 0.61907	 0.57917	 0.54008	 0.50476	 0.47483	 0.44846	 0.42621	 0.40944	 0.39478
24 	 0.29833	 0.29956	 0.30616	 0.32221	 0.35055	 0.38632	 0.41829	 0.44270	 0.46187	 0.47627	 0.48141	 0.47484	 0.46156	 0.44821	 0.43785	 0.43082	 0.42642	 0.42327	 0.42025	 0.41789	 0.41914	 0.42622	 0.44070	 0.46159	 0.48560	 0.51053	 0.53501	 0.55966	 0.59309	 0.64267	 0.70095	 0.75766	 0.80255	 0.83006	 0.84465	 0.85154	 0.85383	 0.85165	 0.84560	 0.83693	 0.82756	 0.81781	 0.80930	 0.80329	 0.79793	 0.79261	 0.78732	 0.78237	 0.77595	 0.76672	 0.75549	 0.74418	 0.73254	 0.72193	 0.71319	 0.70567	 0.70137	 0.70093	 0.70369	 0.70481	 0.69654	 0.67175	 0.63457	 0.59303	 0.55234	 0.51569	 0.48439	 0.45670	 0.43422	 0.41637	 0.40218
29 	 0.29035	 0.29153	 0.29790	 0.31357	 0.34097	 0.37555	 0.40639	 0.42962	 0.44774	 0.46150	 0.46643	 0.46020	 0.44739	 0.43440	 0.42423	 0.41727	 0.41296	 0.40981	 0.40690	 0.40461	 0.40569	 0.41244	 0.42638	 0.44648	 0.46941	 0.49319	 0.51647	 0.53980	 0.57175	 0.61896	 0.67375	 0.72637	 0.76715	 0.79169	 0.80447	 0.81024	 0.81201	 0.80963	 0.80362	 0.79521	 0.78615	 0.77682	 0.76890	 0.76330	 0.75811	 0.75295	 0.74801	 0.74338	 0.73743	 0.72898	 0.71851	 0.70834	 0.69772	 0.68811	 0.68037	 0.67395	 0.67040	 0.67038	 0.67345	 0.67539	 0.66919	 0.64725	 0.61345	 0.57490	 0.53654	 0.50227	 0.47256	 0.44636	 0.42529	 0.40801	 0.39441
34 	 0.29398	 0.29511	 0.30148	 0.31717	 0.34461	 0.37930	 0.41024	 0.43374	 0.45201	 0.46572	 0.47056	 0.46423	 0.45151	 0.43871	 0.42857	 0.42162	 0.41730	 0.41418	 0.41126	 0.40896	 0.41017	 0.41702	 0.43109	 0.45141	 0.47470	 0.49875	 0.52228	 0.54580	 0.57793	 0.62548	 0.68069	 0.73367	 0.77481	 0.79945	 0.81223	 0.81804	 0.81983	 0.81740	 0.81137	 0.80299	 0.79391	 0.78453	 0.77655	 0.77091	 0.76583	 0.76083	 0.75584	 0.75118	 0.74532	 0.73683	 0.72629	 0.71594	 0.70517	 0.69538	 0.68736	 0.68076	 0.67709	 0.67686	 0.67947	 0.68060	 0.67363	 0.65132	 0.61744	 0.57857	 0.54004	 0.50521	 0.47566	 0.44935	 0.42786	 0.41056	 0.39659
39 	 0.30669	 0.30786	 0.31464	 0.33132	 0.36066	 0.39754	 0.43042	 0.45537	 0.47495	 0.48970	 0.49490	 0.48817	 0.47468	 0.46101	 0.45035	 0.44304	 0.43854	 0.43534	 0.43233	 0.43002	 0.43125	 0.43855	 0.45353	 0.47501	 0.49966	 0.52510	 0.54998	 0.57488	 0.60859	 0.65805	 0.71512	 0.76945	 0.81111	 0.83579	 0.84845	 0.85416	 0.85593	 0.85353	 0.84765	 0.83939	 0.83045	 0.82109	 0.81316	 0.80759	 0.80246	 0.79733	 0.79228	 0.78770	 0.78185	 0.77329	 0.76258	 0.75201	 0.74106	 0.73104	 0.72287	 0.71599	 0.71196	 0.71138	 0.71379	 0.71425	 0.70597	 0.68086	 0.64340	 0.60190	 0.56086	 0.52398	 0.49282	 0.46543	 0.44356	 0.42507	 0.41078
44 	 0.29295	 0.29410	 0.30065	 0.31679	 0.34497	 0.38032	 0.41169	 0.43541	 0.45393	 0.46787	 0.47294	 0.46664	 0.45362	 0.44033	 0.43004	 0.42288	 0.41841	 0.41533	 0.41241	 0.41010	 0.41131	 0.41816	 0.43224	 0.45265	 0.47617	 0.50046	 0.52424	 0.54809	 0.58064	 0.62883	 0.68491	 0.73911	 0.78144	 0.80708	 0.82045	 0.82665	 0.82865	 0.82619	 0.81998	 0.81133	 0.80199	 0.79230	 0.78410	 0.77832	 0.77309	 0.76791	 0.76274	 0.75796	 0.75186	 0.74306	 0.73225	 0.72154	 0.71047	 0.70039	 0.69214	 0.68536	 0.68187	 0.68191	 0.68509	 0.68671	 0.67986	 0.65668	 0.62126	 0.58116	 0.54170	 0.50622	 0.47591	 0.44886	 0.42746	 0.40924	 0.39616
49 	 0.29150	 0.29262	 0.29880	 0.31410	 0.34071	 0.37392	 0.40341	 0.42550	 0.44264	 0.45555	 0.46026	 0.45440	 0.44194	 0.42926	 0.41934	 0.41229	 0.40800	 0.40494	 0.40212	 0.39981	 0.40090	 0.40736	 0.42053	 0.43955	 0.46133	 0.48394	 0.50596	 0.52830	 0.55919	 0.60474	 0.65762	 0.70869	 0.74884	 0.77326	 0.78590	 0.79177	 0.79349	 0.79088	 0.78475	 0.77621	 0.76692	 0.75747	 0.74940	 0.74382	 0.73878	 0.73375	 0.72891	 0.72452	 0.71873	 0.71034	 0.69997	 0.68988	 0.67953	 0.67014	 0.66257	 0.65636	 0.65332	 0.65360	 0.65699	 0.65931	 0.65454	 0.63487	 0.60319	 0.56635	 0.52971	 0.49637	 0.46793	 0.44250	 0.42215	 0.40512	 0.39220
5 	 0.29679	 0.29756	 0.30303	 0.31677	 0.34111	 0.37180	 0.39796	 0.41684	 0.43169	 0.44221	 0.44629	 0.44037	 0.42903	 0.41796	 0.40991	 0.40393	 0.40045	 0.39789	 0.39474	 0.39357	 0.39556	 0.40237	 0.41490	 0.43298	 0.45322	 0.47308	 0.49291	 0.51409	 0.54476	 0.59030	 0.64241	 0.69024	 0.72498	 0.74470	 0.75466	 0.75922	 0.76032	 0.75671	 0.75013	 0.74166	 0.73286	 0.72382	 0.71580	 0.70942	 0.70385	 0.69852	 0.69346	 0.68932	 0.68379	 0.67599	 0.66673	 0.65719	 0.64775	 0.63942	 0.63337	 0.62787	 0.62434	 0.62386	 0.62672	 0.62984	 0.62835	 0.61471	 0.59063	 0.56037	 0.52954	 0.50000	 0.47494	 0.45158	 0.43273	 0.41692	 0.40325
10 	 0.27596	 0.27688	 0.28247	 0.29632	 0.32099	 0.35183	 0.37836	 0.39787	 0.41286	 0.42389	 0.42787	 0.42208	 0.41078	 0.39966	 0.39126	 0.38521	 0.38138	 0.37858	 0.37593	 0.37455	 0.37650	 0.38369	 0.39694	 0.41547	 0.43616	 0.45668	 0.47696	 0.49849	 0.52973	 0.57617	 0.62912	 0.67751	 0.71277	 0.73296	 0.74301	 0.74732	 0.74827	 0.74501	 0.73847	 0.72981	 0.72059	 0.71125	 0.70303	 0.69701	 0.69157	 0.68633	 0.68138	 0.67681	 0.67085	 0.66281	 0.65347	 0.64430	 0.63491	 0.62644	 0.61985	 0.61410	 0.61062	 0.61030	 0.61294	 0.61495	 0.61237	 0.59765	 0.57255	 0.54204	 0.50987	 0.48099	 0.45552	 0.43165	 0.41332	 0.39724	 0.38390
15 	 0.27555	 0.27659	 0.28215	 0.29595	 0.32057	 0.35107	 0.37726	 0.39639	 0.41099	 0.42185	 0.42572	 0.41998	 0.40889	 0.39793	 0.38957	 0.38363	 0.37979	 0.37701	 0.37445	 0.37307	 0.37503	 0.38212	 0.39525	 0.41356	 0.43385	 0.45417	 0.47415	 0.49522	 0.52608	 0.57181	 0.62351	 0.67040	 0.70425	 0.72322	 0.73259	 0.73645	 0.73722	 0.73391	 0.72744	 0.71897	 0.70994	 0.70084	 0.69290	 0.68719	 0.68193	 0.67669	 0.67172	 0.66729	 0.66153	 0.65374	 0.64475	 0.63594	 0.62686	 0.61865	 0.61228	 0.60674	 0.60346	 0.60328	 0.60580	 0.60806	 0.60573	 0.59164	 0.56713	 0.53709	 0.50627	 0.47726	 0.45237	 0.43005	 0.41084	 0.39559	 0.38219
20 	 0.27334	 0.27432	 0.27991	 0.29398	 0.31899	 0.35004	 0.37665	 0.39630	 0.41133	 0.42255	 0.42644	 0.42051	 0.40918	 0.39806	 0.38937	 0.38320	 0.37928	 0.37646	 0.37395	 0.37260	 0.37455	 0.38179	 0.39529	 0.41402	 0.43475	 0.45556	 0.47598	 0.49747	 0.52884	 0.57542	 0.62804	 0.67574	 0.71038	 0.72998	 0.73966	 0.74382	 0.74469	 0.74162	 0.73532	 0.72678	 0.71773	 0.70849	 0.70052	 0.69472	 0.68949	 0.68426	 0.67935	 0.67477	 0.66909	 0.66122	 0.65188	 0.64272	 0.63330	 0.62482	 0.61804	 0.61208	 0.60842	 0.60805	 0.61047	 0.61251	 0.60978	 0.59479	 0.56933	 0.53867	 0.50721	 0.47813	 0.45248	 0.42914	 0.41024	 0.39421	 0.38148
25 	 0.27839	 0.27928	 0.28481	 0.29859	 0.32312	 0.35366	 0.37994	 0.39916	 0.41379	 0.42487	 0.42878	 0.42317	 0.41215	 0.40112	 0.39247	 0.38626	 0.38229	 0.37951	 0.37721	 0.37591	 0.37772	 0.38460	 0.39794	 0.41632	 0.43645	 0.45674	 0.47650	 0.49730	 0.52787	 0.57330	 0.62408	 0.66965	 0.70229	 0.72077	 0.72984	 0.73373	 0.73458	 0.73158	 0.72527	 0.71688	 0.70791	 0.69882	 0.69118	 0.68580	 0.68067	 0.67565	 0.67061	 0.66617	 0.66077	 0.65334	 0.64432	 0.63576	 0.62678	 0.61863	 0.61242	 0.60690	 0.60366	 0.60377	 0.60674	 0.60990	 0.60858	 0.59509	 0.57094	 0.54164	 0.51158	 0.48300	 0.45818	 0.43565	 0.41745	 0.40135	 0.38844
30 	 0.27492	 0.27578	 0.28136	 0.29524	 0.31973	 0.35028	 0.37675	 0.39636	 0.41132	 0.42251	 0.42640	 0.42058	 0.40953	 0.39863	 0.38991	 0.38367	 0.37978	 0.37702	 0.37469	 0.37334	 0.37518	 0.38228	 0.39588	 0.41473	 0.43556	 0.45667	 0.47733	 0.49893	 0.53083	 0.57868	 0.63331	 0.68355	 0.72069	 0.74223	 0.75293	 0.75756	 0.75866	 0.75551	 0.74864	 0.73955	 0.72977	 0.71975	 0.71131	 0.70524	 0.69958	 0.69393	 0.68857	 0.68376	 0.67775	 0.66945	 0.65953	 0.64996	 0.64005	 0.63109	 0.62393	 0.61791	 0.61455	 0.61437	 0.61730	 0.62004	 0.61768	 0.60254	 0.57651	 0.54539	 0.51312	 0.48345	 0.45717	 0.43357	 0.41485	 0.39758	 0.38407
35 	 0.28510	 0.28609	 0.29204	 0.30699	 0.33346	 0.36634	 0.39454	 0.41537	 0.43131	 0.44320	 0.44727	 0.44117	 0.42950	 0.41788	 0.40870	 0.40221	 0.39806	 0.39517	 0.39278	 0.39134	 0.39347	 0.40111	 0.41552	 0.43546	 0.45745	 0.47960	 0.50116	 0.52369	 0.55633	 0.60471	 0.65928	 0.70874	 0.74469	 0.76486	 0.77463	 0.77868	 0.77952	 0.77662	 0.77011	 0.76139	 0.75198	 0.74236	 0.73424	 0.72854	 0.72330	 0.71791	 0.71261	 0.70790	 0.70223	 0.69418	 0.68448	 0.67524	 0.66563	 0.65687	 0.64958	 0.64334	 0.63966	 0.63906	 0.64102	 0.64221	 0.63790	 0.62074	 0.59258	 0.55916	 0.52536	 0.49438	 0.46707	 0.44270	 0.42310	 0.40551	 0.39264
40 	 0.27984	 0.28070	 0.28645	 0.30056	 0.32545	 0.35614	 0.38247	 0.40169	 0.41625	 0.42723	 0.43108	 0.42540	 0.41441	 0.40338	 0.39460	 0.38824	 0.38423	 0.38148	 0.37925	 0.37795	 0.37981	 0.38680	 0.40025	 0.41891	 0.43933	 0.45999	 0.48013	 0.50122	 0.53251	 0.57916	 0.63187	 0.67979	 0.71450	 0.73418	 0.74365	 0.74756	 0.74825	 0.74500	 0.73825	 0.72922	 0.71960	 0.70990	 0.70172	 0.69601	 0.69060	 0.68511	 0.67975	 0.67501	 0.66925	 0.66144	 0.65205	 0.64312	 0.63385	 0.62558	 0.61897	 0.61345	 0.61041	 0.61051	 0.61347	 0.61620	 0.61445	 0.60022	 0.57550	 0.54499	 0.51381	 0.48473	 0.45968	 0.43630	 0.41685	 0.40162	 0.38897
45 	 0.27628	 0.27715	 0.28264	 0.29642	 0.32083	 0.35119	 0.37722	 0.39643	 0.41102	 0.42200	 0.42577	 0.41996	 0.40895	 0.39804	 0.38933	 0.38302	 0.37906	 0.37623	 0.37391	 0.37252	 0.37430	 0.38121	 0.39460	 0.41321	 0.43362	 0.45426	 0.47435	 0.49535	 0.52624	 0.57229	 0.62400	 0.67065	 0.70424	 0.72308	 0.73213	 0.73580	 0.73640	 0.73329	 0.72682	 0.71823	 0.70894	 0.69969	 0.69199	 0.68664	 0.68157	 0.67646	 0.67133	 0.66689	 0.66148	 0.65386	 0.64466	 0.63587	 0.62683	 0.61865	 0.61211	 0.60645	 0.60332	 0.60331	 0.60616	 0.60873	 0.60703	 0.59302	 0.56876	 0.53893	 0.50794	 0.47955	 0.45484	 0.43236	 0.41427	 0.39818	 0.38549
50 	 0.27387	 0.27479	 0.28030	 0.29417	 0.31864	 0.34880	 0.37476	 0.39374	 0.40818	 0.41914	 0.42282	 0.41714	 0.40632	 0.39556	 0.38703	 0.38075	 0.37681	 0.37406	 0.37178	 0.37042	 0.37224	 0.37912	 0.39238	 0.41079	 0.43103	 0.45150	 0.47146	 0.49233	 0.52324	 0.56930	 0.62157	 0.66943	 0.70436	 0.72418	 0.73388	 0.73793	 0.73868	 0.73530	 0.72857	 0.71967	 0.71012	 0.70036	 0.69227	 0.68661	 0.68135	 0.67606	 0.67076	 0.66612	 0.66041	 0.65243	 0.64300	 0.63401	 0.62471	 0.61633	 0.60965	 0.60396	 0.60093	 0.60094	 0.60370	 0.60613	 0.60416	 0.58986	 0.56511	 0.53491	 0.50428	 0.47545	 0.45043	 0.42757	 0.40911	 0.39318	 0.38044
