11 	 0.29720	 0.29760	 0.30344	 0.31947	 0.34968	 0.38838	 0.42538	 0.45570	 0.48063	 0.49809	 0.50436	 0.49653	 0.48047	 0.46338	 0.45042	 0.44177	 0.43621	 0.43231	 0.42733	 0.42306	 0.42292	 0.42999	 0.44530	 0.46894	 0.49868	 0.52973	 0.55876	 0.58594	 0.61975	 0.66697	 0.72192	 0.77351	 0.81117	 0.83144	 0.84133	 0.84636	 0.84873	 0.84769	 0.84526	 0.84167	 0.83738	 0.83204	 0.82706	 0.82449	 0.82188	 0.81938	 0.81683	 0.81388	 0.80923	 0.80195	 0.79303	 0.78495	 0.77588	 0.76642	 0.75798	 0.75068	 0.74637	 0.74539	 0.74840	 0.74949	 0.74112	 0.71697	 0.67989	 0.63790	 0.59571	 0.55705	 0.52300	 0.49455	 0.46981	 0.44927	 0.43199
12 	 0.29786	 0.29833	 0.30417	 0.32004	 0.34970	 0.38756	 0.42344	 0.45275	 0.47685	 0.49359	 0.49951	 0.49165	 0.47602	 0.45950	 0.44682	 0.43842	 0.43301	 0.42931	 0.42445	 0.42028	 0.42011	 0.42702	 0.44192	 0.46497	 0.49388	 0.52398	 0.55196	 0.57831	 0.61115	 0.65699	 0.71007	 0.75959	 0.79565	 0.81509	 0.82441	 0.82919	 0.83145	 0.83025	 0.82769	 0.82412	 0.81979	 0.81448	 0.80957	 0.80696	 0.80444	 0.80191	 0.79940	 0.79647	 0.79186	 0.78480	 0.77605	 0.76814	 0.75926	 0.75014	 0.74201	 0.73488	 0.73080	 0.73027	 0.73379	 0.73538	 0.72782	 0.70520	 0.67010	 0.63049	 0.59011	 0.55302	 0.51958	 0.49181	 0.46855	 0.44928	 0.43157
21 	 0.30263	 0.30290	 0.30862	 0.32470	 0.35487	 0.39373	 0.43099	 0.46131	 0.48624	 0.50408	 0.51106	 0.50384	 0.48817	 0.47120	 0.45808	 0.44926	 0.44358	 0.43943	 0.43388	 0.42903	 0.42821	 0.43473	 0.44967	 0.47300	 0.50246	 0.53337	 0.56203	 0.58819	 0.62020	 0.66456	 0.71604	 0.76480	 0.80106	 0.82095	 0.83046	 0.83518	 0.83745	 0.83608	 0.83330	 0.82952	 0.82493	 0.81959	 0.81488	 0.81250	 0.81018	 0.80793	 0.80573	 0.80304	 0.79865	 0.79175	 0.78318	 0.77548	 0.76681	 0.75790	 0.74981	 0.74265	 0.73846	 0.73783	 0.74110	 0.74219	 0.73404	 0.71077	 0.67464	 0.63375	 0.59257	 0.55491	 0.52178	 0.49417	 0.47069	 0.45116	 0.43406
22 	 0.30581	 0.30607	 0.31184	 0.32801	 0.35819	 0.39690	 0.43373	 0.46347	 0.48796	 0.50533	 0.51207	 0.50480	 0.48931	 0.47266	 0.45979	 0.45105	 0.44545	 0.44131	 0.43585	 0.43106	 0.43020	 0.43676	 0.45162	 0.47474	 0.50376	 0.53413	 0.56205	 0.58766	 0.61892	 0.66209	 0.71134	 0.75711	 0.79043	 0.80821	 0.81659	 0.82072	 0.82269	 0.82122	 0.81842	 0.81477	 0.81035	 0.80533	 0.80085	 0.79858	 0.79644	 0.79440	 0.79232	 0.78977	 0.78568	 0.77911	 0.77105	 0.76393	 0.75589	 0.74753	 0.73998	 0.73323	 0.72934	 0.72881	 0.73186	 0.73283	 0.72511	 0.70312	 0.66892	 0.62984	 0.58996	 0.55384	 0.52160	 0.49499	 0.47159	 0.45211	 0.43503
31 	 0.26265	 0.26297	 0.26803	 0.28208	 0.30838	 0.34201	 0.37421	 0.40085	 0.42312	 0.43886	 0.44457	 0.43743	 0.42272	 0.40710	 0.39514	 0.38686	 0.38162	 0.37809	 0.37339	 0.36918	 0.36849	 0.37446	 0.38799	 0.40893	 0.43536	 0.46363	 0.49030	 0.51552	 0.54708	 0.59152	 0.64398	 0.69563	 0.73587	 0.75950	 0.77143	 0.77752	 0.78026	 0.77907	 0.77593	 0.77150	 0.76609	 0.76008	 0.75455	 0.75117	 0.74814	 0.74548	 0.74283	 0.73967	 0.73459	 0.72664	 0.71686	 0.70788	 0.69811	 0.68815	 0.67943	 0.67186	 0.66770	 0.66763	 0.67202	 0.67529	 0.67019	 0.65080	 0.61938	 0.58301	 0.54559	 0.51138	 0.48055	 0.45398	 0.43205	 0.41281	 0.39622
32 	 0.26558	 0.26588	 0.27094	 0.28488	 0.31082	 0.34385	 0.37520	 0.40095	 0.42245	 0.43761	 0.44315	 0.43615	 0.42167	 0.40637	 0.39461	 0.38635	 0.38117	 0.37766	 0.37300	 0.36888	 0.36826	 0.37429	 0.38766	 0.40827	 0.43422	 0.46201	 0.48822	 0.51301	 0.54434	 0.58854	 0.64016	 0.69074	 0.72991	 0.75241	 0.76358	 0.76935	 0.77178	 0.77046	 0.76722	 0.76252	 0.75701	 0.75104	 0.74547	 0.74195	 0.73898	 0.73638	 0.73379	 0.73065	 0.72540	 0.71748	 0.70796	 0.69919	 0.68958	 0.67988	 0.67148	 0.66420	 0.66026	 0.66048	 0.66538	 0.66932	 0.66530	 0.64718	 0.61714	 0.58191	 0.54584	 0.51266	 0.48230	 0.45663	 0.43507	 0.41646	 0.39988
41 	 0.29948	 0.29970	 0.30536	 0.32112	 0.35064	 0.38843	 0.42501	 0.45568	 0.48136	 0.49961	 0.50622	 0.49811	 0.48109	 0.46316	 0.44948	 0.44005	 0.43428	 0.43021	 0.42486	 0.41995	 0.41886	 0.42523	 0.44021	 0.46381	 0.49405	 0.52674	 0.55752	 0.58613	 0.62105	 0.67008	 0.72801	 0.78522	 0.82940	 0.85458	 0.86692	 0.87311	 0.87614	 0.87514	 0.87218	 0.86812	 0.86298	 0.85722	 0.85186	 0.84851	 0.84549	 0.84277	 0.84015	 0.83708	 0.83172	 0.82333	 0.81318	 0.80371	 0.79330	 0.78249	 0.77282	 0.76467	 0.76035	 0.76055	 0.76555	 0.76861	 0.76134	 0.73683	 0.69867	 0.65540	 0.61203	 0.57214	 0.53736	 0.50807	 0.48304	 0.46177	 0.44356
42 	 0.30648	 0.30669	 0.31246	 0.32842	 0.35833	 0.39671	 0.43393	 0.46517	 0.49129	 0.50981	 0.51651	 0.50829	 0.49092	 0.47264	 0.45875	 0.44914	 0.44331	 0.43917	 0.43374	 0.42875	 0.42767	 0.43411	 0.44933	 0.47332	 0.50411	 0.53741	 0.56875	 0.59777	 0.63327	 0.68307	 0.74179	 0.79964	 0.84404	 0.86902	 0.88116	 0.88729	 0.89027	 0.88918	 0.88626	 0.88221	 0.87718	 0.87147	 0.86619	 0.86288	 0.85992	 0.85718	 0.85461	 0.85143	 0.84604	 0.83765	 0.82747	 0.81800	 0.80752	 0.79673	 0.78704	 0.77884	 0.77452	 0.77467	 0.77954	 0.78236	 0.77441	 0.74916	 0.71026	 0.66590	 0.62162	 0.58144	 0.54593	 0.51591	 0.49077	 0.46962	 0.45089
51 	 0.25151	 0.25108	 0.25459	 0.26481	 0.28427	 0.30882	 0.33053	 0.34663	 0.35932	 0.36792	 0.37059	 0.36494	 0.35458	 0.34426	 0.33605	 0.32973	 0.32531	 0.32207	 0.31833	 0.31553	 0.31577	 0.32120	 0.33208	 0.34775	 0.36598	 0.38445	 0.40172	 0.41970	 0.44521	 0.48266	 0.52533	 0.56495	 0.59382	 0.60924	 0.61628	 0.61976	 0.62061	 0.61812	 0.61318	 0.60677	 0.59987	 0.59270	 0.58618	 0.58187	 0.57849	 0.57537	 0.57193	 0.56828	 0.56300	 0.55606	 0.54784	 0.54041	 0.53244	 0.52467	 0.51847	 0.51309	 0.51007	 0.51001	 0.51374	 0.51777	 0.51886	 0.51269	 0.49851	 0.47963	 0.45954	 0.44072	 0.42345	 0.40777	 0.39405	 0.38181	 0.37043
52 	 0.25294	 0.25254	 0.25607	 0.26644	 0.28630	 0.31145	 0.33353	 0.34991	 0.36280	 0.37162	 0.37441	 0.36867	 0.35818	 0.34755	 0.33919	 0.33276	 0.32832	 0.32504	 0.32134	 0.31862	 0.31892	 0.32456	 0.33574	 0.35166	 0.37013	 0.38893	 0.40647	 0.42465	 0.45044	 0.48813	 0.53086	 0.56996	 0.59809	 0.61299	 0.61965	 0.62295	 0.62378	 0.62129	 0.61649	 0.61017	 0.60338	 0.59636	 0.59007	 0.58589	 0.58255	 0.57951	 0.57620	 0.57260	 0.56735	 0.56054	 0.55254	 0.54528	 0.53747	 0.52980	 0.52365	 0.51821	 0.51517	 0.51490	 0.51841	 0.52230	 0.52356	 0.51749	 0.50330	 0.48509	 0.46464	 0.44553	 0.42701	 0.41156	 0.39796	 0.38574	 0.37351
61 	 0.25711	 0.25719	 0.26201	 0.27550	 0.30150	 0.33513	 0.36670	 0.39210	 0.41300	 0.42825	 0.43454	 0.42857	 0.41492	 0.40042	 0.38918	 0.38118	 0.37606	 0.37209	 0.36712	 0.36300	 0.36240	 0.36820	 0.38128	 0.40148	 0.42644	 0.45277	 0.47742	 0.50088	 0.53068	 0.57326	 0.62368	 0.67452	 0.71527	 0.73983	 0.75259	 0.75920	 0.76196	 0.76055	 0.75648	 0.75081	 0.74431	 0.73742	 0.73132	 0.72751	 0.72449	 0.72186	 0.71914	 0.71574	 0.71012	 0.70197	 0.69215	 0.68286	 0.67277	 0.66270	 0.65398	 0.64645	 0.64206	 0.64124	 0.64475	 0.64751	 0.64260	 0.62385	 0.59329	 0.55744	 0.52120	 0.48814	 0.45813	 0.43288	 0.41118	 0.39329	 0.37687
62 	 0.26078	 0.26082	 0.26580	 0.27980	 0.30674	 0.34159	 0.37437	 0.40062	 0.42219	 0.43796	 0.44439	 0.43816	 0.42407	 0.40906	 0.39740	 0.38922	 0.38397	 0.37991	 0.37483	 0.37063	 0.37006	 0.37618	 0.38986	 0.41093	 0.43701	 0.46453	 0.49015	 0.51449	 0.54537	 0.58937	 0.64132	 0.69314	 0.73419	 0.75848	 0.77090	 0.77724	 0.77993	 0.77851	 0.77442	 0.76875	 0.76222	 0.75524	 0.74918	 0.74538	 0.74240	 0.73972	 0.73688	 0.73346	 0.72778	 0.71955	 0.70962	 0.70021	 0.69002	 0.67986	 0.67098	 0.66322	 0.65879	 0.65801	 0.66173	 0.66465	 0.65949	 0.63963	 0.60749	 0.57065	 0.53314	 0.49835	 0.46765	 0.44147	 0.41921	 0.40016	 0.38397
71 	 0.22979	 0.22997	 0.23448	 0.24709	 0.27068	 0.30036	 0.32799	 0.35019	 0.36825	 0.38074	 0.38503	 0.37867	 0.36607	 0.35295	 0.34270	 0.33532	 0.33053	 0.32727	 0.32306	 0.31957	 0.31928	 0.32490	 0.33717	 0.35557	 0.37812	 0.40192	 0.42425	 0.44626	 0.47507	 0.51610	 0.56367	 0.60912	 0.64331	 0.66254	 0.67193	 0.67682	 0.67865	 0.67714	 0.67353	 0.66846	 0.66265	 0.65637	 0.65064	 0.64701	 0.64393	 0.64110	 0.63819	 0.63490	 0.62964	 0.62220	 0.61329	 0.60503	 0.59618	 0.58736	 0.57988	 0.57337	 0.56993	 0.57025	 0.57507	 0.57956	 0.57811	 0.56490	 0.54165	 0.51383	 0.48442	 0.45691	 0.43141	 0.40924	 0.39074	 0.37358	 0.35854
81 	 0.24779	 0.24778	 0.25245	 0.26580	 0.29113	 0.32367	 0.35450	 0.37960	 0.40036	 0.41534	 0.42127	 0.41498	 0.40121	 0.38663	 0.37534	 0.36739	 0.36232	 0.35861	 0.35374	 0.34953	 0.34881	 0.35448	 0.36739	 0.38731	 0.41217	 0.43869	 0.46356	 0.48737	 0.51765	 0.56085	 0.61240	 0.66455	 0.70646	 0.73176	 0.74493	 0.75173	 0.75452	 0.75318	 0.74928	 0.74372	 0.73725	 0.73040	 0.72426	 0.72033	 0.71723	 0.71452	 0.71165	 0.70818	 0.70245	 0.69411	 0.68398	 0.67436	 0.66403	 0.65383	 0.64498	 0.63734	 0.63305	 0.63274	 0.63726	 0.64128	 0.63778	 0.62005	 0.59033	 0.55573	 0.52046	 0.48798	 0.45821	 0.43271	 0.41163	 0.39330	 0.37717
82 	 0.25686	 0.25681	 0.26157	 0.27496	 0.30036	 0.33305	 0.36402	 0.38922	 0.41007	 0.42515	 0.43103	 0.42456	 0.41058	 0.39583	 0.38434	 0.37632	 0.37121	 0.36740	 0.36261	 0.35848	 0.35776	 0.36348	 0.37653	 0.39668	 0.42187	 0.44870	 0.47383	 0.49788	 0.52831	 0.57146	 0.62239	 0.67315	 0.71310	 0.73663	 0.74856	 0.75469	 0.75729	 0.75598	 0.75228	 0.74710	 0.74109	 0.73460	 0.72877	 0.72507	 0.72207	 0.71945	 0.71676	 0.71349	 0.70797	 0.69989	 0.69017	 0.68102	 0.67116	 0.66121	 0.65270	 0.64541	 0.64139	 0.64122	 0.64566	 0.64961	 0.64620	 0.62885	 0.59977	 0.56577	 0.53097	 0.49846	 0.46890	 0.44415	 0.42310	 0.40500	 0.38870
91 	 0.20725	 0.20749	 0.21153	 0.22273	 0.24430	 0.27195	 0.29715	 0.31669	 0.33240	 0.34348	 0.34763	 0.34222	 0.33113	 0.31956	 0.31073	 0.30425	 0.29990	 0.29667	 0.29294	 0.29030	 0.29086	 0.29684	 0.30881	 0.32627	 0.34683	 0.36799	 0.38794	 0.40868	 0.43783	 0.48086	 0.53229	 0.58316	 0.62317	 0.64766	 0.66086	 0.66784	 0.67026	 0.66817	 0.66267	 0.65501	 0.64648	 0.63778	 0.63008	 0.62481	 0.62057	 0.61673	 0.61278	 0.60843	 0.60199	 0.59334	 0.58331	 0.57383	 0.56374	 0.55392	 0.54572	 0.53864	 0.53431	 0.53354	 0.53731	 0.54121	 0.53973	 0.52710	 0.50429	 0.47709	 0.44872	 0.42190	 0.39689	 0.37485	 0.35611	 0.33970	 0.32534
92 	 0.20991	 0.21018	 0.21384	 0.22502	 0.24622	 0.27350	 0.29865	 0.31811	 0.33395	 0.34530	 0.34934	 0.34398	 0.33302	 0.32162	 0.31272	 0.30656	 0.30220	 0.29911	 0.29554	 0.29295	 0.29357	 0.29919	 0.31116	 0.32828	 0.34833	 0.36927	 0.38930	 0.40948	 0.43773	 0.47975	 0.53136	 0.58274	 0.62328	 0.64895	 0.66328	 0.67064	 0.67305	 0.67144	 0.66673	 0.65934	 0.65068	 0.64180	 0.63370	 0.62803	 0.62380	 0.62018	 0.61594	 0.61172	 0.60522	 0.59626	 0.58592	 0.57612	 0.56596	 0.55628	 0.54829	 0.54116	 0.53641	 0.53492	 0.53859	 0.54308	 0.54179	 0.52895	 0.50652	 0.47880	 0.45052	 0.42386	 0.39907	 0.37673	 0.35827	 0.34228	 0.32772
101 	 0.22410	 0.22310	 0.22491	 0.23212	 0.24632	 0.26460	 0.28169	 0.29512	 0.30623	 0.31420	 0.31658	 0.31132	 0.30210	 0.29237	 0.28421	 0.27808	 0.27333	 0.26970	 0.26549	 0.26201	 0.26116	 0.26414	 0.27194	 0.28430	 0.29939	 0.31546	 0.33118	 0.34701	 0.36867	 0.40088	 0.44067	 0.48190	 0.51595	 0.53767	 0.55003	 0.55617	 0.55781	 0.55658	 0.55248	 0.54612	 0.53911	 0.53161	 0.52447	 0.51972	 0.51654	 0.51417	 0.51096	 0.50750	 0.50219	 0.49488	 0.48614	 0.47749	 0.46839	 0.46036	 0.45409	 0.44849	 0.44492	 0.44430	 0.44865	 0.45476	 0.45893	 0.45513	 0.44364	 0.42848	 0.41133	 0.39506	 0.37924	 0.36568	 0.35406	 0.34356	 0.33278
102 	 0.22751	 0.22650	 0.22834	 0.23545	 0.24954	 0.26756	 0.28433	 0.29746	 0.30832	 0.31594	 0.31811	 0.31277	 0.30352	 0.29403	 0.28604	 0.27984	 0.27500	 0.27141	 0.26724	 0.26375	 0.26279	 0.26578	 0.27340	 0.28544	 0.30037	 0.31613	 0.33160	 0.34728	 0.36874	 0.40049	 0.43951	 0.47966	 0.51259	 0.53325	 0.54478	 0.55063	 0.55208	 0.55066	 0.54666	 0.54036	 0.53340	 0.52596	 0.51901	 0.51451	 0.51132	 0.50901	 0.50583	 0.50235	 0.49713	 0.49002	 0.48161	 0.47320	 0.46429	 0.45651	 0.45051	 0.44511	 0.44177	 0.44133	 0.44558	 0.45135	 0.45560	 0.45238	 0.44146	 0.42682	 0.41036	 0.39490	 0.38030	 0.36707	 0.35639	 0.34641	 0.33672
121 	 0.24522	 0.24531	 0.24913	 0.26012	 0.28107	 0.30745	 0.33093	 0.34827	 0.36155	 0.37027	 0.37245	 0.36600	 0.35551	 0.34526	 0.33705	 0.33091	 0.32643	 0.32333	 0.32009	 0.31814	 0.31948	 0.32590	 0.33797	 0.35496	 0.37472	 0.39417	 0.41241	 0.43218	 0.46098	 0.50336	 0.55282	 0.59824	 0.63094	 0.64882	 0.65783	 0.66215	 0.66284	 0.66017	 0.65485	 0.64717	 0.63880	 0.63015	 0.62223	 0.61688	 0.61266	 0.60906	 0.60478	 0.60045	 0.59469	 0.58720	 0.57873	 0.57056	 0.56187	 0.55394	 0.54753	 0.54195	 0.53846	 0.53793	 0.54146	 0.54505	 0.54576	 0.53776	 0.52092	 0.49956	 0.47673	 0.45511	 0.43437	 0.41713	 0.40146	 0.38699	 0.37328
122 	 0.23506	 0.23508	 0.23915	 0.25045	 0.27214	 0.29946	 0.32353	 0.34132	 0.35502	 0.36404	 0.36660	 0.36046	 0.34947	 0.33858	 0.33020	 0.32387	 0.31961	 0.31648	 0.31304	 0.31101	 0.31228	 0.31903	 0.33175	 0.34962	 0.37011	 0.39054	 0.40942	 0.42994	 0.46013	 0.50485	 0.55655	 0.60450	 0.63958	 0.65923	 0.66883	 0.67350	 0.67446	 0.67117	 0.66475	 0.65643	 0.64742	 0.63838	 0.63044	 0.62499	 0.62052	 0.61635	 0.61205	 0.60748	 0.60110	 0.59298	 0.58391	 0.57553	 0.56662	 0.55793	 0.55077	 0.54460	 0.54115	 0.54109	 0.54519	 0.54924	 0.54911	 0.53998	 0.52188	 0.49907	 0.47446	 0.45150	 0.43028	 0.41120	 0.39466	 0.38006	 0.36527
131 	 0.25822	 0.25770	 0.26116	 0.27222	 0.29362	 0.32088	 0.34610	 0.36570	 0.38120	 0.39179	 0.39479	 0.38782	 0.37596	 0.36428	 0.35496	 0.34799	 0.34314	 0.33977	 0.33592	 0.33303	 0.33340	 0.33915	 0.35105	 0.36845	 0.38937	 0.41046	 0.43044	 0.45066	 0.47839	 0.51805	 0.56367	 0.60569	 0.63608	 0.65261	 0.66081	 0.66510	 0.66635	 0.66482	 0.66160	 0.65652	 0.65053	 0.64393	 0.63788	 0.63420	 0.63111	 0.62864	 0.62561	 0.62223	 0.61713	 0.61021	 0.60214	 0.59441	 0.58606	 0.57812	 0.57150	 0.56575	 0.56211	 0.56126	 0.56482	 0.56904	 0.56996	 0.56131	 0.54330	 0.52051	 0.49663	 0.47406	 0.45289	 0.43390	 0.41785	 0.40325	 0.39020
132 	 0.24898	 0.24841	 0.25197	 0.26294	 0.28455	 0.31229	 0.33748	 0.35691	 0.37238	 0.38291	 0.38615	 0.37965	 0.36756	 0.35536	 0.34594	 0.33899	 0.33435	 0.33088	 0.32684	 0.32386	 0.32420	 0.33025	 0.34257	 0.36051	 0.38176	 0.40341	 0.42348	 0.44405	 0.47244	 0.51334	 0.55994	 0.60306	 0.63454	 0.65183	 0.66025	 0.66465	 0.66608	 0.66412	 0.65988	 0.65411	 0.64764	 0.64099	 0.63510	 0.63129	 0.62820	 0.62524	 0.62210	 0.61862	 0.61322	 0.60602	 0.59764	 0.58987	 0.58146	 0.57310	 0.56602	 0.55977	 0.55617	 0.55598	 0.56025	 0.56485	 0.56526	 0.55602	 0.53743	 0.51440	 0.48977	 0.46697	 0.44552	 0.42656	 0.40938	 0.39532	 0.38202
141 	 0.33120	 0.33017	 0.33365	 0.34456	 0.36501	 0.39123	 0.41608	 0.43582	 0.45173	 0.46258	 0.46538	 0.45731	 0.44361	 0.42996	 0.41926	 0.41145	 0.40574	 0.40161	 0.39686	 0.39274	 0.39204	 0.39719	 0.40902	 0.42699	 0.44909	 0.47181	 0.49332	 0.51436	 0.54215	 0.58129	 0.62575	 0.66616	 0.69489	 0.70991	 0.71691	 0.72047	 0.72137	 0.71992	 0.71694	 0.71259	 0.70761	 0.70181	 0.69650	 0.69356	 0.69104	 0.68885	 0.68634	 0.68336	 0.67895	 0.67252	 0.66490	 0.65782	 0.65001	 0.64248	 0.63609	 0.63072	 0.62770	 0.62739	 0.63165	 0.63712	 0.63969	 0.63300	 0.61635	 0.59378	 0.57003	 0.54783	 0.52760	 0.51108	 0.49507	 0.48163	 0.46914
142 	 0.32944	 0.32839	 0.33183	 0.34255	 0.36269	 0.38839	 0.41255	 0.43176	 0.44733	 0.45793	 0.46058	 0.45264	 0.43912	 0.42563	 0.41512	 0.40736	 0.40174	 0.39758	 0.39280	 0.38873	 0.38805	 0.39315	 0.40476	 0.42249	 0.44436	 0.46683	 0.48802	 0.50891	 0.53653	 0.57553	 0.62007	 0.66063	 0.68956	 0.70476	 0.71199	 0.71561	 0.71640	 0.71485	 0.71178	 0.70729	 0.70236	 0.69658	 0.69115	 0.68817	 0.68555	 0.68328	 0.68072	 0.67769	 0.67317	 0.66672	 0.65896	 0.65184	 0.64400	 0.63640	 0.63002	 0.62465	 0.62170	 0.62149	 0.62587	 0.63153	 0.63437	 0.62788	 0.61157	 0.58959	 0.56599	 0.54430	 0.52467	 0.50829	 0.49241	 0.47928	 0.46677
151 	 0.24397	 0.24381	 0.24769	 0.25870	 0.27936	 0.30534	 0.32912	 0.34783	 0.36288	 0.37304	 0.37600	 0.36973	 0.35869	 0.34751	 0.33877	 0.33225	 0.32745	 0.32415	 0.32030	 0.31707	 0.31707	 0.32224	 0.33308	 0.34936	 0.36910	 0.38904	 0.40793	 0.42680	 0.45234	 0.48909	 0.53183	 0.57168	 0.60102	 0.61745	 0.62570	 0.62988	 0.63070	 0.62900	 0.62539	 0.62026	 0.61485	 0.60860	 0.60260	 0.59915	 0.59626	 0.59372	 0.59081	 0.58749	 0.58268	 0.57591	 0.56779	 0.56041	 0.55232	 0.54461	 0.53844	 0.53297	 0.52962	 0.52890	 0.53240	 0.53642	 0.53677	 0.52802	 0.51076	 0.48923	 0.46637	 0.44424	 0.42348	 0.40552	 0.39074	 0.37718	 0.36441
152 	 0.24400	 0.24380	 0.24760	 0.25875	 0.27975	 0.30621	 0.33041	 0.34953	 0.36497	 0.37524	 0.37816	 0.37177	 0.36054	 0.34910	 0.34012	 0.33352	 0.32874	 0.32541	 0.32151	 0.31829	 0.31833	 0.32362	 0.33471	 0.35140	 0.37164	 0.39211	 0.41140	 0.43062	 0.45668	 0.49420	 0.53772	 0.57833	 0.60843	 0.62530	 0.63380	 0.63811	 0.63919	 0.63739	 0.63363	 0.62847	 0.62294	 0.61661	 0.61056	 0.60705	 0.60418	 0.60149	 0.59849	 0.59516	 0.59026	 0.58339	 0.57511	 0.56760	 0.55946	 0.55155	 0.54528	 0.53969	 0.53616	 0.53569	 0.53946	 0.54351	 0.54363	 0.53424	 0.51655	 0.49417	 0.47012	 0.44763	 0.42642	 0.40792	 0.39240	 0.37885	 0.36527
161 	 0.23260	 0.23187	 0.23456	 0.24330	 0.25989	 0.28100	 0.29991	 0.31429	 0.32590	 0.33390	 0.33638	 0.33120	 0.32169	 0.31165	 0.30358	 0.29748	 0.29280	 0.28930	 0.28531	 0.28204	 0.28172	 0.28601	 0.29506	 0.30872	 0.32530	 0.34195	 0.35787	 0.37428	 0.39744	 0.43140	 0.47163	 0.51058	 0.54071	 0.55837	 0.56739	 0.57171	 0.57237	 0.56985	 0.56508	 0.55868	 0.55197	 0.54462	 0.53779	 0.53379	 0.53069	 0.52786	 0.52460	 0.52097	 0.51582	 0.50883	 0.50044	 0.49287	 0.48480	 0.47711	 0.47125	 0.46596	 0.46259	 0.46199	 0.46556	 0.47002	 0.47221	 0.46694	 0.45439	 0.43736	 0.41918	 0.40207	 0.38561	 0.37087	 0.35890	 0.34822	 0.33900
162 	 0.23161	 0.23084	 0.23356	 0.24218	 0.25895	 0.28033	 0.29944	 0.31390	 0.32548	 0.33363	 0.33625	 0.33102	 0.32122	 0.31110	 0.30300	 0.29670	 0.29216	 0.28862	 0.28460	 0.28141	 0.28101	 0.28541	 0.29476	 0.30867	 0.32517	 0.34216	 0.35812	 0.37475	 0.39840	 0.43322	 0.47376	 0.51335	 0.54405	 0.56194	 0.57086	 0.57532	 0.57630	 0.57392	 0.56888	 0.56211	 0.55474	 0.54735	 0.54079	 0.53658	 0.53338	 0.53048	 0.52724	 0.52359	 0.51808	 0.51102	 0.50282	 0.49519	 0.48711	 0.47922	 0.47289	 0.46737	 0.46416	 0.46393	 0.46782	 0.47247	 0.47461	 0.46966	 0.45674	 0.43964	 0.42087	 0.40329	 0.38691	 0.37215	 0.36000	 0.34951	 0.33901
181 	 0.24535	 0.24378	 0.24551	 0.25285	 0.26658	 0.28404	 0.30072	 0.31475	 0.32692	 0.33522	 0.33758	 0.33207	 0.32223	 0.31176	 0.30321	 0.29662	 0.29166	 0.28797	 0.28329	 0.27882	 0.27690	 0.27931	 0.28633	 0.29827	 0.31400	 0.33105	 0.34768	 0.36359	 0.38413	 0.41355	 0.44941	 0.48743	 0.52003	 0.54122	 0.55289	 0.55879	 0.56056	 0.55908	 0.55565	 0.55080	 0.54530	 0.53893	 0.53304	 0.52979	 0.52733	 0.52514	 0.52268	 0.51987	 0.51522	 0.50834	 0.49986	 0.49214	 0.48396	 0.47595	 0.46978	 0.46436	 0.46121	 0.46162	 0.46705	 0.47360	 0.47812	 0.47532	 0.46489	 0.45046	 0.43416	 0.41885	 0.40379	 0.39112	 0.37998	 0.36979	 0.36040
182 	 0.24072	 0.23924	 0.24111	 0.24863	 0.26291	 0.28116	 0.29849	 0.31297	 0.32557	 0.33423	 0.33674	 0.33119	 0.32119	 0.31051	 0.30177	 0.29513	 0.29022	 0.28656	 0.28188	 0.27742	 0.27546	 0.27806	 0.28542	 0.29774	 0.31389	 0.33133	 0.34827	 0.36451	 0.38546	 0.41551	 0.45207	 0.49057	 0.52330	 0.54437	 0.55563	 0.56123	 0.56282	 0.56114	 0.55763	 0.55277	 0.54712	 0.54073	 0.53483	 0.53155	 0.52905	 0.52671	 0.52420	 0.52133	 0.51658	 0.50968	 0.50112	 0.49330	 0.48497	 0.47696	 0.47060	 0.46496	 0.46181	 0.46226	 0.46772	 0.47421	 0.47847	 0.47509	 0.46413	 0.44880	 0.43167	 0.41563	 0.40041	 0.38769	 0.37642	 0.36637	 0.35635
191 	 0.23545	 0.23406	 0.23624	 0.24487	 0.26188	 0.28415	 0.30478	 0.32105	 0.33457	 0.34409	 0.34728	 0.34158	 0.33081	 0.31927	 0.31002	 0.30316	 0.29819	 0.29449	 0.28994	 0.28604	 0.28513	 0.28919	 0.29867	 0.31339	 0.33164	 0.35061	 0.36873	 0.38683	 0.41120	 0.44656	 0.48906	 0.53151	 0.56529	 0.58585	 0.59645	 0.60163	 0.60306	 0.60085	 0.59650	 0.59062	 0.58408	 0.57698	 0.57049	 0.56667	 0.56364	 0.56087	 0.55786	 0.55448	 0.54936	 0.54195	 0.53299	 0.52483	 0.51615	 0.50766	 0.50084	 0.49481	 0.49125	 0.49121	 0.49612	 0.50250	 0.50690	 0.50318	 0.49087	 0.47377	 0.45466	 0.43714	 0.42029	 0.40537	 0.39311	 0.38117	 0.36963
201 	 0.28643	 0.28489	 0.28682	 0.29464	 0.30957	 0.32821	 0.34468	 0.35696	 0.36678	 0.37293	 0.37362	 0.36679	 0.35629	 0.34603	 0.33790	 0.33148	 0.32665	 0.32312	 0.31899	 0.31560	 0.31501	 0.31920	 0.32817	 0.34130	 0.35697	 0.37289	 0.38803	 0.40431	 0.42789	 0.46266	 0.50299	 0.54095	 0.56932	 0.58553	 0.59349	 0.59733	 0.59817	 0.59553	 0.59078	 0.58452	 0.57768	 0.57051	 0.56393	 0.55969	 0.55602	 0.55259	 0.54909	 0.54535	 0.54005	 0.53299	 0.52481	 0.51763	 0.50996	 0.50235	 0.49614	 0.49066	 0.48767	 0.48808	 0.49338	 0.50032	 0.50626	 0.50638	 0.49947	 0.48829	 0.47520	 0.46296	 0.45193	 0.44135	 0.43158	 0.42232	 0.41362
202 	 0.27191	 0.27050	 0.27256	 0.28072	 0.29650	 0.31658	 0.33439	 0.34776	 0.35858	 0.36549	 0.36667	 0.35997	 0.34927	 0.33871	 0.33036	 0.32374	 0.31897	 0.31546	 0.31141	 0.30808	 0.30765	 0.31216	 0.32175	 0.33577	 0.35239	 0.36936	 0.38546	 0.40260	 0.42725	 0.46349	 0.50545	 0.54490	 0.57435	 0.59107	 0.59934	 0.60351	 0.60441	 0.60180	 0.59698	 0.59060	 0.58362	 0.57642	 0.56984	 0.56549	 0.56184	 0.55853	 0.55507	 0.55129	 0.54593	 0.53868	 0.53032	 0.52293	 0.51503	 0.50717	 0.50065	 0.49495	 0.49175	 0.49207	 0.49717	 0.50361	 0.50861	 0.50723	 0.49874	 0.48551	 0.47049	 0.45639	 0.44356	 0.43203	 0.42132	 0.41135	 0.40152
211 	 0.28017	 0.27987	 0.28400	 0.29634	 0.31987	 0.34978	 0.37702	 0.39792	 0.41461	 0.42595	 0.42946	 0.42245	 0.40951	 0.39637	 0.38637	 0.37900	 0.37408	 0.37052	 0.36628	 0.36295	 0.36321	 0.36968	 0.38266	 0.40156	 0.42407	 0.44694	 0.46809	 0.48943	 0.51830	 0.55945	 0.60586	 0.64844	 0.67942	 0.69625	 0.70430	 0.70830	 0.70966	 0.70753	 0.70331	 0.69776	 0.69151	 0.68498	 0.67907	 0.67525	 0.67197	 0.66901	 0.66592	 0.66254	 0.65746	 0.65024	 0.64181	 0.63426	 0.62598	 0.61759	 0.61055	 0.60433	 0.60083	 0.60080	 0.60490	 0.60909	 0.60893	 0.59886	 0.57859	 0.55327	 0.52658	 0.50171	 0.47919	 0.45909	 0.44189	 0.42689	 0.41253
212 	 0.28148	 0.28149	 0.28608	 0.29918	 0.32411	 0.35603	 0.38515	 0.40754	 0.42535	 0.43743	 0.44139	 0.43434	 0.42096	 0.40742	 0.39710	 0.38962	 0.38470	 0.38111	 0.37698	 0.37373	 0.37407	 0.38089	 0.39464	 0.41456	 0.43825	 0.46226	 0.48439	 0.50666	 0.53655	 0.57917	 0.62712	 0.67088	 0.70271	 0.71996	 0.72826	 0.73245	 0.73396	 0.73190	 0.72771	 0.72211	 0.71581	 0.70930	 0.70341	 0.69960	 0.69625	 0.69328	 0.69019	 0.68675	 0.68159	 0.67422	 0.66567	 0.65790	 0.64944	 0.64085	 0.63353	 0.62711	 0.62338	 0.62312	 0.62683	 0.63046	 0.62896	 0.61669	 0.59390	 0.56602	 0.53664	 0.50934	 0.48405	 0.46302	 0.44488	 0.42861	 0.41455
221 	 0.24027	 0.24106	 0.24654	 0.26078	 0.28766	 0.32190	 0.35331	 0.37781	 0.39760	 0.41130	 0.41621	 0.40972	 0.39645	 0.38267	 0.37219	 0.36471	 0.35995	 0.35666	 0.35267	 0.34951	 0.35004	 0.35700	 0.37107	 0.39185	 0.41665	 0.44208	 0.46568	 0.48910	 0.52021	 0.56457	 0.61531	 0.66240	 0.69709	 0.71630	 0.72567	 0.73048	 0.73231	 0.73053	 0.72653	 0.72106	 0.71480	 0.70826	 0.70236	 0.69848	 0.69524	 0.69224	 0.68919	 0.68572	 0.68041	 0.67280	 0.66396	 0.65584	 0.64700	 0.63800	 0.63027	 0.62356	 0.61956	 0.61900	 0.62217	 0.62382	 0.61809	 0.59946	 0.56978	 0.53590	 0.50078	 0.46854	 0.43933	 0.41426	 0.39304	 0.37577	 0.35927
222 	 0.24771	 0.24853	 0.25414	 0.26878	 0.29648	 0.33170	 0.36401	 0.38938	 0.40970	 0.42370	 0.42877	 0.42209	 0.40848	 0.39450	 0.38386	 0.37632	 0.37158	 0.36822	 0.36410	 0.36086	 0.36130	 0.36838	 0.38281	 0.40383	 0.42902	 0.45481	 0.47865	 0.50218	 0.53327	 0.57751	 0.62787	 0.67457	 0.70891	 0.72780	 0.73707	 0.74191	 0.74390	 0.74229	 0.73851	 0.73329	 0.72728	 0.72096	 0.71522	 0.71153	 0.70836	 0.70545	 0.70252	 0.69922	 0.69400	 0.68661	 0.67798	 0.67011	 0.66140	 0.65258	 0.64494	 0.63831	 0.63449	 0.63394	 0.63680	 0.63807	 0.63186	 0.61259	 0.58227	 0.54732	 0.51139	 0.47853	 0.44814	 0.42322	 0.40267	 0.38521	 0.36880
231 	 0.28611	 0.28586	 0.29006	 0.30200	 0.32422	 0.35182	 0.37713	 0.39732	 0.41360	 0.42453	 0.42777	 0.42097	 0.40840	 0.39558	 0.38564	 0.37826	 0.37346	 0.37000	 0.36570	 0.36188	 0.36106	 0.36602	 0.37694	 0.39351	 0.41382	 0.43493	 0.45432	 0.47330	 0.49801	 0.53233	 0.56993	 0.60416	 0.62897	 0.64196	 0.64790	 0.65105	 0.65211	 0.65053	 0.64742	 0.64328	 0.63854	 0.63352	 0.62896	 0.62624	 0.62402	 0.62199	 0.61970	 0.61712	 0.61296	 0.60719	 0.60061	 0.59481	 0.58830	 0.58162	 0.57611	 0.57123	 0.56875	 0.56938	 0.57345	 0.57718	 0.57716	 0.56845	 0.55076	 0.52828	 0.50404	 0.48215	 0.46148	 0.44443	 0.42963	 0.41650	 0.40401
232 	 0.28316	 0.28303	 0.28737	 0.29975	 0.32285	 0.35178	 0.37854	 0.39996	 0.41743	 0.42925	 0.43293	 0.42613	 0.41315	 0.39987	 0.38965	 0.38218	 0.37729	 0.37371	 0.36938	 0.36549	 0.36481	 0.37005	 0.38159	 0.39917	 0.42059	 0.44296	 0.46359	 0.48356	 0.50941	 0.54540	 0.58508	 0.62134	 0.64772	 0.66158	 0.66795	 0.67137	 0.67265	 0.67112	 0.66797	 0.66374	 0.65897	 0.65389	 0.64929	 0.64662	 0.64438	 0.64229	 0.64002	 0.63745	 0.63318	 0.62718	 0.62027	 0.61411	 0.60723	 0.60017	 0.59416	 0.58886	 0.58615	 0.58650	 0.59034	 0.59377	 0.59250	 0.58168	 0.56165	 0.53630	 0.50969	 0.48570	 0.46364	 0.44481	 0.42833	 0.41408	 0.40149
241 	 0.23651	 0.23541	 0.23774	 0.24567	 0.26068	 0.27979	 0.29776	 0.31249	 0.32504	 0.33394	 0.33712	 0.33211	 0.32203	 0.31131	 0.30266	 0.29584	 0.29098	 0.28723	 0.28270	 0.27849	 0.27682	 0.27972	 0.28755	 0.30034	 0.31650	 0.33412	 0.35085	 0.36712	 0.38864	 0.41957	 0.45599	 0.49350	 0.52436	 0.54317	 0.55266	 0.55733	 0.55849	 0.55661	 0.55263	 0.54726	 0.54121	 0.53499	 0.52940	 0.52596	 0.52349	 0.52140	 0.51893	 0.51595	 0.51101	 0.50416	 0.49618	 0.48884	 0.48102	 0.47322	 0.46702	 0.46171	 0.45891	 0.45939	 0.46427	 0.47018	 0.47401	 0.47056	 0.45911	 0.44395	 0.42632	 0.41018	 0.39527	 0.38221	 0.37073	 0.35974	 0.35000
242 	 0.23589	 0.23477	 0.23715	 0.24503	 0.26010	 0.27929	 0.29729	 0.31195	 0.32447	 0.33347	 0.33674	 0.33182	 0.32177	 0.31101	 0.30238	 0.29560	 0.29081	 0.28707	 0.28251	 0.27839	 0.27680	 0.27979	 0.28765	 0.30046	 0.31667	 0.33436	 0.35118	 0.36745	 0.38899	 0.42001	 0.45646	 0.49374	 0.52432	 0.54280	 0.55199	 0.55655	 0.55769	 0.55581	 0.55189	 0.54657	 0.54065	 0.53441	 0.52886	 0.52551	 0.52313	 0.52109	 0.51863	 0.51572	 0.51084	 0.50413	 0.49624	 0.48892	 0.48114	 0.47350	 0.46747	 0.46218	 0.45934	 0.45980	 0.46470	 0.47069	 0.47451	 0.47090	 0.45983	 0.44436	 0.42729	 0.41124	 0.39530	 0.38137	 0.37031	 0.35964	 0.34886
251 	 0.29064	 0.29099	 0.29646	 0.31160	 0.34035	 0.37720	 0.41194	 0.44003	 0.46293	 0.47897	 0.48477	 0.47723	 0.46177	 0.44586	 0.43384	 0.42549	 0.42032	 0.41652	 0.41176	 0.40786	 0.40783	 0.41490	 0.42994	 0.45255	 0.48029	 0.50932	 0.53620	 0.56207	 0.59510	 0.64160	 0.69507	 0.74561	 0.78292	 0.80333	 0.81332	 0.81867	 0.82126	 0.82022	 0.81710	 0.81269	 0.80742	 0.80170	 0.79658	 0.79331	 0.79044	 0.78778	 0.78515	 0.78204	 0.77692	 0.76930	 0.76037	 0.75212	 0.74291	 0.73339	 0.72488	 0.71758	 0.71356	 0.71329	 0.71714	 0.71950	 0.71322	 0.69250	 0.65905	 0.62080	 0.58196	 0.54632	 0.51460	 0.48783	 0.46442	 0.44512	 0.42811
252 	 0.29650	 0.29687	 0.30270	 0.31865	 0.34891	 0.38776	 0.42440	 0.45395	 0.47801	 0.49480	 0.50087	 0.49302	 0.47687	 0.46016	 0.44756	 0.43889	 0.43357	 0.42968	 0.42479	 0.42081	 0.42084	 0.42824	 0.44402	 0.46780	 0.49706	 0.52759	 0.55582	 0.58282	 0.61719	 0.66547	 0.72072	 0.77236	 0.80990	 0.82987	 0.83941	 0.84444	 0.84697	 0.84587	 0.84275	 0.83846	 0.83333	 0.82771	 0.82269	 0.81952	 0.81667	 0.81398	 0.81129	 0.80813	 0.80299	 0.79547	 0.78653	 0.77822	 0.76890	 0.75932	 0.75073	 0.74335	 0.73929	 0.73906	 0.74275	 0.74466	 0.73724	 0.71466	 0.67897	 0.63794	 0.59711	 0.55988	 0.52628	 0.49863	 0.47516	 0.45484	 0.43660
261 	 0.25499	 0.25492	 0.25904	 0.27047	 0.29198	 0.31923	 0.34412	 0.36353	 0.37914	 0.39005	 0.39384	 0.38786	 0.37620	 0.36421	 0.35491	 0.34803	 0.34350	 0.34002	 0.33588	 0.33265	 0.33259	 0.33810	 0.34972	 0.36700	 0.38768	 0.40897	 0.42878	 0.44860	 0.47541	 0.51396	 0.55799	 0.59971	 0.63113	 0.64882	 0.65754	 0.66203	 0.66350	 0.66159	 0.65731	 0.65153	 0.64511	 0.63836	 0.63246	 0.62880	 0.62589	 0.62315	 0.62021	 0.61692	 0.61176	 0.60464	 0.59632	 0.58865	 0.58036	 0.57215	 0.56535	 0.55941	 0.55604	 0.55589	 0.55975	 0.56358	 0.56308	 0.55281	 0.53328	 0.50889	 0.48321	 0.45888	 0.43691	 0.41753	 0.40130	 0.38650	 0.37325
262 	 0.25340	 0.25339	 0.25757	 0.26922	 0.29112	 0.31901	 0.34448	 0.36426	 0.38016	 0.39132	 0.39519	 0.38922	 0.37749	 0.36536	 0.35595	 0.34894	 0.34429	 0.34078	 0.33659	 0.33334	 0.33335	 0.33901	 0.35087	 0.36844	 0.38942	 0.41100	 0.43096	 0.45087	 0.47778	 0.51625	 0.55992	 0.60093	 0.63148	 0.64845	 0.65669	 0.66089	 0.66220	 0.66026	 0.65606	 0.65034	 0.64404	 0.63751	 0.63174	 0.62816	 0.62525	 0.62266	 0.61980	 0.61648	 0.61141	 0.60451	 0.59644	 0.58898	 0.58086	 0.57276	 0.56612	 0.56027	 0.55699	 0.55686	 0.56055	 0.56412	 0.56308	 0.55250	 0.53278	 0.50805	 0.48188	 0.45758	 0.43568	 0.41603	 0.39930	 0.38399	 0.37057
