11 	 0.29309	 0.29345	 0.29960	 0.31710	 0.34786	 0.38603	 0.42276	 0.45306	 0.47748	 0.49500	 0.50074	 0.49233	 0.47591	 0.45966	 0.44706	 0.43857	 0.43327	 0.42893	 0.42428	 0.42048	 0.41951	 0.42584	 0.44190	 0.46582	 0.49542	 0.52721	 0.55724	 0.58494	 0.61894	 0.66691	 0.72254	 0.77385	 0.81172	 0.83253	 0.84175	 0.84607	 0.84848	 0.84836	 0.84543	 0.84201	 0.83707	 0.83069	 0.82545	 0.82216	 0.81891	 0.81605	 0.81302	 0.81082	 0.80678	 0.80026	 0.79078	 0.78167	 0.77225	 0.76303	 0.75496	 0.74860	 0.74513	 0.74445	 0.74664	 0.74693	 0.73803	 0.71410	 0.67705	 0.63457	 0.59222	 0.55390	 0.51969	 0.49051	 0.46578	 0.44487	 0.42797
12 	 0.29158	 0.29192	 0.29793	 0.31508	 0.34518	 0.38212	 0.41750	 0.44655	 0.46995	 0.48661	 0.49192	 0.48377	 0.46805	 0.45252	 0.44050	 0.43217	 0.42713	 0.42294	 0.41845	 0.41475	 0.41380	 0.41990	 0.43543	 0.45861	 0.48700	 0.51749	 0.54639	 0.57286	 0.60544	 0.65148	 0.70454	 0.75306	 0.78857	 0.80777	 0.81616	 0.81997	 0.82205	 0.82175	 0.81886	 0.81541	 0.81063	 0.80438	 0.79911	 0.79585	 0.79267	 0.78977	 0.78689	 0.78465	 0.78079	 0.77454	 0.76533	 0.75652	 0.74751	 0.73878	 0.73118	 0.72510	 0.72192	 0.72126	 0.72337	 0.72355	 0.71545	 0.69339	 0.65929	 0.61919	 0.57922	 0.54290	 0.50983	 0.48131	 0.45831	 0.43903	 0.42211
21 	 0.29605	 0.29615	 0.30208	 0.31945	 0.35011	 0.38829	 0.42486	 0.45485	 0.47913	 0.49688	 0.50338	 0.49570	 0.47993	 0.46401	 0.45156	 0.44287	 0.43741	 0.43267	 0.42749	 0.42316	 0.42166	 0.42728	 0.44271	 0.46614	 0.49527	 0.52659	 0.55603	 0.58226	 0.61383	 0.65832	 0.70995	 0.75788	 0.79355	 0.81317	 0.82182	 0.82572	 0.82776	 0.82734	 0.82413	 0.82048	 0.81559	 0.80935	 0.80413	 0.80115	 0.79829	 0.79572	 0.79305	 0.79098	 0.78727	 0.78117	 0.77225	 0.76365	 0.75485	 0.74626	 0.73875	 0.73282	 0.72960	 0.72872	 0.73040	 0.72999	 0.72137	 0.69863	 0.66332	 0.62258	 0.58160	 0.54514	 0.51198	 0.48390	 0.45977	 0.44104	 0.42460
22 	 0.29966	 0.29993	 0.30586	 0.32321	 0.35372	 0.39146	 0.42755	 0.45707	 0.48085	 0.49818	 0.50442	 0.49687	 0.48144	 0.46589	 0.45357	 0.44497	 0.43955	 0.43494	 0.42983	 0.42555	 0.42408	 0.42966	 0.44492	 0.46813	 0.49675	 0.52744	 0.55614	 0.58167	 0.61246	 0.65562	 0.70495	 0.74986	 0.78252	 0.80016	 0.80767	 0.81095	 0.81267	 0.81216	 0.80904	 0.80556	 0.80092	 0.79499	 0.79008	 0.78729	 0.78455	 0.78205	 0.77957	 0.77768	 0.77432	 0.76867	 0.76022	 0.75221	 0.74407	 0.73612	 0.72908	 0.72352	 0.72056	 0.71982	 0.72127	 0.72053	 0.71263	 0.69117	 0.65775	 0.61852	 0.57899	 0.54384	 0.51137	 0.48369	 0.46155	 0.44235	 0.42687
31 	 0.25343	 0.25356	 0.25884	 0.27402	 0.30065	 0.33363	 0.36553	 0.39207	 0.41357	 0.42905	 0.43397	 0.42628	 0.41138	 0.39685	 0.38559	 0.37752	 0.37278	 0.36878	 0.36438	 0.36066	 0.35935	 0.36437	 0.37820	 0.39924	 0.42552	 0.45427	 0.48170	 0.50675	 0.53776	 0.58219	 0.63478	 0.68541	 0.72492	 0.74779	 0.75851	 0.76345	 0.76580	 0.76529	 0.76189	 0.75786	 0.75243	 0.74554	 0.73958	 0.73581	 0.73234	 0.72921	 0.72616	 0.72355	 0.71907	 0.71201	 0.70192	 0.69203	 0.68206	 0.67260	 0.66442	 0.65808	 0.65492	 0.65469	 0.65785	 0.65977	 0.65380	 0.63488	 0.60411	 0.56788	 0.53047	 0.49773	 0.46712	 0.44064	 0.41841	 0.40052	 0.38496
32 	 0.25811	 0.25823	 0.26336	 0.27832	 0.30433	 0.33652	 0.36757	 0.39316	 0.41395	 0.42890	 0.43371	 0.42616	 0.41166	 0.39745	 0.38642	 0.37839	 0.37370	 0.36982	 0.36541	 0.36184	 0.36061	 0.36547	 0.37905	 0.39962	 0.42523	 0.45348	 0.48040	 0.50498	 0.53556	 0.57931	 0.63103	 0.68058	 0.71911	 0.74135	 0.75180	 0.75647	 0.75882	 0.75827	 0.75466	 0.75060	 0.74515	 0.73821	 0.73225	 0.72850	 0.72511	 0.72201	 0.71900	 0.71640	 0.71193	 0.70499	 0.69504	 0.68534	 0.67560	 0.66633	 0.65824	 0.65213	 0.64926	 0.64929	 0.65277	 0.65550	 0.65072	 0.63277	 0.60327	 0.56814	 0.53214	 0.49956	 0.46959	 0.44400	 0.42177	 0.40415	 0.38868
41 	 0.29243	 0.29256	 0.29847	 0.31557	 0.34543	 0.38249	 0.41868	 0.44903	 0.47386	 0.49185	 0.49766	 0.48887	 0.47195	 0.45522	 0.44220	 0.43303	 0.42768	 0.42323	 0.41801	 0.41361	 0.41208	 0.41750	 0.43283	 0.45652	 0.48660	 0.51972	 0.55136	 0.57976	 0.61408	 0.66299	 0.72134	 0.77765	 0.82112	 0.84576	 0.85710	 0.86223	 0.86482	 0.86458	 0.86146	 0.85783	 0.85274	 0.84600	 0.84012	 0.83652	 0.83308	 0.82992	 0.82674	 0.82396	 0.81916	 0.81190	 0.80136	 0.79104	 0.78046	 0.77021	 0.76099	 0.75406	 0.75084	 0.75097	 0.75475	 0.75667	 0.74846	 0.72432	 0.68724	 0.64380	 0.60037	 0.56135	 0.52667	 0.49615	 0.47185	 0.45174	 0.43420
42 	 0.29969	 0.29984	 0.30586	 0.32320	 0.35336	 0.39098	 0.42793	 0.45886	 0.48426	 0.50257	 0.50851	 0.49953	 0.48224	 0.46525	 0.45193	 0.44260	 0.43715	 0.43263	 0.42737	 0.42283	 0.42123	 0.42676	 0.44236	 0.46644	 0.49712	 0.53097	 0.56323	 0.59215	 0.62700	 0.67670	 0.73592	 0.79307	 0.83697	 0.86157	 0.87279	 0.87785	 0.88034	 0.88021	 0.87722	 0.87361	 0.86863	 0.86200	 0.85616	 0.85252	 0.84909	 0.84595	 0.84273	 0.83995	 0.83516	 0.82785	 0.81733	 0.80691	 0.79628	 0.78589	 0.77648	 0.76938	 0.76624	 0.76635	 0.76989	 0.77123	 0.76230	 0.73733	 0.69905	 0.65495	 0.61036	 0.57092	 0.53597	 0.50526	 0.48046	 0.45968	 0.44222
51 	 0.24001	 0.23926	 0.24240	 0.25302	 0.27243	 0.29630	 0.31765	 0.33380	 0.34624	 0.35503	 0.35784	 0.35202	 0.34166	 0.33209	 0.32447	 0.31822	 0.31434	 0.31091	 0.30737	 0.30522	 0.30477	 0.30899	 0.32006	 0.33572	 0.35354	 0.37264	 0.39106	 0.40900	 0.43435	 0.47173	 0.51439	 0.55265	 0.58063	 0.59590	 0.60233	 0.60458	 0.60511	 0.60275	 0.59729	 0.59136	 0.58440	 0.57621	 0.56951	 0.56501	 0.56099	 0.55714	 0.55350	 0.55060	 0.54646	 0.54033	 0.53164	 0.52331	 0.51510	 0.50767	 0.50163	 0.49731	 0.49535	 0.49498	 0.49708	 0.49959	 0.50081	 0.49542	 0.48275	 0.46507	 0.44475	 0.42652	 0.40856	 0.39254	 0.37891	 0.36802	 0.35735
52 	 0.24184	 0.24109	 0.24434	 0.25514	 0.27484	 0.29922	 0.32094	 0.33736	 0.35006	 0.35920	 0.36198	 0.35608	 0.34550	 0.33566	 0.32785	 0.32152	 0.31763	 0.31422	 0.31061	 0.30856	 0.30823	 0.31254	 0.32385	 0.33980	 0.35797	 0.37740	 0.39620	 0.41446	 0.44022	 0.47787	 0.52052	 0.55861	 0.58626	 0.60132	 0.60763	 0.60979	 0.61026	 0.60801	 0.60264	 0.59689	 0.59000	 0.58198	 0.57542	 0.57101	 0.56710	 0.56333	 0.55973	 0.55680	 0.55269	 0.54662	 0.53810	 0.52980	 0.52175	 0.51437	 0.50833	 0.50393	 0.50183	 0.50141	 0.50349	 0.50617	 0.50744	 0.50228	 0.48949	 0.47119	 0.45021	 0.43199	 0.41348	 0.39752	 0.38325	 0.37177	 0.35995
61 	 0.24809	 0.24809	 0.25308	 0.26799	 0.29443	 0.32734	 0.35843	 0.38351	 0.40384	 0.41908	 0.42491	 0.41821	 0.40444	 0.39079	 0.38007	 0.37232	 0.36760	 0.36342	 0.35866	 0.35503	 0.35376	 0.35847	 0.37190	 0.39225	 0.41705	 0.44404	 0.46975	 0.49306	 0.52231	 0.56459	 0.61526	 0.66494	 0.70506	 0.72943	 0.74128	 0.74658	 0.74886	 0.74781	 0.74341	 0.73831	 0.73183	 0.72407	 0.71746	 0.71340	 0.70996	 0.70681	 0.70359	 0.70072	 0.69585	 0.68867	 0.67832	 0.66817	 0.65799	 0.64832	 0.63986	 0.63336	 0.62994	 0.62901	 0.63133	 0.63291	 0.62719	 0.60862	 0.57831	 0.54288	 0.50733	 0.47434	 0.44520	 0.41984	 0.39847	 0.38211	 0.36766
62 	 0.25117	 0.25121	 0.25650	 0.27188	 0.29927	 0.33345	 0.36549	 0.39134	 0.41241	 0.42814	 0.43403	 0.42705	 0.41285	 0.39877	 0.38765	 0.37966	 0.37483	 0.37050	 0.36555	 0.36181	 0.36068	 0.36569	 0.37974	 0.40096	 0.42682	 0.45495	 0.48164	 0.50576	 0.53598	 0.57974	 0.63210	 0.68307	 0.72373	 0.74816	 0.76001	 0.76517	 0.76739	 0.76640	 0.76195	 0.75673	 0.75011	 0.74212	 0.73555	 0.73153	 0.72815	 0.72489	 0.72155	 0.71849	 0.71347	 0.70606	 0.69578	 0.68540	 0.67516	 0.66536	 0.65651	 0.64967	 0.64631	 0.64542	 0.64780	 0.64960	 0.64366	 0.62422	 0.59263	 0.55582	 0.51823	 0.48463	 0.45408	 0.42768	 0.40568	 0.38853	 0.37340
71 	 0.21889	 0.21883	 0.22359	 0.23740	 0.26128	 0.29035	 0.31752	 0.33941	 0.35702	 0.36947	 0.37318	 0.36615	 0.35332	 0.34107	 0.33153	 0.32432	 0.32010	 0.31661	 0.31262	 0.30964	 0.30881	 0.31331	 0.32572	 0.34412	 0.36648	 0.39093	 0.41440	 0.43625	 0.46483	 0.50580	 0.55334	 0.59761	 0.63142	 0.65091	 0.65983	 0.66354	 0.66517	 0.66394	 0.65970	 0.65531	 0.64949	 0.64216	 0.63608	 0.63225	 0.62873	 0.62528	 0.62199	 0.61933	 0.61490	 0.60826	 0.59898	 0.58978	 0.58082	 0.57239	 0.56491	 0.55937	 0.55709	 0.55724	 0.56047	 0.56347	 0.56123	 0.54853	 0.52612	 0.49806	 0.46808	 0.44123	 0.41578	 0.39330	 0.37537	 0.35870	 0.34568
81 	 0.23955	 0.23950	 0.24429	 0.25873	 0.28420	 0.31589	 0.34602	 0.37066	 0.39077	 0.40561	 0.41086	 0.40381	 0.38996	 0.37642	 0.36583	 0.35814	 0.35358	 0.34958	 0.34486	 0.34120	 0.33996	 0.34444	 0.35736	 0.37713	 0.40158	 0.42850	 0.45436	 0.47784	 0.50721	 0.54975	 0.60097	 0.65154	 0.69259	 0.71767	 0.73002	 0.73556	 0.73796	 0.73703	 0.73270	 0.72780	 0.72145	 0.71374	 0.70714	 0.70309	 0.69958	 0.69631	 0.69318	 0.69028	 0.68545	 0.67806	 0.66760	 0.65712	 0.64678	 0.63705	 0.62844	 0.62190	 0.61875	 0.61824	 0.62138	 0.62422	 0.61982	 0.60250	 0.57378	 0.53950	 0.50448	 0.47299	 0.44395	 0.41911	 0.39765	 0.38106	 0.36615
82 	 0.24889	 0.24878	 0.25363	 0.26805	 0.29347	 0.32515	 0.35526	 0.37983	 0.39997	 0.41475	 0.41997	 0.41283	 0.39885	 0.38531	 0.37461	 0.36680	 0.36216	 0.35814	 0.35345	 0.34977	 0.34852	 0.35315	 0.36623	 0.38625	 0.41091	 0.43798	 0.46390	 0.48737	 0.51675	 0.55903	 0.60926	 0.65792	 0.69638	 0.71920	 0.73002	 0.73472	 0.73684	 0.73584	 0.73178	 0.72725	 0.72133	 0.71393	 0.70772	 0.70396	 0.70058	 0.69742	 0.69441	 0.69168	 0.68711	 0.68016	 0.67021	 0.66046	 0.65073	 0.64149	 0.63330	 0.62711	 0.62431	 0.62396	 0.62712	 0.62998	 0.62610	 0.60971	 0.58205	 0.54870	 0.51477	 0.48352	 0.45510	 0.43075	 0.40949	 0.39237	 0.37777
91 	 0.19714	 0.19707	 0.20136	 0.21373	 0.23559	 0.26241	 0.28659	 0.30537	 0.32042	 0.33131	 0.33506	 0.32907	 0.31781	 0.30726	 0.29903	 0.29285	 0.28919	 0.28586	 0.28239	 0.28033	 0.28029	 0.28512	 0.29712	 0.31440	 0.33435	 0.35592	 0.37687	 0.39732	 0.42619	 0.46927	 0.52041	 0.56945	 0.60823	 0.63192	 0.64415	 0.64963	 0.65170	 0.64991	 0.64409	 0.63716	 0.62870	 0.61901	 0.61102	 0.60565	 0.60107	 0.59679	 0.59264	 0.58895	 0.58347	 0.57568	 0.56507	 0.55459	 0.54441	 0.53523	 0.52727	 0.52092	 0.51766	 0.51684	 0.51934	 0.52206	 0.52003	 0.50756	 0.48592	 0.45916	 0.43090	 0.40545	 0.38133	 0.36008	 0.34231	 0.32711	 0.31509
92 	 0.19948	 0.19996	 0.20392	 0.21576	 0.23736	 0.26383	 0.28825	 0.30742	 0.32263	 0.33348	 0.33698	 0.33118	 0.32004	 0.30959	 0.30147	 0.29561	 0.29179	 0.28825	 0.28496	 0.28277	 0.28221	 0.28708	 0.29892	 0.31585	 0.33561	 0.35657	 0.37685	 0.39739	 0.42620	 0.46871	 0.51960	 0.56908	 0.60903	 0.63408	 0.64673	 0.65317	 0.65628	 0.65416	 0.64808	 0.64103	 0.63234	 0.62238	 0.61491	 0.60977	 0.60480	 0.60020	 0.59597	 0.59259	 0.58712	 0.57886	 0.56809	 0.55764	 0.54731	 0.53787	 0.53042	 0.52431	 0.52055	 0.51923	 0.52145	 0.52461	 0.52268	 0.50994	 0.48828	 0.46175	 0.43329	 0.40781	 0.38358	 0.36263	 0.34495	 0.32999	 0.31722
101 	 0.21060	 0.20927	 0.21074	 0.21767	 0.23148	 0.24909	 0.26648	 0.28012	 0.29091	 0.29877	 0.30099	 0.29585	 0.28617	 0.27709	 0.26963	 0.26386	 0.25973	 0.25580	 0.25195	 0.24885	 0.24674	 0.24890	 0.25677	 0.26882	 0.28353	 0.29996	 0.31604	 0.33188	 0.35407	 0.38659	 0.42601	 0.46572	 0.49934	 0.52108	 0.53193	 0.53711	 0.53931	 0.53727	 0.53187	 0.52579	 0.51830	 0.50973	 0.50350	 0.49918	 0.49512	 0.49159	 0.48851	 0.48624	 0.48199	 0.47499	 0.46553	 0.45620	 0.44724	 0.43932	 0.43336	 0.42865	 0.42612	 0.42568	 0.42842	 0.43330	 0.43661	 0.43363	 0.42369	 0.40895	 0.39179	 0.37676	 0.36144	 0.34824	 0.33671	 0.32715	 0.31826
102 	 0.21406	 0.21267	 0.21409	 0.22090	 0.23432	 0.25147	 0.26833	 0.28166	 0.29220	 0.29976	 0.30195	 0.29670	 0.28717	 0.27804	 0.27057	 0.26480	 0.26069	 0.25685	 0.25303	 0.24996	 0.24787	 0.25000	 0.25765	 0.26942	 0.28387	 0.30003	 0.31576	 0.33126	 0.35313	 0.38508	 0.42359	 0.46228	 0.49492	 0.51569	 0.52593	 0.53060	 0.53247	 0.53036	 0.52506	 0.51904	 0.51160	 0.50317	 0.49698	 0.49263	 0.48860	 0.48509	 0.48202	 0.47994	 0.47584	 0.46902	 0.45962	 0.45046	 0.44175	 0.43409	 0.42834	 0.42390	 0.42133	 0.42099	 0.42374	 0.42844	 0.43188	 0.42954	 0.42095	 0.40720	 0.39077	 0.37620	 0.36206	 0.34973	 0.33827	 0.32938	 0.32100
121 	 0.23409	 0.23395	 0.23772	 0.24913	 0.26983	 0.29471	 0.31720	 0.33407	 0.34672	 0.35541	 0.35764	 0.35158	 0.34108	 0.33133	 0.32358	 0.31780	 0.31394	 0.31064	 0.30780	 0.30630	 0.30656	 0.31210	 0.32431	 0.34105	 0.36008	 0.37975	 0.39846	 0.41781	 0.44668	 0.48887	 0.53689	 0.58016	 0.61202	 0.63002	 0.63788	 0.64115	 0.64202	 0.63901	 0.63250	 0.62515	 0.61649	 0.60693	 0.59966	 0.59435	 0.58930	 0.58482	 0.58064	 0.57766	 0.57305	 0.56599	 0.55656	 0.54773	 0.53928	 0.53173	 0.52583	 0.52115	 0.51849	 0.51808	 0.52011	 0.52274	 0.52308	 0.51637	 0.50171	 0.48155	 0.45917	 0.43835	 0.41826	 0.40118	 0.38482	 0.37230	 0.36026
122 	 0.23081	 0.23047	 0.23446	 0.24670	 0.26843	 0.29473	 0.31768	 0.33484	 0.34793	 0.35685	 0.35946	 0.35297	 0.34214	 0.33226	 0.32425	 0.31813	 0.31446	 0.31119	 0.30798	 0.30644	 0.30710	 0.31267	 0.32538	 0.34308	 0.36290	 0.38376	 0.40369	 0.42379	 0.45364	 0.49820	 0.54930	 0.59543	 0.62924	 0.64825	 0.65712	 0.66044	 0.66106	 0.65803	 0.65120	 0.64358	 0.63460	 0.62454	 0.61636	 0.61079	 0.60588	 0.60128	 0.59666	 0.59279	 0.58742	 0.58020	 0.57066	 0.56139	 0.55246	 0.54434	 0.53745	 0.53213	 0.52972	 0.52956	 0.53220	 0.53515	 0.53511	 0.52718	 0.51066	 0.48838	 0.46381	 0.44194	 0.42075	 0.40201	 0.38549	 0.37187	 0.36009
131 	 0.24649	 0.24582	 0.24923	 0.26081	 0.28213	 0.30842	 0.33302	 0.35228	 0.36731	 0.37784	 0.38060	 0.37382	 0.36189	 0.35057	 0.34172	 0.33520	 0.33089	 0.32720	 0.32381	 0.32129	 0.32078	 0.32585	 0.33789	 0.35515	 0.37547	 0.39697	 0.41739	 0.43737	 0.46504	 0.50455	 0.54931	 0.58977	 0.61961	 0.63656	 0.64405	 0.64736	 0.64870	 0.64712	 0.64276	 0.63790	 0.63166	 0.62428	 0.61862	 0.61463	 0.61081	 0.60739	 0.60428	 0.60209	 0.59816	 0.59186	 0.58289	 0.57440	 0.56604	 0.55842	 0.55224	 0.54721	 0.54425	 0.54365	 0.54619	 0.54963	 0.55018	 0.54240	 0.52600	 0.50448	 0.48084	 0.45831	 0.43727	 0.41848	 0.40189	 0.38831	 0.37593
132 	 0.24071	 0.23981	 0.24331	 0.25498	 0.27653	 0.30320	 0.32757	 0.34652	 0.36145	 0.37192	 0.37498	 0.36803	 0.35608	 0.34497	 0.33602	 0.32916	 0.32511	 0.32152	 0.31775	 0.31523	 0.31497	 0.31985	 0.33214	 0.34993	 0.37040	 0.39243	 0.41349	 0.43359	 0.46149	 0.50195	 0.54795	 0.58919	 0.61952	 0.63657	 0.64451	 0.64765	 0.64868	 0.64702	 0.64246	 0.63742	 0.63103	 0.62328	 0.61712	 0.61316	 0.60961	 0.60625	 0.60292	 0.60012	 0.59574	 0.58941	 0.58049	 0.57181	 0.56341	 0.55572	 0.54894	 0.54351	 0.54097	 0.54053	 0.54330	 0.54686	 0.54744	 0.53934	 0.52277	 0.50041	 0.47563	 0.45361	 0.43226	 0.41361	 0.39653	 0.38348	 0.37097
141 	 0.32499	 0.32344	 0.32609	 0.33643	 0.35619	 0.38150	 0.40622	 0.42627	 0.44198	 0.45276	 0.45553	 0.44789	 0.43451	 0.42148	 0.41097	 0.40321	 0.39785	 0.39325	 0.38875	 0.38517	 0.38354	 0.38789	 0.39986	 0.41767	 0.43927	 0.46241	 0.48422	 0.50484	 0.53216	 0.57092	 0.61456	 0.65337	 0.68145	 0.69670	 0.70306	 0.70560	 0.70660	 0.70532	 0.70151	 0.69733	 0.69189	 0.68533	 0.68023	 0.67695	 0.67371	 0.67080	 0.66812	 0.66633	 0.66297	 0.65720	 0.64899	 0.64122	 0.63349	 0.62635	 0.62056	 0.61590	 0.61360	 0.61368	 0.61710	 0.62192	 0.62478	 0.61978	 0.60516	 0.58431	 0.56135	 0.53958	 0.51917	 0.50076	 0.48483	 0.47135	 0.45918
142 	 0.32337	 0.32196	 0.32443	 0.33452	 0.35379	 0.37852	 0.40269	 0.42224	 0.43766	 0.44821	 0.45086	 0.44325	 0.43000	 0.41718	 0.40681	 0.39915	 0.39387	 0.38936	 0.38494	 0.38129	 0.37971	 0.38393	 0.39568	 0.41320	 0.43445	 0.45733	 0.47892	 0.49945	 0.52663	 0.56529	 0.60888	 0.64789	 0.67625	 0.69188	 0.69843	 0.70105	 0.70209	 0.70080	 0.69689	 0.69266	 0.68717	 0.68045	 0.67521	 0.67180	 0.66849	 0.66566	 0.66295	 0.66114	 0.65768	 0.65191	 0.64353	 0.63561	 0.62782	 0.62068	 0.61482	 0.61010	 0.60780	 0.60799	 0.61155	 0.61666	 0.61951	 0.61469	 0.60030	 0.57956	 0.55684	 0.53493	 0.51513	 0.49686	 0.48186	 0.46832	 0.45588
151 	 0.23298	 0.23262	 0.23629	 0.24776	 0.26841	 0.29341	 0.31690	 0.33548	 0.35004	 0.36013	 0.36287	 0.35644	 0.34527	 0.33478	 0.32635	 0.32005	 0.31606	 0.31252	 0.30902	 0.30643	 0.30551	 0.30975	 0.32087	 0.33692	 0.35594	 0.37633	 0.39569	 0.41439	 0.43991	 0.47659	 0.51833	 0.55628	 0.58482	 0.60124	 0.60864	 0.61161	 0.61272	 0.61127	 0.60696	 0.60223	 0.59620	 0.58894	 0.58318	 0.57932	 0.57564	 0.57245	 0.56951	 0.56745	 0.56370	 0.55759	 0.54896	 0.54058	 0.53238	 0.52506	 0.51922	 0.51447	 0.51191	 0.51149	 0.51387	 0.51676	 0.51659	 0.50877	 0.49309	 0.47209	 0.44894	 0.42852	 0.40817	 0.39070	 0.37511	 0.36237	 0.35045
152 	 0.23473	 0.23431	 0.23803	 0.24968	 0.27063	 0.29622	 0.32025	 0.33932	 0.35426	 0.36456	 0.36732	 0.36076	 0.34931	 0.33846	 0.32982	 0.32337	 0.31923	 0.31566	 0.31212	 0.30942	 0.30858	 0.31294	 0.32437	 0.34098	 0.36055	 0.38159	 0.40164	 0.42091	 0.44706	 0.48471	 0.52769	 0.56694	 0.59654	 0.61344	 0.62116	 0.62432	 0.62549	 0.62397	 0.61965	 0.61482	 0.60870	 0.60133	 0.59544	 0.59146	 0.58779	 0.58445	 0.58144	 0.57918	 0.57531	 0.56902	 0.56016	 0.55166	 0.54329	 0.53568	 0.52963	 0.52486	 0.52215	 0.52181	 0.52435	 0.52733	 0.52694	 0.51857	 0.50210	 0.48023	 0.45664	 0.43506	 0.41390	 0.39545	 0.38005	 0.36694	 0.35478
161 	 0.22022	 0.21914	 0.22145	 0.23011	 0.24626	 0.26645	 0.28519	 0.29949	 0.31081	 0.31900	 0.32141	 0.31594	 0.30616	 0.29689	 0.28938	 0.28341	 0.27941	 0.27568	 0.27201	 0.26943	 0.26815	 0.27123	 0.28039	 0.29387	 0.30955	 0.32665	 0.34323	 0.35951	 0.38268	 0.41677	 0.45651	 0.49395	 0.52315	 0.54046	 0.54840	 0.55145	 0.55223	 0.55000	 0.54460	 0.53856	 0.53131	 0.52302	 0.51657	 0.51209	 0.50811	 0.50465	 0.50139	 0.49895	 0.49488	 0.48843	 0.47952	 0.47089	 0.46263	 0.45525	 0.44949	 0.44512	 0.44256	 0.44186	 0.44396	 0.44710	 0.44893	 0.44475	 0.43391	 0.41816	 0.40010	 0.38405	 0.36779	 0.35422	 0.34186	 0.33238	 0.32286
162 	 0.22086	 0.21961	 0.22196	 0.23068	 0.24698	 0.26738	 0.28592	 0.30002	 0.31124	 0.31931	 0.32205	 0.31651	 0.30666	 0.29744	 0.28991	 0.28380	 0.27996	 0.27634	 0.27242	 0.26985	 0.26877	 0.27184	 0.28111	 0.29476	 0.31059	 0.32804	 0.34488	 0.36119	 0.38460	 0.41938	 0.45995	 0.49795	 0.52747	 0.54490	 0.55315	 0.55616	 0.55677	 0.55438	 0.54884	 0.54276	 0.53541	 0.52687	 0.52021	 0.51582	 0.51212	 0.50872	 0.50531	 0.50244	 0.49804	 0.49166	 0.48292	 0.47423	 0.46597	 0.45862	 0.45246	 0.44773	 0.44538	 0.44484	 0.44714	 0.45056	 0.45264	 0.44858	 0.43726	 0.42128	 0.40290	 0.38720	 0.37071	 0.35686	 0.34482	 0.33405	 0.32523
181 	 0.23432	 0.23236	 0.23347	 0.24000	 0.25281	 0.26973	 0.28712	 0.30159	 0.31348	 0.32194	 0.32428	 0.31850	 0.30834	 0.29847	 0.29051	 0.28414	 0.27982	 0.27577	 0.27145	 0.26751	 0.26457	 0.26578	 0.27297	 0.28465	 0.29979	 0.31744	 0.33469	 0.35065	 0.37115	 0.40085	 0.43678	 0.47365	 0.50565	 0.52643	 0.53703	 0.54173	 0.54355	 0.54238	 0.53836	 0.53381	 0.52786	 0.52051	 0.51469	 0.51089	 0.50773	 0.50499	 0.50262	 0.50084	 0.49717	 0.49088	 0.48200	 0.47323	 0.46472	 0.45722	 0.45126	 0.44681	 0.44461	 0.44491	 0.44863	 0.45399	 0.45802	 0.45639	 0.44788	 0.43423	 0.41790	 0.40348	 0.38885	 0.37626	 0.36509	 0.35550	 0.34698
182 	 0.22676	 0.22493	 0.22627	 0.23334	 0.24703	 0.26478	 0.28286	 0.29791	 0.31026	 0.31899	 0.32147	 0.31565	 0.30533	 0.29533	 0.28722	 0.28077	 0.27648	 0.27237	 0.26798	 0.26413	 0.26141	 0.26279	 0.27029	 0.28247	 0.29815	 0.31630	 0.33400	 0.35025	 0.37129	 0.40178	 0.43864	 0.47620	 0.50844	 0.52901	 0.53936	 0.54372	 0.54532	 0.54405	 0.53989	 0.53529	 0.52932	 0.52195	 0.51609	 0.51226	 0.50895	 0.50613	 0.50369	 0.50182	 0.49803	 0.49162	 0.48262	 0.47376	 0.46511	 0.45747	 0.45140	 0.44670	 0.44451	 0.44484	 0.44867	 0.45400	 0.45784	 0.45507	 0.44574	 0.43076	 0.41372	 0.39890	 0.38319	 0.36963	 0.35858	 0.34818	 0.33909
191 	 0.22329	 0.22149	 0.22347	 0.23218	 0.24909	 0.27071	 0.29136	 0.30766	 0.32078	 0.33037	 0.33329	 0.32715	 0.31602	 0.30528	 0.29681	 0.29017	 0.28577	 0.28168	 0.27751	 0.27426	 0.27253	 0.27546	 0.28505	 0.29966	 0.31735	 0.33684	 0.35577	 0.37373	 0.39807	 0.43380	 0.47619	 0.51726	 0.55027	 0.57015	 0.57976	 0.58366	 0.58495	 0.58328	 0.57848	 0.57292	 0.56607	 0.55800	 0.55153	 0.54722	 0.54356	 0.54032	 0.53730	 0.53486	 0.53066	 0.52398	 0.51454	 0.50531	 0.49635	 0.48834	 0.48191	 0.47695	 0.47439	 0.47422	 0.47758	 0.48281	 0.48701	 0.48409	 0.47347	 0.45745	 0.43861	 0.42189	 0.40488	 0.39002	 0.37734	 0.36559	 0.35568
201 	 0.27753	 0.27530	 0.27628	 0.28311	 0.29698	 0.31461	 0.33113	 0.34378	 0.35338	 0.35959	 0.36059	 0.35385	 0.34356	 0.33413	 0.32649	 0.31999	 0.31565	 0.31167	 0.30769	 0.30491	 0.30356	 0.30638	 0.31538	 0.32832	 0.34325	 0.35957	 0.37547	 0.39134	 0.41490	 0.44967	 0.48957	 0.52574	 0.55280	 0.56826	 0.57534	 0.57782	 0.57828	 0.57619	 0.57078	 0.56487	 0.55793	 0.54964	 0.54307	 0.53843	 0.53426	 0.53046	 0.52680	 0.52408	 0.51975	 0.51342	 0.50498	 0.49674	 0.48882	 0.48181	 0.47599	 0.47169	 0.46996	 0.47039	 0.47410	 0.48019	 0.48671	 0.48898	 0.48502	 0.47487	 0.46250	 0.45050	 0.43877	 0.42738	 0.41766	 0.40914	 0.40121
202 	 0.26118	 0.25917	 0.26048	 0.26811	 0.28309	 0.30213	 0.32004	 0.33368	 0.34409	 0.35106	 0.35237	 0.34569	 0.33511	 0.32537	 0.31759	 0.31110	 0.30682	 0.30291	 0.29900	 0.29636	 0.29524	 0.29844	 0.30800	 0.32180	 0.33783	 0.35524	 0.37217	 0.38899	 0.41350	 0.44983	 0.49152	 0.52938	 0.55759	 0.57366	 0.58098	 0.58367	 0.58427	 0.58207	 0.57668	 0.57084	 0.56388	 0.55570	 0.54889	 0.54419	 0.54007	 0.53628	 0.53271	 0.52984	 0.52541	 0.51897	 0.51027	 0.50186	 0.49372	 0.48641	 0.48039	 0.47585	 0.47375	 0.47384	 0.47732	 0.48264	 0.48806	 0.48805	 0.48190	 0.46995	 0.45593	 0.44241	 0.42880	 0.41682	 0.40549	 0.39608	 0.38742
211 	 0.27117	 0.27055	 0.27453	 0.28749	 0.31089	 0.33969	 0.36617	 0.38677	 0.40285	 0.41403	 0.41751	 0.41035	 0.39762	 0.38552	 0.37584	 0.36859	 0.36402	 0.36011	 0.35620	 0.35347	 0.35316	 0.35837	 0.37149	 0.39037	 0.41225	 0.43553	 0.45755	 0.47845	 0.50679	 0.54774	 0.59394	 0.63518	 0.66514	 0.68167	 0.68894	 0.69171	 0.69268	 0.69099	 0.68641	 0.68133	 0.67505	 0.66746	 0.66122	 0.65709	 0.65335	 0.65000	 0.64674	 0.64401	 0.63971	 0.63331	 0.62451	 0.61600	 0.60754	 0.59972	 0.59304	 0.58792	 0.58535	 0.58504	 0.58766	 0.59072	 0.59076	 0.58192	 0.56357	 0.53929	 0.51334	 0.48897	 0.46630	 0.44564	 0.42836	 0.41368	 0.40101
212 	 0.27252	 0.27230	 0.27678	 0.29084	 0.31594	 0.34685	 0.37501	 0.39710	 0.41433	 0.42635	 0.43016	 0.42288	 0.40977	 0.39729	 0.38735	 0.37990	 0.37533	 0.37148	 0.36746	 0.36473	 0.36459	 0.37039	 0.38428	 0.40427	 0.42743	 0.45187	 0.47495	 0.49682	 0.52613	 0.56848	 0.61629	 0.65883	 0.68955	 0.70643	 0.71387	 0.71684	 0.71791	 0.71638	 0.71179	 0.70674	 0.70046	 0.69288	 0.68658	 0.68255	 0.67884	 0.67546	 0.67202	 0.66929	 0.66488	 0.65844	 0.64944	 0.64093	 0.63233	 0.62429	 0.61738	 0.61197	 0.60927	 0.60874	 0.61112	 0.61352	 0.61213	 0.60088	 0.57941	 0.55247	 0.52354	 0.49684	 0.47206	 0.45057	 0.43111	 0.41595	 0.40252
221 	 0.23176	 0.23246	 0.23831	 0.25404	 0.28126	 0.31430	 0.34449	 0.36821	 0.38700	 0.40036	 0.40486	 0.39781	 0.38459	 0.37190	 0.36202	 0.35484	 0.35057	 0.34704	 0.34319	 0.34067	 0.34067	 0.34656	 0.36077	 0.38143	 0.40555	 0.43125	 0.45560	 0.47853	 0.50887	 0.55271	 0.60299	 0.64866	 0.68218	 0.70084	 0.70940	 0.71301	 0.71444	 0.71321	 0.70883	 0.70388	 0.69764	 0.69007	 0.68383	 0.67975	 0.67605	 0.67259	 0.66925	 0.66644	 0.66194	 0.65526	 0.64590	 0.63688	 0.62787	 0.61946	 0.61215	 0.60651	 0.60350	 0.60261	 0.60428	 0.60469	 0.59843	 0.58074	 0.55241	 0.51885	 0.48457	 0.45406	 0.42566	 0.40115	 0.38067	 0.36461	 0.34983
222 	 0.23999	 0.24074	 0.24674	 0.26300	 0.29112	 0.32513	 0.35638	 0.38104	 0.40054	 0.41422	 0.41887	 0.41170	 0.39822	 0.38528	 0.37514	 0.36779	 0.36351	 0.35992	 0.35605	 0.35336	 0.35330	 0.35936	 0.37394	 0.39501	 0.41968	 0.44580	 0.47049	 0.49368	 0.52410	 0.56802	 0.61816	 0.66347	 0.69668	 0.71516	 0.72369	 0.72735	 0.72889	 0.72781	 0.72367	 0.71901	 0.71299	 0.70563	 0.69948	 0.69561	 0.69209	 0.68880	 0.68547	 0.68275	 0.67832	 0.67179	 0.66272	 0.65390	 0.64504	 0.63672	 0.62954	 0.62382	 0.62094	 0.62002	 0.62145	 0.62123	 0.61432	 0.59554	 0.56627	 0.53164	 0.49640	 0.46508	 0.43581	 0.41100	 0.39022	 0.37303	 0.35882
231 	 0.27988	 0.27927	 0.28310	 0.29527	 0.31663	 0.34294	 0.36786	 0.38787	 0.40359	 0.41425	 0.41750	 0.41066	 0.39837	 0.38659	 0.37707	 0.36987	 0.36546	 0.36173	 0.35754	 0.35419	 0.35275	 0.35639	 0.36735	 0.38369	 0.40323	 0.42452	 0.44469	 0.46314	 0.48711	 0.52071	 0.55775	 0.59037	 0.61397	 0.62685	 0.63232	 0.63432	 0.63494	 0.63366	 0.63015	 0.62653	 0.62175	 0.61567	 0.61076	 0.60786	 0.60518	 0.60270	 0.60022	 0.59841	 0.59532	 0.59045	 0.58328	 0.57655	 0.56988	 0.56377	 0.55867	 0.55486	 0.55353	 0.55385	 0.55642	 0.55912	 0.55946	 0.55248	 0.53691	 0.51558	 0.49209	 0.47117	 0.45092	 0.43291	 0.41872	 0.40555	 0.39459
232 	 0.27618	 0.27574	 0.27988	 0.29270	 0.31528	 0.34302	 0.36943	 0.39076	 0.40760	 0.41916	 0.42283	 0.41591	 0.40322	 0.39096	 0.38111	 0.37382	 0.36936	 0.36561	 0.36137	 0.35795	 0.35659	 0.36059	 0.37230	 0.38972	 0.41057	 0.43323	 0.45464	 0.47414	 0.49916	 0.53441	 0.57364	 0.60829	 0.63345	 0.64720	 0.65312	 0.65528	 0.65601	 0.65485	 0.65134	 0.64772	 0.64295	 0.63681	 0.63197	 0.62903	 0.62636	 0.62385	 0.62130	 0.61952	 0.61626	 0.61117	 0.60382	 0.59679	 0.58979	 0.58330	 0.57783	 0.57369	 0.57177	 0.57169	 0.57393	 0.57587	 0.57476	 0.56527	 0.54657	 0.52245	 0.49663	 0.47273	 0.45066	 0.43174	 0.41557	 0.40250	 0.39062
241 	 0.22586	 0.22440	 0.22619	 0.23381	 0.24795	 0.26637	 0.28458	 0.29940	 0.31152	 0.32028	 0.32334	 0.31789	 0.30762	 0.29781	 0.28975	 0.28321	 0.27904	 0.27517	 0.27063	 0.26703	 0.26466	 0.26626	 0.27409	 0.28663	 0.30215	 0.32012	 0.33770	 0.35373	 0.37482	 0.40566	 0.44236	 0.47866	 0.50869	 0.52709	 0.53583	 0.53911	 0.53993	 0.53820	 0.53376	 0.52895	 0.52296	 0.51573	 0.50993	 0.50625	 0.50318	 0.50053	 0.49790	 0.49580	 0.49195	 0.48587	 0.47733	 0.46885	 0.46060	 0.45336	 0.44742	 0.44301	 0.44110	 0.44126	 0.44463	 0.44943	 0.45288	 0.45050	 0.44123	 0.42659	 0.40974	 0.39475	 0.37927	 0.36579	 0.35508	 0.34498	 0.33622
242 	 0.22467	 0.22323	 0.22507	 0.23270	 0.24702	 0.26558	 0.28398	 0.29895	 0.31116	 0.32017	 0.32333	 0.31795	 0.30770	 0.29781	 0.28976	 0.28323	 0.27912	 0.27520	 0.27077	 0.26714	 0.26487	 0.26654	 0.27446	 0.28718	 0.30292	 0.32100	 0.33865	 0.35475	 0.37601	 0.40700	 0.44380	 0.48000	 0.50969	 0.52784	 0.53643	 0.53965	 0.54055	 0.53881	 0.53440	 0.52975	 0.52381	 0.51654	 0.51085	 0.50735	 0.50432	 0.50173	 0.49923	 0.49710	 0.49330	 0.48731	 0.47878	 0.47046	 0.46240	 0.45519	 0.44932	 0.44502	 0.44323	 0.44349	 0.44685	 0.45161	 0.45538	 0.45284	 0.44333	 0.42803	 0.41102	 0.39606	 0.38064	 0.36700	 0.35506	 0.34489	 0.33576
251 	 0.28254	 0.28259	 0.28836	 0.30482	 0.33357	 0.36928	 0.40299	 0.43037	 0.45236	 0.46797	 0.47340	 0.46535	 0.45024	 0.43562	 0.42398	 0.41586	 0.41113	 0.40715	 0.40264	 0.39919	 0.39862	 0.40461	 0.41976	 0.44232	 0.46938	 0.49854	 0.52622	 0.55161	 0.58364	 0.62964	 0.68275	 0.73154	 0.76763	 0.78779	 0.79708	 0.80115	 0.80312	 0.80268	 0.79941	 0.79562	 0.79042	 0.78367	 0.77783	 0.77429	 0.77118	 0.76831	 0.76526	 0.76266	 0.75827	 0.75171	 0.74229	 0.73313	 0.72398	 0.71526	 0.70717	 0.70079	 0.69780	 0.69729	 0.69977	 0.70098	 0.69453	 0.67467	 0.64253	 0.60479	 0.56678	 0.53220	 0.50103	 0.47363	 0.45133	 0.43263	 0.41676
252 	 0.28983	 0.29006	 0.29615	 0.31353	 0.34414	 0.38182	 0.41729	 0.44601	 0.46911	 0.48559	 0.49119	 0.48281	 0.46702	 0.45159	 0.43949	 0.43101	 0.42599	 0.42195	 0.41729	 0.41374	 0.41327	 0.41965	 0.43562	 0.45934	 0.48794	 0.51859	 0.54756	 0.57412	 0.60745	 0.65524	 0.71019	 0.76016	 0.79653	 0.81638	 0.82530	 0.82920	 0.83111	 0.83074	 0.82760	 0.82393	 0.81887	 0.81228	 0.80646	 0.80296	 0.79976	 0.79685	 0.79371	 0.79113	 0.78667	 0.78006	 0.77066	 0.76161	 0.75234	 0.74347	 0.73526	 0.72872	 0.72570	 0.72524	 0.72773	 0.72846	 0.72102	 0.69900	 0.66462	 0.62481	 0.58411	 0.54788	 0.51483	 0.48662	 0.46316	 0.44404	 0.42744
261 	 0.24461	 0.24430	 0.24820	 0.26014	 0.28131	 0.30765	 0.33209	 0.35126	 0.36645	 0.37735	 0.38109	 0.37486	 0.36324	 0.35218	 0.34325	 0.33648	 0.33237	 0.32877	 0.32487	 0.32216	 0.32150	 0.32583	 0.33752	 0.35470	 0.37477	 0.39662	 0.41750	 0.43708	 0.46351	 0.50194	 0.54595	 0.58638	 0.61722	 0.63501	 0.64324	 0.64650	 0.64764	 0.64596	 0.64122	 0.63612	 0.62964	 0.62187	 0.61564	 0.61168	 0.60820	 0.60498	 0.60182	 0.59911	 0.59480	 0.58849	 0.57961	 0.57103	 0.56254	 0.55477	 0.54823	 0.54313	 0.54072	 0.54043	 0.54290	 0.54583	 0.54535	 0.53599	 0.51763	 0.49355	 0.46788	 0.44485	 0.42275	 0.40344	 0.38719	 0.37294	 0.36092
262 	 0.24334	 0.24300	 0.24705	 0.25927	 0.28109	 0.30808	 0.33304	 0.35254	 0.36802	 0.37914	 0.38290	 0.37661	 0.36490	 0.35374	 0.34469	 0.33788	 0.33374	 0.33009	 0.32614	 0.32334	 0.32276	 0.32723	 0.33916	 0.35662	 0.37708	 0.39917	 0.42014	 0.43978	 0.46620	 0.50441	 0.54792	 0.58757	 0.61731	 0.63434	 0.64213	 0.64512	 0.64608	 0.64440	 0.63976	 0.63477	 0.62845	 0.62082	 0.61465	 0.61081	 0.60745	 0.60434	 0.60125	 0.59867	 0.59444	 0.58832	 0.57970	 0.57129	 0.56310	 0.55552	 0.54900	 0.54396	 0.54173	 0.54129	 0.54341	 0.54569	 0.54460	 0.53501	 0.51664	 0.49206	 0.46614	 0.44260	 0.42021	 0.40101	 0.38390	 0.37067	 0.35802
