11 	 0.30300	 0.30367	 0.30908	 0.32585	 0.35647	 0.39512	 0.43151	 0.46137	 0.48527	 0.50282	 0.50902	 0.50075	 0.48386	 0.46738	 0.45434	 0.44623	 0.44150	 0.43704	 0.43248	 0.42898	 0.42895	 0.43615	 0.45152	 0.47459	 0.50388	 0.53619	 0.56536	 0.59199	 0.62547	 0.67367	 0.72867	 0.77706	 0.81240	 0.83222	 0.84077	 0.84419	 0.84642	 0.84619	 0.84304	 0.83971	 0.83517	 0.82951	 0.82432	 0.82144	 0.81880	 0.81586	 0.81347	 0.81087	 0.80571	 0.79933	 0.79144	 0.78327	 0.77392	 0.76457	 0.75670	 0.75060	 0.74666	 0.74593	 0.75046	 0.75262	 0.74411	 0.72007	 0.68375	 0.64186	 0.60009	 0.56196	 0.52954	 0.49969	 0.47641	 0.45498	 0.43900
12 	 0.30360	 0.30415	 0.30960	 0.32623	 0.35633	 0.39425	 0.42981	 0.45889	 0.48217	 0.49913	 0.50502	 0.49678	 0.48036	 0.46442	 0.45159	 0.44358	 0.43884	 0.43462	 0.43017	 0.42672	 0.42674	 0.43380	 0.44875	 0.47141	 0.49996	 0.53144	 0.55978	 0.58568	 0.61836	 0.66538	 0.71876	 0.76540	 0.79932	 0.81811	 0.82611	 0.82921	 0.83133	 0.83100	 0.82799	 0.82475	 0.82025	 0.81459	 0.80945	 0.80654	 0.80378	 0.80091	 0.79854	 0.79591	 0.79092	 0.78461	 0.77690	 0.76887	 0.75982	 0.75059	 0.74309	 0.73720	 0.73341	 0.73281	 0.73745	 0.73971	 0.73169	 0.70910	 0.67454	 0.63430	 0.59387	 0.55774	 0.52544	 0.49715	 0.47352	 0.45302	 0.43725
21 	 0.30644	 0.30676	 0.31216	 0.32894	 0.35963	 0.39860	 0.43531	 0.46520	 0.48929	 0.50738	 0.51437	 0.50678	 0.49025	 0.47382	 0.46063	 0.45225	 0.44712	 0.44227	 0.43722	 0.43322	 0.43274	 0.43946	 0.45434	 0.47729	 0.50662	 0.53894	 0.56798	 0.59378	 0.62564	 0.67146	 0.72384	 0.77061	 0.80523	 0.82463	 0.83286	 0.83596	 0.83798	 0.83757	 0.83425	 0.83066	 0.82600	 0.82027	 0.81521	 0.81235	 0.80976	 0.80713	 0.80492	 0.80244	 0.79755	 0.79130	 0.78366	 0.77580	 0.76672	 0.75760	 0.75008	 0.74411	 0.74021	 0.73926	 0.74345	 0.74521	 0.73684	 0.71364	 0.67799	 0.63689	 0.59582	 0.55920	 0.52688	 0.49804	 0.47444	 0.45428	 0.43841
22 	 0.30938	 0.30971	 0.31512	 0.33199	 0.36276	 0.40161	 0.43790	 0.46741	 0.49104	 0.50876	 0.51560	 0.50806	 0.49186	 0.47571	 0.46263	 0.45438	 0.44929	 0.44448	 0.43943	 0.43541	 0.43492	 0.44154	 0.45626	 0.47900	 0.50785	 0.53950	 0.56767	 0.59265	 0.62355	 0.66766	 0.71685	 0.75955	 0.79043	 0.80730	 0.81428	 0.81669	 0.81849	 0.81793	 0.81483	 0.81151	 0.80726	 0.80195	 0.79728	 0.79470	 0.79251	 0.79013	 0.78817	 0.78601	 0.78141	 0.77578	 0.76881	 0.76171	 0.75352	 0.74516	 0.73847	 0.73314	 0.72957	 0.72879	 0.73269	 0.73422	 0.72629	 0.70424	 0.67039	 0.63136	 0.59161	 0.55588	 0.52489	 0.49723	 0.47467	 0.45420	 0.43960
31 	 0.26479	 0.26496	 0.26968	 0.28451	 0.31126	 0.34535	 0.37769	 0.40422	 0.42566	 0.44143	 0.44697	 0.43930	 0.42350	 0.40836	 0.39632	 0.38859	 0.38409	 0.37996	 0.37565	 0.37227	 0.37197	 0.37802	 0.39139	 0.41201	 0.43849	 0.46831	 0.49527	 0.51984	 0.55118	 0.59663	 0.64944	 0.69821	 0.73594	 0.75822	 0.76842	 0.77231	 0.77466	 0.77414	 0.77066	 0.76680	 0.76154	 0.75514	 0.74937	 0.74580	 0.74274	 0.73973	 0.73716	 0.73433	 0.72873	 0.72163	 0.71278	 0.70371	 0.69374	 0.68393	 0.67610	 0.66993	 0.66597	 0.66575	 0.67134	 0.67519	 0.66925	 0.64930	 0.61799	 0.58194	 0.54451	 0.51064	 0.48116	 0.45454	 0.43242	 0.41287	 0.39754
32 	 0.26816	 0.26831	 0.27295	 0.28748	 0.31341	 0.34655	 0.37775	 0.40343	 0.42414	 0.43941	 0.44471	 0.43727	 0.42186	 0.40705	 0.39518	 0.38761	 0.38317	 0.37906	 0.37495	 0.37171	 0.37139	 0.37731	 0.39029	 0.41043	 0.43621	 0.46533	 0.49156	 0.51567	 0.54659	 0.59130	 0.64333	 0.69122	 0.72840	 0.75041	 0.76035	 0.76399	 0.76627	 0.76566	 0.76203	 0.75791	 0.75263	 0.74623	 0.74045	 0.73699	 0.73390	 0.73083	 0.72834	 0.72546	 0.71992	 0.71290	 0.70434	 0.69535	 0.68544	 0.67579	 0.66822	 0.66233	 0.65863	 0.65862	 0.66451	 0.66894	 0.66407	 0.64539	 0.61525	 0.58040	 0.54472	 0.51190	 0.48230	 0.45657	 0.43491	 0.41606	 0.40112
41 	 0.30298	 0.30312	 0.30851	 0.32516	 0.35508	 0.39326	 0.42968	 0.46007	 0.48479	 0.50287	 0.50919	 0.50048	 0.48269	 0.46540	 0.45162	 0.44295	 0.43777	 0.43316	 0.42821	 0.42416	 0.42349	 0.43001	 0.44480	 0.46821	 0.49859	 0.53258	 0.56351	 0.59146	 0.62615	 0.67612	 0.73464	 0.78919	 0.83085	 0.85483	 0.86546	 0.86945	 0.87198	 0.87162	 0.86842	 0.86475	 0.85992	 0.85367	 0.84789	 0.84436	 0.84119	 0.83805	 0.83553	 0.83267	 0.82676	 0.81932	 0.81007	 0.80046	 0.78976	 0.77919	 0.77061	 0.76379	 0.75968	 0.75992	 0.76599	 0.76974	 0.76176	 0.73696	 0.69971	 0.65646	 0.61309	 0.57440	 0.54012	 0.50978	 0.48533	 0.46315	 0.44724
42 	 0.31052	 0.31068	 0.31616	 0.33292	 0.36318	 0.40181	 0.43879	 0.46969	 0.49483	 0.51320	 0.51963	 0.51071	 0.49272	 0.47517	 0.46118	 0.45241	 0.44704	 0.44239	 0.43742	 0.43318	 0.43260	 0.43916	 0.45413	 0.47783	 0.50863	 0.54302	 0.57438	 0.60268	 0.63770	 0.68803	 0.74694	 0.80172	 0.84330	 0.86689	 0.87733	 0.88112	 0.88364	 0.88343	 0.88031	 0.87687	 0.87218	 0.86612	 0.86039	 0.85696	 0.85382	 0.85075	 0.84815	 0.84526	 0.83944	 0.83206	 0.82298	 0.81344	 0.80274	 0.79225	 0.78367	 0.77679	 0.77266	 0.77279	 0.77885	 0.78226	 0.77376	 0.74898	 0.71062	 0.66648	 0.62284	 0.58366	 0.54928	 0.51851	 0.49404	 0.47124	 0.45518
51 	 0.24940	 0.24865	 0.25149	 0.26176	 0.28132	 0.30636	 0.32816	 0.34463	 0.35713	 0.36664	 0.36980	 0.36398	 0.35284	 0.34253	 0.33391	 0.32795	 0.32416	 0.32057	 0.31744	 0.31557	 0.31604	 0.32145	 0.33192	 0.34715	 0.36538	 0.38561	 0.40353	 0.42128	 0.44707	 0.48565	 0.52859	 0.56515	 0.59219	 0.60732	 0.61338	 0.61481	 0.61533	 0.61321	 0.60791	 0.60208	 0.59528	 0.58767	 0.58132	 0.57713	 0.57341	 0.56976	 0.56659	 0.56341	 0.55795	 0.55167	 0.54429	 0.53675	 0.52847	 0.52064	 0.51489	 0.51056	 0.50754	 0.50723	 0.51148	 0.51561	 0.51581	 0.50949	 0.49543	 0.47762	 0.45785	 0.44009	 0.42190	 0.40638	 0.39222	 0.38020	 0.36923
52 	 0.25125	 0.25050	 0.25345	 0.26390	 0.28388	 0.30933	 0.33163	 0.34835	 0.36109	 0.37079	 0.37409	 0.36823	 0.35685	 0.34622	 0.33750	 0.33153	 0.32763	 0.32400	 0.32097	 0.31908	 0.31966	 0.32518	 0.33590	 0.35131	 0.36980	 0.39023	 0.40837	 0.42632	 0.45238	 0.49110	 0.53385	 0.57009	 0.59668	 0.61148	 0.61741	 0.61860	 0.61916	 0.61704	 0.61176	 0.60607	 0.59945	 0.59196	 0.58572	 0.58161	 0.57808	 0.57447	 0.57145	 0.56839	 0.56300	 0.55690	 0.54965	 0.54231	 0.53418	 0.52633	 0.52078	 0.51652	 0.51339	 0.51313	 0.51754	 0.52203	 0.52261	 0.51643	 0.50238	 0.48435	 0.46402	 0.44565	 0.42803	 0.41118	 0.39711	 0.38507	 0.37461
61 	 0.25636	 0.25628	 0.26063	 0.27510	 0.30135	 0.33502	 0.36609	 0.39092	 0.41113	 0.42654	 0.43267	 0.42609	 0.41142	 0.39726	 0.38595	 0.37864	 0.37411	 0.36979	 0.36546	 0.36219	 0.36185	 0.36766	 0.38049	 0.40023	 0.42508	 0.45275	 0.47753	 0.50027	 0.52973	 0.57276	 0.62326	 0.67118	 0.70965	 0.73342	 0.74472	 0.74868	 0.75090	 0.74991	 0.74554	 0.74028	 0.73405	 0.72677	 0.72047	 0.71654	 0.71328	 0.71023	 0.70766	 0.70462	 0.69879	 0.69145	 0.68245	 0.67315	 0.66279	 0.65299	 0.64526	 0.63897	 0.63455	 0.63378	 0.63845	 0.64197	 0.63638	 0.61711	 0.58646	 0.55170	 0.51601	 0.48433	 0.45467	 0.43012	 0.40865	 0.39074	 0.37635
62 	 0.26305	 0.26307	 0.26792	 0.28309	 0.31073	 0.34606	 0.37878	 0.40481	 0.42615	 0.44225	 0.44854	 0.44150	 0.42611	 0.41124	 0.39944	 0.39177	 0.38706	 0.38248	 0.37806	 0.37472	 0.37454	 0.38086	 0.39447	 0.41534	 0.44180	 0.47096	 0.49698	 0.52099	 0.55179	 0.59665	 0.64927	 0.69876	 0.73808	 0.76218	 0.77324	 0.77737	 0.77969	 0.77862	 0.77429	 0.76903	 0.76270	 0.75546	 0.74909	 0.74519	 0.74187	 0.73865	 0.73590	 0.73270	 0.72659	 0.71908	 0.70979	 0.70038	 0.68997	 0.67964	 0.67142	 0.66491	 0.66038	 0.65973	 0.66465	 0.66823	 0.66223	 0.64152	 0.60917	 0.57187	 0.53396	 0.49999	 0.46896	 0.44298	 0.42081	 0.40124	 0.38710
71 	 0.22833	 0.22832	 0.23258	 0.24593	 0.26984	 0.29985	 0.32754	 0.34968	 0.36727	 0.38006	 0.38420	 0.37721	 0.36335	 0.35044	 0.34005	 0.33325	 0.32916	 0.32547	 0.32194	 0.31928	 0.31935	 0.32494	 0.33695	 0.35503	 0.37766	 0.40322	 0.42613	 0.44773	 0.47682	 0.51910	 0.56714	 0.61033	 0.64331	 0.66268	 0.67128	 0.67417	 0.67584	 0.67464	 0.67059	 0.66603	 0.66048	 0.65373	 0.64784	 0.64408	 0.64069	 0.63734	 0.63463	 0.63156	 0.62591	 0.61905	 0.61093	 0.60269	 0.59340	 0.58432	 0.57725	 0.57181	 0.56851	 0.56891	 0.57459	 0.57927	 0.57618	 0.56221	 0.53836	 0.51058	 0.48098	 0.45377	 0.42836	 0.40595	 0.38736	 0.37021	 0.35669
81 	 0.24632	 0.24620	 0.25070	 0.26479	 0.29046	 0.32329	 0.35389	 0.37878	 0.39900	 0.41417	 0.41977	 0.41279	 0.39785	 0.38356	 0.37213	 0.36487	 0.36047	 0.35617	 0.35195	 0.34865	 0.34830	 0.35393	 0.36656	 0.38614	 0.41105	 0.43909	 0.46435	 0.48774	 0.51802	 0.56219	 0.61462	 0.66503	 0.70587	 0.73136	 0.74358	 0.74809	 0.75043	 0.74945	 0.74515	 0.74005	 0.73375	 0.72639	 0.71988	 0.71583	 0.71232	 0.70906	 0.70635	 0.70316	 0.69701	 0.68923	 0.67978	 0.67003	 0.65926	 0.64891	 0.64062	 0.63409	 0.62984	 0.62947	 0.63510	 0.63961	 0.63471	 0.61587	 0.58552	 0.55087	 0.51576	 0.48353	 0.45505	 0.42876	 0.40769	 0.38922	 0.37391
82 	 0.25970	 0.25957	 0.26413	 0.27847	 0.30456	 0.33797	 0.36911	 0.39442	 0.41505	 0.43039	 0.43600	 0.42876	 0.41347	 0.39881	 0.38709	 0.37960	 0.37508	 0.37073	 0.36645	 0.36308	 0.36267	 0.36851	 0.38156	 0.40170	 0.42734	 0.45601	 0.48184	 0.50559	 0.53609	 0.58015	 0.63135	 0.67887	 0.71612	 0.73818	 0.74829	 0.75184	 0.75382	 0.75290	 0.74905	 0.74447	 0.73897	 0.73233	 0.72636	 0.72281	 0.71957	 0.71655	 0.71403	 0.71114	 0.70542	 0.69831	 0.68969	 0.68080	 0.67091	 0.66130	 0.65376	 0.64780	 0.64388	 0.64390	 0.64932	 0.65362	 0.64914	 0.63119	 0.60218	 0.56848	 0.53378	 0.50220	 0.47276	 0.44776	 0.42692	 0.40783	 0.39337
91 	 0.20529	 0.20531	 0.20906	 0.22096	 0.24299	 0.27088	 0.29580	 0.31486	 0.32981	 0.34127	 0.34532	 0.33925	 0.32696	 0.31575	 0.30680	 0.30065	 0.29702	 0.29348	 0.29057	 0.28877	 0.28957	 0.29572	 0.30752	 0.32466	 0.34531	 0.36791	 0.38837	 0.40889	 0.43847	 0.48313	 0.53548	 0.58400	 0.62258	 0.64680	 0.65861	 0.66298	 0.66504	 0.66304	 0.65702	 0.64972	 0.64140	 0.63231	 0.62445	 0.61909	 0.61430	 0.61005	 0.60628	 0.60209	 0.59551	 0.58749	 0.57796	 0.56826	 0.55768	 0.54777	 0.54006	 0.53423	 0.53000	 0.52944	 0.53423	 0.53854	 0.53550	 0.52190	 0.49861	 0.47176	 0.44318	 0.41719	 0.39223	 0.37097	 0.35294	 0.33687	 0.32459
92 	 0.20633	 0.20641	 0.21006	 0.22147	 0.24275	 0.26998	 0.29427	 0.31328	 0.32843	 0.34012	 0.34392	 0.33794	 0.32656	 0.31531	 0.30616	 0.30027	 0.29703	 0.29347	 0.29051	 0.28827	 0.28839	 0.29382	 0.30512	 0.32167	 0.34217	 0.36441	 0.38467	 0.40485	 0.43379	 0.47688	 0.52917	 0.57786	 0.61736	 0.64306	 0.65632	 0.66203	 0.66484	 0.66307	 0.65674	 0.64866	 0.63929	 0.62912	 0.62144	 0.61669	 0.61283	 0.60856	 0.60467	 0.60026	 0.59362	 0.58541	 0.57606	 0.56631	 0.55543	 0.54567	 0.53732	 0.53095	 0.52700	 0.52611	 0.53073	 0.53539	 0.53337	 0.51958	 0.49630	 0.47019	 0.44219	 0.41619	 0.39237	 0.37151	 0.35341	 0.33787	 0.32549
101 	 0.21906	 0.21787	 0.21900	 0.22522	 0.23915	 0.25807	 0.27556	 0.28944	 0.30044	 0.30927	 0.31176	 0.30655	 0.29649	 0.28651	 0.27809	 0.27236	 0.26881	 0.26485	 0.26132	 0.25815	 0.25645	 0.25949	 0.26707	 0.27881	 0.29411	 0.31192	 0.32831	 0.34374	 0.36576	 0.39902	 0.43966	 0.47853	 0.51161	 0.53397	 0.54524	 0.54982	 0.55191	 0.55019	 0.54477	 0.53833	 0.53053	 0.52208	 0.51560	 0.51170	 0.50852	 0.50534	 0.50242	 0.49904	 0.49370	 0.48660	 0.47849	 0.47012	 0.46104	 0.45260	 0.44579	 0.44115	 0.43837	 0.43847	 0.44405	 0.45058	 0.45366	 0.44899	 0.43709	 0.42262	 0.40559	 0.39023	 0.37446	 0.36134	 0.34927	 0.33907	 0.32893
102 	 0.22174	 0.22050	 0.22147	 0.22747	 0.24099	 0.25935	 0.27631	 0.28978	 0.30056	 0.30915	 0.31159	 0.30641	 0.29627	 0.28649	 0.27816	 0.27238	 0.26883	 0.26491	 0.26130	 0.25814	 0.25649	 0.25938	 0.26686	 0.27821	 0.29296	 0.31040	 0.32657	 0.34164	 0.36327	 0.39598	 0.43553	 0.47313	 0.50496	 0.52629	 0.53690	 0.54095	 0.54269	 0.54094	 0.53554	 0.52926	 0.52177	 0.51355	 0.50723	 0.50342	 0.50021	 0.49708	 0.49421	 0.49107	 0.48580	 0.47890	 0.47101	 0.46279	 0.45392	 0.44572	 0.43921	 0.43477	 0.43204	 0.43201	 0.43728	 0.44351	 0.44660	 0.44279	 0.43212	 0.41864	 0.40272	 0.38861	 0.37433	 0.36159	 0.35027	 0.34060	 0.33232
121 	 0.25002	 0.25020	 0.25332	 0.26399	 0.28478	 0.31067	 0.33323	 0.35015	 0.36273	 0.37221	 0.37477	 0.36878	 0.35760	 0.34739	 0.33879	 0.33312	 0.32978	 0.32646	 0.32369	 0.32208	 0.32287	 0.32941	 0.34114	 0.35714	 0.37613	 0.39679	 0.41568	 0.43474	 0.46340	 0.50657	 0.55521	 0.59653	 0.62694	 0.64481	 0.65260	 0.65508	 0.65581	 0.65302	 0.64633	 0.63898	 0.63052	 0.62159	 0.61428	 0.60942	 0.60510	 0.60080	 0.59704	 0.59316	 0.58741	 0.58041	 0.57272	 0.56502	 0.55646	 0.54833	 0.54183	 0.53723	 0.53455	 0.53439	 0.53923	 0.54367	 0.54395	 0.53635	 0.52041	 0.50094	 0.47900	 0.45891	 0.43944	 0.42127	 0.40629	 0.39180	 0.37980
122 	 0.24342	 0.24323	 0.24681	 0.25853	 0.28022	 0.30736	 0.33077	 0.34815	 0.36116	 0.37069	 0.37345	 0.36697	 0.35541	 0.34497	 0.33631	 0.33036	 0.32665	 0.32321	 0.32064	 0.31943	 0.32089	 0.32765	 0.33994	 0.35715	 0.37740	 0.39889	 0.41815	 0.43830	 0.46867	 0.51433	 0.56584	 0.61045	 0.64352	 0.66258	 0.67084	 0.67312	 0.67364	 0.67046	 0.66355	 0.65563	 0.64690	 0.63751	 0.62953	 0.62404	 0.61901	 0.61447	 0.61041	 0.60620	 0.59994	 0.59268	 0.58431	 0.57595	 0.56672	 0.55806	 0.55153	 0.54668	 0.54335	 0.54362	 0.54851	 0.55288	 0.55222	 0.54335	 0.52632	 0.50459	 0.48103	 0.45951	 0.43830	 0.41901	 0.40268	 0.38904	 0.37578
131 	 0.25020	 0.24976	 0.25249	 0.26326	 0.28452	 0.31157	 0.33609	 0.35528	 0.37005	 0.38110	 0.38430	 0.37754	 0.36504	 0.35338	 0.34370	 0.33726	 0.33344	 0.32989	 0.32650	 0.32411	 0.32421	 0.33022	 0.34182	 0.35838	 0.37855	 0.40106	 0.42133	 0.44084	 0.46830	 0.50881	 0.55415	 0.59265	 0.62100	 0.63752	 0.64459	 0.64707	 0.64847	 0.64707	 0.64251	 0.63761	 0.63169	 0.62498	 0.61943	 0.61584	 0.61258	 0.60926	 0.60650	 0.60357	 0.59850	 0.59222	 0.58474	 0.57716	 0.56887	 0.56069	 0.55403	 0.54933	 0.54621	 0.54592	 0.55112	 0.55636	 0.55659	 0.54783	 0.53095	 0.50992	 0.48648	 0.46535	 0.44461	 0.42625	 0.41062	 0.39585	 0.38382
132 	 0.24652	 0.24579	 0.24894	 0.26008	 0.28170	 0.30955	 0.33449	 0.35379	 0.36871	 0.37970	 0.38298	 0.37600	 0.36326	 0.35148	 0.34192	 0.33530	 0.33125	 0.32752	 0.32426	 0.32212	 0.32269	 0.32881	 0.34078	 0.35820	 0.37929	 0.40206	 0.42250	 0.44259	 0.47092	 0.51264	 0.55919	 0.59945	 0.62938	 0.64674	 0.65425	 0.65658	 0.65778	 0.65615	 0.65151	 0.64623	 0.64016	 0.63314	 0.62705	 0.62315	 0.61962	 0.61627	 0.61331	 0.61022	 0.60479	 0.59831	 0.59050	 0.58258	 0.57361	 0.56519	 0.55867	 0.55380	 0.55031	 0.55029	 0.55548	 0.56043	 0.56002	 0.55092	 0.53282	 0.51094	 0.48673	 0.46413	 0.44331	 0.42367	 0.40698	 0.39214	 0.37989
141 	 0.32806	 0.32707	 0.32935	 0.33925	 0.35970	 0.38699	 0.41244	 0.43305	 0.44916	 0.46102	 0.46437	 0.45658	 0.44235	 0.42865	 0.41721	 0.40953	 0.40465	 0.40008	 0.39565	 0.39219	 0.39138	 0.39676	 0.40853	 0.42604	 0.44827	 0.47278	 0.49505	 0.51568	 0.54336	 0.58376	 0.62842	 0.66627	 0.69361	 0.70875	 0.71487	 0.71684	 0.71811	 0.71694	 0.71296	 0.70885	 0.70367	 0.69777	 0.69279	 0.68992	 0.68711	 0.68434	 0.68191	 0.67932	 0.67471	 0.66884	 0.66203	 0.65505	 0.64714	 0.63942	 0.63309	 0.62861	 0.62587	 0.62610	 0.63194	 0.63827	 0.64035	 0.63411	 0.61790	 0.59606	 0.57281	 0.55129	 0.53023	 0.51190	 0.49603	 0.47989	 0.46847
142 	 0.32899	 0.32788	 0.33000	 0.33927	 0.35878	 0.38492	 0.40941	 0.42910	 0.44450	 0.45585	 0.45903	 0.45133	 0.43749	 0.42422	 0.41304	 0.40545	 0.40072	 0.39622	 0.39179	 0.38827	 0.38747	 0.39265	 0.40396	 0.42084	 0.44215	 0.46595	 0.48749	 0.50748	 0.53458	 0.57419	 0.61810	 0.65554	 0.68280	 0.69809	 0.70434	 0.70639	 0.70760	 0.70642	 0.70237	 0.69831	 0.69310	 0.68706	 0.68198	 0.67892	 0.67616	 0.67329	 0.67088	 0.66843	 0.66381	 0.65802	 0.65110	 0.64410	 0.63608	 0.62847	 0.62220	 0.61788	 0.61524	 0.61547	 0.62150	 0.62808	 0.63066	 0.62558	 0.61007	 0.58976	 0.56734	 0.54707	 0.52798	 0.50908	 0.49356	 0.47844	 0.46745
151 	 0.23974	 0.23953	 0.24254	 0.25354	 0.27433	 0.30063	 0.32447	 0.34332	 0.35774	 0.36856	 0.37179	 0.36554	 0.35353	 0.34242	 0.33318	 0.32695	 0.32322	 0.31968	 0.31634	 0.31383	 0.31371	 0.31909	 0.32983	 0.34540	 0.36469	 0.38629	 0.40568	 0.42391	 0.44945	 0.48749	 0.53001	 0.56682	 0.59467	 0.61112	 0.61832	 0.62067	 0.62199	 0.62061	 0.61623	 0.61146	 0.60561	 0.59889	 0.59347	 0.59000	 0.58682	 0.58368	 0.58097	 0.57810	 0.57316	 0.56704	 0.55972	 0.55223	 0.54393	 0.53605	 0.52964	 0.52514	 0.52212	 0.52184	 0.52678	 0.53123	 0.53039	 0.52090	 0.50382	 0.48288	 0.46024	 0.43906	 0.41956	 0.40084	 0.38569	 0.37154	 0.36026
152 	 0.24157	 0.24133	 0.24444	 0.25593	 0.27732	 0.30441	 0.32903	 0.34844	 0.36334	 0.37437	 0.37770	 0.37109	 0.35878	 0.34728	 0.33772	 0.33128	 0.32747	 0.32378	 0.32045	 0.31794	 0.31787	 0.32346	 0.33462	 0.35088	 0.37091	 0.39322	 0.41316	 0.43200	 0.45842	 0.49732	 0.54082	 0.57830	 0.60640	 0.62292	 0.63008	 0.63236	 0.63365	 0.63224	 0.62781	 0.62308	 0.61714	 0.61044	 0.60493	 0.60136	 0.59812	 0.59489	 0.59207	 0.58917	 0.58413	 0.57782	 0.57050	 0.56301	 0.55464	 0.54672	 0.54015	 0.53560	 0.53257	 0.53231	 0.53717	 0.54147	 0.54038	 0.53056	 0.51271	 0.49097	 0.46717	 0.44541	 0.42444	 0.40599	 0.39010	 0.37594	 0.36421
161 	 0.22656	 0.22561	 0.22749	 0.23546	 0.25161	 0.27292	 0.29205	 0.30660	 0.31773	 0.32671	 0.32966	 0.32427	 0.31374	 0.30378	 0.29531	 0.28940	 0.28564	 0.28193	 0.27850	 0.27604	 0.27547	 0.27966	 0.28855	 0.30146	 0.31736	 0.33563	 0.35211	 0.36787	 0.39111	 0.42633	 0.46676	 0.50302	 0.53157	 0.54914	 0.55704	 0.55927	 0.56020	 0.55805	 0.55251	 0.54639	 0.53923	 0.53142	 0.52512	 0.52107	 0.51759	 0.51425	 0.51121	 0.50807	 0.50282	 0.49632	 0.48884	 0.48120	 0.47275	 0.46470	 0.45862	 0.45442	 0.45141	 0.45099	 0.45548	 0.46021	 0.46132	 0.45574	 0.44326	 0.42785	 0.41017	 0.39458	 0.37844	 0.36462	 0.35264	 0.34194	 0.33286
162 	 0.22617	 0.22504	 0.22697	 0.23509	 0.25140	 0.27293	 0.29208	 0.30656	 0.31776	 0.32651	 0.32939	 0.32395	 0.31323	 0.30329	 0.29506	 0.28905	 0.28514	 0.28135	 0.27804	 0.27569	 0.27548	 0.27975	 0.28861	 0.30198	 0.31831	 0.33661	 0.35281	 0.36890	 0.39263	 0.42839	 0.46934	 0.50646	 0.53583	 0.55371	 0.56165	 0.56379	 0.56460	 0.56226	 0.55674	 0.55032	 0.54320	 0.53533	 0.52880	 0.52456	 0.52088	 0.51750	 0.51452	 0.51128	 0.50587	 0.49939	 0.49177	 0.48391	 0.47520	 0.46720	 0.46130	 0.45708	 0.45384	 0.45379	 0.45837	 0.46328	 0.46427	 0.45886	 0.44631	 0.43086	 0.41282	 0.39622	 0.38102	 0.36705	 0.35427	 0.34351	 0.33371
181 	 0.24057	 0.23878	 0.23950	 0.24557	 0.25877	 0.27724	 0.29521	 0.31023	 0.32230	 0.33163	 0.33451	 0.32889	 0.31783	 0.30735	 0.29835	 0.29193	 0.28782	 0.28373	 0.27955	 0.27582	 0.27383	 0.27621	 0.28306	 0.29456	 0.31015	 0.32942	 0.34668	 0.36207	 0.38277	 0.41380	 0.45087	 0.48746	 0.51945	 0.54098	 0.55167	 0.55549	 0.55750	 0.55649	 0.55231	 0.54771	 0.54188	 0.53500	 0.52936	 0.52598	 0.52302	 0.52032	 0.51812	 0.51572	 0.51076	 0.50433	 0.49672	 0.48888	 0.48003	 0.47192	 0.46546	 0.46115	 0.45840	 0.45900	 0.46539	 0.47241	 0.47601	 0.47250	 0.46209	 0.44826	 0.43185	 0.41688	 0.40287	 0.38951	 0.37793	 0.36763	 0.35764
182 	 0.23098	 0.22927	 0.23024	 0.23676	 0.25052	 0.26960	 0.28810	 0.30347	 0.31573	 0.32520	 0.32821	 0.32255	 0.31135	 0.30083	 0.29173	 0.28536	 0.28132	 0.27722	 0.27311	 0.26943	 0.26741	 0.27000	 0.27714	 0.28903	 0.30491	 0.32431	 0.34169	 0.35729	 0.37841	 0.40991	 0.44745	 0.48425	 0.51597	 0.53684	 0.54703	 0.55049	 0.55220	 0.55104	 0.54687	 0.54220	 0.53630	 0.52937	 0.52373	 0.52027	 0.51733	 0.51465	 0.51238	 0.50984	 0.50484	 0.49846	 0.49080	 0.48285	 0.47395	 0.46563	 0.45926	 0.45498	 0.45214	 0.45262	 0.45878	 0.46550	 0.46844	 0.46441	 0.45338	 0.43908	 0.42207	 0.40776	 0.39218	 0.37870	 0.36686	 0.35611	 0.34725
191 	 0.22424	 0.22250	 0.22372	 0.23145	 0.24761	 0.26929	 0.28920	 0.30474	 0.31676	 0.32634	 0.32950	 0.32364	 0.31209	 0.30115	 0.29192	 0.28544	 0.28130	 0.27717	 0.27335	 0.27031	 0.26919	 0.27302	 0.28180	 0.29531	 0.31233	 0.33204	 0.34962	 0.36628	 0.38993	 0.42540	 0.46687	 0.50526	 0.53616	 0.55535	 0.56412	 0.56676	 0.56805	 0.56632	 0.56120	 0.55557	 0.54882	 0.54121	 0.53503	 0.53120	 0.52788	 0.52483	 0.52213	 0.51920	 0.51389	 0.50734	 0.49958	 0.49157	 0.48268	 0.47431	 0.46809	 0.46382	 0.46080	 0.46100	 0.46687	 0.47396	 0.47800	 0.47550	 0.46574	 0.45222	 0.43623	 0.42172	 0.40670	 0.39335	 0.38142	 0.37091	 0.36034
201 	 0.28712	 0.28512	 0.28582	 0.29181	 0.30560	 0.32432	 0.34108	 0.35395	 0.36343	 0.37044	 0.37165	 0.36503	 0.35425	 0.34425	 0.33572	 0.32944	 0.32527	 0.32120	 0.31778	 0.31530	 0.31469	 0.31849	 0.32676	 0.33903	 0.35408	 0.37120	 0.38655	 0.40203	 0.42548	 0.46108	 0.50118	 0.53577	 0.56175	 0.57714	 0.58364	 0.58540	 0.58617	 0.58399	 0.57869	 0.57274	 0.56580	 0.55808	 0.55177	 0.54749	 0.54356	 0.53977	 0.53655	 0.53314	 0.52783	 0.52157	 0.51433	 0.50709	 0.49904	 0.49140	 0.48557	 0.48166	 0.47908	 0.47985	 0.48602	 0.49376	 0.49988	 0.50157	 0.49666	 0.48788	 0.47656	 0.46567	 0.45506	 0.44452	 0.43487	 0.42474	 0.41736
202 	 0.26903	 0.26711	 0.26818	 0.27531	 0.29039	 0.31073	 0.32898	 0.34281	 0.35335	 0.36106	 0.36268	 0.35603	 0.34478	 0.33456	 0.32577	 0.31941	 0.31524	 0.31127	 0.30792	 0.30540	 0.30504	 0.30938	 0.31848	 0.33188	 0.34822	 0.36666	 0.38313	 0.39967	 0.42452	 0.46200	 0.50425	 0.54086	 0.56845	 0.58458	 0.59150	 0.59337	 0.59421	 0.59200	 0.58648	 0.58054	 0.57362	 0.56586	 0.55941	 0.55513	 0.55110	 0.54736	 0.54415	 0.54088	 0.53540	 0.52890	 0.52131	 0.51372	 0.50519	 0.49734	 0.49146	 0.48722	 0.48444	 0.48469	 0.49056	 0.49756	 0.50213	 0.50143	 0.49394	 0.48293	 0.46932	 0.45707	 0.44426	 0.43202	 0.42085	 0.40986	 0.40120
211 	 0.28041	 0.27989	 0.28339	 0.29587	 0.31947	 0.34957	 0.37662	 0.39742	 0.41352	 0.42540	 0.42917	 0.42197	 0.40851	 0.39582	 0.38530	 0.37817	 0.37375	 0.36985	 0.36627	 0.36379	 0.36427	 0.37069	 0.38331	 0.40179	 0.42415	 0.44828	 0.46992	 0.49072	 0.51947	 0.56158	 0.60824	 0.64821	 0.67747	 0.69387	 0.70080	 0.70290	 0.70404	 0.70247	 0.69785	 0.69273	 0.68652	 0.67956	 0.67356	 0.66982	 0.66623	 0.66287	 0.65986	 0.65684	 0.65144	 0.64500	 0.63734	 0.62947	 0.62069	 0.61243	 0.60590	 0.60115	 0.59788	 0.59750	 0.60265	 0.60761	 0.60670	 0.59702	 0.57737	 0.55331	 0.52710	 0.50327	 0.48074	 0.46031	 0.44289	 0.42725	 0.41402
212 	 0.28196	 0.28178	 0.28583	 0.29943	 0.32488	 0.35697	 0.38576	 0.40802	 0.42520	 0.43796	 0.44205	 0.43469	 0.42078	 0.40766	 0.39681	 0.38966	 0.38529	 0.38131	 0.37771	 0.37531	 0.37598	 0.38296	 0.39650	 0.41609	 0.43982	 0.46522	 0.48789	 0.50969	 0.53952	 0.58312	 0.63125	 0.67250	 0.70244	 0.71920	 0.72614	 0.72825	 0.72958	 0.72810	 0.72352	 0.71836	 0.71228	 0.70533	 0.69933	 0.69558	 0.69204	 0.68859	 0.68558	 0.68240	 0.67697	 0.67055	 0.66276	 0.65475	 0.64576	 0.63726	 0.63058	 0.62553	 0.62204	 0.62154	 0.62626	 0.63039	 0.62822	 0.61588	 0.59338	 0.56635	 0.53775	 0.51080	 0.48623	 0.46428	 0.44549	 0.42821	 0.41540
221 	 0.24068	 0.24140	 0.24648	 0.26197	 0.28946	 0.32365	 0.35438	 0.37838	 0.39703	 0.41100	 0.41577	 0.40869	 0.39460	 0.38128	 0.37049	 0.36345	 0.35938	 0.35572	 0.35233	 0.35010	 0.35085	 0.35802	 0.37193	 0.39231	 0.41708	 0.44380	 0.46781	 0.49073	 0.52176	 0.56708	 0.61806	 0.66252	 0.69544	 0.71419	 0.72239	 0.72509	 0.72672	 0.72545	 0.72093	 0.71586	 0.70975	 0.70281	 0.69666	 0.69290	 0.68943	 0.68608	 0.68307	 0.67992	 0.67438	 0.66772	 0.65950	 0.65107	 0.64157	 0.63270	 0.62561	 0.62017	 0.61645	 0.61564	 0.61947	 0.62151	 0.61449	 0.59518	 0.56531	 0.53167	 0.49694	 0.46504	 0.43678	 0.41133	 0.39113	 0.37412	 0.35943
222 	 0.24866	 0.24941	 0.25477	 0.27086	 0.29931	 0.33461	 0.36644	 0.39142	 0.41076	 0.42512	 0.43012	 0.42288	 0.40848	 0.39478	 0.38384	 0.37679	 0.37256	 0.36877	 0.36527	 0.36294	 0.36379	 0.37110	 0.38535	 0.40619	 0.43142	 0.45857	 0.48288	 0.50603	 0.53708	 0.58225	 0.63284	 0.67688	 0.70931	 0.72768	 0.73575	 0.73856	 0.74037	 0.73926	 0.73502	 0.73023	 0.72441	 0.71770	 0.71185	 0.70821	 0.70475	 0.70150	 0.69859	 0.69559	 0.69030	 0.68381	 0.67589	 0.66771	 0.65844	 0.64979	 0.64279	 0.63747	 0.63375	 0.63297	 0.63660	 0.63800	 0.63023	 0.60998	 0.57919	 0.54482	 0.50913	 0.47679	 0.44707	 0.42229	 0.40074	 0.38313	 0.36836
231 	 0.28780	 0.28728	 0.29077	 0.30237	 0.32394	 0.35170	 0.37720	 0.39748	 0.41329	 0.42479	 0.42835	 0.42138	 0.40834	 0.39596	 0.38560	 0.37868	 0.37439	 0.37052	 0.36674	 0.36370	 0.36305	 0.36777	 0.37823	 0.39420	 0.41424	 0.43644	 0.45622	 0.47440	 0.49863	 0.53328	 0.57050	 0.60201	 0.62523	 0.63819	 0.64341	 0.64480	 0.64586	 0.64475	 0.64118	 0.63755	 0.63305	 0.62756	 0.62301	 0.62046	 0.61782	 0.61537	 0.61328	 0.61110	 0.60695	 0.60200	 0.59615	 0.59024	 0.58319	 0.57660	 0.57166	 0.56814	 0.56588	 0.56634	 0.57121	 0.57537	 0.57482	 0.56660	 0.54990	 0.52867	 0.50533	 0.48449	 0.46479	 0.44691	 0.43187	 0.41783	 0.40716
232 	 0.28144	 0.28105	 0.28480	 0.29715	 0.31991	 0.34912	 0.37620	 0.39785	 0.41474	 0.42710	 0.43114	 0.42411	 0.41054	 0.39766	 0.38697	 0.37988	 0.37563	 0.37172	 0.36786	 0.36474	 0.36427	 0.36946	 0.38071	 0.39779	 0.41924	 0.44287	 0.46385	 0.48310	 0.50860	 0.54512	 0.58463	 0.61818	 0.64282	 0.65651	 0.66200	 0.66358	 0.66477	 0.66365	 0.66009	 0.65646	 0.65193	 0.64648	 0.64194	 0.63924	 0.63665	 0.63423	 0.63214	 0.63002	 0.62568	 0.62062	 0.61440	 0.60802	 0.60071	 0.59370	 0.58829	 0.58436	 0.58176	 0.58186	 0.58632	 0.58992	 0.58790	 0.57684	 0.55719	 0.53284	 0.50695	 0.48344	 0.46157	 0.44221	 0.42639	 0.41114	 0.39938
241 	 0.23340	 0.23198	 0.23335	 0.24031	 0.25447	 0.27404	 0.29265	 0.30768	 0.31973	 0.32925	 0.33260	 0.32727	 0.31617	 0.30565	 0.29668	 0.29021	 0.28621	 0.28212	 0.27813	 0.27471	 0.27312	 0.27585	 0.28321	 0.29532	 0.31130	 0.33040	 0.34726	 0.36269	 0.38402	 0.41587	 0.45300	 0.48858	 0.51829	 0.53704	 0.54565	 0.54806	 0.54919	 0.54746	 0.54290	 0.53797	 0.53206	 0.52527	 0.51977	 0.51641	 0.51347	 0.51093	 0.50863	 0.50608	 0.50115	 0.49494	 0.48746	 0.47974	 0.47112	 0.46346	 0.45767	 0.45367	 0.45093	 0.45142	 0.45699	 0.46338	 0.46630	 0.46270	 0.45223	 0.43804	 0.42157	 0.40684	 0.39208	 0.37837	 0.36691	 0.35690	 0.34696
242 	 0.23132	 0.22984	 0.23132	 0.23849	 0.25294	 0.27287	 0.29185	 0.30717	 0.31949	 0.32925	 0.33270	 0.32748	 0.31626	 0.30571	 0.29669	 0.29021	 0.28626	 0.28221	 0.27828	 0.27496	 0.27342	 0.27633	 0.28382	 0.29615	 0.31245	 0.33176	 0.34893	 0.36459	 0.38607	 0.41797	 0.45526	 0.49075	 0.52022	 0.53885	 0.54729	 0.54969	 0.55096	 0.54936	 0.54491	 0.54007	 0.53429	 0.52758	 0.52222	 0.51901	 0.51613	 0.51359	 0.51134	 0.50880	 0.50387	 0.49787	 0.49054	 0.48295	 0.47456	 0.46680	 0.46104	 0.45704	 0.45434	 0.45483	 0.46057	 0.46698	 0.46962	 0.46547	 0.45404	 0.43952	 0.42278	 0.40700	 0.39245	 0.37822	 0.36662	 0.35563	 0.34593
251 	 0.28965	 0.28984	 0.29499	 0.31087	 0.33967	 0.37629	 0.41041	 0.43780	 0.45970	 0.47566	 0.48118	 0.47327	 0.45724	 0.44207	 0.42989	 0.42204	 0.41746	 0.41326	 0.40918	 0.40610	 0.40643	 0.41360	 0.42823	 0.45027	 0.47776	 0.50761	 0.53440	 0.55941	 0.59175	 0.63857	 0.69182	 0.73923	 0.77441	 0.79428	 0.80290	 0.80611	 0.80847	 0.80801	 0.80472	 0.80079	 0.79585	 0.78976	 0.78422	 0.78094	 0.77775	 0.77476	 0.77221	 0.76946	 0.76417	 0.75762	 0.74926	 0.74063	 0.73111	 0.72192	 0.71448	 0.70863	 0.70468	 0.70436	 0.70933	 0.71217	 0.70550	 0.68472	 0.65322	 0.61526	 0.57699	 0.54262	 0.51175	 0.48440	 0.46190	 0.44187	 0.42692
252 	 0.29809	 0.29837	 0.30399	 0.32095	 0.35177	 0.39066	 0.42660	 0.45554	 0.47862	 0.49539	 0.50125	 0.49285	 0.47621	 0.46019	 0.44736	 0.43926	 0.43444	 0.43013	 0.42586	 0.42265	 0.42307	 0.43065	 0.44617	 0.46959	 0.49881	 0.53020	 0.55846	 0.58480	 0.61857	 0.66727	 0.72240	 0.77087	 0.80611	 0.82557	 0.83381	 0.83691	 0.83907	 0.83851	 0.83530	 0.83162	 0.82686	 0.82099	 0.81552	 0.81227	 0.80912	 0.80609	 0.80350	 0.80067	 0.79538	 0.78889	 0.78061	 0.77208	 0.76235	 0.75316	 0.74553	 0.73954	 0.73554	 0.73521	 0.73991	 0.74220	 0.73423	 0.71119	 0.67685	 0.63642	 0.59580	 0.55954	 0.52670	 0.49840	 0.47507	 0.45392	 0.43776
261 	 0.25185	 0.25159	 0.25508	 0.26646	 0.28773	 0.31519	 0.34014	 0.35947	 0.37484	 0.38636	 0.39038	 0.38403	 0.37153	 0.35985	 0.35024	 0.34368	 0.33967	 0.33587	 0.33244	 0.33002	 0.33022	 0.33572	 0.34696	 0.36365	 0.38426	 0.40695	 0.42717	 0.44658	 0.47344	 0.51293	 0.55739	 0.59697	 0.62745	 0.64560	 0.65357	 0.65616	 0.65756	 0.65593	 0.65125	 0.64587	 0.63968	 0.63260	 0.62660	 0.62278	 0.61937	 0.61619	 0.61339	 0.61046	 0.60513	 0.59880	 0.59105	 0.58307	 0.57418	 0.56594	 0.55946	 0.55480	 0.55144	 0.55131	 0.55593	 0.56008	 0.55865	 0.54814	 0.52885	 0.50497	 0.47923	 0.45589	 0.43392	 0.41423	 0.39758	 0.38294	 0.37039
262 	 0.25123	 0.25097	 0.25458	 0.26628	 0.28814	 0.31621	 0.34169	 0.36132	 0.37677	 0.38844	 0.39248	 0.38620	 0.37367	 0.36189	 0.35212	 0.34550	 0.34146	 0.33757	 0.33413	 0.33173	 0.33193	 0.33760	 0.34905	 0.36615	 0.38713	 0.41000	 0.43035	 0.44978	 0.47653	 0.51570	 0.55937	 0.59767	 0.62671	 0.64370	 0.65098	 0.65314	 0.65431	 0.65262	 0.64801	 0.64279	 0.63675	 0.62982	 0.62404	 0.62038	 0.61702	 0.61397	 0.61131	 0.60838	 0.60326	 0.59712	 0.58964	 0.58197	 0.57340	 0.56543	 0.55931	 0.55468	 0.55142	 0.55127	 0.55560	 0.55938	 0.55750	 0.54676	 0.52715	 0.50308	 0.47720	 0.45435	 0.43116	 0.41271	 0.39515	 0.38040	 0.36962
