11	0.253066667	0.253511111	0.258611111	0.271566667	0.295444444	0.325933333	0.353422222	0.374155556	0.390411111	0.402266667	0.406033333	0.399722222	0.388066667	0.376055556	0.366711111	0.360566667	0.356622222	0.353144444	0.349511111	0.347377778	0.348277778	0.354177778	0.366833333	0.384855556	0.405655556	0.427033333	0.447866667	0.468766667	0.497677778	0.540688889	0.589355556	0.633855556	0.6668	0.685888889	0.695488889	0.699888889	0.700944444	0.698177778	0.693011111	0.686055556	0.678522222	0.671055556	0.664511111	0.659233333	0.654333333	0.650177778	0.646344444	0.642755556	0.637588889	0.630066667	0.621488889	0.613	0.603922222	0.595355556	0.588344444	0.582366667	0.579466667	0.579122222	0.5813	0.582611111	0.578133333	0.562688889	0.538666667	0.509677778	0.479522222	0.452211111	0.4277	0.405788889	0.387922222	0.373155556	0.360777778
21	0.214711111	0.214777778	0.219155556	0.230511111	0.251711111	0.278988889	0.303866667	0.322844444	0.337933333	0.349022222	0.352444444	0.346322222	0.335277778	0.323877778	0.314988889	0.309088889	0.305277778	0.301822222	0.298255556	0.296033333	0.296588889	0.301844444	0.313466667	0.330244444	0.349866667	0.370388889	0.390577778	0.410866667	0.439166667	0.481766667	0.530833333	0.577111111	0.6128	0.634411111	0.645677778	0.650922222	0.652433333	0.649788889	0.644477778	0.637288889	0.6294	0.621577778	0.614755556	0.609222222	0.604144444	0.599911111	0.596133333	0.592433333	0.586988889	0.578844444	0.569466667	0.560266667	0.550511111	0.541266667	0.533822222	0.5276	0.524622222	0.524344444	0.5272	0.529655556	0.526522222	0.512411111	0.4903	0.463655556	0.435777778	0.410222222	0.386988889	0.366355556	0.349088889	0.334733333	0.322388889
22	0.247533333	0.247944444	0.252922222	0.265622222	0.289055556	0.318988889	0.346133333	0.366755556	0.383055556	0.395033333	0.398866667	0.392622222	0.381	0.368911111	0.3595	0.353255556	0.349288889	0.345755556	0.342033333	0.339777778	0.340388889	0.3459	0.358155556	0.375833333	0.396488889	0.417944444	0.438844444	0.459655556	0.488133333	0.530511111	0.579055556	0.624366667	0.658722222	0.679088889	0.689544444	0.6944	0.695722222	0.693011111	0.687888889	0.680922222	0.6732	0.665622222	0.659188889	0.653955556	0.648988889	0.644911111	0.641077778	0.637522222	0.632333333	0.624511111	0.6157	0.606944444	0.597611111	0.588833333	0.581833333	0.575977778	0.573411111	0.573422222	0.576166667	0.578	0.5738	0.558344444	0.534077778	0.504755556	0.474266667	0.446755556	0.422033333	0.4	0.381833333	0.367	0.354511111
31	0.222477778	0.223111111	0.228511111	0.241755556	0.265822222	0.296644444	0.325377778	0.347877778	0.366055556	0.3797	0.384555556	0.378411111	0.366377778	0.353688889	0.343811111	0.337422222	0.3335	0.329877778	0.325888889	0.323111111	0.323133333	0.328166667	0.340155556	0.358022222	0.379644444	0.402766667	0.425255556	0.446744444	0.475	0.516922222	0.566822222	0.616366667	0.657	0.6831	0.697188889	0.704111111	0.706577778	0.704522222	0.699844444	0.693088889	0.685555556	0.677977778	0.6714	0.666166667	0.661411111	0.657622222	0.654155556	0.6507	0.645155556	0.636533333	0.626488889	0.616433333	0.605844444	0.595777778	0.5876	0.580811111	0.577777778	0.578011111	0.581433333	0.583777778	0.578122222	0.558411111	0.528288889	0.4929	0.4572	0.425277778	0.397022222	0.372611111	0.352466667	0.336244444	0.3227
32	0.212644444	0.213266667	0.218377778	0.230677778	0.2529	0.2814	0.307966667	0.328566667	0.345177778	0.3578	0.362422222	0.356866667	0.345466667	0.333422222	0.324044444	0.317944444	0.314166667	0.310766667	0.306977778	0.304288889	0.3042	0.308766667	0.319655556	0.335911111	0.3557	0.377088889	0.398022222	0.418133333	0.4448	0.484433333	0.531411111	0.578455556	0.617355556	0.642511111	0.656166667	0.662822222	0.665177778	0.663122222	0.6583	0.651488889	0.643988889	0.636466667	0.629911111	0.624777778	0.620155556	0.616477778	0.613144444	0.609844444	0.604455556	0.596211111	0.586622222	0.576977778	0.566833333	0.5573	0.549711111	0.543444444	0.540766667	0.541233333	0.544911111	0.548111111	0.5446	0.528155556	0.501711111	0.469933333	0.437455556	0.408244444	0.382011111	0.359044444	0.3403	0.325055556	0.312088889
41	0.2461	0.247422222	0.2534	0.2678	0.2942	0.327355556	0.356822222	0.378677778	0.395755556	0.408333333	0.412633333	0.4065	0.394888889	0.383044444	0.373911111	0.367955556	0.364444444	0.361288889	0.358188889	0.356888889	0.358722222	0.365922222	0.379966667	0.399622222	0.421644444	0.4436	0.465188889	0.487544444	0.519544444	0.567866667	0.622544444	0.671844444	0.708366667	0.729777778	0.741044444	0.7466	0.748222222	0.745466667	0.739555556	0.731077778	0.722255556	0.713377778	0.705966667	0.699822222	0.693933333	0.688788889	0.683977778	0.6797	0.673644444	0.665033333	0.655888889	0.646966667	0.637033333	0.627788889	0.620177778	0.613511111	0.609711111	0.608688889	0.610522222	0.611066667	0.603911111	0.583988889	0.553833333	0.5189	0.484133333	0.452266667	0.424588889	0.399944444	0.3801	0.3632	0.349277778
42	0.242655556	0.243888889	0.249755556	0.263766667	0.289533333	0.321922222	0.3507	0.372011111	0.388722222	0.401033333	0.405277778	0.399233333	0.387977778	0.376422222	0.367455556	0.361666667	0.358177778	0.355044444	0.351966667	0.350611111	0.352233333	0.359166667	0.372866667	0.392022222	0.413511111	0.435011111	0.456233333	0.4781	0.509422222	0.556777778	0.610544444	0.659122222	0.695277778	0.716666667	0.727911111	0.733477778	0.735111111	0.732466667	0.726622222	0.718311111	0.709566667	0.700755556	0.693377778	0.687222222	0.681255556	0.6763	0.671777778	0.667488889	0.661488889	0.653022222	0.643933333	0.634877778	0.624844444	0.6156	0.607866667	0.6012	0.597355556	0.596133333	0.597944444	0.598777778	0.592411111	0.573633333	0.544844444	0.511288889	0.477722222	0.446855556	0.419888889	0.395944444	0.376333333	0.359444444	0.345933333
51	0.224555556	0.226022222	0.231422222	0.243666667	0.2659	0.293388889	0.317155556	0.334144444	0.347077778	0.3564	0.359077778	0.353533333	0.344122222	0.334577778	0.327077778	0.321833333	0.318688889	0.316088889	0.313822222	0.313377778	0.3157	0.322666667	0.335622222	0.353255556	0.372633333	0.391844444	0.411244444	0.432877778	0.466444444	0.518711111	0.578077778	0.631633333	0.6713	0.6948	0.707222222	0.713111111	0.714222222	0.709911111	0.701444444	0.690277778	0.6784	0.666644444	0.656633333	0.647833333	0.639433333	0.632211111	0.625633333	0.619588889	0.611933333	0.601844444	0.591166667	0.580955556	0.570088889	0.560233333	0.552288889	0.5457	0.542311111	0.541944444	0.544688889	0.546866667	0.542811111	0.527922222	0.504255556	0.475855556	0.446766667	0.419733333	0.395577778	0.373866667	0.355911111	0.340377778	0.327333333
52	0.222988889	0.224344444	0.229555556	0.241533333	0.263155556	0.289777778	0.312555556	0.328711111	0.341011111	0.349855556	0.352244444	0.346844444	0.337755556	0.328555556	0.321266667	0.316133333	0.312966667	0.310411111	0.308166667	0.307677778	0.309811111	0.3165	0.328977778	0.345933333	0.364444444	0.382711111	0.401211111	0.421988889	0.454388889	0.504722222	0.561511111	0.612388889	0.649988889	0.6722	0.683944444	0.6895	0.690533333	0.686344444	0.678155556	0.6673	0.655888889	0.644511111	0.634744444	0.626344444	0.618288889	0.611355556	0.605033333	0.599288889	0.591866667	0.582077778	0.571833333	0.562066667	0.551666667	0.5422	0.534511111	0.528155556	0.524822222	0.524366667	0.5269	0.528988889	0.525333333	0.511466667	0.489511111	0.463022222	0.435855556	0.410677778	0.387844444	0.367222222	0.350244444	0.335544444	0.323255556
61	0.216533333	0.218211111	0.224066667	0.237088889	0.260488889	0.289288889	0.313922222	0.331522222	0.345022222	0.354833333	0.357855556	0.352522222	0.343088889	0.333466667	0.3259	0.320788889	0.317722222	0.315222222	0.313088889	0.312844444	0.315411111	0.322766667	0.336255556	0.354422222	0.374288889	0.393966667	0.413833333	0.4359	0.470022222	0.522844444	0.582611111	0.636288889	0.675966667	0.6994	0.711622222	0.717411111	0.718488889	0.7141	0.705655556	0.694522222	0.682755556	0.671033333	0.660977778	0.6523	0.644033333	0.636933333	0.630433333	0.624422222	0.616888889	0.606911111	0.596322222	0.586255556	0.575444444	0.565566667	0.557388889	0.550722222	0.547177778	0.546388889	0.548633333	0.550155556	0.545177778	0.528766667	0.503066667	0.472477778	0.441544444	0.412988889	0.387566667	0.364788889	0.346144444	0.330177778	0.316644444
62	0.229066667	0.230833333	0.236711111	0.249644444	0.272833333	0.300888889	0.324377778	0.340722222	0.353066667	0.362	0.364533333	0.359444444	0.350611111	0.341577778	0.334411111	0.329422222	0.326388889	0.324044444	0.322133333	0.322266667	0.325088889	0.332633333	0.346066667	0.363877778	0.382988889	0.401733333	0.420733333	0.442444444	0.476866667	0.530044444	0.589177778	0.640922222	0.678133333	0.699522222	0.710488889	0.715466667	0.715844444	0.710922222	0.701933333	0.6902	0.677955556	0.665822222	0.655333333	0.646144444	0.637411111	0.6298	0.622755556	0.616488889	0.608833333	0.599	0.588911111	0.579377778	0.569166667	0.559844444	0.552222222	0.545933333	0.542544444	0.541811111	0.5438	0.545111111	0.540588889	0.525855556	0.502611111	0.474611111	0.4459	0.4192	0.395466667	0.373888889	0.356244444	0.340755556	0.327877778
71	0.2363	0.237683333	0.243633333	0.257433333	0.282416667	0.3138	0.34165	0.362383333	0.378533333	0.390216667	0.394083333	0.388183333	0.377433333	0.366416667	0.35785	0.352216667	0.34885	0.345883333	0.343016667	0.34175	0.343416667	0.350183333	0.363616667	0.382383333	0.40345	0.4246	0.4455	0.467216667	0.498766667	0.546883333	0.6024	0.6539	0.693383333	0.717333333	0.73	0.736416667	0.738283333	0.735333333	0.7288	0.7197	0.710166667	0.700516667	0.6924	0.685483333	0.6789	0.67335	0.668233333	0.663533333	0.656933333	0.647566667	0.637766667	0.628133333	0.617483333	0.60775	0.59975	0.593083333	0.589566667	0.588916667	0.591316667	0.5926	0.58605	0.56685	0.537633333	0.503333333	0.469233333	0.437816667	0.410566667	0.3862	0.36635	0.349916667	0.335933333
72	0.229283333	0.230666667	0.2365	0.249966667	0.2745	0.305333333	0.332933333	0.353483333	0.369433333	0.3811	0.385033333	0.379366667	0.3685	0.357266667	0.348583333	0.342816667	0.3394	0.336483333	0.3336	0.332233333	0.333733333	0.340233333	0.353216667	0.37145	0.392133333	0.412966667	0.43375	0.455166667	0.48605	0.533216667	0.58775	0.6388	0.678366667	0.702616667	0.7156	0.7221	0.724	0.721033333	0.7145	0.705516667	0.695933333	0.6862	0.6779	0.671083333	0.6647	0.659316667	0.654416667	0.64975	0.643216667	0.634183333	0.624416667	0.614916667	0.604433333	0.59475	0.586716667	0.58035	0.577133333	0.57665	0.579116667	0.58065	0.574966667	0.556483333	0.527966667	0.494233333	0.46035	0.429666667	0.402783333	0.378783333	0.359066667	0.342416667	0.328683333
81	0.257316667	0.259366667	0.266183333	0.281766667	0.3097	0.344083333	0.373516667	0.3947	0.4109	0.422633333	0.426466667	0.42045	0.409533333	0.398266667	0.389616667	0.383766667	0.380383333	0.3776	0.37515	0.3747	0.377516667	0.3858	0.40095	0.421366667	0.443666667	0.465533333	0.487183333	0.510516667	0.545266667	0.598033333	0.656883333	0.708966667	0.746883333	0.768933333	0.780366667	0.785866667	0.787016667	0.783183333	0.775783333	0.765766667	0.755233333	0.744666667	0.7357	0.727933333	0.72045	0.714	0.708083333	0.702616667	0.695616667	0.686016667	0.675933333	0.666316667	0.655833333	0.646083333	0.638083333	0.631216667	0.627333333	0.626183333	0.627716667	0.62775	0.619533333	0.598366667	0.566833333	0.530683333	0.494566667	0.462183333	0.43365	0.408233333	0.38805	0.37075	0.3565
82	0.242866667	0.2447	0.251116667	0.265716667	0.29195	0.3242	0.351933333	0.371883333	0.387083333	0.398133333	0.401733333	0.39595	0.38545	0.374666667	0.3663	0.360683333	0.35735	0.3546	0.352166667	0.351716667	0.3543	0.362033333	0.376266667	0.395466667	0.4165	0.437216667	0.45775	0.47995	0.51325	0.563733333	0.620016667	0.669683333	0.705716667	0.726533333	0.737383333	0.742566667	0.74355	0.739733333	0.732466667	0.722633333	0.712383333	0.702133333	0.69345	0.685983333	0.678816667	0.672633333	0.666866667	0.661683333	0.655033333	0.645916667	0.636333333	0.627133333	0.616966667	0.60775	0.600216667	0.59375	0.590166667	0.589333333	0.591333333	0.59225	0.586083333	0.56815	0.54045	0.507583333	0.474633333	0.444233333	0.41785	0.3938	0.374566667	0.358	0.344416667
91	0.2404	0.241983333	0.248133333	0.262333333	0.28805	0.319866667	0.3474	0.367366667	0.382733333	0.393783333	0.397333333	0.391566667	0.381116667	0.370466667	0.3622	0.356633333	0.35335	0.350516667	0.347916667	0.3472	0.34945	0.356866667	0.370766667	0.389733333	0.410566667	0.43115	0.451533333	0.473216667	0.5054	0.5542	0.6089	0.657633333	0.693333333	0.714033333	0.724716667	0.72975	0.7308	0.7272	0.720333333	0.710916667	0.701066667	0.6912	0.682983333	0.675966667	0.669166667	0.66335	0.658016667	0.65315	0.64675	0.63785	0.628466667	0.619433333	0.609483333	0.60035	0.592916667	0.586533333	0.583	0.58205	0.583683333	0.584133333	0.577566667	0.55935	0.532016667	0.4999	0.467416667	0.437766667	0.4117	0.388566667	0.369283333	0.353316667	0.340283333
92	0.237966667	0.239483333	0.245433333	0.259166667	0.283966667	0.3147	0.341416667	0.360833333	0.3757	0.386466667	0.389983333	0.384316667	0.374116667	0.363583333	0.355383333	0.349933333	0.3467	0.343883333	0.341316667	0.340516667	0.342566667	0.349616667	0.36305	0.381383333	0.401516667	0.421516667	0.441383333	0.462466667	0.493883333	0.541583333	0.595183333	0.6432	0.678583333	0.699066667	0.709716667	0.714816667	0.715916667	0.712383333	0.70555	0.696216667	0.686583333	0.67685	0.668633333	0.6617	0.654983333	0.649216667	0.643966667	0.639116667	0.632816667	0.624066667	0.614816667	0.605966667	0.596333333	0.587366667	0.5801	0.573983333	0.5706	0.569883333	0.5718	0.572666667	0.566983333	0.55	0.524016667	0.49285	0.461466667	0.43295	0.40745	0.384733333	0.366	0.350533333	0.33755
101	0.219116667	0.220316667	0.225666667	0.2379	0.259983333	0.2873	0.3109	0.327933333	0.3408	0.35	0.35265	0.347333333	0.338216667	0.328883333	0.321516667	0.316433333	0.313316667	0.310666667	0.308233333	0.307433333	0.309233333	0.315566667	0.327716667	0.344316667	0.362533333	0.380683333	0.3989	0.41845	0.448166667	0.4937	0.5447	0.5902	0.6236	0.642983333	0.653116667	0.65795	0.65895	0.655466667	0.64865	0.639466667	0.629883333	0.6203	0.612166667	0.605233333	0.598533333	0.5928	0.587583333	0.582866667	0.57665	0.568033333	0.558983333	0.550283333	0.54085	0.5322	0.52525	0.519433333	0.516466667	0.5161	0.518216667	0.51965	0.515766667	0.502333333	0.481116667	0.45535	0.4288	0.404166667	0.382	0.361983333	0.345166667	0.33115	0.319033333
102	0.228683333	0.22985	0.235033333	0.246866667	0.26825	0.294583333	0.317216667	0.333483333	0.34565	0.3543	0.356666667	0.351583333	0.3428	0.333816667	0.3267	0.321633333	0.31865	0.316033333	0.313683333	0.312916667	0.314616667	0.32065	0.332416667	0.3484	0.365916667	0.3834	0.400966667	0.419966667	0.44905	0.493733333	0.5438	0.58865	0.6217	0.641016667	0.651116667	0.655866667	0.65675	0.653066667	0.6461	0.6368	0.62705	0.617283333	0.609033333	0.602	0.595233333	0.589483333	0.584216667	0.579466667	0.573216667	0.5647	0.5557	0.547116667	0.5378	0.529383333	0.52255	0.516816667	0.514033333	0.51375	0.516066667	0.51775	0.514433333	0.5021	0.482166667	0.457683333	0.4325	0.408883333	0.38745	0.368133333	0.352	0.3382	0.326283333
111	0.21605	0.216616667	0.22175	0.2344	0.2575	0.287033333	0.3148	0.336533333	0.354033333	0.367083333	0.371866667	0.3661	0.354616667	0.342383333	0.332833333	0.326683333	0.3231	0.319616667	0.3156	0.31275	0.312416667	0.31685	0.327933333	0.344666667	0.36485	0.38635	0.4075	0.427516667	0.453683333	0.492333333	0.5379	0.583083333	0.62065	0.6449	0.658316667	0.665233333	0.667816667	0.666266667	0.662116667	0.65585	0.6491	0.64205	0.636233333	0.631683333	0.62735	0.623966667	0.620966667	0.617966667	0.6129	0.604916667	0.595933333	0.586816667	0.576933333	0.56775	0.560133333	0.553883333	0.551016667	0.551166667	0.554333333	0.55675	0.5518	0.534016667	0.506216667	0.4731	0.440183333	0.410366667	0.3839	0.360783333	0.341916667	0.326433333	0.313483333
121	0.2382	0.240916667	0.248283333	0.264116667	0.29155	0.323566667	0.348816667	0.365816667	0.37845	0.387616667	0.390516667	0.385566667	0.376916667	0.368016667	0.361016667	0.356166667	0.353333333	0.351333333	0.3501	0.35115	0.355383333	0.364633333	0.3799	0.399233333	0.419133333	0.438033333	0.457116667	0.4795	0.515466667	0.568366667	0.622983333	0.666216667	0.694133333	0.708633333	0.71565	0.7187	0.71785	0.712366667	0.70355	0.6925	0.681033333	0.669633333	0.65975	0.650966667	0.64245	0.63495	0.628166667	0.6223	0.615566667	0.6073	0.59915	0.591633333	0.583466667	0.575983333	0.569833333	0.564433333	0.561316667	0.55995	0.560466667	0.55955	0.553133333	0.537366667	0.513166667	0.484066667	0.45455	0.427416667	0.402783333	0.38075	0.362616667	0.347383333	0.334166667
122	0.236583333	0.239183333	0.246483333	0.262133333	0.289283333	0.321033333	0.34625	0.3633	0.37595	0.385233333	0.388216667	0.3833	0.374366667	0.365116667	0.3579	0.35285	0.349866667	0.347716667	0.346366667	0.347216667	0.351233333	0.360233333	0.375183333	0.394333333	0.414166667	0.43305	0.4523	0.474766667	0.510433333	0.56335	0.618616667	0.663116667	0.692266667	0.7076	0.7151	0.718433333	0.7178	0.712483333	0.703783333	0.692766667	0.681366667	0.670033333	0.660216667	0.6516	0.643183333	0.635683333	0.628833333	0.622883333	0.616033333	0.60745	0.59895	0.591066667	0.582566667	0.574683333	0.5683	0.56285	0.559666667	0.558316667	0.559133333	0.558816667	0.553	0.537416667	0.513116667	0.483766667	0.453916667	0.4265	0.4019	0.379666667	0.361533333	0.346066667	0.332983333
131	0.218583333	0.2196	0.22535	0.238983333	0.263766667	0.2952	0.324033333	0.346066667	0.363483333	0.376366667	0.381066667	0.375166667	0.363716667	0.351683333	0.342383333	0.3363	0.332733333	0.329366667	0.32575	0.32345	0.32405	0.329683333	0.3422	0.360366667	0.381633333	0.403716667	0.425516667	0.446816667	0.475883333	0.520033333	0.5723	0.62355	0.665366667	0.6922	0.706983333	0.714533333	0.71725	0.7151	0.709583333	0.701583333	0.69295	0.684216667	0.676916667	0.671	0.665533333	0.660966667	0.656816667	0.65285	0.646833333	0.637716667	0.62755	0.61735	0.606366667	0.59625	0.587966667	0.581133333	0.57765	0.577266667	0.579966667	0.581666667	0.575283333	0.5553	0.524566667	0.488533333	0.452933333	0.420833333	0.39245	0.3679	0.34775	0.331016667	0.31745
132	0.211966667	0.2129	0.218316667	0.231116667	0.25445	0.284233333	0.311616667	0.332583333	0.34915	0.3614	0.3658	0.360166667	0.349116667	0.33745	0.328416667	0.322533333	0.318966667	0.315683333	0.312116667	0.3099	0.310383333	0.315733333	0.327666667	0.345116667	0.365566667	0.38695	0.408083333	0.428816667	0.45735	0.500683333	0.5521	0.602866667	0.644383333	0.670916667	0.685566667	0.693116667	0.695783333	0.693583333	0.687933333	0.67975	0.6711	0.6623	0.654966667	0.648983333	0.643516667	0.639016667	0.634933333	0.630966667	0.62495	0.615916667	0.6058	0.5957	0.584866667	0.574916667	0.566833333	0.560233333	0.55715	0.557116667	0.560216667	0.562466667	0.5571	0.538766667	0.510166667	0.47615	0.442216667	0.4114	0.38435	0.360333333	0.340983333	0.324866667	0.311066667
141	0.220983333	0.22205	0.227816667	0.24165	0.266633333	0.298083333	0.326733333	0.3487	0.365966667	0.3786	0.382916667	0.376833333	0.365516667	0.3537	0.344566667	0.338533333	0.334966667	0.3317	0.32815	0.326	0.326716667	0.33255	0.3452	0.36355	0.3849	0.407116667	0.429	0.450566667	0.4802	0.52535	0.578983333	0.631483333	0.6739	0.700866667	0.7156	0.723133333	0.725866667	0.723666667	0.718066667	0.709816667	0.700883333	0.69175	0.684	0.677666667	0.671816667	0.667	0.6627	0.65845	0.65215	0.6428	0.632366667	0.621933333	0.610633333	0.600266667	0.591616667	0.584666667	0.581283333	0.580916667	0.583833333	0.585583333	0.5791	0.5591	0.528816667	0.493083333	0.457616667	0.42555	0.397333333	0.372566667	0.352483333	0.335816667	0.321916667
142	0.20655	0.20745	0.212783333	0.2255	0.248533333	0.277716667	0.30445	0.324983333	0.341133333	0.352966667	0.357033333	0.351316667	0.340566667	0.3293	0.3206	0.31485	0.311416667	0.3083	0.304966667	0.302833333	0.303366667	0.30855	0.32025	0.337283333	0.357133333	0.378083333	0.398783333	0.419216667	0.44755	0.490716667	0.541833333	0.592133333	0.633116667	0.659233333	0.673616667	0.680933333	0.683466667	0.681383333	0.67595	0.668016667	0.6593	0.650433333	0.643016667	0.636866667	0.63115	0.626566667	0.622466667	0.618383333	0.61235	0.603283333	0.593183333	0.583033333	0.571916667	0.5619	0.553683333	0.546966667	0.543716667	0.543733333	0.54715	0.549783333	0.545016667	0.5275	0.499933333	0.466983333	0.43405	0.404083333	0.377266667	0.35385	0.334733333	0.319016667	0.305466667
151	0.245477778	0.247911111	0.255177778	0.271155556	0.299222222	0.332866667	0.3608	0.3802	0.394744444	0.405333333	0.4088	0.403177778	0.3928	0.382066667	0.373722222	0.368055556	0.364755556	0.362177778	0.3602	0.3603	0.363688889	0.372422222	0.387822222	0.407955556	0.429455556	0.450522222	0.471555556	0.494988889	0.531022222	0.585433333	0.645188889	0.696811111	0.733411111	0.753988889	0.764311111	0.769011111	0.769355556	0.764533333	0.756088889	0.745	0.733477778	0.721977778	0.712055556	0.703466667	0.6952	0.687966667	0.6814	0.675322222	0.667922222	0.658277778	0.648366667	0.638833333	0.628533333	0.619088889	0.611377778	0.605033333	0.601633333	0.600733333	0.602322222	0.602555556	0.5957	0.576866667	0.547933333	0.513755556	0.4797	0.448544444	0.421211111	0.396766667	0.377	0.360344444	0.346355556
152	0.235783333	0.2383	0.245733333	0.26195	0.290266667	0.324316667	0.352433333	0.371866667	0.386416667	0.397066667	0.400516667	0.394916667	0.38465	0.374116667	0.365933333	0.36035	0.357133333	0.354633333	0.352733333	0.352983333	0.3566	0.36555	0.381166667	0.401633333	0.42345	0.44465	0.465833333	0.489516667	0.526016667	0.58095	0.6408	0.691966667	0.727583333	0.74725	0.756983333	0.76135	0.761433333	0.75665	0.748266667	0.7373	0.725966667	0.7146	0.704716667	0.69625	0.688116667	0.680916667	0.674233333	0.66835	0.66105	0.65145	0.641516667	0.632066667	0.621866667	0.612533333	0.60505	0.59865	0.595183333	0.594183333	0.5957	0.595616667	0.588216667	0.569	0.5397	0.50505	0.470566667	0.4393	0.411716667	0.387033333	0.367166667	0.350283333	0.336433333
161	0.223216667	0.2247	0.23035	0.243033333	0.2658	0.294	0.318233333	0.335533333	0.348533333	0.357916667	0.3607	0.35535	0.34605	0.3365	0.328983333	0.323666667	0.320466667	0.317866667	0.315616667	0.31515	0.317483333	0.324566667	0.3378	0.355733333	0.375433333	0.395283333	0.41525	0.43715	0.471016667	0.524	0.585233333	0.6418	0.684583333	0.710066667	0.723316667	0.729516667	0.730583333	0.725866667	0.7168	0.70485	0.692366667	0.679933333	0.66925	0.660033333	0.651383333	0.643916667	0.637183333	0.63085	0.622983333	0.612483333	0.601466667	0.590816667	0.579416667	0.569133333	0.5608	0.55415	0.5509	0.550616667	0.5534	0.55535	0.550733333	0.5349	0.509983333	0.4799	0.4494	0.421083333	0.395983333	0.373433333	0.354616667	0.339033333	0.3257
162	0.2098	0.211383333	0.217383333	0.230933333	0.2553	0.285333333	0.311133333	0.329616667	0.343583333	0.353666667	0.35675	0.351133333	0.34125	0.331133333	0.323166667	0.317666667	0.314333333	0.31165	0.3092	0.3086	0.311033333	0.31845	0.332333333	0.351166667	0.3718	0.392516667	0.413233333	0.43575	0.470083333	0.523483333	0.584883333	0.641416667	0.684133333	0.709583333	0.722816667	0.728966667	0.73015	0.725566667	0.716616667	0.704933333	0.69275	0.680533333	0.669933333	0.660983333	0.652633333	0.6454	0.638716667	0.632533333	0.62475	0.614283333	0.603216667	0.592483333	0.581183333	0.570883333	0.5625	0.555583333	0.552266667	0.551883333	0.55435	0.555783333	0.55025	0.5329	0.506216667	0.474233333	0.441933333	0.412333333	0.385866667	0.362533333	0.3435	0.3271	0.3137
171	0.203066667	0.2043	0.209766667	0.222144444	0.2444	0.272466667	0.297577778	0.316244444	0.330633333	0.341244444	0.344833333	0.339433333	0.329344444	0.318855556	0.310677778	0.305155556	0.301888889	0.299055556	0.296266667	0.294977778	0.296266667	0.302133333	0.314233333	0.331155556	0.350377778	0.370166667	0.389933333	0.410366667	0.4401	0.485766667	0.538933333	0.589488889	0.629133333	0.653511111	0.666677778	0.673144444	0.674977778	0.671933333	0.665311111	0.656155556	0.646388889	0.636588889	0.628411111	0.621511111	0.615033333	0.609622222	0.604677778	0.600111111	0.593733333	0.584577778	0.574611111	0.564833333	0.554266667	0.544722222	0.537044444	0.530744444	0.527755556	0.5277	0.530688889	0.533011111	0.528755556	0.512777778	0.487288889	0.456455556	0.4254	0.396866667	0.3715	0.349033333	0.330722222	0.314877778	0.301944444
172	0.195366667	0.1966	0.20215	0.214833333	0.2375	0.265816667	0.291033333	0.309816667	0.324316667	0.334916667	0.338366667	0.332933333	0.32305	0.312716667	0.304716667	0.2993	0.296133333	0.293316667	0.290533333	0.2892	0.290533333	0.296466667	0.308633333	0.325683333	0.3449	0.3647	0.384433333	0.404816667	0.434416667	0.479833333	0.53265	0.582766667	0.6222	0.646483333	0.65955	0.666	0.667883333	0.66485	0.658333333	0.6493	0.639683333	0.630016667	0.622016667	0.61525	0.608983333	0.603716667	0.59885	0.5943	0.587966667	0.578783333	0.568733333	0.558916667	0.548416667	0.538816667	0.531	0.52455	0.521333333	0.52105	0.52365	0.5254	0.520366667	0.503533333	0.477583333	0.446766667	0.41535	0.386866667	0.361283333	0.338783333	0.320433333	0.304916667	0.292066667
181	0.2344	0.236	0.241983333	0.255683333	0.280216667	0.31045	0.336183333	0.354433333	0.368316667	0.378533333	0.381916667	0.376433333	0.366416667	0.356133333	0.3481	0.342633333	0.33935	0.336616667	0.334316667	0.333933333	0.3365	0.34395	0.357783333	0.376316667	0.396433333	0.416383333	0.43635	0.45815	0.491533333	0.542316667	0.599183333	0.649633333	0.686033333	0.706783333	0.717133333	0.7219	0.72245	0.718116667	0.71005	0.699483333	0.688533333	0.67765	0.668483333	0.66065	0.653183333	0.6467	0.640783333	0.635433333	0.628583333	0.6193	0.609666667	0.600383333	0.590166667	0.580983333	0.573666667	0.5674	0.564033333	0.563333333	0.56545	0.5668	0.562166667	0.5468	0.522266667	0.492533333	0.462383333	0.4344	0.40945	0.3872	0.36875	0.352866667	0.339733333
182	0.228733333	0.23015	0.235733333	0.248633333	0.272083333	0.30115	0.326066667	0.3438	0.357333333	0.367216667	0.370383333	0.3649	0.355116667	0.345116667	0.337316667	0.331933333	0.328716667	0.326033333	0.323733333	0.323316667	0.325816667	0.333166667	0.3468	0.365133333	0.385033333	0.404833333	0.424683333	0.446333333	0.4795	0.529933333	0.5861	0.635533333	0.670866667	0.69085	0.700983333	0.70555	0.706116667	0.7019	0.694133333	0.683916667	0.673316667	0.662783333	0.6539	0.646266667	0.638966667	0.632716667	0.626983333	0.6217	0.61505	0.606	0.596433333	0.58725	0.5772	0.568066667	0.560783333	0.554433333	0.550933333	0.550116667	0.552216667	0.553733333	0.549583333	0.535066667	0.511916667	0.483666667	0.454816667	0.42785	0.403783333	0.38205	0.364166667	0.348533333	0.335333333
191	0.2109	0.213316667	0.220333333	0.235116667	0.26045	0.290283333	0.314366667	0.330683333	0.342616667	0.3513	0.35385	0.348933333	0.340366667	0.331616667	0.324583333	0.319566667	0.316733333	0.314616667	0.313083333	0.313666667	0.317216667	0.325483333	0.339683333	0.358083333	0.377533333	0.396466667	0.415666667	0.437916667	0.473583333	0.52855	0.5891	0.64155	0.67845	0.699083333	0.70925	0.713633333	0.7131	0.707166667	0.697033333	0.684216667	0.670883333	0.657683333	0.6463	0.63635	0.626783333	0.618433333	0.61075	0.603983333	0.596116667	0.58615	0.575916667	0.566333333	0.5563	0.547333333	0.54015	0.5342	0.531316667	0.5309	0.53275	0.53345	0.528266667	0.5131	0.489216667	0.459966667	0.429983333	0.40225	0.377616667	0.35555	0.3372	0.322016667	0.308816667
192	0.202733333	0.204866667	0.211283333	0.224766667	0.248083333	0.275566667	0.297883333	0.313	0.324066667	0.332066667	0.334333333	0.329666667	0.3216	0.313316667	0.30675	0.301983333	0.299233333	0.2972	0.295716667	0.296183333	0.299366667	0.306983333	0.320283333	0.337466667	0.355583333	0.373383333	0.391583333	0.412833333	0.447133333	0.499933333	0.558233333	0.6087	0.644316667	0.66415	0.674	0.678233333	0.67775	0.672083333	0.662333333	0.6499	0.637083333	0.624366667	0.61335	0.603716667	0.59455	0.586533333	0.579266667	0.57275	0.565083333	0.555383333	0.545533333	0.536266667	0.5265	0.517766667	0.510816667	0.505116667	0.50235	0.502116667	0.504183333	0.505283333	0.501183333	0.487966667	0.466566667	0.4402	0.412816667	0.38715	0.364266667	0.34365	0.326633333	0.311916667	0.299416667
201	0.261316667	0.263266667	0.27055	0.287216667	0.316833333	0.353683333	0.386233333	0.41045	0.429183333	0.442683333	0.447083333	0.440316667	0.427966667	0.415333333	0.405583333	0.399333333	0.395633333	0.392516667	0.389516667	0.388183333	0.390366667	0.398483333	0.414166667	0.43595	0.460483333	0.48515	0.5092	0.53375	0.568466667	0.620833333	0.680433333	0.734516667	0.7747	0.798066667	0.810116667	0.81595	0.817416667	0.814083333	0.807583333	0.798616667	0.789033333	0.779333333	0.771266667	0.764466667	0.757916667	0.752283333	0.747216667	0.74235	0.73575	0.726433333	0.716483333	0.70645	0.6955	0.685416667	0.67705	0.670316667	0.666816667	0.666116667	0.667933333	0.667583333	0.657783333	0.633516667	0.597783333	0.556866667	0.516766667	0.480783333	0.44945	0.421916667	0.3999	0.381533333	0.366733333
202	0.238233333	0.24005	0.247083333	0.263033333	0.2912	0.3259	0.356316667	0.3788	0.396066667	0.408566667	0.41265	0.40635	0.3947	0.38265	0.37335	0.367333333	0.363783333	0.360783333	0.357833333	0.356633333	0.358566667	0.366016667	0.380566667	0.400733333	0.42335	0.44615	0.46845	0.491316667	0.523966667	0.5732	0.629	0.679716667	0.717433333	0.739316667	0.750533333	0.755866667	0.75715	0.75385	0.747383333	0.7386	0.729333333	0.720066667	0.712116667	0.7055	0.699233333	0.693816667	0.6889	0.684283333	0.678066667	0.669183333	0.659683333	0.6503	0.640066667	0.630716667	0.622916667	0.61665	0.613416667	0.612783333	0.614716667	0.615033333	0.607183333	0.586066667	0.554366667	0.517333333	0.480366667	0.447216667	0.418433333	0.392683333	0.37215	0.35525	0.340716667
211	0.226333333	0.228016667	0.2342	0.24835	0.2739	0.3057	0.333133333	0.35295	0.368233333	0.3796	0.383616667	0.37805	0.367566667	0.356616667	0.348166667	0.3425	0.339133333	0.3362	0.33355	0.3328	0.3351	0.342583333	0.356716667	0.375816667	0.39685	0.417816667	0.438683333	0.460816667	0.493516667	0.543133333	0.599016667	0.649133333	0.685983333	0.707283333	0.718166667	0.723216667	0.7241	0.720166667	0.712966667	0.70335	0.693316667	0.68335	0.675016667	0.667983333	0.661233333	0.65545	0.650133333	0.645183333	0.6387	0.629733333	0.620183333	0.610783333	0.600633333	0.59125	0.583616667	0.577133333	0.573466667	0.572233333	0.573783333	0.574383333	0.568266667	0.55025	0.522566667	0.489766667	0.456816667	0.4269	0.40025	0.3765	0.357233333	0.341	0.327183333
212	0.224316667	0.225766667	0.23155	0.245033333	0.2694	0.299633333	0.32565	0.344433333	0.358816667	0.36955	0.373283333	0.367933333	0.357983333	0.347683333	0.339733333	0.33435	0.331033333	0.328166667	0.325583333	0.324716667	0.326733333	0.3336	0.346833333	0.364783333	0.3844	0.404016667	0.423466667	0.444133333	0.474666667	0.52065	0.571983333	0.617533333	0.650566667	0.669283333	0.6788	0.683216667	0.683966667	0.680433333	0.673933333	0.665116667	0.65595	0.64675	0.639166667	0.632833333	0.6268	0.6216	0.616816667	0.612433333	0.606583333	0.59825	0.589466667	0.580916667	0.57135	0.562666667	0.555533333	0.549333333	0.545816667	0.544666667	0.546233333	0.547116667	0.542283333	0.527016667	0.502966667	0.474033333	0.444733333	0.41765	0.3932	0.371316667	0.353183333	0.338116667	0.324733333
221	0.248683333	0.250133333	0.256683333	0.272516667	0.301366667	0.338083333	0.3713	0.3965	0.41645	0.431233333	0.436483333	0.429583333	0.416316667	0.4026	0.392133333	0.385433333	0.381483333	0.378016667	0.374466667	0.372666667	0.37425	0.3819	0.39745	0.41945	0.444716667	0.47045	0.495716667	0.52105	0.556083333	0.608833333	0.67015	0.727583333	0.771633333	0.798116667	0.812066667	0.81905	0.821316667	0.818716667	0.812766667	0.804083333	0.794783333	0.785316667	0.777233333	0.770466667	0.76415	0.758833333	0.75395	0.749266667	0.74265	0.732716667	0.7218	0.710733333	0.69885	0.687883333	0.678583333	0.670783333	0.66635	0.665233333	0.667333333	0.667833333	0.6583	0.6326	0.594633333	0.5517	0.50985	0.47255	0.440233333	0.411916667	0.389216667	0.370566667	0.355466667
222	0.248416667	0.249883333	0.256533333	0.272316667	0.300866667	0.336933333	0.36935	0.39375	0.412833333	0.427016667	0.432133333	0.425583333	0.4128	0.3995	0.389266667	0.382633333	0.378733333	0.375316667	0.371816667	0.37	0.3716	0.379033333	0.394	0.415166667	0.439416667	0.464183333	0.48845	0.512783333	0.5465	0.5975	0.656733333	0.712433333	0.7554	0.781266667	0.7948	0.801533333	0.8036	0.80085	0.794666667	0.78585	0.776533333	0.767016667	0.758916667	0.75225	0.745983333	0.740616667	0.735883333	0.731133333	0.72445	0.71485	0.704283333	0.69375	0.68225	0.67165	0.662883333	0.6556	0.6517	0.65085	0.653066667	0.65355	0.644416667	0.620116667	0.5839	0.5425	0.501716667	0.465533333	0.43425	0.406816667	0.384933333	0.366683333	0.351933333
231	0.2435	0.2453	0.25205	0.267283333	0.294516667	0.328266667	0.35765	0.379066667	0.395533333	0.407633333	0.411816667	0.405766667	0.3941	0.381866667	0.372516667	0.366333333	0.362766667	0.359783333	0.35705	0.356116667	0.3585	0.36635	0.381133333	0.40135	0.423783333	0.446416667	0.4689	0.492666667	0.527366667	0.58015	0.6404	0.695466667	0.736666667	0.760983333	0.7736	0.779583333	0.780933333	0.777083333	0.76955	0.7593	0.748483333	0.737616667	0.72825	0.720483333	0.713133333	0.706733333	0.70085	0.695383333	0.688233333	0.678416667	0.667866667	0.6575	0.646366667	0.636283333	0.627916667	0.6211	0.61775	0.617333333	0.6199	0.621116667	0.614266667	0.5939	0.562433333	0.52555	0.4887	0.45555	0.426633333	0.400866667	0.380316667	0.362933333	0.348516667
232	0.249933333	0.2517	0.258383333	0.27385	0.301516667	0.335933333	0.366066667	0.38835	0.405516667	0.418	0.422116667	0.415783333	0.404166667	0.3923	0.383116667	0.3771	0.373666667	0.37065	0.367766667	0.366666667	0.368916667	0.376666667	0.3916	0.41215	0.435066667	0.4581	0.480816667	0.504433333	0.53845	0.590183333	0.64925	0.703266667	0.743783333	0.767783333	0.78025	0.7863	0.787816667	0.784483333	0.7778	0.768383333	0.7584	0.748283333	0.73975	0.732533333	0.725683333	0.719733333	0.714316667	0.709166667	0.702266667	0.692583333	0.68205	0.671666667	0.660533333	0.65035	0.6419	0.634766667	0.630883333	0.629983333	0.63205	0.632683333	0.624616667	0.602516667	0.569666667	0.53185	0.494516667	0.46085	0.4312	0.405216667	0.3841	0.36665	0.3522
241	0.186333333	0.187033333	0.191733333	0.202916667	0.22335	0.2497	0.2743	0.293616667	0.30905	0.3205	0.32435	0.318666667	0.308016667	0.296916667	0.28835	0.282633333	0.279266667	0.27625	0.272916667	0.270716667	0.270966667	0.27575	0.28675	0.303033333	0.322316667	0.343116667	0.364016667	0.384833333	0.41375	0.458233333	0.512283333	0.567216667	0.61365	0.644316667	0.661533333	0.670433333	0.67375	0.671733333	0.66595	0.65745	0.6482	0.638683333	0.63055	0.623966667	0.6179	0.613	0.608633333	0.604266667	0.597516667	0.587383333	0.576	0.564533333	0.552366667	0.54125	0.532	0.524633333	0.521116667	0.521333333	0.5256	0.529733333	0.526133333	0.508933333	0.48165	0.449	0.416083333	0.3863	0.35945	0.336033333	0.316983333	0.300783333	0.287533333
242	0.17465	0.175333333	0.180183333	0.191483333	0.212083333	0.23855	0.26325	0.282466667	0.297883333	0.309316667	0.313216667	0.3075	0.296716667	0.28545	0.276766667	0.271016667	0.2676	0.26455	0.261266667	0.2591	0.259416667	0.264266667	0.27535	0.2917	0.3111	0.331966667	0.3529	0.373966667	0.4032	0.44815	0.502716667	0.557866667	0.604266667	0.634866667	0.651966667	0.66075	0.663916667	0.661716667	0.65575	0.647183333	0.637716667	0.628	0.619816667	0.613133333	0.607066667	0.602116667	0.597633333	0.593133333	0.586316667	0.576083333	0.564583333	0.55305	0.5408	0.529683333	0.520416667	0.513	0.50955	0.5098	0.5141	0.5182	0.5147	0.49735	0.469683333	0.436816667	0.403783333	0.373933333	0.34705	0.323233333	0.30435	0.288266667	0.274783333
251	0.243416667	0.245466667	0.25245	0.2682	0.296216667	0.330666667	0.3603	0.381683333	0.39805	0.4101	0.414083333	0.407883333	0.39635	0.384483333	0.375383333	0.369366667	0.365833333	0.362983333	0.360433333	0.3598	0.3625	0.370616667	0.38575	0.406233333	0.42875	0.451216667	0.47345	0.497266667	0.532366667	0.5854	0.64505	0.6984	0.73725	0.7596	0.771	0.776483333	0.77765	0.773766667	0.766383333	0.75625	0.74575	0.735133333	0.72605	0.718116667	0.710566667	0.704116667	0.6984	0.693033333	0.68595	0.6763	0.666116667	0.656066667	0.645166667	0.635183333	0.627	0.6203	0.61665	0.615866667	0.618083333	0.6189	0.6118	0.5915	0.560416667	0.52385	0.48755	0.454533333	0.4257	0.40035	0.37955	0.362116667	0.34795
252	0.248	0.250016667	0.257066667	0.2731	0.301583333	0.336616667	0.3667	0.388383333	0.405033333	0.417183333	0.421216667	0.414933333	0.403233333	0.391216667	0.381966667	0.375816667	0.372266667	0.369366667	0.36675	0.36605	0.368816667	0.3771	0.392533333	0.41345	0.436366667	0.4592	0.481783333	0.505866667	0.541133333	0.594333333	0.654116667	0.707516667	0.7467	0.769266667	0.780766667	0.786233333	0.787333333	0.783383333	0.77605	0.7661	0.75575	0.745316667	0.736266667	0.7286	0.721383333	0.71505	0.7092	0.703933333	0.696933333	0.687166667	0.67685	0.666883333	0.656233333	0.64635	0.638183333	0.631366667	0.62765	0.626716667	0.628633333	0.628916667	0.620616667	0.598483333	0.5657	0.5279	0.4905	0.456716667	0.427283333	0.4014	0.380566667	0.363466667	0.349033333
261	0.187516667	0.1885	0.193533333	0.205016667	0.225933333	0.252583333	0.276933333	0.2956	0.31025	0.32095	0.324283333	0.318583333	0.3083	0.2977	0.2895	0.284033333	0.280816667	0.278016667	0.27505	0.27345	0.2744	0.27985	0.291433333	0.30805	0.32725	0.347533333	0.367933333	0.38895	0.419	0.465566667	0.5212	0.575766667	0.620083333	0.648266667	0.663783333	0.671633333	0.674233333	0.671583333	0.665083333	0.655833333	0.645966667	0.6359	0.627316667	0.620183333	0.613516667	0.608033333	0.6031	0.598316667	0.591433333	0.581333333	0.570166667	0.559083333	0.54725	0.53655	0.527683333	0.520516667	0.517083333	0.5172	0.521083333	0.524583333	0.520766667	0.50425	0.478083333	0.4468	0.415066667	0.38595	0.36	0.336916667	0.318416667	0.3027	0.289316667
262	0.190633333	0.191733333	0.196983333	0.209166667	0.231133333	0.25905	0.28435	0.303616667	0.318733333	0.3298	0.333366667	0.327533333	0.31685	0.3058	0.2972	0.291516667	0.28815	0.28525	0.282316667	0.280783333	0.281816667	0.28755	0.299583333	0.316716667	0.336533333	0.357433333	0.3784	0.400033333	0.430983333	0.478616667	0.535333333	0.59065	0.63535	0.663633333	0.67905	0.68685	0.689316667	0.686416667	0.679733333	0.670483333	0.6604	0.650116667	0.641283333	0.634016667	0.62725	0.621583333	0.616383333	0.611433333	0.6044	0.59425	0.5831	0.571933333	0.560116667	0.54935	0.540416667	0.533283333	0.529933333	0.530066667	0.533983333	0.537583333	0.533616667	0.516266667	0.488766667	0.456	0.423066667	0.392916667	0.365766667	0.34225	0.32305	0.306516667	0.293333333
271	0.2464	0.2476	0.253783333	0.26845	0.294816667	0.328216667	0.358333333	0.38105	0.3988	0.412133333	0.416933333	0.41085	0.3989	0.38625	0.37645	0.370133333	0.366333333	0.362916667	0.35945	0.357416667	0.358483333	0.3649	0.378433333	0.397833333	0.42025	0.443366667	0.466033333	0.488633333	0.519816667	0.566983333	0.622266667	0.675416667	0.717466667	0.743333333	0.7571	0.763866667	0.765983333	0.763233333	0.757166667	0.748516667	0.739316667	0.729983333	0.7221	0.715833333	0.71	0.705083333	0.70065	0.69625	0.6899	0.680533333	0.670416667	0.660233333	0.649133333	0.639016667	0.630616667	0.62375	0.620333333	0.61985	0.6225	0.62395	0.6171	0.596233333	0.564016667	0.526316667	0.48895	0.455483333	0.426133333	0.400516667	0.379933333	0.362733333	0.348416667
272	0.231716667	0.232933333	0.239083333	0.253766667	0.280583333	0.31465	0.345683333	0.36915	0.387666667	0.401566667	0.406583333	0.40025	0.38775	0.3747	0.364616667	0.358066667	0.35415	0.35065	0.34705	0.344983333	0.346116667	0.3528	0.366883333	0.387183333	0.410616667	0.43485	0.45865	0.482383333	0.5149	0.56445	0.623033333	0.6797	0.724833333	0.752866667	0.7678	0.775216667	0.7776	0.774766667	0.7685	0.759566667	0.750083333	0.740533333	0.732433333	0.725716667	0.719616667	0.714483333	0.709766667	0.705133333	0.698433333	0.6886	0.677566667	0.6665	0.654716667	0.64385	0.6348	0.6274	0.623583333	0.622883333	0.62555	0.626866667	0.61895	0.595716667	0.560866667	0.52065	0.481166667	0.445933333	0.415416667	0.388566667	0.367116667	0.349333333	0.3346
281	0.1937	0.194566667	0.199466667	0.210783333	0.231316667	0.257633333	0.281733333	0.30015	0.31465	0.325366667	0.3289	0.32335	0.3131	0.3024	0.2941	0.2886	0.285333333	0.28245	0.279483333	0.2778	0.27855	0.283733333	0.294983333	0.311216667	0.330016667	0.35	0.37015	0.3908	0.420283333	0.46575	0.520316667	0.5743	0.618566667	0.647	0.662766667	0.670766667	0.673533333	0.67085	0.664433333	0.655283333	0.64545	0.635433333	0.626916667	0.619883333	0.61345	0.608066667	0.603216667	0.598566667	0.591783333	0.581666667	0.570533333	0.559433333	0.547666667	0.536983333	0.528216667	0.52115	0.5178	0.5181	0.522183333	0.526066667	0.52295	0.506933333	0.481216667	0.45025	0.418883333	0.390233333	0.3642	0.34155	0.323066667	0.307583333	0.29415
282	0.184716667	0.185666667	0.190866667	0.202933333	0.22475	0.252616667	0.278083333	0.297666667	0.3131	0.32455	0.3283	0.322433333	0.3116	0.3004	0.2917	0.285933333	0.282533333	0.279516667	0.276383333	0.2746	0.27545	0.280966667	0.292933333	0.310133333	0.330133333	0.3513	0.372566667	0.394333333	0.425016667	0.472333333	0.529183333	0.585483333	0.631733333	0.66165	0.678183333	0.686616667	0.689533333	0.6869	0.680416667	0.6712	0.661183333	0.650983333	0.6422	0.635083333	0.628466667	0.6229	0.617983333	0.61315	0.606066667	0.595666667	0.584183333	0.572733333	0.56055	0.549483333	0.54025	0.53275	0.529183333	0.529316667	0.53335	0.536966667	0.532683333	0.51445	0.485733333	0.451816667	0.417816667	0.386766667	0.359266667	0.335166667	0.31555	0.2991	0.285716667
291	0.20035	0.201366667	0.20665	0.218983333	0.241566667	0.2702	0.295966667	0.31545	0.330716667	0.341966667	0.3455	0.339466667	0.328616667	0.3175	0.308833333	0.303083333	0.299683333	0.296716667	0.29375	0.2923	0.293666667	0.2999	0.312633333	0.330583333	0.3511	0.372466667	0.393816667	0.416016667	0.448066667	0.497416667	0.5555	0.611	0.65455	0.681533333	0.696133333	0.703266667	0.705416667	0.7024	0.695733333	0.68635	0.676283333	0.6661	0.657416667	0.650133333	0.643316667	0.637566667	0.632383333	0.627366667	0.620383333	0.610283333	0.599166667	0.588016667	0.5762	0.565466667	0.556433333	0.54905	0.545283333	0.544983333	0.548433333	0.55155	0.547233333	0.529666667	0.502033333	0.46925	0.4364	0.406466667	0.37945	0.355733333	0.33645	0.320133333	0.306083333
292	0.20475	0.2058	0.210983333	0.2232	0.24535	0.273416667	0.298616667	0.3175	0.332233333	0.343066667	0.346583333	0.34085	0.33015	0.319	0.3104	0.304616667	0.301183333	0.2982	0.295233333	0.293833333	0.295133333	0.30115	0.31345	0.3308	0.350583333	0.37115	0.391766667	0.413333333	0.4445	0.492316667	0.548416667	0.6019	0.643933333	0.6699	0.683966667	0.69095	0.693	0.690083333	0.683466667	0.674116667	0.6642	0.654183333	0.6457	0.638616667	0.631916667	0.626283333	0.621216667	0.616383333	0.60965	0.59985	0.5891	0.578483333	0.5671	0.556816667	0.548433333	0.54145	0.538033333	0.537966667	0.541433333	0.5445	0.540683333	0.524483333	0.498566667	0.467333333	0.4358	0.40675	0.380883333	0.35805	0.339233333	0.323666667	0.309983333
301	0.228766667	0.229433333	0.233966667	0.244866667	0.265266667	0.290866667	0.312933333	0.328666667	0.340666667	0.3495	0.3521	0.34675	0.3375	0.328016667	0.320483333	0.315216667	0.311983333	0.309183333	0.306683333	0.305933333	0.30775	0.313983333	0.326033333	0.342366667	0.3602	0.378216667	0.396383333	0.416083333	0.44615	0.49205	0.543566667	0.589616667	0.623333333	0.642783333	0.652633333	0.6571	0.657733333	0.653783333	0.646583333	0.637016667	0.6272	0.617433333	0.609266667	0.602433333	0.595866667	0.590183333	0.584966667	0.5803	0.574166667	0.565566667	0.556516667	0.54785	0.5384	0.529816667	0.522983333	0.5172	0.514166667	0.513633333	0.515966667	0.518183333	0.51575	0.504316667	0.485133333	0.461466667	0.436883333	0.41395	0.392816667	0.373816667	0.358266667	0.344133333	0.33245
302	0.216155556	0.216811111	0.221366667	0.232577778	0.253644444	0.280244444	0.303255556	0.319822222	0.332533333	0.341844444	0.3446	0.339033333	0.329355556	0.319455556	0.311666667	0.306277778	0.302933333	0.300144444	0.297566667	0.296677778	0.298544444	0.305044444	0.317577778	0.334611111	0.353288889	0.372166667	0.391111111	0.411644444	0.442644444	0.489877778	0.542877778	0.590222222	0.625	0.644988889	0.655233333	0.659933333	0.660677778	0.656866667	0.649733333	0.640366667	0.6305	0.620688889	0.612444444	0.605511111	0.598866667	0.593255556	0.588155556	0.583422222	0.5772	0.568488889	0.559355556	0.550411111	0.540655556	0.531744444	0.5244	0.5184	0.5152	0.514533333	0.516866667	0.5191	0.516522222	0.504288889	0.483988889	0.459077778	0.433511111	0.409488889	0.387488889	0.3676	0.351211111	0.336888889	0.3246
311	0.270866667	0.273666667	0.281666667	0.2994	0.330533333	0.3678	0.398083333	0.419033333	0.434883333	0.4464	0.450016667	0.443866667	0.43305	0.422033333	0.413516667	0.407766667	0.4045	0.402066667	0.40025	0.400833333	0.40515	0.415333333	0.432683333	0.455183333	0.479016667	0.502033333	0.524866667	0.550583333	0.58985	0.648466667	0.71175	0.76495	0.801516667	0.82145	0.831266667	0.83565	0.83555	0.830283333	0.821316667	0.8098	0.79785	0.785866667	0.775416667	0.7662	0.7574	0.749583333	0.742383333	0.736066667	0.72835	0.718216667	0.707966667	0.698183333	0.687683333	0.678066667	0.6702	0.6634	0.659466667	0.658133333	0.659216667	0.658066667	0.6483	0.6255	0.592183333	0.553933333	0.516116667	0.481733333	0.451983333	0.4255	0.4043	0.386616667	0.3716
312	0.253916667	0.2566	0.264333333	0.281333333	0.311016667	0.346383333	0.375133333	0.394966667	0.4098	0.4207	0.4242	0.418433333	0.408016667	0.397383333	0.389116667	0.383483333	0.3803	0.377916667	0.376216667	0.3768	0.380866667	0.390483333	0.406883333	0.428166667	0.4506	0.47235	0.4941	0.51875	0.556683333	0.61345	0.674616667	0.726166667	0.761733333	0.781216667	0.7907	0.794916667	0.794766667	0.789583333	0.780716667	0.769333333	0.757533333	0.745683333	0.735266667	0.726266667	0.717566667	0.7099	0.702983333	0.6966	0.689033333	0.6793	0.669433333	0.660066667	0.649866667	0.640466667	0.6328	0.626316667	0.622683333	0.621566667	0.6229	0.622566667	0.61455	0.5943	0.56365	0.52785	0.492316667	0.459733333	0.431283333	0.405883333	0.385383333	0.368166667	0.35375
