11	0.197949399	0.19773826	0.200445062	0.209712487	0.230839882	0.260619156	0.288977176	0.310895878	0.32795869	0.340518739	0.346340085	0.343215105	0.332283695	0.319428073	0.310035171	0.303913081	0.300222962	0.297393526	0.294385073	0.292355956	0.292983327	0.298394917	0.309904833	0.327653725	0.349255744	0.371720659	0.392228997	0.410997033	0.434562885	0.468931143	0.512879877	0.557897139	0.593617207	0.617257614	0.630321064	0.636685824	0.638645773	0.636823485	0.632027483	0.625538719	0.617970032	0.61034595	0.603475795	0.597942705	0.59319415	0.589262811	0.585825343	0.581450746	0.576238085	0.569432429	0.561253938	0.552314998	0.543156489	0.534707682	0.527059786	0.52116723	0.517612283	0.516522646	0.51683987	0.51407696	0.502916941	0.482526514	0.456433854	0.429833342	0.402355662	0.375632884	0.351117195	0.330069642	0.311850749	0.297213115	0.284841849
21	0.148920316	0.148590916	0.150965769	0.159360753	0.178509517	0.205718283	0.232044189	0.252806354	0.269101543	0.281373386	0.287239079	0.28421127	0.273493166	0.261041041	0.251907603	0.246067502	0.242567651	0.239846992	0.236951732	0.234841841	0.235159641	0.240001208	0.25072782	0.267423303	0.28809896	0.309938808	0.330094128	0.348636587	0.371816348	0.406137218	0.451079108	0.49884947	0.538087782	0.564783711	0.579994316	0.587488461	0.589880398	0.588172988	0.583302693	0.57657877	0.568573728	0.560557554	0.553332604	0.54736632	0.542440464	0.538462652	0.534974793	0.530501565	0.524957099	0.517569109	0.508600289	0.498782678	0.48887187	0.479742441	0.471574436	0.465426467	0.461889787	0.461106302	0.462363576	0.461127265	0.451356673	0.431774621	0.406769991	0.380949545	0.353723316	0.32769017	0.30399011	0.283113121	0.265313972	0.25017755	0.237009282
22	0.1764836	0.176293941	0.17920203	0.188814174	0.210278691	0.240545604	0.269613301	0.292296885	0.31017764	0.323540627	0.329977235	0.326865193	0.315593806	0.302406889	0.292818023	0.286616633	0.282906439	0.280065389	0.276996615	0.274880265	0.275369604	0.28073517	0.292521223	0.310814785	0.333331471	0.357026588	0.378831669	0.398828363	0.423640885	0.460169075	0.507914612	0.558494544	0.599766736	0.627606315	0.643208613	0.6507885	0.653092793	0.651246929	0.646048773	0.638959826	0.630582505	0.62223489	0.614678513	0.608453426	0.603191434	0.59894845	0.595240357	0.590547874	0.584772742	0.576939568	0.567571225	0.557319978	0.546871827	0.537251241	0.528596101	0.522087438	0.518330473	0.517254129	0.517824255	0.515046084	0.502749384	0.479744557	0.450397352	0.42051288	0.390224766	0.361147817	0.334801152	0.312004969	0.292575092	0.276501714	0.263372736
31	0.138417077	0.138535616	0.141728222	0.151531471	0.172525775	0.20176749	0.230267699	0.252907015	0.270997184	0.284896803	0.29195735	0.289659244	0.2789445	0.265829241	0.256176644	0.250087971	0.246519393	0.243772894	0.240668323	0.238149901	0.237966578	0.242393112	0.252797455	0.269556653	0.290888232	0.313869141	0.335139143	0.353985861	0.376184556	0.408502458	0.451727847	0.500232383	0.542460778	0.572311275	0.589622011	0.598271888	0.60111637	0.599734982	0.595186744	0.588815503	0.581104111	0.573295166	0.566184571	0.560517211	0.55598374	0.552473992	0.54940229	0.545084672	0.539618098	0.53202743	0.522635546	0.512378858	0.501975042	0.4924885	0.484110046	0.477775675	0.474209477	0.473821946	0.475006224	0.47278538	0.460513705	0.436835072	0.406799453	0.376023279	0.34470323	0.31450084	0.287972234	0.264070014	0.245344947	0.230063578	0.216056882
32	0.138194634	0.138291762	0.141428444	0.151099202	0.172060612	0.201210293	0.229439251	0.252172769	0.270458565	0.284276058	0.29108626	0.288589728	0.277975086	0.265259146	0.255969847	0.250026963	0.246518641	0.243898044	0.24079145	0.238299098	0.238155049	0.242523088	0.252947116	0.269845381	0.291242307	0.314328156	0.335724161	0.354595836	0.376852636	0.40943882	0.453288645	0.502530631	0.545268278	0.575486689	0.592954118	0.601676485	0.604552439	0.603281581	0.598937426	0.592758655	0.585093394	0.577295929	0.570167618	0.564411298	0.559771382	0.556091919	0.552933752	0.548660086	0.54301849	0.535197815	0.525614284	0.515057748	0.504383121	0.494692099	0.486009388	0.479376232	0.475650197	0.474996785	0.475976585	0.473462472	0.460773885	0.4364198	0.405725031	0.374653047	0.343129752	0.313084305	0.286329911	0.263152526	0.243639948	0.227603907	0.214992091
41	0.184237754	0.185244829	0.189450892	0.201154486	0.226594206	0.261605019	0.293859437	0.317948478	0.336377413	0.350169482	0.356938017	0.353987071	0.342537419	0.329115354	0.319500167	0.313353417	0.309695514	0.30708261	0.304657626	0.303504615	0.305424677	0.312843544	0.327006416	0.347626039	0.371984607	0.396696871	0.419273239	0.441064279	0.469728301	0.511719196	0.564543245	0.616924562	0.657393306	0.683735838	0.698112709	0.704838433	0.706364997	0.703655291	0.697363884	0.689095874	0.67968529	0.670363302	0.661862908	0.654660571	0.648466907	0.643236995	0.638537885	0.632989676	0.626521847	0.618283391	0.608604944	0.598286502	0.5879004	0.578094346	0.569212859	0.562357283	0.558053597	0.556084938	0.554769048	0.549340732	0.533149052	0.505312237	0.471226256	0.437090625	0.402789234	0.370273505	0.340840068	0.315672229	0.294750719	0.278014293	0.263929875
42	0.185171096	0.186163022	0.190294581	0.201844733	0.226917906	0.261381248	0.293039576	0.316680955	0.334844565	0.348493781	0.355169894	0.352261937	0.341056469	0.32804835	0.318672097	0.312705454	0.309184147	0.306567014	0.304206133	0.303123038	0.305024183	0.312213782	0.326108375	0.346424839	0.370451783	0.394918618	0.417205303	0.438613735	0.466759645	0.508116086	0.560076437	0.611499709	0.651123816	0.67701895	0.691132899	0.697759455	0.699379853	0.696743716	0.690626184	0.682620369	0.673363792	0.664142365	0.655830227	0.648902865	0.642927918	0.637861225	0.633456161	0.628175829	0.62181388	0.613659699	0.604084132	0.593828698	0.583440829	0.573726578	0.564891355	0.557955035	0.553420289	0.551255554	0.550066648	0.544892583	0.52924741	0.502095513	0.468564349	0.435434283	0.402311319	0.370394059	0.341491924	0.316689801	0.296603145	0.279667384	0.265055192
51	0.151528323	0.152646549	0.156300282	0.165992826	0.186664843	0.214690535	0.2399992	0.258357997	0.27203172	0.282074948	0.286615974	0.2837185	0.274308078	0.263556886	0.255928629	0.250890411	0.247871941	0.245840446	0.244247664	0.244087512	0.246592797	0.253747493	0.266639002	0.284975239	0.306445211	0.328249966	0.348389756	0.369565653	0.400151342	0.446921166	0.506142776	0.564143991	0.60825206	0.63673293	0.652063272	0.658952416	0.659904453	0.655418804	0.646631395	0.635408592	0.622851936	0.610466296	0.599130114	0.589501435	0.581039991	0.573771104	0.567328913	0.560197339	0.552116428	0.542343077	0.531297754	0.519717986	0.508326509	0.497985591	0.48878138	0.481811934	0.477763816	0.476870889	0.477923551	0.476124321	0.465420556	0.444611669	0.417972635	0.390343008	0.361593375	0.333818573	0.308580066	0.286536921	0.267867347	0.252119503	0.238309298
52	0.159764177	0.160809923	0.164325604	0.173600679	0.193281103	0.219626766	0.243051747	0.259701153	0.271977334	0.280967608	0.285100215	0.282437395	0.273756531	0.263833537	0.256685505	0.251896891	0.248972837	0.247006893	0.24553392	0.245401987	0.247747897	0.254514002	0.266621942	0.283569818	0.303320695	0.323322226	0.341683845	0.361012377	0.389163491	0.432244615	0.486482759	0.539281328	0.579088154	0.604497435	0.618043475	0.623930692	0.624373944	0.619921586	0.611445751	0.600728888	0.588797974	0.5771444	0.566496469	0.557341484	0.549410781	0.542539554	0.536420355	0.529563557	0.522030393	0.513069978	0.503135021	0.492666689	0.482286193	0.472934387	0.464697143	0.458544456	0.455207128	0.454593149	0.455378902	0.45378107	0.444689782	0.426814481	0.403648987	0.37936472	0.353910944	0.329434604	0.306918325	0.2864844	0.270120304	0.255545589	0.243089954
61	0.132282971	0.133550887	0.137415603	0.147172013	0.167353871	0.194231287	0.217849733	0.23460955	0.246966165	0.256039555	0.260379157	0.257921146	0.249544878	0.239892652	0.233014098	0.228494555	0.225756324	0.224047534	0.222854929	0.222850997	0.225381986	0.232298795	0.244344131	0.261270462	0.280858873	0.300587934	0.318787149	0.3378754	0.365651567	0.408018743	0.461009031	0.51256707	0.551483155	0.576443682	0.589682535	0.59548484	0.595957215	0.591642735	0.583324803	0.572741614	0.560996056	0.549512497	0.539096104	0.53020914	0.522475181	0.515776286	0.509856101	0.503294514	0.495969157	0.487228303	0.477445385	0.467167932	0.457037438	0.447921134	0.439823184	0.433767238	0.430386397	0.429565706	0.430123203	0.428071729	0.418437767	0.400072962	0.376084913	0.351147832	0.325059059	0.299810159	0.276678945	0.256189622	0.238987613	0.224483235	0.211827965
62	0.136044256	0.137281612	0.14108276	0.150831901	0.171132696	0.19798087	0.221328535	0.237630777	0.249570557	0.258290811	0.262400788	0.259919575	0.251592324	0.242153475	0.23537728	0.230857711	0.228176523	0.226505304	0.225345495	0.225555015	0.228343715	0.235442837	0.247659198	0.264654301	0.284110863	0.303467458	0.321394736	0.340626255	0.369094258	0.412449247	0.466525297	0.518363452	0.557012056	0.581595881	0.594657732	0.600259603	0.600451739	0.595699969	0.586835538	0.575706408	0.563365955	0.551399835	0.540409979	0.530985157	0.522734333	0.515605951	0.509164242	0.502152249	0.494527662	0.485755237	0.476096127	0.465952267	0.45594437	0.446987699	0.439031703	0.432987547	0.429499775	0.428604567	0.429060765	0.427030459	0.417631205	0.399699644	0.376312491	0.352224355	0.327072455	0.302305688	0.279734486	0.259349824	0.242871683	0.228436546	0.216769041
71	0.141428127	0.142408177	0.146268447	0.15671371	0.178809452	0.208977579	0.236755714	0.257567571	0.273444906	0.285361776	0.291146671	0.288440532	0.278197744	0.266229087	0.257628603	0.252165814	0.248901945	0.246654512	0.244666599	0.243715203	0.245473003	0.251930527	0.264312891	0.282554982	0.304126038	0.326336876	0.346878478	0.367089787	0.394355203	0.435297643	0.488045087	0.541928719	0.584836346	0.613575632	0.62961283	0.637095428	0.638764748	0.635607831	0.628558589	0.619329288	0.608770099	0.598325094	0.588870214	0.580937408	0.574170687	0.568439185	0.563292526	0.55722207	0.550208259	0.541446813	0.531294686	0.520335827	0.509375399	0.499541645	0.49086749	0.484154958	0.480164451	0.479128041	0.479897771	0.477400132	0.46516208	0.441872457	0.412198184	0.381460996	0.35047686	0.320953485	0.294334814	0.270744204	0.251649619	0.23546243	0.22111418
72	0.136764283	0.137606537	0.14134829	0.151551836	0.172898564	0.201921058	0.228696828	0.248551966	0.263628779	0.275003839	0.280493195	0.278005026	0.268377802	0.257032384	0.248871918	0.243682918	0.240588961	0.238493051	0.236504473	0.23550435	0.237009825	0.243063282	0.254856252	0.271964037	0.29234761	0.31327296	0.33245811	0.351204892	0.37627424	0.413931007	0.462428745	0.512572516	0.552826949	0.579827206	0.594907493	0.60198797	0.603572226	0.600593873	0.593981295	0.585401744	0.575484722	0.565670969	0.556885859	0.549543503	0.543196469	0.537829214	0.533149319	0.527586284	0.521121303	0.512907887	0.503353611	0.493187186	0.483103852	0.473967228	0.465791937	0.459741426	0.456342241	0.455455581	0.456008316	0.453471508	0.441855143	0.420237587	0.392535565	0.363999724	0.334578868	0.30667595	0.281059603	0.259110513	0.241250612	0.226153826	0.212537538
81	0.180624579	0.182087576	0.186466243	0.198195838	0.222951221	0.256316168	0.286192797	0.307771234	0.324042865	0.336104345	0.341796671	0.338876611	0.328627268	0.316797628	0.308212275	0.302613071	0.299455359	0.297328212	0.295674315	0.295340943	0.297962354	0.305847892	0.319948188	0.339917005	0.36309736	0.386143249	0.407340478	0.428810123	0.458154935	0.501681603	0.555611256	0.607503819	0.646536214	0.671664062	0.6851614	0.69120399	0.692163056	0.688575003	0.681180022	0.671766953	0.661094057	0.650707676	0.641249288	0.633165922	0.626038374	0.619934922	0.614512948	0.60840286	0.601259705	0.592619323	0.583017547	0.572780412	0.562526754	0.55316754	0.544662264	0.538063586	0.533857609	0.532051805	0.531224609	0.526412962	0.511546168	0.4859704	0.454560813	0.423077076	0.391090458	0.360629277	0.3328527	0.309182779	0.289218359	0.272855242	0.258712838
82	0.183544291	0.185113043	0.189700417	0.201893949	0.22772887	0.26235634	0.29317317	0.315208086	0.331763592	0.344075134	0.349857903	0.34689372	0.336396117	0.32428945	0.315482771	0.30976942	0.306426541	0.304205368	0.302455675	0.302129692	0.304969423	0.313096229	0.327691901	0.348224116	0.371828515	0.395178908	0.416652686	0.438597956	0.468823582	0.51358937	0.568982429	0.621940868	0.661507732	0.686858431	0.700386449	0.706445046	0.707269548	0.703442744	0.695770665	0.686066458	0.674979531	0.664207938	0.654315116	0.645742275	0.638243805	0.631879272	0.626212576	0.619828581	0.612535571	0.603689145	0.59390047	0.583596841	0.573233264	0.563726795	0.555137264	0.548528585	0.544284367	0.542574051	0.541677928	0.536592101	0.521342746	0.495120086	0.462658257	0.429905397	0.397131052	0.365449707	0.337184218	0.313123239	0.292372449	0.275657585	0.261363498
91	0.167954955	0.16900599	0.172782435	0.183306565	0.205506698	0.2351118	0.261564283	0.280534204	0.294677559	0.305147433	0.310149246	0.307650476	0.29852868	0.287884381	0.280161096	0.275176245	0.272175567	0.270165422	0.26853673	0.267984062	0.270068242	0.276695626	0.288855003	0.306158071	0.32628917	0.346371994	0.364743379	0.38328548	0.408487836	0.446021236	0.493025913	0.53887499	0.573642339	0.596001552	0.607913448	0.6132451	0.614029758	0.610580451	0.603702534	0.595144989	0.585397758	0.575903881	0.567368517	0.560216529	0.553892925	0.548522852	0.543740082	0.538159914	0.531877728	0.52434796	0.515769994	0.506684296	0.497617601	0.48948475	0.482053116	0.476310933	0.472830511	0.471803569	0.471906008	0.468991299	0.457977934	0.437771519	0.412281482	0.38587689	0.358767532	0.33261013	0.30912434	0.288297295	0.270890414	0.25676342	0.243448528
92	0.172181556	0.173204278	0.177198676	0.188473601	0.212398504	0.24477434	0.27384566	0.294824548	0.310551602	0.322228559	0.32776929	0.32500839	0.314985675	0.303352917	0.294836577	0.289314955	0.286017673	0.28374028	0.281929562	0.281245749	0.283460132	0.290706475	0.303971862	0.322938279	0.34497717	0.366985788	0.387173737	0.407134408	0.434100035	0.474092941	0.5239465	0.572411386	0.609214208	0.63279105	0.64526294	0.650804815	0.65163442	0.648140951	0.641133623	0.632338009	0.622240359	0.612478836	0.603634231	0.596150005	0.589689439	0.584091363	0.579193262	0.57361497	0.567080977	0.55914511	0.550269412	0.540800576	0.531339237	0.522744557	0.514960273	0.509022086	0.505408284	0.504298461	0.503687647	0.499536483	0.486421548	0.463373711	0.434579535	0.405297299	0.375581066	0.347162429	0.321415728	0.298920466	0.279769297	0.263973765	0.251186998
101	0.166749208	0.167664823	0.171277454	0.181270166	0.202243072	0.230289664	0.25534981	0.27331338	0.286615515	0.296303565	0.3007657	0.298092903	0.289262664	0.279150265	0.271769286	0.266887912	0.263950629	0.262000958	0.260410456	0.259895129	0.261894352	0.268347156	0.280103738	0.29692099	0.316606589	0.336386474	0.35459175	0.373082807	0.398786163	0.437806893	0.487580852	0.537305652	0.575830691	0.601159365	0.61494049	0.621231369	0.62229162	0.61855966	0.611065902	0.601564593	0.59071543	0.580176068	0.570634744	0.562488438	0.555389233	0.549295211	0.543990359	0.538048223	0.531170515	0.522659039	0.513217693	0.503422944	0.493688254	0.484750336	0.476785159	0.470849588	0.467495074	0.46684196	0.467597926	0.465521514	0.455605406	0.436437531	0.412055143	0.386274053	0.359933246	0.334508145	0.311120535	0.289789668	0.272914763	0.258604406	0.246329552
102	0.154463838	0.155134394	0.158232768	0.167381402	0.186769147	0.2129159	0.236370438	0.253145232	0.265555337	0.274597381	0.278756213	0.276183001	0.267733895	0.258110426	0.251060536	0.24635654	0.243455904	0.241488289	0.239903893	0.239314903	0.241097852	0.247136859	0.258192087	0.274049339	0.29259163	0.311160663	0.328274291	0.345621529	0.369679221	0.406196512	0.452656123	0.498704656	0.533982857	0.556883316	0.569281204	0.574893559	0.575774698	0.572357866	0.56540997	0.55659637	0.546598674	0.536808384	0.527978512	0.520524438	0.514009748	0.508443622	0.503519787	0.497964848	0.491581492	0.483733816	0.474926813	0.465654119	0.456477203	0.448279076	0.440937569	0.435357625	0.432123966	0.431460475	0.432220714	0.430810655	0.422558419	0.406162565	0.384409145	0.362025971	0.338847276	0.316303141	0.294577276	0.276615724	0.260423289	0.247378326	0.235665548
111	0.140122015	0.140127074	0.14291619	0.152543191	0.173078401	0.201712741	0.229734876	0.252353826	0.270685929	0.284594121	0.291335883	0.28900235	0.278741946	0.266393105	0.257164742	0.251485825	0.247867306	0.245411097	0.24250197	0.239960821	0.239646578	0.243301533	0.25322187	0.269081572	0.289100098	0.311068533	0.331633736	0.348688055	0.368296539	0.39705582	0.436991018	0.481941931	0.520915331	0.549336513	0.566398321	0.574864637	0.57776609	0.577262379	0.574211197	0.569148269	0.562468201	0.55543576	0.548786055	0.543370725	0.539261125	0.53627148	0.533244212	0.529708735	0.524696683	0.517593007	0.508898756	0.499194771	0.489576893	0.480955096	0.473293242	0.467167747	0.463292776	0.461994436	0.462306244	0.45991137	0.447626001	0.424125926	0.395068677	0.365551092	0.33557042	0.306386088	0.280216892	0.258525909	0.240162357	0.225285249	0.21286157
121	0.199527741	0.201790603	0.206813329	0.219074889	0.243765585	0.275349795	0.301835917	0.319592391	0.332703562	0.342657873	0.347198875	0.344912786	0.33671147	0.327310483	0.320256867	0.315862553	0.313079375	0.311623075	0.311075304	0.312151584	0.316084199	0.324343521	0.338418518	0.356938672	0.377371091	0.39731096	0.415562097	0.434957663	0.463855108	0.50668973	0.557541969	0.602014129	0.632804369	0.652326926	0.663188043	0.667711057	0.66738132	0.662835188	0.654756674	0.644570096	0.633321038	0.622001294	0.611330983	0.601936994	0.593853678	0.587168321	0.580715016	0.574402269	0.567736118	0.560404099	0.552467203	0.543964638	0.535688553	0.528685347	0.522355775	0.51685622	0.512847609	0.5104014	0.508649502	0.50405316	0.491407224	0.47020301	0.444306283	0.417930498	0.39061293	0.364015415	0.339382207	0.31898031	0.300876684	0.28550324	0.27232677
122	0.204690858	0.207084404	0.21229705	0.225275844	0.251705677	0.285998353	0.315255139	0.335428761	0.350425745	0.361434185	0.366445487	0.363858399	0.354932355	0.344738427	0.337132071	0.332357239	0.329267095	0.327584318	0.326913544	0.327849265	0.331891576	0.340577232	0.355673084	0.375805439	0.39803801	0.419847786	0.43973414	0.460497521	0.490937446	0.536040383	0.589703374	0.636761495	0.669231916	0.689668813	0.701003805	0.705845003	0.705846565	0.701862922	0.694305714	0.684486337	0.673607045	0.662518628	0.651883273	0.64252889	0.634497967	0.627800875	0.621241919	0.61466607	0.607875683	0.600253607	0.591764767	0.582694926	0.573846734	0.566280961	0.559472519	0.553799762	0.549662783	0.547244818	0.545311041	0.539741857	0.524820879	0.499985613	0.47000031	0.439829531	0.409308068	0.379923392	0.35286562	0.329881436	0.309844055	0.293397379	0.279340025
131	0.146707951	0.147289493	0.150707638	0.161265652	0.183893266	0.215546421	0.246247523	0.270370287	0.289695716	0.304263289	0.311296966	0.308533091	0.297529958	0.284522835	0.274841302	0.268893186	0.265135007	0.262464172	0.259791024	0.257759363	0.258340187	0.26349291	0.27550233	0.294314702	0.317620609	0.342539251	0.365838252	0.386455886	0.411769988	0.450191318	0.502747319	0.559948885	0.60804684	0.641896139	0.661937881	0.671532612	0.674423439	0.673019299	0.667765637	0.659972303	0.650855486	0.641264502	0.632122295	0.624514973	0.618703377	0.614455947	0.61011185	0.60488373	0.598388446	0.589612621	0.578727008	0.566588249	0.554597748	0.544115496	0.534797698	0.527542202	0.522997964	0.521291935	0.521407191	0.518046182	0.502516432	0.473490117	0.438543515	0.403553653	0.368672047	0.335444212	0.304501454	0.27941733	0.25861585	0.241253856	0.22690155
132	0.147328601	0.147986753	0.151514426	0.161957583	0.184091563	0.214671315	0.243961846	0.266667199	0.284576205	0.298224605	0.304835369	0.302413555	0.29206863	0.279524291	0.270080696	0.264229368	0.260505173	0.257984773	0.255446471	0.253544212	0.254095504	0.258860579	0.270069487	0.287547792	0.309173531	0.332216724	0.353717668	0.372839089	0.396264158	0.431783836	0.480413972	0.533610375	0.578511725	0.610171768	0.629075735	0.638010005	0.640797689	0.639408223	0.634302868	0.626831428	0.618093801	0.608840355	0.599904377	0.592551105	0.587057557	0.582962331	0.578693064	0.573677856	0.567559405	0.55947116	0.549445671	0.53819621	0.527078638	0.517614538	0.509171111	0.502786568	0.499051159	0.497928952	0.498230503	0.49521441	0.481280182	0.454992	0.422461214	0.389576666	0.356589708	0.324782717	0.295772431	0.272245956	0.252262318	0.235919302	0.222373034
141	0.147188824	0.147911286	0.151495754	0.162069211	0.18468658	0.216247602	0.246680654	0.270426343	0.289224009	0.303335272	0.309987665	0.307044149	0.296152421	0.283267808	0.273694011	0.267804389	0.264030869	0.261467641	0.258863539	0.256928828	0.257700985	0.262933733	0.274817785	0.293295753	0.316145983	0.340498884	0.36328931	0.38363088	0.408856555	0.447060797	0.499110134	0.555362507	0.602423814	0.63537068	0.654980485	0.664305118	0.667114377	0.6657565	0.660548622	0.652728929	0.643565941	0.633907802	0.624533129	0.616682603	0.610689583	0.606274818	0.601759487	0.596338289	0.589821848	0.581165408	0.570377308	0.558216446	0.546167453	0.535868283	0.526713116	0.519569051	0.515172299	0.513789384	0.51424185	0.511207063	0.496557008	0.468547536	0.434249672	0.400253351	0.366103852	0.333317366	0.303955852	0.279024168	0.258233544	0.241351802	0.227062481
142	0.138261833	0.138852632	0.14218856	0.152239693	0.173952825	0.204091228	0.233080165	0.255801709	0.27393843	0.287437262	0.293691109	0.290797347	0.280441471	0.268396985	0.259360308	0.253758226	0.250125003	0.247682405	0.245141552	0.243294367	0.243969657	0.248867258	0.260063357	0.277704007	0.299565322	0.322772899	0.344467337	0.36392726	0.387846992	0.424030311	0.473625036	0.527494006	0.57295498	0.604898086	0.624060332	0.633258051	0.636159881	0.634951053	0.630020605	0.622607908	0.613975082	0.604757237	0.595700906	0.588164592	0.582447528	0.578213062	0.573863128	0.568701875	0.562453003	0.554096557	0.543741559	0.53200057	0.520315236	0.510288453	0.501345778	0.494349798	0.490035758	0.488545417	0.488921813	0.4862021	0.47275195	0.446784317	0.414637955	0.382491939	0.350358865	0.318927659	0.290192142	0.267135517	0.247089197	0.230747081	0.217131854
151	0.190827744	0.193091567	0.198203099	0.210981585	0.237741747	0.273319429	0.305023226	0.327482022	0.344190783	0.356713846	0.36237276	0.359135957	0.348853186	0.337113564	0.328219314	0.322602239	0.319049089	0.316900806	0.315547345	0.315852333	0.319418637	0.327946131	0.343211292	0.364692941	0.389253675	0.413675637	0.436194788	0.458969615	0.491080475	0.539015654	0.59813778	0.652722841	0.691945409	0.716468317	0.730013936	0.735781817	0.736248195	0.7324812	0.724900114	0.714896506	0.703836773	0.692483394	0.681620671	0.672206627	0.664256622	0.657788649	0.651496637	0.644717876	0.637460028	0.628984394	0.619097419	0.608088553	0.59716092	0.587869727	0.579721235	0.573194866	0.568809524	0.566444552	0.564678468	0.558684631	0.542086636	0.513348811	0.479005004	0.445044857	0.410603456	0.377948633	0.348306964	0.323234943	0.301904922	0.284208531	0.269774755
152	0.175280753	0.177355075	0.182213511	0.194466599	0.220006898	0.253810188	0.283736552	0.304737586	0.320234288	0.331753023	0.33691711	0.333830239	0.324073957	0.313068827	0.304763319	0.299367728	0.295826476	0.293772826	0.292580313	0.292984696	0.296483447	0.304699723	0.31904302	0.339159094	0.362183599	0.384980226	0.406077366	0.427791854	0.458711348	0.504928121	0.561881488	0.614731323	0.652989314	0.676947033	0.690251504	0.696008349	0.696408556	0.692631597	0.685042586	0.674966307	0.663789236	0.652411583	0.641433614	0.631778796	0.62371678	0.61712184	0.61070579	0.603876361	0.596728476	0.588554916	0.579105798	0.568544502	0.558084042	0.549344296	0.541521086	0.535378384	0.531296671	0.529244513	0.52800394	0.522777989	0.507954839	0.482482728	0.45102828	0.419222648	0.387456928	0.356945107	0.328449679	0.305848303	0.285479955	0.269279188	0.25524279
161	0.148667284	0.149987786	0.153614506	0.163405837	0.184054273	0.212187157	0.237840681	0.256191776	0.269812649	0.280004523	0.284549942	0.281769856	0.273063839	0.263245163	0.255853621	0.250892745	0.247582932	0.2456057	0.244233298	0.244124098	0.246616304	0.253114768	0.265187512	0.282647133	0.303209241	0.324082799	0.343658409	0.363524875	0.391869908	0.436045046	0.493905356	0.551864465	0.59676137	0.626098926	0.642699424	0.650190806	0.651261774	0.647348256	0.639068758	0.627882662	0.615413379	0.60283033	0.59087852	0.580597878	0.57220909	0.565447041	0.558802824	0.551653348	0.543984325	0.534902762	0.524390605	0.512707856	0.501203326	0.491585915	0.483198338	0.4768206	0.472937085	0.471672863	0.472194685	0.469884399	0.459284669	0.438208311	0.410999899	0.383038886	0.354448583	0.326833149	0.301519083	0.279071973	0.260854411	0.245453462	0.232047504
162	0.152850562	0.154175506	0.157999393	0.16833802	0.190347654	0.220232811	0.247637829	0.267672667	0.282636304	0.2935773	0.298453465	0.295423417	0.286117284	0.275645295	0.267844715	0.262682026	0.259222892	0.257175106	0.255676873	0.25543733	0.258012886	0.264977021	0.277948343	0.296639631	0.318780575	0.341302836	0.362427234	0.383705536	0.413873301	0.460677019	0.521971012	0.583506934	0.631560272	0.663331759	0.681407393	0.689688581	0.691098933	0.687319297	0.679071238	0.667750333	0.654945124	0.641963361	0.629629072	0.618981918	0.610205997	0.603221309	0.59641108	0.588974943	0.580880431	0.571143944	0.559664457	0.54701833	0.534536014	0.52388817	0.514641254	0.507609169	0.503242424	0.501609121	0.501877256	0.498843043	0.486193909	0.462076204	0.431499271	0.400846159	0.369662836	0.33952118	0.311714101	0.287735706	0.268373566	0.251767152	0.237314397
171	0.120507122	0.121377408	0.124695488	0.134013884	0.153706566	0.180795792	0.206527581	0.226101639	0.241265966	0.252604096	0.257858242	0.255182616	0.246122403	0.235795019	0.228045351	0.222947657	0.219650898	0.217548575	0.215648483	0.214698314	0.216090202	0.221441792	0.232289837	0.248715014	0.268913195	0.28988344	0.309713298	0.32853314	0.353436067	0.391774904	0.443721783	0.499055928	0.544728704	0.576150619	0.594641566	0.603545085	0.605824096	0.603588868	0.597508394	0.588536081	0.578177115	0.567525673	0.557368439	0.548916051	0.542299874	0.537206778	0.532146871	0.526264283	0.519493742	0.510927806	0.500593669	0.488894858	0.477208608	0.467306032	0.458741864	0.452212036	0.448193273	0.446891774	0.447641386	0.445403059	0.434177059	0.411712998	0.383331854	0.354116767	0.324544667	0.295780842	0.2691202	0.247217054	0.227961299	0.212518117	0.199337558
172	0.11685248	0.117682234	0.120940119	0.130168181	0.149509869	0.176031865	0.200957733	0.219844437	0.234389896	0.245284315	0.250287697	0.247625566	0.238895932	0.228959204	0.221523252	0.216569161	0.213375787	0.211377949	0.209576512	0.208638864	0.209956809	0.215098066	0.225493872	0.241236231	0.260487763	0.280333075	0.299049489	0.316766642	0.340093874	0.375713377	0.423667478	0.474534266	0.51623381	0.544720874	0.561392298	0.569446914	0.571552383	0.56955085	0.563936481	0.555652608	0.54606322	0.536198668	0.526749266	0.518966463	0.5128597	0.508194332	0.503402373	0.497854325	0.491644792	0.483650585	0.474064158	0.463233731	0.452450598	0.443390155	0.435420737	0.429399255	0.425702498	0.424474649	0.424974059	0.422679029	0.412275034	0.391710202	0.365264213	0.338177506	0.310638894	0.283463478	0.258856988	0.23771586	0.219587986	0.204832689	0.192836123
181	0.180436119	0.181615681	0.185503387	0.196260132	0.219508093	0.251323137	0.280190706	0.301212034	0.317162963	0.329129095	0.334537275	0.331302121	0.321359026	0.310189719	0.30187363	0.296344229	0.292818262	0.290598251	0.289037415	0.288788116	0.291385207	0.29868264	0.312053123	0.331192449	0.353707064	0.376103012	0.396926906	0.41785602	0.446810602	0.49007114	0.54474607	0.597441893	0.637188462	0.662709789	0.677002542	0.683532759	0.684559986	0.681486112	0.675069785	0.666004031	0.655606866	0.64500244	0.634886191	0.626390911	0.619376124	0.613660961	0.608000802	0.60181759	0.594888411	0.586690681	0.577106776	0.566334531	0.555595837	0.546380799	0.53808429	0.531601174	0.527107653	0.524724883	0.523896407	0.519894539	0.507330536	0.484056815	0.454542078	0.42464675	0.394352788	0.36451197	0.338222433	0.31490568	0.295280657	0.279050703	0.26510092
182	0.170837215	0.172198452	0.176131974	0.186952509	0.210110985	0.241291686	0.269304973	0.289341974	0.304297721	0.31558804	0.320746398	0.317782802	0.308069662	0.297048565	0.288893985	0.283328502	0.279832871	0.277782459	0.276291961	0.276282222	0.279158418	0.286541084	0.299785852	0.318552067	0.340439942	0.362180874	0.382486022	0.403183962	0.432362459	0.475799689	0.530025661	0.581886164	0.620694992	0.645437045	0.659082129	0.665298271	0.666004387	0.662548193	0.655711107	0.64628018	0.635492904	0.62446046	0.614021121	0.605205294	0.597892247	0.592062017	0.586298704	0.579853343	0.572947352	0.564745615	0.555267873	0.544737269	0.534240704	0.52521354	0.51716776	0.510941566	0.506722639	0.504674261	0.50396215	0.500304874	0.48841252	0.466056968	0.437864056	0.40860112	0.379193172	0.350497614	0.324781854	0.301782153	0.282954424	0.267710678	0.254634123
191	0.16260995	0.16461751	0.169409097	0.181267249	0.205401362	0.236929189	0.264573818	0.284066748	0.298440944	0.308758296	0.313095736	0.309994699	0.301305269	0.291888976	0.284799557	0.279791534	0.276643379	0.274976291	0.27424551	0.274968668	0.278539291	0.286675841	0.30073308	0.320104165	0.342440112	0.364387925	0.384846626	0.406521185	0.438565222	0.487073793	0.547436223	0.60392714	0.645337084	0.671488344	0.685747713	0.692107825	0.692474457	0.687837686	0.679269291	0.667884527	0.655070299	0.641916447	0.629364405	0.618532397	0.609424824	0.601913392	0.594642388	0.586970724	0.57893223	0.569718357	0.55933315	0.547986847	0.536900193	0.52743121	0.519107265	0.512749703	0.50864455	0.506733948	0.506009001	0.501312742	0.48751599	0.463140312	0.433078999	0.402686989	0.371953003	0.341997731	0.314246239	0.291642655	0.271728662	0.254568731	0.241035146
192	0.157331472	0.159365259	0.164260404	0.176211171	0.200464827	0.232014474	0.259616244	0.278969789	0.29315276	0.30349406	0.308075787	0.305264587	0.296645283	0.287062972	0.27985266	0.274825654	0.271716849	0.270102698	0.269209953	0.26991056	0.273526225	0.281633191	0.295681805	0.314973587	0.337175999	0.358910691	0.379228957	0.400656835	0.432308764	0.48020911	0.539526825	0.594986433	0.635550863	0.661071324	0.674796764	0.680816776	0.680925917	0.676099109	0.667424554	0.655875244	0.642943203	0.629803965	0.617394069	0.606849767	0.597879456	0.590510221	0.583415543	0.575822988	0.567897759	0.558923905	0.548892568	0.538037278	0.527471455	0.518346352	0.510374246	0.504449495	0.500622848	0.498785075	0.497701446	0.492667196	0.479091432	0.455384599	0.426055795	0.395819898	0.364998864	0.335458148	0.308266193	0.284975427	0.265263062	0.249117286	0.23524883
201	0.171262518	0.172554236	0.177139467	0.189539688	0.215367662	0.250311698	0.283142473	0.308024468	0.327091212	0.341292296	0.347837184	0.344590587	0.333237506	0.320137275	0.310456703	0.304062776	0.300243029	0.297820147	0.295620273	0.294596945	0.296544881	0.303518451	0.317304169	0.337632179	0.362133886	0.387003665	0.410195688	0.432115855	0.460752999	0.502688902	0.556441019	0.610141734	0.651883488	0.679210099	0.694413215	0.701585878	0.703157665	0.700578271	0.694850441	0.686678663	0.677167118	0.66730157	0.658003692	0.650370082	0.644133383	0.639133506	0.634274821	0.628597897	0.622179823	0.614185447	0.604636198	0.593908362	0.583344486	0.573995794	0.565728938	0.559603342	0.555670296	0.55381143	0.552765146	0.546865934	0.53007794	0.500885679	0.464892611	0.429026844	0.393675156	0.359825618	0.328834363	0.303773214	0.282717118	0.265095544	0.249867921
202	0.180962293	0.182341567	0.187190487	0.200299812	0.227795707	0.265203794	0.30037919	0.327374106	0.348200467	0.363551974	0.370508642	0.366778977	0.354553049	0.34076003	0.330621601	0.323935459	0.319951213	0.317376781	0.315045856	0.313885034	0.315925793	0.323420558	0.338313799	0.360346859	0.386964557	0.414198452	0.439553813	0.463548254	0.494698914	0.540648475	0.599717807	0.658590724	0.704217941	0.734132446	0.750724453	0.758677128	0.760554656	0.758060247	0.752232708	0.743863135	0.733903594	0.723595607	0.713760624	0.705655866	0.698794968	0.693420474	0.688356142	0.68234022	0.675356374	0.666573394	0.655849392	0.643933312	0.632140078	0.621661179	0.61228136	0.605213436	0.600648204	0.598356491	0.596689161	0.589278609	0.569336334	0.535435427	0.494989274	0.455321091	0.416400203	0.379109106	0.346056279	0.3183657	0.295434035	0.277001801	0.2623497
211	0.164158207	0.165318797	0.169305587	0.179940956	0.202592954	0.233494577	0.261897977	0.282989618	0.299056285	0.311058465	0.316806872	0.314099932	0.304395664	0.29346945	0.285483323	0.280164086	0.276736075	0.274519272	0.272738293	0.272155514	0.274319002	0.280992806	0.293801652	0.312412524	0.33442618	0.356531366	0.377148202	0.397284572	0.424691561	0.465807632	0.518564535	0.570488897	0.610405229	0.63650182	0.650911081	0.657517732	0.658471092	0.655417586	0.649055983	0.640352732	0.630287658	0.619885129	0.610098974	0.602163959	0.595599495	0.59033127	0.585169946	0.579143351	0.572586939	0.564622598	0.555028451	0.544457785	0.534040916	0.524895627	0.516673697	0.510574802	0.50644857	0.504218107	0.503188517	0.498794437	0.485662046	0.461939733	0.432376096	0.402418838	0.372043431	0.342218088	0.315647532	0.291568122	0.272598809	0.256298246	0.242828791
212	0.143892489	0.144922544	0.148849298	0.159286975	0.181479781	0.212093232	0.240504113	0.261763159	0.27810964	0.290449387	0.296377551	0.29355037	0.283548613	0.272317821	0.26411145	0.258692843	0.255257142	0.253012407	0.251223427	0.250618498	0.252726411	0.259444882	0.272499374	0.291522658	0.314141735	0.336981352	0.358582157	0.379699027	0.408400526	0.451697078	0.507602952	0.562830333	0.605471274	0.633545327	0.649133755	0.656351327	0.657527518	0.6544367	0.647835906	0.638798117	0.62838921	0.617560913	0.607526585	0.599349006	0.592521273	0.587088545	0.581912863	0.575837943	0.569087388	0.560550142	0.550071838	0.538588585	0.527434909	0.517514515	0.508538978	0.501740399	0.497051015	0.494535802	0.493792832	0.490037637	0.476956933	0.452582186	0.421698945	0.390796292	0.35979095	0.329431164	0.30176262	0.277924488	0.258415548	0.241688619	0.226419432
221	0.167000554	0.167967209	0.172278306	0.184036276	0.208983794	0.243482827	0.276289756	0.301419264	0.321004415	0.33604821	0.343447382	0.340460173	0.328533642	0.314487312	0.30418779	0.297590386	0.293485071	0.290785095	0.28832966	0.286854974	0.288243799	0.294686523	0.308003441	0.328005539	0.352438171	0.377776896	0.401634318	0.424014784	0.452502516	0.494311511	0.549079043	0.605693839	0.651349963	0.682116058	0.699519034	0.707937575	0.710011332	0.707998225	0.702581436	0.69454847	0.685134487	0.67517656	0.665685665	0.65802346	0.651713388	0.646739839	0.642117165	0.636475819	0.629840999	0.621145243	0.610574829	0.598942535	0.587262059	0.576874927	0.567690546	0.560799866	0.556399051	0.554192296	0.553183995	0.54778716	0.531321248	0.501484549	0.464223457	0.427022819	0.390453377	0.355553742	0.324525384	0.298199852	0.277271548	0.260096725	0.245147845
222	0.168410949	0.169249069	0.173480025	0.185109562	0.209749347	0.243842434	0.27644539	0.301501639	0.320970767	0.335794699	0.342975414	0.340085983	0.328424441	0.314608905	0.30462009	0.298118242	0.293991564	0.29132159	0.288853539	0.287330202	0.28871421	0.295100875	0.308355747	0.328420746	0.353013898	0.378421138	0.402347988	0.424738068	0.453203223	0.495429915	0.551159835	0.608848452	0.655291122	0.686748928	0.704581108	0.713147121	0.715144006	0.712805906	0.706995534	0.698696885	0.688927461	0.678618373	0.668800254	0.660906254	0.654420001	0.649246689	0.644365883	0.638531164	0.63170163	0.622855799	0.612129513	0.600362686	0.588672409	0.578242453	0.56910219	0.56235596	0.558104344	0.555973155	0.554957164	0.549446651	0.532819762	0.502955874	0.466023329	0.429060732	0.392484202	0.357451479	0.326408153	0.300856444	0.279442729	0.26171375	0.248263562
231	0.163063844	0.164417456	0.169039995	0.180833206	0.205541018	0.239091336	0.270204819	0.293592254	0.311454732	0.324686514	0.330762168	0.327542216	0.316592037	0.304211484	0.295262072	0.28938131	0.285674683	0.283330689	0.281542995	0.280839909	0.283117729	0.290398883	0.304338862	0.324634137	0.348789245	0.373270385	0.396222381	0.418597234	0.44868969	0.493850397	0.55218594	0.609859027	0.654463728	0.683930343	0.700349114	0.707887094	0.709087408	0.706008156	0.699274311	0.690177269	0.679711811	0.668580307	0.658036478	0.649341101	0.641961716	0.635925702	0.630192903	0.623637801	0.616403011	0.607440977	0.59656909	0.584762411	0.573219877	0.562930885	0.553847058	0.54719097	0.542942269	0.540969777	0.54029949	0.535268744	0.519116291	0.490382189	0.455325166	0.420264199	0.38523476	0.351798733	0.321776857	0.295971119	0.275184305	0.257924994	0.243503626
232	0.164797284	0.166019715	0.170524195	0.182093493	0.206185125	0.239128648	0.269737701	0.292562377	0.309926482	0.323048809	0.329382207	0.326591191	0.315632192	0.30286828	0.293732368	0.287729335	0.283753565	0.281280111	0.279390682	0.278590873	0.280588271	0.287419961	0.30074866	0.320326938	0.343663614	0.367445199	0.38970674	0.411308343	0.440125421	0.483238922	0.53917306	0.5953962	0.639446604	0.668805145	0.685272928	0.692854096	0.694079028	0.69105746	0.684324898	0.675134612	0.664787648	0.653910808	0.64355523	0.635080029	0.627950887	0.622161887	0.616657503	0.610273034	0.603169334	0.594464491	0.584001978	0.572677573	0.561421911	0.55149988	0.542878233	0.536642554	0.532777261	0.531073767	0.5305629	0.526054362	0.511429676	0.484632226	0.450831723	0.416626502	0.382100197	0.349294209	0.320042883	0.295376471	0.274875328	0.258282649	0.244279953
241	0.115196629	0.115523565	0.118746925	0.127831641	0.147043947	0.173859986	0.199972171	0.220959873	0.237818455	0.250437095	0.256426901	0.253757621	0.243590032	0.231751658	0.223219975	0.21771583	0.214023775	0.211634568	0.209322712	0.207417827	0.207794139	0.212318324	0.222547192	0.238955445	0.25979263	0.282019171	0.303364685	0.322921508	0.347309042	0.384365924	0.435883179	0.493359999	0.543194419	0.57901105	0.600433114	0.611080536	0.614021132	0.612364253	0.606877713	0.599024179	0.589929265	0.580000605	0.570435034	0.562805948	0.556635259	0.551858619	0.547410207	0.541944122	0.535237173	0.525899089	0.514339817	0.501734774	0.489158389	0.478094381	0.468638301	0.46157893	0.457489347	0.456361933	0.457889888	0.456633944	0.445234742	0.421076014	0.390426353	0.359069757	0.327267767	0.29657842	0.269223293	0.245177297	0.225571364	0.209478503	0.195792672
242	0.105577786	0.105959321	0.109219901	0.118233179	0.137289954	0.163975164	0.190036333	0.210939775	0.227638745	0.240326	0.246488993	0.243912216	0.233578959	0.221541964	0.212963615	0.207418723	0.203759241	0.201322911	0.198925511	0.197018439	0.197461322	0.202035017	0.212284738	0.228638289	0.249438558	0.271729579	0.293078899	0.312700914	0.337120418	0.374203642	0.425737504	0.483304099	0.533295674	0.569157637	0.590545347	0.601178288	0.604133462	0.602482365	0.596985876	0.589039217	0.579913559	0.570082148	0.560577023	0.552984711	0.546883593	0.542140611	0.537740042	0.532315038	0.525693467	0.516345556	0.504778271	0.492255135	0.479714652	0.468657198	0.459323849	0.452320216	0.448183828	0.447169721	0.448687357	0.447523292	0.43630832	0.41225716	0.381515877	0.349907216	0.318118939	0.287530377	0.259989697	0.236429762	0.216910155	0.200785382	0.18697627
251	0.184256053	0.185762823	0.190651756	0.203057701	0.228765648	0.263356979	0.294832921	0.318054478	0.335527925	0.348435866	0.354341737	0.351173485	0.340255613	0.327678061	0.318620328	0.312633222	0.308594346	0.30616484	0.304507388	0.303953106	0.306576407	0.314226987	0.328318211	0.348833676	0.373050859	0.397322319	0.419986585	0.442309926	0.472727104	0.518268065	0.576280007	0.632914979	0.676075837	0.70421282	0.719905087	0.727091443	0.727983199	0.724560065	0.717340991	0.70779463	0.697267041	0.686176234	0.675455356	0.666495915	0.658728112	0.652276004	0.646304785	0.639510966	0.632183811	0.623245059	0.612534798	0.6011796	0.589804118	0.579739702	0.571187603	0.5646996	0.560630169	0.558741521	0.557762159	0.55229262	0.536017752	0.507668353	0.473348401	0.438877167	0.404138495	0.371474433	0.341716194	0.316420097	0.294905803	0.278056512	0.264198628
252	0.184543743	0.186009607	0.190886571	0.203317495	0.229444537	0.264840061	0.297157293	0.321285806	0.339741057	0.353205034	0.359302522	0.355890342	0.344633403	0.331829451	0.322653932	0.316672361	0.312680789	0.310144408	0.308385428	0.307762672	0.310334231	0.318153488	0.332722546	0.353921214	0.378999134	0.404126387	0.427584731	0.45051338	0.481431408	0.527482745	0.58583036	0.642150374	0.684442939	0.711828118	0.727049115	0.734017715	0.734920203	0.731779599	0.725081076	0.716178278	0.706277203	0.695765793	0.685600307	0.677124111	0.669830496	0.663802416	0.658158192	0.651717116	0.644629153	0.635725845	0.625124987	0.613809722	0.602409468	0.592171418	0.583365552	0.57656741	0.571984798	0.569669769	0.568290503	0.562259614	0.545013295	0.515349796	0.479361516	0.443906146	0.408590926	0.374599026	0.344467287	0.318799378	0.296864454	0.279836715	0.265679925
261	0.113674757	0.114306525	0.117911392	0.127528559	0.147825485	0.17589872	0.20264918	0.223810467	0.240575319	0.253042091	0.258627567	0.255611206	0.245385311	0.233748629	0.225475414	0.2201592	0.216592415	0.214368963	0.212333089	0.210937834	0.21215432	0.217636242	0.22893523	0.246534763	0.268459671	0.29143891	0.313386799	0.334195479	0.361369698	0.403142076	0.460132632	0.521675117	0.573394621	0.609807257	0.6312508	0.641835885	0.644639609	0.642331282	0.635915331	0.626924857	0.616622643	0.605620078	0.594999334	0.586295458	0.579123912	0.573389507	0.56802494	0.561704084	0.554256536	0.544154297	0.531833099	0.518601591	0.505389828	0.493601235	0.483577869	0.475926871	0.47126006	0.469990261	0.47119037	0.469160342	0.456130092	0.429777587	0.397340136	0.364473996	0.331220217	0.299182826	0.270221222	0.245613558	0.225330466	0.208061101	0.194319899
262	0.11751157	0.118111534	0.121488417	0.130602962	0.149566551	0.175777679	0.200573222	0.219935186	0.235145238	0.246412799	0.251622244	0.248942918	0.239494567	0.228612146	0.220830864	0.215761108	0.212314258	0.210126095	0.208267329	0.206932666	0.207903607	0.212958354	0.223373286	0.239485182	0.25957805	0.280560683	0.300388516	0.319094799	0.343503014	0.38071227	0.431050038	0.484729176	0.529146507	0.559992799	0.578048784	0.586783097	0.588777356	0.586530266	0.580703857	0.572643617	0.563610759	0.553870342	0.544509232	0.536960018	0.530732584	0.525807674	0.521180257	0.515615219	0.509199053	0.500494693	0.489733509	0.47813712	0.466612066	0.456572603	0.447950201	0.441391445	0.437312206	0.436222612	0.437408674	0.436148441	0.425951603	0.40451195	0.377490007	0.349369955	0.320655749	0.292778182	0.266873929	0.245464285	0.22684664	0.211277436	0.198170953
271	0.158225355	0.158895719	0.162838945	0.173876221	0.197381852	0.22998393	0.261069037	0.285261407	0.304236497	0.318631673	0.325627954	0.322875087	0.311688304	0.29848362	0.288888571	0.282705444	0.278619131	0.275890232	0.273386216	0.271580755	0.272592092	0.278504088	0.290931395	0.310211792	0.334052701	0.358782612	0.382023174	0.403369467	0.430157922	0.470189947	0.523886242	0.581024729	0.628266386	0.660903856	0.679865791	0.688899091	0.691079929	0.688976772	0.683106105	0.674916324	0.665837229	0.656139374	0.646712622	0.639212536	0.633083382	0.628277355	0.623695442	0.618047872	0.611428988	0.60265603	0.591667969	0.579772268	0.567792919	0.55709259	0.547843688	0.540893736	0.536381731	0.534343467	0.533605498	0.528847847	0.512995007	0.484078575	0.448638207	0.413165813	0.378015435	0.344558309	0.314310779	0.289165546	0.268523939	0.251084435	0.236433084
272	0.147485796	0.148104668	0.151915762	0.162470703	0.184837791	0.215910468	0.245521879	0.268393875	0.286252409	0.300005158	0.306954705	0.304613184	0.293558769	0.280204009	0.270601597	0.264512159	0.260508929	0.257822486	0.255399408	0.253702834	0.254716718	0.260212101	0.271748424	0.289697231	0.311936591	0.335106516	0.356998378	0.377253321	0.402685052	0.440431066	0.491052117	0.545363234	0.590671748	0.622276108	0.640809916	0.649722891	0.651847185	0.649756269	0.643988046	0.635874816	0.626831145	0.617240111	0.608122659	0.600939361	0.595062734	0.590452717	0.586102698	0.580739506	0.574491496	0.565907415	0.555377646	0.544145284	0.532734357	0.52256228	0.514010106	0.507484494	0.503366981	0.501711252	0.501783226	0.49874145	0.485727483	0.460056193	0.426894557	0.393815898	0.360266378	0.328278986	0.299613665	0.275706434	0.255686345	0.23925067	0.225828139
281	0.107716371	0.108307314	0.11159876	0.120655874	0.139826531	0.166577669	0.192256701	0.212329001	0.22816819	0.240200951	0.245933996	0.243419492	0.23347362	0.221826899	0.213508298	0.20814733	0.204534336	0.202181459	0.200134011	0.198641116	0.199581265	0.204591601	0.215147301	0.231612533	0.252352172	0.274100515	0.294813593	0.314271639	0.339364579	0.377700336	0.430206496	0.487460573	0.535902328	0.570140045	0.590480452	0.600416012	0.602983222	0.600773183	0.594597387	0.585959407	0.576276322	0.566018962	0.556214258	0.548299761	0.541782296	0.536556963	0.531775399	0.525985993	0.519150867	0.5098903	0.498561536	0.486471889	0.47430799	0.463464507	0.454393247	0.447578694	0.443456447	0.442408348	0.443708578	0.442272096	0.431280412	0.408267115	0.378673102	0.348290323	0.317240242	0.287354102	0.260143111	0.237308321	0.217551772	0.202176609	0.188797005
282	0.102554775	0.103056583	0.10623725	0.114701121	0.132383369	0.156933623	0.180409163	0.198767598	0.213187389	0.224027901	0.229288657	0.226951274	0.217762482	0.206952151	0.19922434	0.194240152	0.190871787	0.188731797	0.186811359	0.185377741	0.186247321	0.190913017	0.200569576	0.215711797	0.2348604	0.25493008	0.274019059	0.291998521	0.31533476	0.351147768	0.400300251	0.454289892	0.499969339	0.532254822	0.551338321	0.560593238	0.562989541	0.560622537	0.554518688	0.546118193	0.536812998	0.526962309	0.517456219	0.509831598	0.503639311	0.49863799	0.494024075	0.488444686	0.481940302	0.473117852	0.462402439	0.450877245	0.439374893	0.429342394	0.420864608	0.414579043	0.411050097	0.410495332	0.412328574	0.412072373	0.4032988	0.383490992	0.357274533	0.330014577	0.301876472	0.274520602	0.249767284	0.228689309	0.210805586	0.19552172	0.182956743
291	0.121043252	0.121647958	0.125127407	0.134650224	0.154584386	0.182047939	0.207745007	0.22754517	0.243044503	0.254428422	0.259660018	0.256789859	0.247046726	0.235889224	0.227874035	0.222766021	0.219363222	0.217141832	0.215276475	0.214131944	0.215555695	0.221189679	0.232381927	0.249492768	0.270473409	0.292108687	0.312472631	0.332111928	0.358086855	0.397838721	0.451041023	0.507058719	0.552905919	0.584519804	0.602948122	0.611754676	0.613755859	0.611080665	0.604645882	0.595854903	0.586080271	0.575831665	0.565938529	0.55801085	0.551373395	0.545805254	0.540713375	0.534744907	0.527873888	0.518687772	0.507648608	0.495864363	0.483989729	0.47348905	0.464554321	0.457652796	0.453351622	0.452040565	0.453022029	0.451289975	0.440211645	0.417655377	0.389176787	0.359800808	0.329825292	0.300992705	0.274121878	0.251786742	0.232969561	0.217056061	0.203793328
292	0.124825642	0.125445058	0.128947344	0.138582263	0.159084145	0.187716077	0.214889304	0.236199485	0.253154757	0.265675078	0.271409693	0.268221772	0.257627002	0.245483448	0.236858832	0.231397996	0.227719138	0.225389587	0.223364458	0.222091432	0.223565583	0.229549298	0.241603318	0.260112409	0.283014372	0.306769433	0.329309626	0.351235947	0.380287277	0.424901204	0.485146151	0.549053294	0.601551641	0.637913149	0.659103938	0.66926368	0.671782979	0.668958367	0.662025889	0.652412918	0.641567152	0.630179632	0.61916907	0.610273724	0.602841374	0.596619099	0.590884504	0.584204856	0.576353372	0.565998919	0.55347925	0.540059281	0.526600261	0.51462863	0.504358581	0.496379916	0.491424966	0.489953815	0.491074611	0.489027258	0.476178414	0.450211795	0.417765175	0.384764096	0.351483766	0.319628892	0.290308673	0.265689609	0.245122881	0.228206226	0.213658106
301	0.155337414	0.1556789	0.158707317	0.167493216	0.186650282	0.213275545	0.237426041	0.255167659	0.268658472	0.278632162	0.283086038	0.280170875	0.271099513	0.260714979	0.253202168	0.248337634	0.244967757	0.242696017	0.241025169	0.240361248	0.242358355	0.248577886	0.260240235	0.277358293	0.297710992	0.318009456	0.336968256	0.355956311	0.382385516	0.422629425	0.474291032	0.524832916	0.563336131	0.588452049	0.602346541	0.608604922	0.609241272	0.605552131	0.598499169	0.589475863	0.579532474	0.569350195	0.5596982	0.551928402	0.545323721	0.539724116	0.534547755	0.528657999	0.522230936	0.514253411	0.504751693	0.494636891	0.48449371	0.475635174	0.468053296	0.462138211	0.458365835	0.456951325	0.457448191	0.455943489	0.447295788	0.429702713	0.406645138	0.382246713	0.357041939	0.332382701	0.309140058	0.289385384	0.272813837	0.257883565	0.245483802
302	0.141406397	0.141687969	0.144583249	0.153181141	0.171945289	0.197911976	0.221326099	0.238495386	0.25151456	0.261153481	0.265542734	0.262748421	0.253822619	0.243731312	0.236402435	0.23160343	0.22822694	0.226071019	0.224423139	0.223735439	0.22565778	0.231597962	0.24279472	0.259202553	0.278730852	0.298140799	0.316251242	0.33440056	0.359555951	0.397843853	0.44711407	0.495703462	0.533026093	0.557615879	0.571332806	0.577551108	0.578375127	0.574871101	0.567988975	0.559199788	0.54958114	0.539731449	0.530388774	0.522779229	0.516413214	0.511040364	0.506095748	0.500344759	0.494062357	0.486268093	0.47695482	0.467017158	0.457111459	0.448413629	0.440981864	0.435105255	0.431409613	0.43017289	0.430825568	0.429630176	0.421767611	0.405104548	0.383259164	0.360129658	0.336219093	0.313088725	0.291500997	0.27204962	0.255610489	0.241808982	0.22977476
311	0.201304421	0.203441963	0.208910028	0.222351597	0.250072239	0.28650984	0.317992006	0.340271094	0.356887414	0.368977805	0.374480869	0.371350726	0.361072251	0.349393287	0.34091668	0.335525967	0.332015817	0.330073736	0.329086735	0.329593209	0.33362656	0.342923474	0.358612468	0.380549212	0.405499354	0.429617358	0.451966258	0.475431813	0.509105737	0.5588952	0.619331133	0.674294158	0.713497465	0.738085631	0.751438937	0.757187881	0.757299323	0.752490954	0.743943061	0.733274779	0.721569587	0.709472361	0.697879187	0.688159779	0.679513109	0.671886739	0.665058796	0.657717252	0.649930668	0.640926222	0.63061683	0.619841266	0.609034139	0.599457584	0.591220891	0.584588014	0.580035367	0.577747096	0.576226637	0.570121563	0.553502368	0.525319387	0.491360307	0.457184027	0.423248348	0.390677021	0.36077503	0.335740144	0.31458807	0.296945202	0.28253028
312	0.192125341	0.194200962	0.199620572	0.212776756	0.239474112	0.274308336	0.304053479	0.324820769	0.34013598	0.351300135	0.356383839	0.353475802	0.343933733	0.333018119	0.325085469	0.320014792	0.316617789	0.314719387	0.313870444	0.314347714	0.318169582	0.326965591	0.341809253	0.362388068	0.38573793	0.408187144	0.428932605	0.450779019	0.482199058	0.52879076	0.585422321	0.637178759	0.674356565	0.697833994	0.710464151	0.715887231	0.715833335	0.710991523	0.702438488	0.691831922	0.680333927	0.668563201	0.657405169	0.647999945	0.63962981	0.63232633	0.625746527	0.618681425	0.611413091	0.602937882	0.593225677	0.583132979	0.573139959	0.564266125	0.556697931	0.550787456	0.546827891	0.545014481	0.543787719	0.538481585	0.523704188	0.498402953	0.467435847	0.435905426	0.404273365	0.373422132	0.345711368	0.321591432	0.301552785	0.285240561	0.271376036
