11	0.19788219	0.198420925	0.203467807	0.217514204	0.241963706	0.270915934	0.295581499	0.314031861	0.328851902	0.340399116	0.343844975	0.338805542	0.327998087	0.31654541	0.307968118	0.302857013	0.300060465	0.297627098	0.294903895	0.293025101	0.293869152	0.299665965	0.31187605	0.329695721	0.351017551	0.373070652	0.393421655	0.411790093	0.43498265	0.469584163	0.513008924	0.556205699	0.591148861	0.612971977	0.625266095	0.631604465	0.633667026	0.632839534	0.629159652	0.623650018	0.617306807	0.611031272	0.604560563	0.599230176	0.595516251	0.592531283	0.589468297	0.586542708	0.582559608	0.576642433	0.568238872	0.558874382	0.550935633	0.544054261	0.536794445	0.532256504	0.529890669	0.528822579	0.529976606	0.528409888	0.516591686	0.495085047	0.468105084	0.439481513	0.412893895	0.388922311	0.366838078	0.348547132	0.331833055	0.318473019	0.307117362
21	0.143671145	0.144234568	0.148934226	0.161994768	0.184683108	0.211978296	0.235422446	0.253414681	0.268207277	0.279831927	0.283371479	0.278373426	0.267528603	0.256118306	0.247691061	0.24280471	0.240079686	0.237787316	0.235195116	0.233228093	0.233847295	0.239168217	0.25070272	0.26791711	0.288835999	0.310925181	0.331461156	0.350071121	0.373565408	0.408705011	0.453818874	0.500317172	0.539326644	0.564327386	0.578663725	0.586014954	0.588602149	0.587878891	0.584012435	0.578212339	0.571406639	0.564676996	0.557859931	0.552310864	0.548427623	0.545259094	0.542111388	0.539012494	0.534624285	0.528051096	0.518826361	0.508522058	0.499701326	0.49201371	0.484276173	0.479300222	0.476825204	0.476134397	0.478322734	0.478346719	0.467407718	0.445955896	0.418670656	0.389756162	0.362820424	0.338855392	0.316478246	0.297957368	0.281404004	0.267025176	0.255916174
22	0.171568903	0.172268186	0.177599736	0.192109979	0.21718667	0.247001536	0.272555531	0.291925682	0.307796149	0.320366052	0.324149822	0.3189404	0.307657995	0.295844883	0.287067944	0.281975915	0.279175539	0.276782393	0.274055762	0.272007386	0.272770591	0.278641936	0.291187386	0.309750006	0.332172499	0.355731189	0.377550395	0.397135071	0.42190265	0.458912556	0.50637601	0.555189878	0.595818889	0.621692424	0.636343005	0.643738413	0.646272902	0.645495849	0.641369736	0.635249862	0.628220991	0.62114835	0.613967265	0.608090732	0.604051127	0.600769698	0.597417934	0.594127816	0.589487325	0.582583756	0.572835458	0.562172754	0.552902903	0.54482772	0.536711757	0.531386074	0.528764767	0.527872888	0.529395659	0.527856686	0.513941206	0.488990835	0.458299863	0.426065879	0.396431677	0.369819184	0.34558071	0.325649024	0.307655156	0.293683369	0.281392543
31	0.136089621	0.137094014	0.142762256	0.15739487	0.182019021	0.211337359	0.236997133	0.256862968	0.273420062	0.286713694	0.291371441	0.286863888	0.275778573	0.263751932	0.254840337	0.249749828	0.247088683	0.244755667	0.241803124	0.23941395	0.239549045	0.244468933	0.255788776	0.273116855	0.29472162	0.31800077	0.339653285	0.358570891	0.380978684	0.414095326	0.457872146	0.505302051	0.547258552	0.575459342	0.591873201	0.600318303	0.603514667	0.603111453	0.599554504	0.594102263	0.587664577	0.581106129	0.574436527	0.569164464	0.565643974	0.562858753	0.560114892	0.557355411	0.55294216	0.546119677	0.536391498	0.525657745	0.516300625	0.508073425	0.50006644	0.494909126	0.492491107	0.491969364	0.49382962	0.492637534	0.478666464	0.452471178	0.419878977	0.38601883	0.355049272	0.327775072	0.302871251	0.282650316	0.264821806	0.250171171	0.23785845
32	0.133298099	0.134265986	0.139893206	0.154421632	0.178743982	0.207607943	0.232918719	0.252796285	0.269303112	0.282389354	0.286692516	0.2820693	0.271299779	0.259779098	0.251174994	0.246386897	0.243793652	0.24147215	0.238628011	0.236201521	0.236358013	0.241296496	0.252534103	0.269830997	0.291430338	0.314626505	0.336183011	0.354925353	0.37715069	0.410464383	0.454740781	0.502685939	0.545067572	0.573466002	0.589914038	0.598483018	0.601760194	0.6015442	0.598197415	0.592900168	0.586548556	0.580066446	0.573377582	0.568035298	0.564411563	0.561584614	0.558773205	0.555800854	0.551323131	0.544344274	0.534438847	0.523512382	0.513896689	0.505471032	0.497111567	0.49161988	0.489016872	0.488355309	0.490206907	0.488757993	0.474081749	0.447442052	0.414829014	0.381206124	0.349846211	0.322524174	0.29780495	0.277172183	0.259149621	0.245053814	0.2333731
41	0.180888616	0.182713004	0.189549958	0.206774473	0.236056897	0.270127249	0.29775349	0.317834702	0.334014296	0.346804364	0.350996087	0.345895035	0.334549302	0.322712059	0.313875576	0.308833447	0.306183063	0.304083873	0.301973681	0.301033555	0.303422226	0.311229969	0.325945117	0.34665046	0.370439161	0.394664654	0.416996605	0.43799179	0.466120785	0.508026365	0.559577004	0.609777923	0.64922232	0.673242311	0.686511224	0.693196252	0.695164852	0.693683449	0.688699348	0.68153925	0.673525498	0.665541298	0.657565575	0.650780829	0.645632445	0.641369489	0.637228107	0.63310842	0.627841752	0.620538173	0.61066263	0.600050031	0.590677315	0.582633757	0.574298927	0.568594735	0.565349351	0.563447169	0.563264903	0.558859495	0.541252932	0.511886091	0.47653261	0.440507097	0.407709306	0.378178635	0.351632374	0.329921433	0.310882109	0.295358495	0.282644416
42	0.18378123	0.185670969	0.192498532	0.209696452	0.239003985	0.273025112	0.300602928	0.32068143	0.336924785	0.349822735	0.353984329	0.348869219	0.337606648	0.325784385	0.317120393	0.312169735	0.309527449	0.307435734	0.305359481	0.304397241	0.306721097	0.314471554	0.329244269	0.350082942	0.374079536	0.398359353	0.420788279	0.44190232	0.470157714	0.512195873	0.563871783	0.613988622	0.65318653	0.677027023	0.690242834	0.69681189	0.698757029	0.697152303	0.692150772	0.684950664	0.676994235	0.669190889	0.661345211	0.654742441	0.649794853	0.645538355	0.641475069	0.637459207	0.632295081	0.624966171	0.615200194	0.604572698	0.595030375	0.586892987	0.578492399	0.57268994	0.569136756	0.567014651	0.566859713	0.56260843	0.545218049	0.515836171	0.480670096	0.444703611	0.411325433	0.382409117	0.355845395	0.333770796	0.315099924	0.299697158	0.286610644
51	0.151009179	0.152875677	0.158828729	0.173233069	0.197569828	0.225275792	0.247155229	0.262644342	0.275006507	0.28479905	0.287481874	0.282900775	0.273520755	0.263838885	0.256635757	0.25236731	0.250222952	0.248666543	0.247326534	0.247284807	0.250108015	0.257719298	0.27137659	0.290274948	0.311824676	0.333812437	0.354538738	0.375449443	0.406352469	0.453865987	0.512508051	0.569013588	0.612648061	0.638925681	0.653309031	0.660158945	0.661537737	0.658208532	0.650481319	0.640391622	0.629308258	0.618349033	0.607667334	0.598556108	0.591270056	0.58494443	0.578915245	0.573263343	0.566338701	0.557476629	0.546331832	0.534480774	0.524138801	0.515148295	0.506415435	0.500688323	0.49775458	0.496874652	0.498703525	0.498212598	0.485882071	0.462801462	0.433701815	0.403082704	0.374148271	0.348742898	0.324973454	0.305045255	0.287275738	0.272051153	0.25954421
52	0.165019127	0.166683504	0.172229059	0.185680846	0.20798169	0.23287311	0.252171678	0.265461148	0.275965222	0.284331311	0.286603745	0.282594174	0.274169402	0.265439459	0.258873554	0.254952164	0.25286613	0.25140154	0.250184624	0.250137577	0.252746661	0.259629779	0.27198553	0.288835024	0.308048507	0.327578352	0.345948714	0.364482519	0.392318593	0.43518185	0.487781863	0.538010559	0.576662501	0.599786624	0.612245946	0.618022191	0.618876699	0.615570697	0.608369008	0.598802394	0.58840555	0.578146776	0.568129949	0.559513676	0.552769671	0.547066899	0.541531146	0.536199789	0.529969595	0.522001932	0.511810539	0.501153267	0.491982417	0.484198081	0.476468366	0.471554945	0.469386539	0.468818351	0.47062915	0.470481028	0.46092218	0.442553421	0.418537128	0.392731903	0.367876358	0.34609406	0.325726077	0.308697829	0.292756716	0.279949168	0.268930973
61	0.131238517	0.133176304	0.13924804	0.153467268	0.176771069	0.20257064	0.222415496	0.236174643	0.247059084	0.255776663	0.258310284	0.254383097	0.246157924	0.237664729	0.231248191	0.227570062	0.22572485	0.224419556	0.223355514	0.223620799	0.226431872	0.233552026	0.246251717	0.263378745	0.28261881	0.302229466	0.320638909	0.339151245	0.366930295	0.409471825	0.461380054	0.510928807	0.5491169	0.572054617	0.584445381	0.590250856	0.591169818	0.5879166	0.58063632	0.571186995	0.560930319	0.550914038	0.54102492	0.532687635	0.526102553	0.520360661	0.514958397	0.50975816	0.503770835	0.495977771	0.485991348	0.475598084	0.466682351	0.459127403	0.451568539	0.446688011	0.444519732	0.443781858	0.445249281	0.444268556	0.433687321	0.413437142	0.387971444	0.360224506	0.334527831	0.311577445	0.290133516	0.272328601	0.256641438	0.243244519	0.231621023
62	0.136702673	0.138800849	0.144855259	0.15922478	0.182829199	0.208801237	0.228405779	0.241947168	0.252553139	0.261050863	0.263423062	0.259452996	0.251327953	0.242851455	0.236522077	0.232805144	0.230961652	0.229664189	0.228697881	0.229125363	0.232233941	0.239596216	0.252525066	0.269849657	0.289311967	0.308827705	0.32719321	0.346140865	0.37485779	0.419064967	0.472591077	0.522847265	0.561125499	0.583983892	0.596254024	0.601870619	0.602543135	0.598909495	0.591265208	0.581263486	0.570308166	0.559579522	0.54916652	0.540199663	0.533061835	0.526881631	0.521096925	0.515576447	0.509250833	0.501310483	0.491297196	0.480735929	0.471762039	0.464055172	0.456439614	0.451518557	0.449132147	0.448210557	0.449702769	0.448841657	0.438401944	0.418812503	0.393660448	0.366660388	0.341031052	0.318626988	0.297575922	0.279731824	0.263791124	0.249825934	0.238816655
71	0.134902723	0.136699466	0.143105654	0.158644599	0.184681399	0.21473656	0.239194316	0.257137829	0.271629397	0.283091636	0.286637314	0.281984868	0.271637132	0.260727629	0.252604117	0.248055855	0.245674907	0.243907412	0.242073963	0.241379968	0.243506843	0.250488867	0.263848073	0.282667505	0.304491415	0.326961558	0.347921912	0.368085019	0.395968996	0.438176888	0.491188418	0.543988425	0.586809179	0.613796516	0.628960712	0.636498866	0.638701119	0.636603624	0.630757184	0.622614796	0.613372119	0.604214845	0.59519241	0.587603749	0.58183634	0.57695782	0.572267423	0.567654954	0.561699017	0.553636599	0.54309046	0.531649391	0.521777089	0.513067406	0.504488601	0.49888049	0.496036351	0.495218007	0.496939693	0.495219448	0.481036585	0.454655841	0.422257762	0.388472181	0.357224342	0.329478393	0.304749435	0.283501493	0.265820403	0.250785003	0.238147846
72	0.12751687	0.129221072	0.135341709	0.150082663	0.174715808	0.202788325	0.225840326	0.242502573	0.256002309	0.266771533	0.270230797	0.265902505	0.256262521	0.246076982	0.238588466	0.2342973	0.23211922	0.230434118	0.228685823	0.227908906	0.229787535	0.236173951	0.248509255	0.265860196	0.286198726	0.307146557	0.326669229	0.345126198	0.370536074	0.409093667	0.45784685	0.506932059	0.547267853	0.572830478	0.587244417	0.594393801	0.596380749	0.594533695	0.589003371	0.581364045	0.57269649	0.564092981	0.555586256	0.548521418	0.543232141	0.538846637	0.534557625	0.530325792	0.524963834	0.517492076	0.507572072	0.496838985	0.487719264	0.479848624	0.472022646	0.467058772	0.464764999	0.464084031	0.465499741	0.463934665	0.450906267	0.426876883	0.397191948	0.365650949	0.336644038	0.310743612	0.287330526	0.268150845	0.251364386	0.237673293	0.225352238
81	0.174655451	0.176947992	0.184008413	0.200973982	0.229500661	0.26168692	0.287165763	0.30525563	0.319736215	0.331095639	0.334435677	0.329613314	0.319425026	0.308867965	0.301051772	0.29664407	0.294290464	0.292625215	0.291191338	0.291113357	0.294194241	0.302530392	0.31737629	0.337648558	0.360676296	0.383746108	0.405042042	0.425878404	0.455599086	0.500051318	0.553644733	0.604320718	0.643131083	0.666558109	0.679333024	0.685463255	0.686786707	0.684231233	0.678059386	0.669586802	0.660189398	0.650993784	0.641755602	0.633942525	0.627842269	0.622586907	0.617625795	0.612835721	0.606981542	0.599177124	0.589097227	0.578384424	0.569058673	0.561017409	0.552743228	0.547231333	0.544169772	0.542483534	0.54251718	0.538502141	0.522115907	0.494498709	0.461328626	0.427176994	0.395473552	0.367486261	0.341887078	0.321261741	0.303007717	0.287437023	0.275097178
82	0.177139376	0.179534388	0.186871587	0.204739153	0.234578374	0.268331949	0.294693836	0.313225073	0.327932578	0.339539339	0.34317538	0.338357004	0.327784808	0.316758311	0.308609946	0.303970407	0.301503118	0.299721011	0.298226956	0.298266723	0.301536039	0.310206709	0.325612049	0.346440237	0.369920277	0.393293982	0.414936456	0.436326714	0.466901681	0.512551081	0.567340991	0.618814837	0.657943219	0.681485358	0.694298385	0.700344524	0.701581741	0.698929642	0.69243081	0.683671035	0.673950211	0.664303395	0.654845976	0.646739734	0.640388524	0.6348923	0.629719275	0.624778125	0.618692661	0.610819071	0.600545473	0.589629748	0.580250126	0.572221176	0.564069181	0.558329424	0.555253785	0.553450054	0.553470604	0.549414743	0.532523442	0.50420741	0.470144882	0.434920206	0.40194513	0.373080412	0.347086614	0.3257016	0.306403629	0.291300313	0.278492467
91	0.166353456	0.168365784	0.174801587	0.190354819	0.216273358	0.245224001	0.268020774	0.284012213	0.296816842	0.306933837	0.309941108	0.305775937	0.29655662	0.286819226	0.27963686	0.275510841	0.273347507	0.2718051	0.270317535	0.269998882	0.272491573	0.279601513	0.292590803	0.310491244	0.33078233	0.351249906	0.370145282	0.388501213	0.414469239	0.453454525	0.500947537	0.546279941	0.581399861	0.602740324	0.614328051	0.619682698	0.620664791	0.618301873	0.612408796	0.604625452	0.595907471	0.587471894	0.579062159	0.571975698	0.566642997	0.561955161	0.557587278	0.553485412	0.548378531	0.541526327	0.532391049	0.522716027	0.514561246	0.507533909	0.500396803	0.495713552	0.493437676	0.492340043	0.493169095	0.491253132	0.478952699	0.456713947	0.429099984	0.399655605	0.372480336	0.348128655	0.32563732	0.307392762	0.291395527	0.276753715	0.266054929
92	0.16479321	0.166755973	0.173358609	0.189694801	0.217175084	0.248163465	0.272631646	0.290036462	0.303837052	0.314684629	0.317999045	0.31349847	0.303561508	0.29311768	0.285412297	0.280959041	0.278592499	0.276785502	0.27519085	0.274877409	0.277445507	0.285018239	0.298887179	0.317901042	0.339604986	0.361437645	0.381532086	0.400912415	0.427982998	0.468477294	0.517711453	0.564717903	0.601145778	0.623170745	0.635119992	0.640734428	0.641892938	0.639465512	0.633557161	0.625654907	0.616858234	0.608220852	0.599727639	0.592572593	0.587050493	0.58243819	0.577949702	0.573692423	0.568457612	0.56146138	0.552050694	0.542112913	0.53367788	0.526394984	0.519026185	0.514125129	0.511685088	0.510508896	0.510988011	0.508260674	0.494344365	0.470005541	0.440023629	0.408891598	0.379442987	0.353627335	0.329861049	0.310421325	0.292805455	0.278647586	0.266812228
101	0.164847771	0.166491384	0.172484604	0.187084308	0.211020714	0.237852223	0.258797496	0.273524258	0.28517776	0.294207683	0.29673497	0.29259335	0.283943069	0.274908085	0.268142546	0.264145055	0.262080332	0.260592805	0.259179366	0.258891562	0.261195389	0.267928207	0.280299836	0.297214813	0.316605927	0.336296197	0.354573967	0.372355701	0.398125064	0.437642143	0.486729231	0.534807407	0.572907042	0.596367348	0.609329402	0.615526676	0.616836765	0.614196045	0.607659856	0.599022914	0.589524244	0.580147739	0.570943776	0.563220101	0.557287305	0.552008336	0.547089508	0.54249721	0.53687625	0.529453522	0.519779648	0.509552474	0.500904694	0.493565446	0.486263708	0.481467774	0.479394536	0.478825767	0.480409654	0.479468736	0.468489093	0.448221828	0.422643384	0.395059281	0.368667426	0.34594233	0.324271487	0.306157001	0.291097603	0.27729921	0.26633957
102	0.151234767	0.152615389	0.157998833	0.171447892	0.193821842	0.218932781	0.238738952	0.252694897	0.263684277	0.272270677	0.27460637	0.270558779	0.262230419	0.253523223	0.247025045	0.243265438	0.241136004	0.239600286	0.238167983	0.237749232	0.239802778	0.246051336	0.257763292	0.273916399	0.292262129	0.310948571	0.328198588	0.344999669	0.369428443	0.406795555	0.452850257	0.497134904	0.5317228	0.552982076	0.56474579	0.570430469	0.571628111	0.569342761	0.56349576	0.555700607	0.546942523	0.538371669	0.529967113	0.522895634	0.517557164	0.512894737	0.50848655	0.504354322	0.499230595	0.492401927	0.483351094	0.473854139	0.465750124	0.45878925	0.451903028	0.447539906	0.445461239	0.444902875	0.446609409	0.446486672	0.437458848	0.419669447	0.39678052	0.372129035	0.348488666	0.327739366	0.308346384	0.292421785	0.277742822	0.265453573	0.255061452
111	0.13399171	0.13546891	0.140797961	0.154643355	0.178377622	0.20680562	0.23228253	0.252412437	0.269061181	0.281685532	0.285765842	0.281644324	0.271104437	0.259654848	0.251162125	0.246612739	0.244037755	0.241615449	0.239124167	0.236537926	0.236059427	0.240615475	0.251167356	0.267407444	0.287844999	0.309253718	0.329095238	0.346735993	0.367226213	0.39692584	0.436295685	0.479669129	0.5187229	0.545508488	0.561137419	0.570192474	0.574235374	0.574026642	0.571086784	0.566342188	0.560753307	0.555153644	0.550128336	0.545663152	0.542208258	0.53976056	0.537096799	0.534946947	0.531155184	0.524632615	0.515727811	0.505834079	0.497109626	0.489601783	0.482829871	0.477760264	0.474902592	0.473731499	0.474965818	0.473184315	0.459251565	0.433936138	0.403084963	0.371381848	0.341536751	0.3152705	0.291455391	0.271901096	0.255504295	0.24095411	0.230022376
121	0.197413875	0.200991445	0.208306444	0.225072365	0.252810051	0.282545499	0.304847396	0.319969749	0.331865759	0.340885915	0.343622928	0.340238218	0.332135152	0.32352307	0.316997065	0.313633783	0.311797125	0.310561268	0.310545497	0.311712771	0.315434201	0.324370904	0.338847226	0.357454468	0.377506799	0.396474564	0.414141704	0.43356725	0.463194212	0.506050917	0.554431421	0.597040998	0.627935079	0.646302232	0.656261945	0.661830527	0.662856116	0.658971224	0.65159321	0.642305459	0.632353565	0.62292419	0.614182645	0.605947937	0.598844771	0.592633329	0.586692769	0.582026262	0.576750836	0.569944523	0.561735637	0.553239172	0.545977452	0.539955327	0.534293102	0.529833214	0.526442458	0.523843196	0.522844792	0.518904832	0.505133222	0.482368049	0.454620141	0.426034143	0.398442095	0.374072911	0.351656547	0.332565957	0.316216478	0.302982594	0.290771573
122	0.20801385	0.21174468	0.219682349	0.237691674	0.267712634	0.3003421	0.325011272	0.342068187	0.355361774	0.365277709	0.368174089	0.364349316	0.355569738	0.346191324	0.339265342	0.335518462	0.333483703	0.332066702	0.331837326	0.332918191	0.33685986	0.346437162	0.362006384	0.382360031	0.404448216	0.425356035	0.44469013	0.465566038	0.496912786	0.542434768	0.594163389	0.639696872	0.672345625	0.691392281	0.701685069	0.707261606	0.70841772	0.704707998	0.697364488	0.687983223	0.677937901	0.668431643	0.659382234	0.650876894	0.643523524	0.637305754	0.63126645	0.626416361	0.620918258	0.613687371	0.60499561	0.596006704	0.588142634	0.581597979	0.575518781	0.570907726	0.567601116	0.565091977	0.56392113	0.558967646	0.542810644	0.516803044	0.485508675	0.453782981	0.422628331	0.396004898	0.371322168	0.351227159	0.333337648	0.317655214	0.304978548
131	0.139557465	0.141568895	0.147633342	0.162926555	0.18923915	0.220703325	0.248493862	0.269992882	0.287668027	0.301151025	0.305388587	0.300763799	0.28950529	0.277263772	0.268145764	0.263327461	0.260614485	0.25814299	0.25572685	0.253642956	0.254253019	0.260548975	0.273473063	0.292906213	0.316728648	0.341398843	0.364277681	0.385417066	0.411919609	0.451598465	0.504030525	0.56036281	0.609038344	0.641149545	0.659566772	0.66972947	0.673862254	0.672617717	0.667595147	0.660222479	0.651765686	0.64353984	0.635956856	0.629302317	0.624138378	0.620148014	0.616125375	0.612534589	0.607078514	0.59858135	0.587145623	0.574855202	0.563842229	0.554188775	0.545547469	0.539402044	0.535914209	0.534424218	0.535369304	0.532401378	0.514530012	0.483379514	0.446232919	0.408853195	0.374047679	0.343409867	0.315873479	0.293136793	0.274527246	0.258100724	0.244151818
132	0.140602822	0.142595423	0.148712248	0.163742548	0.189195831	0.219198797	0.245465503	0.265320136	0.281513358	0.293980284	0.298126083	0.294079111	0.283420689	0.27161974	0.262829786	0.25816803	0.255523432	0.253186461	0.250999783	0.24917328	0.249646069	0.255457868	0.267438386	0.285226236	0.307103207	0.329801315	0.350809049	0.370322784	0.394694503	0.431077007	0.479106436	0.530975328	0.576063168	0.606095293	0.623322712	0.632813467	0.636633825	0.63541337	0.630475947	0.623322793	0.615234984	0.607599655	0.600309415	0.593780417	0.588769504	0.585095352	0.581157641	0.577900782	0.572932817	0.565109283	0.554570559	0.543261282	0.533282874	0.524697829	0.517035675	0.511787786	0.509050327	0.508132635	0.509440865	0.507306245	0.491680254	0.463678793	0.429484492	0.394618159	0.36155847	0.332553059	0.306751631	0.285385358	0.267813934	0.252202977	0.23944719
141	0.142355306	0.144420531	0.150686764	0.166081434	0.192715005	0.224341302	0.25218618	0.273470738	0.290945413	0.304212107	0.308168658	0.303523562	0.292228084	0.280013016	0.271013438	0.266118947	0.263386924	0.26095106	0.258673023	0.256794332	0.257462592	0.263878441	0.276849776	0.296219909	0.319927405	0.344411009	0.367065072	0.388171146	0.414846656	0.454897393	0.507560255	0.563579824	0.611525963	0.643034855	0.661190586	0.671151026	0.675141007	0.673883931	0.668837504	0.661380503	0.652862844	0.644585974	0.636663044	0.629671563	0.624219581	0.619957196	0.615719726	0.612026695	0.606436045	0.597869752	0.586536646	0.574279966	0.563198532	0.553505268	0.544951416	0.538908562	0.535506022	0.534454952	0.535876971	0.533371882	0.516048771	0.485317827	0.448411417	0.411463705	0.37653767	0.346053498	0.318472884	0.296185117	0.276624147	0.260423187	0.247276042
142	0.132405238	0.134302532	0.140195199	0.154708687	0.179532108	0.209045425	0.235003169	0.255043915	0.271355942	0.283811357	0.287495518	0.283025111	0.272649227	0.261309776	0.252805746	0.248487433	0.245987118	0.243777159	0.241662766	0.239770615	0.240292269	0.246342225	0.258453368	0.276436095	0.298541405	0.321499704	0.342652515	0.362265533	0.386869608	0.423912543	0.47286031	0.525488388	0.571118499	0.601487217	0.619059719	0.62875406	0.632765577	0.631776348	0.627100324	0.620179952	0.612098055	0.604325164	0.59694919	0.590352743	0.585334481	0.581574124	0.577766589	0.574494263	0.569332256	0.561135112	0.550071351	0.538162887	0.527776967	0.518657114	0.510493622	0.504757798	0.501291853	0.499932389	0.501458117	0.499593663	0.484015445	0.456306916	0.422949121	0.388679179	0.356183054	0.327927683	0.302077104	0.281265906	0.262807428	0.247676441	0.234605354
151	0.195225185	0.198506996	0.206418004	0.224645232	0.255114038	0.289421929	0.316584696	0.335665672	0.350657311	0.362183764	0.365586962	0.361046311	0.350691072	0.339546273	0.331334682	0.326816604	0.32425144	0.322470244	0.321564088	0.321844418	0.325427669	0.335108065	0.351072567	0.372806851	0.397274158	0.421176068	0.443095854	0.465666022	0.498676672	0.547263488	0.604776167	0.657993275	0.697286833	0.720225708	0.732451337	0.73881924	0.740446446	0.737061149	0.729884318	0.72034775	0.709994855	0.700154251	0.69092896	0.682424726	0.675185446	0.669149158	0.663205844	0.658271569	0.652190605	0.643916709	0.633488649	0.622722715	0.61310366	0.604721913	0.597270502	0.591896706	0.588349326	0.586195453	0.585455347	0.580479028	0.562100221	0.532095077	0.496260462	0.460365972	0.426235857	0.396314161	0.369173773	0.347245487	0.327181159	0.311085964	0.297508527
152	0.174821021	0.17806737	0.185726388	0.20318615	0.232362051	0.26493692	0.290578676	0.308470157	0.322425084	0.33315102	0.336227807	0.33183944	0.322104143	0.311564962	0.303590303	0.299327395	0.296946521	0.295357107	0.294647005	0.295055379	0.298453133	0.307735058	0.323107672	0.343688684	0.366854094	0.389395856	0.410106662	0.431637181	0.463443436	0.510548923	0.566525495	0.618606563	0.65731005	0.680155903	0.692488338	0.69896011	0.700460541	0.697004577	0.689542644	0.6799107	0.669448699	0.659512786	0.650214395	0.64137259	0.634074965	0.628169064	0.622144057	0.617242162	0.611211077	0.602963205	0.592529246	0.581850053	0.572616781	0.56481439	0.557696315	0.552542133	0.549239407	0.547286013	0.547014952	0.542824698	0.526017949	0.498574241	0.46517112	0.431418632	0.39924262	0.371103215	0.345704814	0.324439825	0.305700072	0.290343833	0.276749277
161	0.146352736	0.148817785	0.154989845	0.16918471	0.192949549	0.219946315	0.24216431	0.257865873	0.270152087	0.279592313	0.282292394	0.278540788	0.269832602	0.260288893	0.253152023	0.24931624	0.247032397	0.245494374	0.244650129	0.244469392	0.24676574	0.254264501	0.267146592	0.284963652	0.305711565	0.326488751	0.34569387	0.365355223	0.394550766	0.439544625	0.496202184	0.552715659	0.597696143	0.625451337	0.640615735	0.648494238	0.65057513	0.647121153	0.639109724	0.628420713	0.616869568	0.606000358	0.595814587	0.586406361	0.578732617	0.572507095	0.566304433	0.561162957	0.554790315	0.545815133	0.534334642	0.5226792	0.512605332	0.50391932	0.49635961	0.491040019	0.488010262	0.486915349	0.488325466	0.48709438	0.474666043	0.451826757	0.423052358	0.392933721	0.364481527	0.338573151	0.315427818	0.295727357	0.278750468	0.263781959	0.251332109
162	0.149806365	0.152383211	0.158702302	0.173646545	0.198740331	0.227588203	0.25126847	0.268237705	0.281599229	0.291798193	0.294655639	0.290499989	0.281223934	0.27119392	0.263643451	0.259529949	0.257203144	0.25556212	0.254444017	0.254205983	0.25665844	0.264583653	0.278250212	0.297305249	0.319565235	0.341864331	0.362464348	0.383527149	0.414385223	0.462012343	0.522288351	0.582525207	0.630525468	0.660242499	0.676824631	0.685490562	0.687990474	0.684668492	0.676685607	0.665818531	0.653847216	0.642475749	0.631816764	0.622074526	0.614191088	0.607772311	0.60129503	0.595808754	0.588912813	0.579222294	0.567057015	0.554494448	0.543350399	0.533740875	0.525351062	0.519442043	0.516089531	0.514832747	0.516060842	0.514316894	0.49992805	0.473889535	0.442035613	0.409518085	0.378163348	0.350435371	0.325166671	0.303879653	0.285636323	0.269720753	0.256915937
171	0.115565169	0.117668138	0.123467794	0.137025722	0.159653859	0.186123676	0.20899246	0.226020148	0.23971023	0.250390603	0.253590832	0.24969737	0.240568724	0.230513793	0.223049092	0.219172769	0.216985942	0.215309428	0.213858755	0.212819381	0.214058152	0.220323398	0.232072749	0.249039258	0.26943874	0.29048363	0.310000379	0.328729426	0.354315745	0.393690613	0.445225028	0.499379548	0.545098421	0.574856695	0.592044754	0.601300354	0.604593325	0.602782239	0.596772783	0.588299492	0.578852294	0.569773871	0.56115365	0.553392472	0.547551481	0.54304967	0.53843424	0.534594568	0.528980235	0.520531655	0.509262226	0.497483819	0.487169393	0.478294877	0.470489416	0.464991191	0.461904468	0.461060845	0.462711507	0.4615196	0.448209005	0.423604169	0.393235644	0.361678031	0.331715486	0.305680407	0.281670263	0.261760939	0.244307071	0.22934885	0.217038529
172	0.113944623	0.115875781	0.121710656	0.13517565	0.157508925	0.183345931	0.205504046	0.221930464	0.235069843	0.245285197	0.248366213	0.244591057	0.235782114	0.226090259	0.218804799	0.214928551	0.212842773	0.211266961	0.209923021	0.208842129	0.210038162	0.216110106	0.227418099	0.243710959	0.263209022	0.28320529	0.301645158	0.319318182	0.343374665	0.380134251	0.427945706	0.477812347	0.519743256	0.546859543	0.562452941	0.570855324	0.573781949	0.57208115	0.566486078	0.558549674	0.549753509	0.541454235	0.533504193	0.526187459	0.520706244	0.516533039	0.512173561	0.508666738	0.503668504	0.495953803	0.485438473	0.474535167	0.465059674	0.456988953	0.449787116	0.444743635	0.441855985	0.440942726	0.442518727	0.441493717	0.42915651	0.406423497	0.378273645	0.348706978	0.320952472	0.295837669	0.273418129	0.254606728	0.237819722	0.224275799	0.212055266
181	0.180303289	0.182647499	0.189219569	0.205048904	0.231941974	0.262828612	0.287947265	0.305997506	0.320466999	0.331554954	0.334811352	0.330213937	0.3201503	0.309443662	0.301411178	0.297179407	0.294683423	0.292885222	0.291790689	0.291495925	0.294099787	0.30242605	0.316685803	0.336289846	0.358825797	0.38124355	0.401739485	0.422271229	0.451825537	0.495871844	0.549597593	0.601307441	0.641298285	0.665324987	0.678535732	0.685582633	0.687474955	0.685016341	0.678766244	0.670125276	0.660662793	0.651695509	0.643235135	0.635267166	0.628919584	0.623843735	0.618622019	0.614292718	0.608783787	0.600713787	0.590197274	0.579339047	0.569825899	0.561642346	0.554075435	0.548416739	0.544684294	0.54268345	0.542752347	0.539703816	0.524697324	0.499145415	0.467712614	0.435925662	0.405519133	0.378392441	0.353703434	0.333507552	0.314706943	0.299887819	0.287169993
182	0.168135445	0.170583268	0.177222319	0.192978451	0.219518551	0.249652242	0.273767447	0.290662653	0.304045018	0.314614198	0.317752409	0.313457181	0.303673126	0.293057308	0.28512842	0.280836954	0.278402422	0.276736635	0.275790183	0.275763117	0.278530525	0.286885726	0.30099055	0.320166898	0.341946159	0.363527148	0.383351746	0.403665025	0.433198972	0.477227204	0.530461137	0.581162958	0.619993022	0.643349187	0.656262068	0.662974638	0.664586013	0.661709614	0.654971529	0.645848265	0.635992705	0.62668282	0.617877048	0.609617723	0.60309438	0.59787917	0.592522469	0.588031595	0.582432644	0.574436587	0.564228442	0.553588377	0.544288542	0.536388955	0.529189062	0.52390101	0.52035658	0.518556907	0.51898112	0.516754512	0.502993904	0.478843415	0.449229461	0.418071274	0.388187853	0.362457235	0.338611051	0.318705318	0.301613932	0.286533435	0.273859109
191	0.162666368	0.165809364	0.173387651	0.190305907	0.218035121	0.248589766	0.272433939	0.289081813	0.301892114	0.311649987	0.314165638	0.31001047	0.301386867	0.292162811	0.285117268	0.281328214	0.279299402	0.278124088	0.277855333	0.278554102	0.282132791	0.291407057	0.306454997	0.32645037	0.348868707	0.370914002	0.391263009	0.412752791	0.445625467	0.495263985	0.554809681	0.610463829	0.652073121	0.67680307	0.690265576	0.697069761	0.698380682	0.69446909	0.685967709	0.674918069	0.663041274	0.651650976	0.640608257	0.630336381	0.621945007	0.614954848	0.608172064	0.602446637	0.595705346	0.586723523	0.575422828	0.564033462	0.554011163	0.54552476	0.537839758	0.532283109	0.528845501	0.527178933	0.527485171	0.523938831	0.507707622	0.480988721	0.44885278	0.415563036	0.384308574	0.356574041	0.331202372	0.310212403	0.291466953	0.276090801	0.262743814
192	0.159960528	0.163141779	0.170750252	0.18779715	0.215568471	0.246123524	0.269902155	0.286268032	0.298873615	0.308627199	0.311379977	0.307476002	0.29888876	0.289532602	0.282372198	0.278517356	0.276438789	0.275184984	0.274867515	0.275582648	0.279211204	0.288414237	0.303292645	0.323124889	0.345339319	0.367055239	0.387125485	0.408266705	0.440267554	0.48877352	0.546841602	0.600977267	0.641356119	0.665126962	0.678039895	0.684439084	0.685404508	0.681322968	0.67279392	0.661841649	0.650039	0.638826626	0.627965909	0.617914144	0.609776902	0.60299755	0.596327016	0.590810231	0.58429249	0.57559699	0.564933193	0.554167295	0.544724068	0.536694381	0.529492016	0.524419612	0.521391185	0.519767341	0.519800926	0.515950621	0.500564396	0.474858767	0.443408315	0.410836821	0.380284965	0.352940116	0.327493194	0.306551218	0.288689828	0.272957156	0.259755338
201	0.171891975	0.17448193	0.181970418	0.199814478	0.229718955	0.264535596	0.293965884	0.315678602	0.333057115	0.346378092	0.350518244	0.345453319	0.333653093	0.321030523	0.311609797	0.306642581	0.303879168	0.301786558	0.300125286	0.299124488	0.301200948	0.309403612	0.324206033	0.345343378	0.370198496	0.395272149	0.418302413	0.440274394	0.469655854	0.512997195	0.566775199	0.619934016	0.661927404	0.687615677	0.701979846	0.709555654	0.711951556	0.710199114	0.704659204	0.696902014	0.688300164	0.680154714	0.672123928	0.664856272	0.659325147	0.654877726	0.650388987	0.64672801	0.641447707	0.633587756	0.623296701	0.612415984	0.602622033	0.59423203	0.586668473	0.581234887	0.577848313	0.576177409	0.576165059	0.571015206	0.551527198	0.519642151	0.481341909	0.442960869	0.406944457	0.376032671	0.347734234	0.324706738	0.305214014	0.288671104	0.274490189
202	0.179471198	0.182090556	0.190003817	0.208791252	0.240449766	0.277288627	0.308510676	0.331729076	0.35025738	0.364333922	0.368496664	0.36287292	0.350560713	0.337463726	0.327662038	0.322489321	0.319662935	0.317481473	0.315711789	0.314655989	0.316889824	0.325621235	0.341418417	0.363913583	0.390570184	0.417521708	0.442275828	0.465879955	0.49741725	0.544446598	0.602932928	0.660783548	0.706447259	0.734388186	0.749972704	0.758259019	0.760970356	0.759315373	0.75373073	0.745601552	0.736601427	0.727985448	0.719439946	0.711667364	0.705515615	0.700483896	0.695580461	0.691330342	0.685608334	0.677041367	0.665726832	0.65376244	0.642906889	0.633441211	0.624774527	0.618543859	0.614481103	0.612430053	0.612122832	0.606025893	0.583451346	0.547554625	0.50562198	0.463615328	0.42505085	0.391119227	0.36099207	0.336718732	0.316317018	0.298128492	0.284357748
211	0.159067681	0.161453097	0.168048724	0.183533056	0.209629219	0.239838544	0.264749356	0.282682675	0.297065416	0.308327801	0.311859906	0.307685238	0.2980417	0.287535872	0.279686903	0.27547025	0.273153626	0.271363106	0.270107673	0.269590869	0.271878843	0.279632001	0.293216588	0.312234016	0.334163632	0.356200636	0.376429085	0.396307585	0.424009785	0.465822842	0.517668248	0.568233863	0.607652923	0.631780999	0.645221243	0.652141803	0.654045634	0.651871674	0.645876145	0.637490297	0.628402999	0.619726378	0.611285832	0.603668869	0.59781731	0.593195927	0.588485774	0.584532868	0.579315425	0.571622578	0.561514406	0.551085891	0.541687015	0.533594763	0.526327991	0.521010762	0.517547984	0.515672141	0.515856384	0.51294488	0.498229343	0.472788922	0.441467065	0.409431871	0.379314967	0.351952881	0.327367073	0.306846365	0.288881868	0.273450088	0.260492418
212	0.141701162	0.143915378	0.150430806	0.165745103	0.1918339	0.222273065	0.247631609	0.266105984	0.280923247	0.292592577	0.296280576	0.291924888	0.281893797	0.270998867	0.262881389	0.2585463	0.256197056	0.254353541	0.252977064	0.252514291	0.254809079	0.262682257	0.276619631	0.296234882	0.319152249	0.342223399	0.363568102	0.384626195	0.414083863	0.458622531	0.514193422	0.568818008	0.611740511	0.638111172	0.652956432	0.660647287	0.662901454	0.660761407	0.6544611	0.645643678	0.635903417	0.626707975	0.617887672	0.610034494	0.603959555	0.59899501	0.594079906	0.589804853	0.584071798	0.575730931	0.564849056	0.55359761	0.543160109	0.534125031	0.526037272	0.520119511	0.516040021	0.514007137	0.514735617	0.512351998	0.497072485	0.469988847	0.436875896	0.403231201	0.371291163	0.343002987	0.316976622	0.296022099	0.277454453	0.260780115	0.24774433
221	0.162986424	0.16512332	0.172107037	0.189099763	0.21786375	0.251826555	0.280936934	0.302410785	0.319911121	0.333795009	0.338419944	0.333547746	0.321362718	0.308006937	0.298202092	0.292918094	0.290050444	0.287739021	0.285810726	0.284449465	0.285939461	0.29344632	0.307480869	0.327772559	0.352134051	0.377117941	0.400208933	0.422091479	0.450601566	0.493055633	0.54690488	0.602136195	0.647510297	0.676165015	0.692469709	0.701156002	0.703997699	0.7028576	0.697697077	0.68996511	0.681530009	0.673255828	0.66526687	0.657997463	0.652468295	0.648029565	0.643564945	0.639669044	0.63433234	0.626025362	0.614971204	0.603233236	0.592595324	0.583563905	0.575231743	0.569176198	0.565214143	0.563450104	0.564013561	0.559908029	0.540892048	0.508751777	0.470179422	0.431187022	0.394996083	0.363720699	0.335624662	0.312965907	0.293678535	0.277180466	0.263721256
222	0.164236955	0.166315747	0.173250553	0.190236243	0.21886815	0.252716906	0.281768626	0.303449298	0.320901138	0.334600439	0.339213921	0.334273533	0.322329254	0.309304183	0.299534177	0.294365084	0.291481527	0.289203479	0.28728487	0.285881661	0.287399555	0.294994691	0.309133889	0.329672158	0.354308199	0.379574893	0.402933622	0.424968035	0.453713382	0.496855608	0.551804463	0.608211276	0.654427406	0.683539732	0.700101836	0.708790563	0.711693668	0.71039699	0.704900555	0.696861755	0.687961066	0.679444225	0.670976606	0.663376415	0.657579305	0.652985039	0.648454725	0.644440425	0.638938147	0.630495265	0.61912072	0.607145649	0.596430248	0.587263043	0.578866667	0.572762539	0.56898431	0.567375106	0.568028248	0.563843372	0.544826247	0.512709709	0.474204094	0.435151146	0.398746593	0.367423172	0.339194699	0.315980165	0.296416459	0.280243575	0.267165874
231	0.161104289	0.16364029	0.17086827	0.187970631	0.216773183	0.249944477	0.277584584	0.297717156	0.313884133	0.326164105	0.329774589	0.324822543	0.313834549	0.302023846	0.293148141	0.288412003	0.285883559	0.284069168	0.282655625	0.282141222	0.284619451	0.293003814	0.307795572	0.328676309	0.353047903	0.377599049	0.400262393	0.422458432	0.453221685	0.499529381	0.557077745	0.613531292	0.657819929	0.684929607	0.700078857	0.707887191	0.710278906	0.708155657	0.701951496	0.693213352	0.683550592	0.674281164	0.664996072	0.656546102	0.650035199	0.64475	0.639534948	0.634960915	0.628852935	0.620065564	0.608799811	0.597039503	0.586345234	0.577111696	0.568804961	0.562840976	0.559175933	0.557629888	0.558293835	0.554325018	0.535822973	0.50480819	0.467622002	0.430198006	0.395291198	0.364623557	0.337054648	0.314945312	0.294728332	0.278700865	0.264674521
232	0.161469406	0.163805985	0.170889913	0.187484566	0.215250959	0.247293626	0.274201058	0.293561375	0.309132907	0.321374824	0.325291019	0.320631168	0.309572848	0.297503508	0.28844846	0.283702112	0.281095543	0.279179186	0.277693433	0.27707231	0.279189638	0.287043083	0.30108215	0.320888869	0.34415933	0.367728658	0.389514384	0.410680169	0.439746959	0.483442418	0.538104212	0.592745979	0.636369792	0.663244121	0.678379251	0.686109309	0.688425937	0.686479609	0.680391997	0.671748256	0.662171236	0.652965454	0.644060798	0.635942541	0.629648843	0.624660929	0.619740363	0.615307496	0.609511716	0.601184877	0.590129849	0.578626181	0.568473522	0.559781947	0.551825822	0.546293156	0.543124773	0.541714135	0.542678556	0.539357281	0.522640213	0.493891603	0.458821766	0.42263167	0.389259207	0.359935893	0.333183857	0.311887621	0.292780982	0.277447836	0.263834922
241	0.108631142	0.109892582	0.115440264	0.128864778	0.151393408	0.178019038	0.201925905	0.220442879	0.23580753	0.247861924	0.251588455	0.247024845	0.23664488	0.225318564	0.216765996	0.212400603	0.210123695	0.208119881	0.206150935	0.204386286	0.204850532	0.21034592	0.22153922	0.238467074	0.259560922	0.282119987	0.30338503	0.32302252	0.348029585	0.386358744	0.437952943	0.494762306	0.544941613	0.578733674	0.598792588	0.60950228	0.61358043	0.613090927	0.608138664	0.600656831	0.59201727	0.583471829	0.575055929	0.567677216	0.562324547	0.558343846	0.554294952	0.55053743	0.544862078	0.535979207	0.523764279	0.510921003	0.499381915	0.489390148	0.480474238	0.474126861	0.470793715	0.470373966	0.473229495	0.473103585	0.458995866	0.432170438	0.399261966	0.364895323	0.333063549	0.304824348	0.279504534	0.258198966	0.239550031	0.225299503	0.212004331
242	0.097740244	0.099080363	0.10456664	0.117852965	0.140078408	0.166549811	0.190186385	0.208540782	0.223826935	0.235920457	0.239741727	0.235262273	0.224848565	0.213424021	0.204790898	0.200274294	0.197917092	0.195885147	0.193914096	0.192174374	0.192652758	0.198163097	0.209254639	0.226053799	0.24711712	0.269705868	0.291003734	0.310633456	0.335667139	0.374000635	0.425642443	0.482534002	0.532857459	0.566656961	0.586668793	0.597367708	0.601489905	0.601016527	0.596115891	0.588584023	0.579923946	0.571388771	0.563035669	0.555777123	0.550469132	0.546424441	0.542388991	0.538629698	0.533033111	0.524192952	0.512154102	0.499350236	0.487858726	0.477941702	0.469041988	0.462862494	0.459517816	0.459037266	0.462013883	0.462128452	0.448313251	0.421656136	0.388701691	0.354627143	0.322816795	0.29476359	0.269085514	0.248399338	0.230185206	0.214840022	0.2017591
251	0.185136179	0.187670429	0.195193433	0.212984779	0.242667147	0.276333357	0.303835956	0.323541867	0.339229817	0.351332623	0.354846199	0.349815572	0.338810943	0.327038002	0.31802392	0.313186164	0.310561891	0.308669055	0.307450405	0.30716746	0.309883313	0.318542672	0.333583506	0.354387004	0.378479907	0.402649835	0.424973283	0.446956944	0.477759056	0.524191359	0.581290356	0.636875143	0.679983207	0.706112039	0.720696965	0.728056517	0.730001965	0.727807463	0.72131393	0.712286183	0.702370345	0.69273789	0.683170919	0.674543409	0.667674186	0.662033845	0.656419526	0.651653471	0.645517629	0.636857324	0.625662939	0.613920808	0.603549157	0.594750698	0.586596371	0.580834912	0.57730998	0.575793402	0.576156189	0.571724112	0.55329093	0.522872116	0.486670124	0.44989851	0.41554606	0.385352958	0.358177	0.336145357	0.316433784	0.300068983	0.287090397
252	0.188505055	0.191193883	0.198808865	0.216904396	0.247237593	0.281771392	0.309983174	0.330285726	0.346400503	0.358825846	0.362391219	0.35715554	0.345946588	0.333999847	0.324974651	0.320080803	0.31753108	0.315542261	0.314101659	0.313740377	0.316547226	0.325419551	0.340789482	0.362286869	0.38709536	0.411956488	0.434873634	0.45729402	0.488503995	0.534982629	0.591506861	0.645465199	0.686546115	0.710957673	0.72443825	0.731259208	0.733033561	0.730880957	0.724906586	0.716441118	0.707143113	0.69821391	0.689387366	0.681367996	0.675008622	0.669778268	0.664557156	0.660014076	0.654244431	0.64599491	0.635161321	0.623891518	0.613747069	0.604944271	0.596879149	0.590994018	0.587180954	0.585251817	0.585236498	0.580374795	0.561293358	0.530105823	0.493233914	0.455683625	0.421493781	0.390853247	0.363313953	0.34091343	0.321376038	0.305310057	0.292051932
261	0.105198637	0.106943445	0.112789762	0.126712651	0.150043327	0.177484671	0.201490855	0.219922871	0.235090263	0.246710848	0.250094038	0.245263137	0.235037888	0.224142489	0.215801011	0.211508955	0.209276242	0.20751141	0.205820303	0.204644466	0.205877142	0.212271146	0.224456498	0.242374093	0.264394846	0.287488959	0.309281855	0.330147436	0.357864174	0.400849439	0.457821931	0.518624722	0.570697836	0.60485353	0.62492191	0.635533344	0.639524244	0.638440431	0.632625965	0.624015782	0.614299808	0.604758583	0.595263896	0.586829973	0.580486112	0.575418581	0.570435903	0.565881854	0.559437387	0.549716315	0.536850229	0.523415214	0.511176234	0.500517997	0.490924412	0.484151874	0.48032469	0.479585222	0.482327894	0.481775542	0.466402398	0.438055885	0.403487849	0.367921821	0.335536435	0.305771569	0.27961776	0.258028763	0.239164681	0.223800663	0.210333603
262	0.115351461	0.116928765	0.12251209	0.135872098	0.158149038	0.18405622	0.206484708	0.22341154	0.237237997	0.248103322	0.251234578	0.246889621	0.237366376	0.227023756	0.219112713	0.214946858	0.212795497	0.211040625	0.209449815	0.208299021	0.209360448	0.215249874	0.226636912	0.243283438	0.263533965	0.284810401	0.304696513	0.323553162	0.348671582	0.387267743	0.437579413	0.49029026	0.53478699	0.563764335	0.580647244	0.589494362	0.592589891	0.591492087	0.586250668	0.578569084	0.569930543	0.561615751	0.553370992	0.546064776	0.540711735	0.536508594	0.532197836	0.528392536	0.523011751	0.514747405	0.503575916	0.491836924	0.481394105	0.472450415	0.464353985	0.458561204	0.455298268	0.454596308	0.457132162	0.45719976	0.444874198	0.421105612	0.391673744	0.360841765	0.332062641	0.30608588	0.282480235	0.262541765	0.246168101	0.231834905	0.219273478
271	0.153951904	0.155770106	0.162399627	0.178615813	0.206046416	0.238348982	0.266287929	0.287398276	0.304695529	0.31832622	0.32274433	0.317854116	0.306409772	0.293820917	0.284274749	0.279275409	0.276475588	0.274113008	0.271949214	0.270399204	0.27158688	0.278503516	0.291959816	0.311696006	0.335597889	0.360507785	0.383544834	0.404814579	0.432108991	0.473288658	0.526965974	0.58361504	0.631376224	0.662079882	0.679781112	0.689026619	0.692210992	0.691195098	0.686059129	0.678356247	0.669651346	0.661196404	0.653018394	0.645757901	0.640408681	0.636357011	0.632107473	0.62815866	0.622560957	0.614018424	0.602366362	0.590066094	0.57900082	0.56948498	0.560597899	0.554243191	0.550471075	0.548721431	0.549449265	0.545779619	0.52723825	0.495852331	0.458253779	0.420173869	0.384958402	0.354300049	0.326638086	0.304097704	0.284956321	0.268551171	0.256062138
272	0.141536096	0.14318975	0.149452564	0.164691001	0.190335838	0.22068907	0.24689103	0.266307693	0.282289353	0.295163495	0.299658935	0.295166659	0.283947252	0.271526638	0.262198427	0.25731658	0.254671854	0.252394903	0.250331783	0.248898405	0.249939988	0.256214835	0.268509222	0.28658984	0.308598404	0.331630216	0.353079099	0.373051053	0.398652056	0.437085699	0.487165481	0.540386557	0.585854504	0.615562609	0.632916217	0.642038327	0.645257806	0.644260529	0.63920436	0.631545178	0.623000167	0.614808273	0.606882012	0.59995652	0.594955036	0.590987679	0.586954923	0.583250426	0.578029475	0.569956637	0.558980144	0.547501202	0.537066988	0.528143051	0.520040191	0.514282734	0.511030789	0.50977711	0.511313762	0.509718122	0.494602236	0.467062866	0.432628165	0.396946426	0.364215435	0.335527691	0.309288288	0.287831433	0.269787923	0.25493092	0.24161894
281	0.100849887	0.102207143	0.107721318	0.120983367	0.143139423	0.169304081	0.192231683	0.209591623	0.22390465	0.235231473	0.23881853	0.234532514	0.224520005	0.213505622	0.205271377	0.200968357	0.198655361	0.196741928	0.19503453	0.193740786	0.194694034	0.200581668	0.211966145	0.228737818	0.249328458	0.271144718	0.291698322	0.311138002	0.336674058	0.376074567	0.428281113	0.484451372	0.53299142	0.565071834	0.583998043	0.594048912	0.597689599	0.596634302	0.591189321	0.583057518	0.573912544	0.565014617	0.556204739	0.548524843	0.542908068	0.538571073	0.534096983	0.5301196	0.52441414	0.515675387	0.503899017	0.491469814	0.480345131	0.47084473	0.462171251	0.456105419	0.452883965	0.4523719	0.454993202	0.454917067	0.44186098	0.416367625	0.385011082	0.352046419	0.321149852	0.29408247	0.269396086	0.249439166	0.230916196	0.21656424	0.203866202
282	0.093338968	0.094731415	0.09990719	0.112203556	0.132609724	0.15663206	0.177645196	0.193416032	0.206388805	0.216862492	0.220203875	0.216283252	0.207002018	0.196755085	0.189073356	0.185092223	0.183024637	0.181328483	0.179758544	0.178575808	0.179377684	0.184793614	0.19536397	0.210779236	0.229828615	0.249986773	0.269005383	0.286983935	0.310818948	0.347732315	0.396751504	0.449451226	0.495061766	0.525287605	0.543021479	0.552340581	0.555581984	0.554513672	0.549107922	0.541211769	0.53242952	0.52393791	0.515526407	0.508121219	0.502755267	0.498597274	0.494418465	0.490717442	0.485350389	0.477157806	0.465940939	0.454165061	0.443901878	0.435163887	0.4272927	0.421915529	0.41919128	0.418940494	0.422119897	0.423151875	0.412595613	0.390650319	0.362638101	0.332811522	0.305118314	0.280085534	0.256960825	0.238171314	0.222025854	0.207999978	0.196185825
291	0.114328652	0.115935741	0.121661917	0.13537519	0.158494544	0.185271732	0.208232626	0.22537811	0.239198399	0.250021866	0.253194432	0.248625595	0.238884243	0.22841338	0.220423434	0.216309967	0.214104788	0.212283532	0.210784745	0.209827888	0.211342465	0.217790851	0.229821341	0.247168402	0.268003638	0.289699649	0.310006257	0.329503763	0.355987168	0.396634929	0.449304597	0.50396524	0.549443037	0.578776786	0.595787253	0.604688593	0.607620165	0.606257934	0.60063862	0.592407331	0.583204368	0.574359654	0.565664792	0.557979013	0.552142947	0.547436502	0.542794144	0.538577703	0.532845582	0.524356374	0.512912119	0.500918524	0.490198847	0.480983434	0.472564041	0.466496232	0.463079276	0.462165632	0.464399644	0.463976156	0.451001122	0.426551418	0.396089145	0.364323706	0.334403566	0.308107224	0.284066736	0.264349696	0.246130873	0.232320291	0.219432569
292	0.118003366	0.119637699	0.125355093	0.139406763	0.163219508	0.191392525	0.215824186	0.234441995	0.249740338	0.261614031	0.265069981	0.259982699	0.249320228	0.237924494	0.229379065	0.224958947	0.222591229	0.220664438	0.219041309	0.218027082	0.219566711	0.226486313	0.23949443	0.258216821	0.281081609	0.304969773	0.32750932	0.349298474	0.378846335	0.424623211	0.484461954	0.547284569	0.599943466	0.633672442	0.653249684	0.663479533	0.666956524	0.665617417	0.65958044	0.650575603	0.64039738	0.630425976	0.620553183	0.611804671	0.605137086	0.599828477	0.594642964	0.589766876	0.583010579	0.573167069	0.559978806	0.546146769	0.533756797	0.52304244	0.513124005	0.505949406	0.501881813	0.500773701	0.503149659	0.502397255	0.487132948	0.458720486	0.424271124	0.388713599	0.355943837	0.326366553	0.299812729	0.277825955	0.258562828	0.242752651	0.229151997
301	0.153976288	0.155261482	0.16042821	0.173554893	0.196097377	0.222218668	0.243435926	0.258631407	0.270841478	0.280464709	0.283131265	0.278718157	0.269595824	0.259842354	0.252211717	0.24819386	0.245928139	0.244142104	0.242858377	0.242466884	0.244534074	0.251645963	0.264236163	0.28178641	0.302172148	0.322782491	0.341923134	0.360991431	0.388265905	0.429754059	0.481111765	0.531020747	0.569663312	0.592952939	0.605900844	0.612350516	0.613777356	0.611428393	0.605164408	0.596544623	0.587133991	0.578271964	0.569674002	0.561947937	0.556118235	0.551441393	0.546739703	0.542606827	0.537316766	0.52978927	0.519683476	0.509360674	0.500319038	0.492554033	0.485403929	0.480354561	0.477348943	0.476273658	0.477976451	0.477520232	0.467370982	0.447735007	0.422530581	0.395574862	0.369875406	0.34666229	0.325483962	0.307564603	0.291032371	0.277691526	0.265888095
302	0.134406451	0.135621854	0.140761288	0.153761981	0.176149787	0.20181601	0.22276359	0.237767515	0.249708853	0.259252188	0.261969645	0.257708867	0.248595549	0.238846818	0.231355919	0.227360796	0.225169516	0.223415762	0.222175484	0.221765504	0.223746001	0.230567918	0.242778744	0.259856922	0.27956857	0.299455804	0.317989249	0.336443866	0.362672044	0.402582979	0.452060311	0.500314138	0.538087925	0.561315698	0.57439082	0.580914688	0.582585791	0.580481071	0.574474369	0.566085021	0.556977551	0.548398575	0.540081546	0.532637609	0.526970767	0.522413937	0.517842763	0.513876711	0.508750227	0.501364468	0.491443493	0.481212511	0.472258589	0.46464799	0.45755588	0.452564385	0.449471331	0.448253343	0.449851846	0.449746443	0.44029978	0.421189127	0.396777875	0.370599484	0.346258558	0.32345238	0.303150884	0.286001072	0.270417118	0.256785948	0.245404563
311	0.202200252	0.205406104	0.213593856	0.232690296	0.264537004	0.299799567	0.327053789	0.345950928	0.360846806	0.372383148	0.375750079	0.37084876	0.360557793	0.349657738	0.341346325	0.336872976	0.334599677	0.333050234	0.332512898	0.333363837	0.337568278	0.347782838	0.364484373	0.386859313	0.411489617	0.435637883	0.458070084	0.481373363	0.515797189	0.566747881	0.626311303	0.680398213	0.719726562	0.74244971	0.754864966	0.76101599	0.762025087	0.758548408	0.750979652	0.740783629	0.729766373	0.719089197	0.708455414	0.698832841	0.691056136	0.684460614	0.677984902	0.672359604	0.66575439	0.657135844	0.646442704	0.635527233	0.62571404	0.617228392	0.60935807	0.603526203	0.599670845	0.597358234	0.5968871	0.591832781	0.573326345	0.543299672	0.507321834	0.470753454	0.436370154	0.406364474	0.378913716	0.356183901	0.336679483	0.319553643	0.305927766
312	0.191164369	0.194313614	0.202360952	0.2208416	0.251341201	0.28461432	0.310065106	0.327409632	0.340957923	0.351502997	0.354618423	0.350217207	0.340691501	0.330562575	0.322740962	0.318572552	0.316460734	0.315095887	0.314622732	0.315483673	0.319425498	0.329139839	0.344813628	0.365642826	0.388594971	0.410948711	0.431672801	0.453292832	0.485393189	0.533070618	0.58892622	0.639957057	0.677478427	0.699268187	0.711127387	0.716757984	0.717397721	0.713932227	0.706204483	0.695989962	0.685090637	0.674609621	0.664205767	0.654830958	0.64720209	0.640827904	0.634491058	0.629265416	0.623173419	0.615086055	0.604866435	0.594510415	0.585424811	0.577846227	0.570768814	0.565568807	0.562454913	0.560636133	0.560497117	0.556176499	0.539905701	0.512902848	0.480185596	0.446308482	0.414272752	0.386380772	0.360635993	0.339211535	0.320864951	0.305089859	0.292291199
