11	0.180742496	0.181241992	0.185391373	0.199574593	0.224618117	0.253722073	0.279421054	0.298216515	0.312760062	0.323402666	0.3266163	0.321401238	0.308962556	0.297770497	0.289589149	0.285165177	0.282392352	0.279723486	0.276921285	0.275312612	0.276808301	0.283701459	0.2966512	0.315310193	0.337177733	0.360105821	0.379841023	0.398745729	0.423033428	0.458993776	0.504180711	0.547245046	0.580784429	0.602237229	0.613949871	0.618947847	0.620458932	0.619248204	0.615522657	0.610197227	0.604037116	0.59751432	0.590783071	0.58558901	0.581188116	0.578437177	0.574811711	0.570638876	0.566191939	0.560827349	0.553092142	0.54413639	0.535264937	0.527297028	0.521097159	0.517073852	0.51505154	0.515992985	0.519308936	0.520124765	0.509030965	0.485582248	0.459372541	0.431395883	0.40385819	0.378616575	0.355139755	0.335300208	0.317517991	0.302854251	0.288608501
21	0.122872775	0.12330667	0.127174024	0.140246711	0.163481494	0.190629454	0.215120847	0.233111508	0.247423414	0.258113075	0.261318568	0.256099772	0.24381503	0.232739973	0.22473733	0.220454261	0.217788134	0.215299673	0.212518744	0.210930214	0.212219619	0.218655335	0.230855058	0.248751532	0.270053758	0.29272212	0.312529333	0.331510433	0.3559206	0.392246939	0.439204322	0.485579007	0.523032741	0.547705532	0.561428097	0.56731276	0.569319633	0.568170906	0.564219025	0.558524127	0.551967015	0.544904717	0.537774018	0.532184059	0.527734336	0.524755226	0.521135613	0.516848478	0.511817807	0.505676771	0.497118826	0.487378367	0.477485787	0.468774707	0.462271323	0.458051726	0.455984168	0.457629059	0.46193097	0.464160126	0.454189552	0.430784112	0.404456607	0.376119821	0.34891242	0.322997615	0.300187614	0.280468036	0.262201218	0.24745134	0.234064736
22	0.147080023	0.147748267	0.152112578	0.166486736	0.191704903	0.220997112	0.247114608	0.266173823	0.281421093	0.292622178	0.296129576	0.290889449	0.278258554	0.266881966	0.258634047	0.254212514	0.251575679	0.249054485	0.246163157	0.244488918	0.245874771	0.252747035	0.265765851	0.284755612	0.307207502	0.331124585	0.351832353	0.371569894	0.396867841	0.43458712	0.483229289	0.531251529	0.57009255	0.595503245	0.609386447	0.615182928	0.617142932	0.615848955	0.611664414	0.605682177	0.59877933	0.591471286	0.584038483	0.578315889	0.573612813	0.570599773	0.566734946	0.562359691	0.557202525	0.550841735	0.541877915	0.531661866	0.521392649	0.512330434	0.505581594	0.501253173	0.498992983	0.500355377	0.504405764	0.505447305	0.493351318	0.467140226	0.438357627	0.407389459	0.377379264	0.350261662	0.32485508	0.304487792	0.285437726	0.269424293	0.255440762
31	0.112448278	0.113432623	0.11832057	0.133150273	0.15851448	0.187984034	0.214787295	0.234943221	0.251379851	0.263654973	0.26804237	0.26348692	0.250693909	0.238927334	0.230452743	0.225998748	0.223252514	0.220720004	0.217670325	0.215563166	0.216317579	0.222407672	0.23441241	0.252618942	0.274766037	0.298956991	0.319978141	0.339357563	0.362856492	0.397149203	0.442907097	0.490658076	0.531510687	0.559647698	0.575473976	0.582515077	0.585005565	0.584224816	0.58073742	0.575390276	0.569037601	0.562134944	0.555237416	0.549975776	0.545946419	0.54341373	0.540073117	0.53605544	0.530853579	0.524554783	0.515592051	0.505436255	0.494940249	0.485620217	0.478574599	0.474069414	0.47185399	0.47336844	0.47761914	0.478790676	0.465573589	0.437187619	0.405248971	0.372059367	0.339677377	0.310602198	0.284342036	0.262139332	0.24360512	0.227337373	0.214232291
32	0.112049546	0.113015175	0.117794006	0.132396202	0.157244708	0.186089855	0.212411581	0.232370205	0.248580444	0.260481591	0.264459836	0.259749215	0.247461772	0.236261659	0.228205357	0.224080184	0.221565196	0.219068135	0.216094034	0.213946758	0.214660066	0.220609971	0.232499734	0.250493012	0.272424862	0.296184933	0.316893918	0.335985428	0.359159466	0.39356635	0.439581882	0.487754149	0.528933769	0.557287001	0.57336632	0.580522133	0.58309451	0.582543249	0.579088633	0.57386106	0.567586554	0.560698233	0.553770692	0.548308404	0.544191593	0.541538322	0.538160287	0.53409984	0.528900042	0.522357252	0.513180585	0.502749666	0.492038969	0.482474193	0.475296524	0.470588042	0.468171788	0.469608905	0.473567597	0.47445474	0.460913146	0.432236038	0.400593047	0.367529899	0.335448355	0.306768858	0.280012823	0.258547587	0.240169578	0.224569806	0.210154177
41	0.164651483	0.166390327	0.172349958	0.189659483	0.219262887	0.252696032	0.281004888	0.300931401	0.316642601	0.328119626	0.331885269	0.326793834	0.313950135	0.30235134	0.294155361	0.289983791	0.287370589	0.285028241	0.282855659	0.282232648	0.285075218	0.293881734	0.309113599	0.330249609	0.354194128	0.378642921	0.399908802	0.421382027	0.450376411	0.493116653	0.545438506	0.594234781	0.631346017	0.654673497	0.667191923	0.672319482	0.673463819	0.67138515	0.666375313	0.659581189	0.651777262	0.643412276	0.635055399	0.628461538	0.622978971	0.619202316	0.614586721	0.609559433	0.603912215	0.597334492	0.588346289	0.578290655	0.568026234	0.558702842	0.551786441	0.547104674	0.544199568	0.544621278	0.546756301	0.545176447	0.529354272	0.498842908	0.46543395	0.430595456	0.39707102	0.367065145	0.33950902	0.31657871	0.296849222	0.280482839	0.264950602
42	0.167336575	0.169095144	0.174919117	0.192220138	0.221934014	0.255520365	0.283843893	0.304050483	0.31979656	0.331525802	0.335395456	0.330183386	0.317416183	0.305874221	0.297690715	0.293467024	0.290925693	0.288626618	0.286450952	0.285776208	0.288563115	0.297433843	0.312788453	0.334176347	0.358450975	0.383323229	0.404848295	0.426676879	0.455982367	0.499189889	0.552193928	0.601352773	0.63872931	0.66223218	0.674725459	0.679883158	0.681087268	0.679042961	0.673916095	0.666869768	0.659102075	0.650907128	0.642768332	0.636272969	0.630838012	0.627039239	0.622460327	0.617474579	0.611751483	0.60518806	0.596140384	0.585929665	0.575603749	0.566094124	0.558895278	0.553945912	0.550674063	0.550584657	0.552747601	0.551380065	0.535360752	0.504380975	0.470834205	0.435720289	0.401915954	0.371810045	0.344081369	0.320485917	0.300648265	0.284179458	0.268970921
51	0.135346019	0.137107657	0.14222412	0.156547076	0.180968309	0.208035073	0.230464259	0.245944702	0.257856275	0.266470136	0.268772092	0.26416233	0.253451733	0.244261467	0.237600443	0.234108269	0.232001635	0.230371982	0.22897295	0.229187715	0.232489727	0.241034548	0.255057584	0.274266788	0.295932394	0.318128487	0.337952095	0.359657278	0.391558844	0.440359811	0.500619969	0.556333435	0.598268273	0.624447457	0.638317954	0.643570554	0.643968933	0.639975007	0.632002481	0.621848516	0.610779355	0.59949803	0.588442364	0.579238857	0.571492426	0.565480984	0.55901225	0.552199249	0.544741246	0.536474465	0.526009152	0.514650751	0.503401528	0.493259001	0.485666419	0.48076652	0.478258732	0.479571448	0.483806978	0.485717057	0.474848362	0.450040187	0.422365887	0.392583222	0.363437462	0.337061776	0.311804368	0.291035805	0.272547343	0.256720244	0.241685946
52	0.148550795	0.150167772	0.154871932	0.168053203	0.19020949	0.214413585	0.234140454	0.247322441	0.257317085	0.264671742	0.266578401	0.262589945	0.252995738	0.244740435	0.23880084	0.235682822	0.233733356	0.232129964	0.230899238	0.231108662	0.234054377	0.241706459	0.254258123	0.271433595	0.290513417	0.309984272	0.327202755	0.346182249	0.374466051	0.417811308	0.470831124	0.519358987	0.555595268	0.578005798	0.589757249	0.593977469	0.593981808	0.590161503	0.582806324	0.573514868	0.563302419	0.552852125	0.542717834	0.534341019	0.527158833	0.52172846	0.515707323	0.509621099	0.503053191	0.49605258	0.486949099	0.477077408	0.467173661	0.458356927	0.452242608	0.448454378	0.446574822	0.448106382	0.452179882	0.454686061	0.446798273	0.427774728	0.405310352	0.381059248	0.356605209	0.334247372	0.313952439	0.295728367	0.279380284	0.265050244	0.252584057
61	0.11482614	0.116780667	0.122017487	0.135951233	0.159336253	0.184629229	0.205202447	0.2189874	0.229552943	0.237298247	0.239550592	0.235605343	0.226153268	0.217963343	0.21209593	0.209183696	0.207373205	0.205967015	0.204896388	0.205388189	0.2085715	0.216606267	0.229554464	0.247086268	0.266551153	0.286384492	0.303933238	0.32329997	0.351938447	0.395394586	0.448413947	0.496851457	0.533116625	0.55565074	0.567258075	0.571615324	0.571689627	0.567891887	0.560576741	0.551453714	0.541333461	0.530986801	0.520914848	0.512643399	0.505607318	0.500362486	0.494499823	0.488382658	0.482036277	0.474991199	0.465900002	0.456030115	0.446177014	0.437515793	0.431281115	0.427343772	0.425397195	0.426713765	0.430533681	0.432475281	0.423479585	0.40235844	0.378321863	0.35190561	0.326102407	0.302312832	0.279913267	0.260687612	0.244115766	0.229147034	0.215203952
62	0.11844705	0.120370329	0.125584666	0.139530906	0.162886597	0.187921774	0.208035362	0.221380767	0.231440209	0.238788095	0.240825555	0.236897417	0.227627406	0.219640547	0.213892139	0.210966681	0.209156394	0.207793829	0.206881528	0.207484133	0.210948171	0.219078474	0.23217088	0.249654618	0.26884481	0.28836689	0.305584242	0.325056434	0.354390795	0.398970904	0.452970214	0.501611977	0.537631965	0.559882925	0.571317681	0.575524778	0.575345846	0.571193696	0.563428066	0.553678637	0.543031816	0.532147445	0.521602713	0.512870083	0.505343101	0.499465358	0.493135343	0.486701732	0.480018197	0.472900805	0.463925841	0.454186626	0.444357846	0.435865246	0.429643149	0.4257645	0.423904541	0.425177097	0.428797912	0.430653532	0.421845426	0.401183508	0.377777183	0.352011517	0.326511828	0.303948268	0.28162055	0.263395554	0.246625276	0.232639306	0.219282472
71	0.12561173	0.127365226	0.132880398	0.148372637	0.174708348	0.204210739	0.229286867	0.246908318	0.260810281	0.271137402	0.27437776	0.269685571	0.257869204	0.24738266	0.239892335	0.236061165	0.233672026	0.231671552	0.229818622	0.229376468	0.231941649	0.239794149	0.253485923	0.27257423	0.294405718	0.317111751	0.336896466	0.357377695	0.385644115	0.42788399	0.480890704	0.531505816	0.571176666	0.596854319	0.610888158	0.616547405	0.617781138	0.615311901	0.609567693	0.601698388	0.592841437	0.583664556	0.574778033	0.567580117	0.561379356	0.556914531	0.55173264	0.546096894	0.53993804	0.532814874	0.523471907	0.513081127	0.502493725	0.493085776	0.485992873	0.481467912	0.479127902	0.480424869	0.484365162	0.48532995	0.472757755	0.445539417	0.415004241	0.382664695	0.351473605	0.323141997	0.297399318	0.275641393	0.257182153	0.240900423	0.227008812
72	0.10577964	0.107494136	0.112699729	0.127310524	0.152090821	0.179894	0.203637671	0.220300309	0.233303872	0.242984595	0.246015333	0.241718778	0.230755276	0.220940201	0.213968903	0.210507646	0.208334253	0.206443642	0.204634267	0.204090207	0.206344627	0.213824209	0.226473432	0.244250668	0.264570693	0.285784882	0.304278121	0.323188557	0.349227631	0.388282979	0.437832751	0.485645544	0.523517423	0.548247574	0.561649929	0.567185309	0.568408191	0.566174271	0.560720935	0.553427077	0.545076244	0.536298828	0.527666478	0.52088337	0.515252135	0.511272093	0.50653246	0.501288132	0.495455599	0.488836082	0.47989226	0.470050024	0.460038229	0.451052695	0.444605093	0.440572226	0.438607231	0.440010642	0.443793148	0.445158356	0.433681814	0.408595887	0.380295253	0.350197261	0.321035132	0.294330378	0.269733974	0.249332226	0.231997563	0.216642788	0.20278589
81	0.162141694	0.164433954	0.170606098	0.187525183	0.216236823	0.247914411	0.273928901	0.291801263	0.305648862	0.315725876	0.318753309	0.313921809	0.302462004	0.292274122	0.285001658	0.28131999	0.279054798	0.277220137	0.275722215	0.275889935	0.279420476	0.288668716	0.30387443	0.324488788	0.347323711	0.370407235	0.390584508	0.411927245	0.442174723	0.48700456	0.540877644	0.589435628	0.625435052	0.647792495	0.659519139	0.664057782	0.664510476	0.661427482	0.655140789	0.646895484	0.637765458	0.628234964	0.618986359	0.611395225	0.604942771	0.600042417	0.59455864	0.588824672	0.582637227	0.575869099	0.567010249	0.557144192	0.547087635	0.538064613	0.531343332	0.527014402	0.524501246	0.525095575	0.527499806	0.526480731	0.512051139	0.484066585	0.452504398	0.420026198	0.388698008	0.359656115	0.334237726	0.311792355	0.292850638	0.276702309	0.261190576
82	0.16432854	0.166717942	0.17303226	0.190525107	0.220436374	0.253159422	0.279887315	0.298111269	0.312027457	0.322388548	0.325651378	0.320750346	0.308951988	0.298285658	0.290635638	0.286736825	0.284337238	0.282422337	0.280888421	0.281080717	0.2847972	0.294383766	0.30994777	0.330955394	0.354163163	0.377653898	0.398107027	0.419949307	0.450973103	0.496882937	0.551938032	0.601282764	0.637603847	0.660045965	0.67168011	0.676177746	0.676574873	0.673364357	0.666920365	0.658411982	0.649094102	0.639310589	0.629659617	0.621909361	0.615194674	0.610102794	0.604516345	0.598610591	0.592103591	0.585080925	0.576044187	0.566053307	0.555940226	0.546735896	0.540011436	0.535573653	0.532928774	0.533465982	0.535910114	0.535028787	0.520088308	0.490961284	0.459078699	0.425319192	0.393048837	0.363964243	0.336365775	0.314298506	0.294942283	0.278154245	0.263817505
91	0.154888363	0.156786138	0.162369733	0.177909451	0.204176539	0.232974739	0.256570431	0.272785725	0.285125689	0.294277245	0.296981642	0.292741524	0.28223357	0.272815253	0.266014189	0.26253771	0.260352739	0.258572718	0.257024776	0.25699212	0.259991936	0.268068556	0.281420665	0.299788493	0.320219511	0.341177015	0.359203096	0.378236769	0.404879644	0.444489661	0.492870099	0.537047157	0.570180565	0.590732076	0.601415084	0.605461887	0.605875902	0.603027972	0.597193601	0.589618616	0.581274638	0.572626448	0.564147132	0.557298477	0.551508214	0.547191892	0.542267229	0.536917602	0.531281975	0.525222419	0.517282761	0.508427041	0.499354928	0.491192523	0.485299402	0.481645717	0.479813623	0.480792887	0.484172793	0.484981452	0.473826204	0.45040578	0.423716551	0.395385071	0.368007958	0.342432027	0.319535448	0.299458819	0.282296604	0.26715313	0.253375588
92	0.15132895	0.15324268	0.159009891	0.175137797	0.202552348	0.232650978	0.25741194	0.274289652	0.287253974	0.296740541	0.299599982	0.295167886	0.284099777	0.274251965	0.267116457	0.263448134	0.261174179	0.259242483	0.257567855	0.257368474	0.260504349	0.268885072	0.282818585	0.301897086	0.323071941	0.34470568	0.363393606	0.382758187	0.409841704	0.449998481	0.498952635	0.543712374	0.57735777	0.598251591	0.609143348	0.613246107	0.613614719	0.610751794	0.60482615	0.597238365	0.588815773	0.580105703	0.571496044	0.564667487	0.558848835	0.554616566	0.549703388	0.544482616	0.538858665	0.532740082	0.524655494	0.515728943	0.506553016	0.498388903	0.492432095	0.488841422	0.486842655	0.48785739	0.490650416	0.490644988	0.478646979	0.453785924	0.426439498	0.396819933	0.368173933	0.341966983	0.317437199	0.297707844	0.279959529	0.26504889	0.251275824
101	0.149530511	0.151193207	0.156391136	0.170493693	0.19436559	0.220340184	0.241848668	0.256390635	0.267387142	0.275322048	0.277430391	0.27341787	0.263619822	0.255078434	0.248858448	0.245697081	0.243790341	0.242147333	0.240625428	0.240539132	0.243300795	0.250856277	0.263387856	0.280484543	0.299606733	0.319439114	0.336695035	0.354971396	0.381344665	0.421433306	0.471539251	0.518656413	0.554898167	0.577845882	0.59006383	0.594846091	0.59531354	0.592119603	0.585584335	0.577142	0.567836837	0.558111723	0.548594284	0.541062602	0.534546613	0.529806637	0.524458888	0.518873296	0.512814382	0.506090406	0.497334395	0.487741782	0.478159061	0.469551618	0.463444643	0.459815604	0.458245022	0.459760729	0.463733589	0.465674228	0.45654783	0.435699276	0.411361035	0.384962007	0.359062003	0.335357872	0.313391392	0.294553989	0.278584296	0.263641597	0.250335063
102	0.138955351	0.140360905	0.14481736	0.157954405	0.180176914	0.20462615	0.224919036	0.23873254	0.249211906	0.256788958	0.258703851	0.254652716	0.245258171	0.237001699	0.231052374	0.22797008	0.226019284	0.224225164	0.222733744	0.2225758	0.2250918	0.232223764	0.244115789	0.260502324	0.278785936	0.297562727	0.313942502	0.331288162	0.35626863	0.394172508	0.441246532	0.484769702	0.517680083	0.538395955	0.549404334	0.553833655	0.554358426	0.551562754	0.545730777	0.538149916	0.529650555	0.520835105	0.512247909	0.50525973	0.499376125	0.495018784	0.490010717	0.484767353	0.479209223	0.473084348	0.46514688	0.456269373	0.447283073	0.439349671	0.433504731	0.430063169	0.428383107	0.429897281	0.433956404	0.436568426	0.428919421	0.410232139	0.388651641	0.36543886	0.341998075	0.320562441	0.30036323	0.282894018	0.267806867	0.253726206	0.241612931
111	0.110675839	0.111734038	0.116301606	0.129901892	0.153577266	0.1808872	0.206006971	0.225304383	0.240981615	0.252975013	0.256798795	0.252556821	0.241532934	0.230642261	0.222695928	0.21873919	0.216528973	0.214206444	0.211331345	0.208832137	0.208585251	0.213568646	0.224583448	0.24079979	0.261248208	0.283101388	0.302274927	0.319372995	0.339633711	0.368921498	0.409453994	0.451825511	0.488649478	0.514936924	0.530415612	0.538121717	0.541433657	0.541586076	0.538612393	0.533756137	0.527508154	0.520771223	0.515013579	0.510880909	0.508283212	0.506574364	0.503592443	0.499849653	0.49549907	0.489649421	0.481991063	0.472608401	0.463126974	0.455016879	0.448185006	0.44368907	0.442128538	0.443614086	0.447222696	0.448316188	0.436774694	0.410951581	0.381686992	0.351332893	0.322056614	0.295065225	0.270765596	0.250154092	0.233139567	0.218406111	0.205424576
121	0.176753944	0.179784334	0.186239386	0.203209464	0.230858622	0.259735859	0.282129534	0.296896103	0.308321434	0.317072413	0.319564472	0.315964364	0.306989518	0.298812884	0.292712206	0.289839449	0.288315581	0.287294909	0.286692105	0.287807807	0.291808218	0.301175855	0.316192044	0.334840452	0.355240996	0.374976408	0.392480632	0.412370486	0.442480491	0.486413515	0.537080555	0.578925339	0.608396065	0.627039421	0.637199322	0.641785674	0.642248715	0.638474508	0.63079342	0.621046609	0.610081316	0.599107805	0.589444103	0.581533935	0.575173168	0.569747566	0.563529906	0.557272767	0.551390042	0.545284779	0.538008294	0.529761214	0.521562161	0.514603786	0.508721797	0.504683485	0.502716793	0.502851164	0.504031783	0.50261174	0.490742585	0.46655984	0.439930086	0.411645528	0.384001495	0.358689954	0.335345869	0.315728362	0.29834447	0.28347855	0.270425183
122	0.189086901	0.192351917	0.199203866	0.217356615	0.247381844	0.278705073	0.303189443	0.319549861	0.332208665	0.341566618	0.344096251	0.340147801	0.330689115	0.321968592	0.315501291	0.312370274	0.310585601	0.309403199	0.308660402	0.309692651	0.313930008	0.32389435	0.339872241	0.35994363	0.381940576	0.403428427	0.422474809	0.443517596	0.474836034	0.520421082	0.573195171	0.616887881	0.647472971	0.666444804	0.676705055	0.68114291	0.681513623	0.677762255	0.670199163	0.660654481	0.649871558	0.639183834	0.629554846	0.621481749	0.615020774	0.609474211	0.603159104	0.596809789	0.590769666	0.58443919	0.576851073	0.56834191	0.559743367	0.552555896	0.5464428	0.542314983	0.540342038	0.540649992	0.541600662	0.538953881	0.524758381	0.497447757	0.467817224	0.436837244	0.406545957	0.379076222	0.353077102	0.331982503	0.313095236	0.296555671	0.282829191
131	0.117888583	0.119526536	0.124518682	0.139368563	0.165217048	0.195081717	0.221872442	0.242114747	0.258518463	0.270958134	0.274849895	0.270127042	0.25835618	0.247093185	0.238731164	0.234569362	0.232268104	0.229790811	0.226903545	0.22500335	0.225855767	0.23252374	0.245779902	0.264775341	0.288050241	0.312663613	0.334734829	0.355199437	0.381202045	0.420126611	0.472954387	0.526748613	0.571854307	0.603045639	0.620762101	0.62910806	0.632198294	0.631136134	0.626054314	0.6186964	0.609865784	0.600910691	0.592838235	0.58679156	0.582498948	0.579305523	0.574949191	0.56981755	0.56393413	0.556428292	0.546544093	0.535149231	0.523760068	0.513865208	0.505496021	0.500083086	0.497895444	0.499022088	0.502370957	0.502044445	0.487168998	0.456530362	0.421939568	0.386839792	0.353149382	0.322088726	0.294304897	0.271357725	0.251506823	0.234818235	0.220402898
132	0.121344039	0.123082323	0.128288367	0.14340206	0.16937594	0.198885158	0.22522865	0.244569375	0.260134101	0.272160643	0.276071698	0.271811795	0.260053792	0.248678348	0.240383157	0.236212463	0.233812097	0.231550816	0.228795354	0.226964533	0.227779901	0.234154227	0.246814599	0.264864563	0.286928661	0.310504054	0.33154629	0.351183841	0.376023341	0.412885069	0.463120629	0.514502792	0.557878221	0.58791694	0.604927957	0.61290811	0.615732096	0.61447887	0.609275613	0.602053236	0.593380751	0.584570879	0.576664691	0.570531482	0.566276847	0.563056897	0.558685823	0.553625134	0.547966398	0.540685274	0.531209227	0.52030084	0.50955274	0.500189348	0.492427264	0.487737883	0.486163429	0.487840962	0.491686063	0.49190212	0.478174265	0.448800031	0.415492031	0.381095939	0.347911882	0.318202025	0.290368622	0.268464717	0.249309435	0.233120302	0.219613501
141	0.12448701	0.126299022	0.131492457	0.147262299	0.174591268	0.205848096	0.233712132	0.25459756	0.271508184	0.284099646	0.287841871	0.282948144	0.270532622	0.25897365	0.250479747	0.246184189	0.243707655	0.241411813	0.238524855	0.236769242	0.237847122	0.244943303	0.258676624	0.278225874	0.302064836	0.327449194	0.350062073	0.371198998	0.398114941	0.438119947	0.492088599	0.546100334	0.590813398	0.621407453	0.638611154	0.646791297	0.649644838	0.648490534	0.643472656	0.636277838	0.627531843	0.618600864	0.61035412	0.603990187	0.599289618	0.595803626	0.591229558	0.585938096	0.580144102	0.572365925	0.562156721	0.550509813	0.53878077	0.528606375	0.520087385	0.514530919	0.512078016	0.512999591	0.516781915	0.516548521	0.50090101	0.468998056	0.433063712	0.396995053	0.36214251	0.331140836	0.302168549	0.278950191	0.258491345	0.241506481	0.226226492
142	0.111064748	0.112671168	0.117418556	0.13200721	0.157359067	0.186210235	0.211985226	0.231495973	0.247082825	0.258748466	0.262155249	0.257539321	0.246190419	0.235518865	0.227658044	0.223786072	0.221585847	0.219488497	0.216744797	0.214950383	0.215793185	0.222363559	0.235068523	0.253180602	0.275214195	0.298783498	0.319955519	0.339554024	0.364458072	0.401692045	0.452412963	0.503902136	0.547204898	0.577256253	0.594371872	0.602427892	0.605303155	0.604300884	0.599480618	0.592595889	0.584171916	0.575529677	0.567544222	0.561378048	0.55688807	0.553665998	0.549389632	0.544269409	0.538542924	0.530994124	0.521179005	0.509934666	0.498770469	0.488786598	0.480625509	0.475498269	0.473272945	0.474682218	0.478597645	0.479116839	0.465684473	0.43664317	0.404155869	0.370917684	0.338411015	0.309055893	0.282605171	0.260725875	0.2418099	0.224846033	0.21153463
151	0.167700645	0.170821649	0.17758383	0.19604565	0.22753883	0.261743125	0.289911376	0.309455944	0.324483286	0.335727428	0.33903968	0.334132954	0.322162916	0.311503278	0.303688244	0.299732924	0.297490054	0.295807022	0.294261978	0.294616203	0.298655856	0.30896744	0.326082161	0.348389243	0.373443581	0.398653192	0.421294287	0.445127622	0.47915896	0.529470541	0.590092997	0.643070828	0.681457322	0.705325742	0.717961995	0.72323803	0.723867636	0.720470875	0.712942016	0.70346419	0.692866881	0.682242509	0.672200984	0.664016696	0.657155962	0.651528295	0.645071134	0.638474102	0.631899055	0.624078828	0.614504194	0.603992128	0.59357473	0.584104355	0.576251239	0.571071459	0.56842633	0.568318639	0.569649801	0.566577577	0.548856486	0.515643809	0.479390809	0.442578094	0.407340074	0.375987134	0.345880038	0.322741813	0.301895344	0.283952319	0.269064931
152	0.157073302	0.160127731	0.166495409	0.183870577	0.213474039	0.245195841	0.270771419	0.288128719	0.301222958	0.311071601	0.313887302	0.309410558	0.298365545	0.28850137	0.281294049	0.277650977	0.275585554	0.274080984	0.272782484	0.273221237	0.277102449	0.286925394	0.302761974	0.323196668	0.345818772	0.368927403	0.38957155	0.411501859	0.443412637	0.490753266	0.547460146	0.596966857	0.632942442	0.655383963	0.666995225	0.671740105	0.672051446	0.668498208	0.660844449	0.651493336	0.64098041	0.630471278	0.62058519	0.612475725	0.605604656	0.600068419	0.593858508	0.587514196	0.58109148	0.573765579	0.564742759	0.554944631	0.545315751	0.536531659	0.529403637	0.525075038	0.523265478	0.523969184	0.526157401	0.524428789	0.509507145	0.480672186	0.449058127	0.416298058	0.384416853	0.355593507	0.329061483	0.307089744	0.28744343	0.271189804	0.257226696
161	0.127117926	0.129523054	0.134369516	0.148319104	0.172395834	0.198674591	0.22060712	0.235700608	0.246982674	0.255697103	0.258172851	0.254319814	0.244430363	0.235700467	0.229238357	0.226064365	0.22417274	0.222751041	0.221249859	0.22120459	0.223953344	0.231868727	0.245228269	0.262942452	0.282956941	0.304146346	0.323290058	0.343261728	0.372612578	0.417907869	0.475972798	0.530636208	0.572942841	0.600226263	0.614833622	0.620755579	0.621551155	0.617962633	0.609687168	0.599310542	0.587761346	0.576281846	0.565347806	0.556525008	0.549275101	0.543458623	0.536926986	0.530272276	0.52334719	0.515157962	0.50508139	0.49427064	0.483594487	0.473956263	0.4664131	0.461955059	0.460378895	0.461885259	0.4659397	0.467396172	0.456999785	0.432729948	0.405997453	0.376604298	0.347933318	0.32258409	0.297889054	0.277425307	0.259249558	0.243882571	0.229875022
162	0.134432075	0.136815455	0.142087463	0.157226468	0.183599518	0.212602291	0.237008739	0.254220775	0.267143745	0.276953105	0.279648599	0.275215085	0.264369042	0.254862047	0.247882487	0.244303297	0.24221346	0.240546393	0.238839157	0.238708461	0.241731648	0.250368852	0.265037552	0.284533444	0.306818695	0.330328822	0.351547257	0.373464717	0.404993338	0.453703199	0.515841102	0.574500574	0.619973524	0.649460242	0.665375256	0.672029953	0.673151781	0.669699713	0.661468596	0.651078837	0.639363853	0.627597201	0.616458572	0.607341594	0.599638266	0.593569524	0.586844918	0.579850861	0.572437921	0.563479173	0.552467444	0.540707413	0.529104495	0.518480949	0.509800744	0.504357128	0.501867981	0.502760558	0.506523271	0.506703728	0.493146809	0.465012633	0.43361503	0.400352178	0.368444123	0.339471306	0.312553578	0.290276242	0.270452633	0.253789122	0.239860952
171	0.096560375	0.098446644	0.102999049	0.116408915	0.139649287	0.165543251	0.188357525	0.205095192	0.218116132	0.227977356	0.230957238	0.226895898	0.216539921	0.207372492	0.2006331	0.197243303	0.195290558	0.193640809	0.191523829	0.190572043	0.192256952	0.199253858	0.211560139	0.228527231	0.248559902	0.270202313	0.289708616	0.308697211	0.334493958	0.374349998	0.427656915	0.480774789	0.524293313	0.55376987	0.570352164	0.577738552	0.579776695	0.577957654	0.571902282	0.563804995	0.554447637	0.544979862	0.535919611	0.528746392	0.523073069	0.518800813	0.513706236	0.508155879	0.501952872	0.494232303	0.484286069	0.473303329	0.462400117	0.452549872	0.444566291	0.439783751	0.43795355	0.439329685	0.443863065	0.445410488	0.433868032	0.407995048	0.378863757	0.347957899	0.318344382	0.2909078	0.265784695	0.244744904	0.22634038	0.21117301	0.196663773
172	0.095055565	0.096980363	0.101431552	0.114429183	0.136933237	0.161940303	0.183704377	0.199474215	0.211607557	0.220933337	0.223819817	0.220095635	0.210185566	0.201357796	0.194849226	0.191691913	0.189857215	0.188280225	0.186207328	0.185315935	0.186990647	0.193626065	0.20530059	0.221238791	0.239943972	0.26020443	0.27828246	0.295750124	0.319554378	0.356155357	0.404758282	0.45273427	0.49187712	0.518224344	0.532912214	0.53943309	0.54119153	0.539442571	0.533744457	0.526278399	0.517654071	0.508969185	0.500566982	0.493869648	0.488639309	0.484677626	0.479978956	0.47491862	0.469409353	0.462496776	0.453422822	0.443495778	0.433586209	0.424783829	0.417647568	0.413553461	0.411980413	0.413288009	0.417607231	0.419518133	0.409789557	0.386863495	0.360606493	0.332804277	0.305512552	0.280094674	0.257269531	0.237788436	0.220577254	0.206063611	0.192853862
181	0.164464461	0.166673084	0.171851984	0.187365271	0.214616724	0.244509942	0.269292877	0.286774176	0.300057168	0.310246608	0.313266263	0.308780516	0.297485302	0.28752837	0.280327688	0.276763	0.274717553	0.272971477	0.271161367	0.270943128	0.273907306	0.282759607	0.297568677	0.316966917	0.338718021	0.361362519	0.381427677	0.402118829	0.431394388	0.475308495	0.529191063	0.577907545	0.614393548	0.637630906	0.649982378	0.655140509	0.656004874	0.653280836	0.646773653	0.638672996	0.629334934	0.619988385	0.611076409	0.603850234	0.597735901	0.592972237	0.587510587	0.581987282	0.576031142	0.568949116	0.5598942	0.549958828	0.540243405	0.531349263	0.523986179	0.519408389	0.516957022	0.517285769	0.519966794	0.519799443	0.50720959	0.481124693	0.452202223	0.421220813	0.391698476	0.363909496	0.338696399	0.317592598	0.299104059	0.283156899	0.269678971
182	0.152576401	0.154830259	0.160109999	0.175662933	0.202698516	0.232016875	0.256113325	0.272566596	0.285257494	0.294992103	0.297927031	0.293581396	0.282515259	0.272698441	0.265443496	0.261715315	0.259590632	0.257983473	0.256389973	0.25644584	0.25966015	0.268610984	0.283187634	0.302133416	0.323281808	0.345259005	0.364987926	0.38545124	0.414879651	0.459001022	0.51266566	0.560961058	0.596983438	0.619753735	0.631876501	0.636847707	0.637577347	0.634664798	0.627884206	0.619342719	0.609679752	0.600163173	0.591008837	0.583423706	0.577015236	0.572119843	0.566494691	0.560678204	0.554662261	0.5475468	0.538565454	0.528770767	0.519031497	0.510261789	0.503070905	0.498622364	0.496300832	0.496683454	0.499585674	0.499981924	0.488376919	0.463511171	0.435191468	0.405297133	0.376561584	0.349600706	0.324756835	0.304581892	0.286228155	0.270683088	0.256952257
191	0.137149299	0.14016649	0.146249471	0.163018915	0.191222267	0.221070385	0.245048786	0.261498259	0.273650705	0.282663959	0.28499375	0.280711842	0.270870374	0.262341476	0.255973738	0.252814398	0.251132663	0.250040562	0.249078488	0.249798059	0.253737996	0.263737142	0.279294394	0.299254112	0.321331116	0.343930013	0.364343833	0.386435295	0.419624448	0.470378179	0.531818632	0.586304632	0.626306082	0.651438347	0.664661419	0.669923829	0.670195323	0.665963031	0.657163786	0.646273241	0.634189998	0.62209456	0.610480986	0.600750271	0.592273117	0.585441589	0.578213199	0.570976777	0.563697935	0.555432524	0.545392388	0.53454095	0.524038167	0.514485495	0.506782196	0.50199874	0.499839312	0.500455217	0.503057642	0.501786089	0.487193477	0.458712638	0.42773126	0.395361199	0.363857537	0.33474743	0.308855161	0.28642582	0.267684998	0.250780992	0.236948054
192	0.141262278	0.144339895	0.15062945	0.167595934	0.195860663	0.225811297	0.249707812	0.265759313	0.27767114	0.286675437	0.289191716	0.285181518	0.275340696	0.266692982	0.260225912	0.256954538	0.255194384	0.25400716	0.253089282	0.253881694	0.257990043	0.267816647	0.283289715	0.303107475	0.324863598	0.347248719	0.367213915	0.388847823	0.421213693	0.470321628	0.529470616	0.581475549	0.619351198	0.642619728	0.654643594	0.659338642	0.659311378	0.655047301	0.646415864	0.63576217	0.624065972	0.612474067	0.601352536	0.59202424	0.583978398	0.577586625	0.570535289	0.563612529	0.556642055	0.548927601	0.539420515	0.529201607	0.519301264	0.510422099	0.503321213	0.499068026	0.497189127	0.497894852	0.500318082	0.499122904	0.485234172	0.458086625	0.428033379	0.396135719	0.365420299	0.337182277	0.311222779	0.289351086	0.27042876	0.25369814	0.23993333
201	0.156411059	0.158810584	0.165005115	0.182980051	0.213782341	0.248298306	0.278161196	0.299682385	0.316393824	0.328890145	0.332754111	0.327559433	0.314235941	0.30227676	0.29346298	0.288956463	0.286528565	0.284463979	0.282111661	0.28122263	0.28384504	0.292928795	0.308612482	0.33007051	0.35476847	0.38084077	0.403821519	0.426108448	0.455809016	0.499896009	0.554886488	0.606103328	0.645299015	0.67029494	0.683688033	0.689570062	0.691027356	0.689033771	0.683510175	0.676144339	0.667795388	0.659287222	0.651082552	0.644483594	0.638951627	0.634812534	0.629881023	0.624698056	0.619036671	0.612041418	0.602939537	0.592817488	0.582685374	0.573376155	0.565733674	0.561185807	0.558966131	0.55946173	0.561748379	0.559285093	0.541430654	0.507306191	0.47059238	0.432438876	0.396446044	0.364392211	0.334401039	0.310555839	0.289725759	0.272041124	0.256261006
202	0.159058466	0.161649663	0.16814465	0.187178572	0.219854133	0.256575987	0.288569456	0.31209902	0.330192359	0.343526945	0.347487243	0.341670774	0.327664022	0.315104968	0.305933137	0.30127087	0.29865282	0.296524665	0.294079184	0.293049144	0.295706372	0.305396351	0.32214218	0.34519943	0.37191939	0.399962133	0.424903696	0.449137057	0.481339195	0.529642527	0.590624811	0.648204927	0.692817802	0.721619912	0.737353454	0.744320576	0.746284194	0.744455691	0.738717562	0.730870889	0.721787278	0.712566276	0.703487445	0.69605029	0.689749162	0.684996071	0.679455998	0.673620812	0.667206966	0.659064427	0.648468155	0.636768709	0.625106012	0.614415544	0.605646472	0.599967982	0.596885164	0.596906887	0.598815721	0.594872371	0.573268533	0.534136675	0.492760912	0.45072048	0.410785999	0.374983955	0.343420475	0.317211555	0.295544304	0.27690805	0.261019571
211	0.142489467	0.144670187	0.150027004	0.165524974	0.192393791	0.222300763	0.247523074	0.265457467	0.279132158	0.289680667	0.293006315	0.288700657	0.277734844	0.267915214	0.260566677	0.256915768	0.254796831	0.252969792	0.251092488	0.250641804	0.253392473	0.26200962	0.276276146	0.295513193	0.317431185	0.340307039	0.360505468	0.380737547	0.408810481	0.451224276	0.503946527	0.552531203	0.589388884	0.612761255	0.625229684	0.630551401	0.631508306	0.62923058	0.623250968	0.615466884	0.606667373	0.597841458	0.589366699	0.582395683	0.576585664	0.572275729	0.567103722	0.561665768	0.556024392	0.549267419	0.540432724	0.530449276	0.520732371	0.511747612	0.504507479	0.500056098	0.497713454	0.498010221	0.500555415	0.500034106	0.486712069	0.459749876	0.429729112	0.398030104	0.36760272	0.339701294	0.313877145	0.292115585	0.273481828	0.257491934	0.243056684
212	0.12745824	0.129648177	0.135016667	0.15077651	0.178375308	0.209401917	0.235832798	0.254617142	0.269358191	0.28062624	0.284199577	0.279461686	0.267720202	0.257197938	0.249489868	0.245606795	0.243300201	0.241388082	0.239457348	0.239025196	0.241934697	0.250892632	0.266053848	0.286526256	0.31009603	0.334807863	0.356825929	0.379104698	0.4098769	0.456709866	0.515434214	0.569994112	0.611739689	0.638368796	0.652781406	0.658909031	0.660215423	0.657635866	0.651260235	0.642749563	0.633126957	0.62354435	0.614403414	0.606836414	0.600541203	0.595769318	0.590170214	0.584222422	0.577757613	0.569848643	0.559812252	0.548602696	0.537569587	0.527382539	0.518821975	0.513158177	0.509816922	0.509534667	0.512456031	0.512059746	0.497212361	0.466883131	0.43333168	0.398768074	0.365387988	0.334879305	0.307260892	0.283997115	0.263621613	0.246564367	0.231396788
221	0.141773008	0.143843521	0.149430321	0.166275532	0.195256358	0.228170872	0.256910537	0.277668924	0.293914498	0.306532135	0.310990085	0.306132827	0.29255311	0.280023073	0.270939714	0.266306849	0.263718877	0.26156342	0.259028014	0.257779476	0.259667895	0.267835769	0.282353698	0.302392569	0.325755134	0.350812059	0.373133602	0.394674403	0.422972827	0.464956413	0.518714816	0.571153973	0.612850577	0.640220102	0.655165685	0.661692989	0.663554803	0.66198848	0.656639163	0.649639953	0.641256322	0.632608738	0.624294544	0.617671279	0.612234678	0.608247246	0.603599036	0.598652059	0.592999551	0.585715406	0.57582068	0.564934929	0.554204659	0.544488865	0.536704253	0.531843354	0.52952896	0.530210222	0.53327344	0.532496924	0.516437399	0.484399426	0.44855916	0.41126974	0.375818608	0.344384728	0.315586354	0.29208591	0.272123019	0.255210952	0.240913307
222	0.145169386	0.147212795	0.152873023	0.169567886	0.198549306	0.231476345	0.260361817	0.281148857	0.297485286	0.310044987	0.314344985	0.30942954	0.296170123	0.283884243	0.274954479	0.270346546	0.267778723	0.265580991	0.262947208	0.261608796	0.263516401	0.271901786	0.28665054	0.307060061	0.330980628	0.356586597	0.379472263	0.401338208	0.430172811	0.473567372	0.529249256	0.583704735	0.627039627	0.655449888	0.670915877	0.677565753	0.679482395	0.67772989	0.672104099	0.66453877	0.655686854	0.646614776	0.637765939	0.630908304	0.625237871	0.620988883	0.616045954	0.610673181	0.604563989	0.59688374	0.586734721	0.575395613	0.564215221	0.554233489	0.54614432	0.541197471	0.539013226	0.539765798	0.542853539	0.541713694	0.52508986	0.492465576	0.45590789	0.418433154	0.382806774	0.350551428	0.322119638	0.297806636	0.277674758	0.260947866	0.245572926
231	0.150638101	0.153105437	0.159029748	0.176580229	0.206490964	0.239749763	0.268151448	0.288292813	0.303816253	0.31537951	0.318885657	0.313605913	0.301075536	0.289885921	0.281597013	0.277335225	0.274930567	0.273052387	0.271039384	0.270574529	0.273563934	0.282852438	0.2986336	0.319974819	0.344458785	0.370078436	0.392800518	0.415622241	0.446968061	0.494127856	0.552871267	0.607380347	0.648844396	0.675223558	0.689417338	0.695357482	0.696686905	0.694181847	0.687886696	0.679623261	0.670142573	0.660584565	0.65131293	0.643408392	0.636864384	0.631815169	0.62601813	0.619932737	0.613426995	0.605550425	0.595578966	0.584488364	0.573478603	0.563510408	0.55520845	0.549950493	0.547367689	0.547840431	0.550820937	0.549122534	0.531774039	0.498199013	0.462235965	0.424839285	0.389493273	0.357546768	0.328393497	0.304152851	0.283777057	0.265935787	0.251386435
232	0.145871005	0.148137774	0.153908758	0.170235296	0.19833959	0.229640071	0.25635349	0.275112537	0.289479772	0.300763995	0.304506831	0.299817169	0.287585475	0.276236676	0.268022735	0.263753711	0.261349814	0.259432352	0.25743615	0.25683915	0.259449298	0.267926444	0.282431581	0.302104301	0.324680836	0.348505307	0.369723665	0.390779268	0.419803851	0.463377189	0.518221326	0.57019982	0.610563849	0.636577573	0.65064613	0.656411892	0.657744161	0.655306694	0.649047703	0.640961395	0.631557102	0.622045263	0.6129909	0.605588804	0.599330828	0.59467211	0.589207261	0.583568037	0.577409725	0.569964104	0.560431001	0.549868699	0.539462931	0.530119707	0.522597385	0.518187658	0.516303039	0.517305443	0.520664968	0.520358306	0.506137463	0.476741419	0.444065416	0.409160728	0.376044411	0.346084283	0.31859003	0.295789767	0.276628764	0.259951777	0.244863069
241	0.082888088	0.084189733	0.088563476	0.101984072	0.125161219	0.151628154	0.175784699	0.194183875	0.208769631	0.219926397	0.223454675	0.218904541	0.20711628	0.196459605	0.188667688	0.184745998	0.182575299	0.180563174	0.178008068	0.176395257	0.177428636	0.183711397	0.195619948	0.212906973	0.233804327	0.257009019	0.277861443	0.297606705	0.323081103	0.361942676	0.415172243	0.47110968	0.519038521	0.552374509	0.5716281	0.58022334	0.583307993	0.582363724	0.577279249	0.570151223	0.561542143	0.552576576	0.543907347	0.536968137	0.53150872	0.527553622	0.522928364	0.517759566	0.511452093	0.503169888	0.492236037	0.480105449	0.468016969	0.457144406	0.448448653	0.443075181	0.440763896	0.442357014	0.447838712	0.450334029	0.438197463	0.410100063	0.377907032	0.344615606	0.312540302	0.283476569	0.257086612	0.234983029	0.215899663	0.199417631	0.185347908
242	0.07663358	0.077917739	0.082341592	0.095521205	0.118452838	0.144818448	0.168908174	0.187156742	0.201736925	0.213024336	0.216720308	0.212179831	0.200199858	0.189342198	0.181514639	0.177491102	0.175273144	0.173319553	0.17069915	0.16910716	0.170041497	0.176366541	0.188265555	0.205515804	0.226475179	0.249731428	0.270853125	0.290783778	0.316471425	0.355698317	0.40942186	0.465952354	0.51438164	0.548024512	0.56724645	0.575904743	0.578927267	0.577879688	0.57276394	0.565714993	0.557008628	0.547987795	0.539213681	0.532336695	0.526751396	0.522877861	0.518226514	0.51304933	0.506816642	0.498455453	0.487481456	0.475270756	0.463015789	0.452136283	0.443469035	0.438125197	0.435858702	0.437482247	0.442833183	0.445412011	0.433594568	0.4053895	0.373708884	0.339720802	0.307591605	0.278361587	0.251865843	0.229842725	0.210837258	0.194018724	0.181399009
251	0.167919116	0.170417187	0.176669744	0.194293348	0.224182091	0.257005736	0.284506503	0.303563373	0.318144568	0.329107671	0.332407724	0.327462038	0.315171565	0.304090083	0.295937756	0.291770516	0.289379801	0.287611631	0.285834653	0.285585969	0.288621093	0.297964144	0.313468222	0.334246596	0.357658014	0.382155289	0.403817991	0.425867386	0.456839856	0.503335953	0.560802519	0.613936918	0.654171449	0.679504499	0.693111757	0.698757063	0.699859793	0.697219457	0.690644285	0.682130855	0.672433011	0.662437558	0.652701129	0.644722215	0.637878793	0.632603819	0.626633903	0.620531434	0.614021011	0.60635967	0.596460886	0.585588614	0.574681518	0.564988191	0.557392111	0.552788887	0.550545954	0.551320875	0.554134224	0.55286662	0.536728121	0.505574692	0.471247471	0.435664903	0.401812061	0.370933902	0.342615467	0.319375396	0.299433003	0.282800734	0.267422305
252	0.170407609	0.17283516	0.179140797	0.197281802	0.228381115	0.262680585	0.291480627	0.311954001	0.327536308	0.339161252	0.342597701	0.337189444	0.324373866	0.312912175	0.304543762	0.300250299	0.297733478	0.295750052	0.293830674	0.293524021	0.296711865	0.306287429	0.322563006	0.344517339	0.36924587	0.394839119	0.417349411	0.440288876	0.472028338	0.519166503	0.57658206	0.628405319	0.666821478	0.690653523	0.70342669	0.708620956	0.709698542	0.707399726	0.701517897	0.693849496	0.684980014	0.675793818	0.666808999	0.659501994	0.653217955	0.64838005	0.642772066	0.637011739	0.630900233	0.623421233	0.613823517	0.603255435	0.592463217	0.582645371	0.574753596	0.569598615	0.56679145	0.566687339	0.568814335	0.566444637	0.548851103	0.515681081	0.479935493	0.443384612	0.408276527	0.376500816	0.347676723	0.324040715	0.303522808	0.286431007	0.271742605
261	0.085935038	0.087565798	0.092300033	0.106332126	0.130397206	0.157691561	0.182160541	0.200631528	0.215018329	0.225803375	0.228787169	0.223906277	0.212267457	0.201936428	0.194399784	0.190675629	0.188566162	0.186816038	0.184608893	0.183569075	0.185256401	0.192467573	0.205436702	0.22377469	0.245605315	0.269426071	0.290991949	0.312071938	0.340449634	0.384260566	0.44297335	0.502739594	0.552343449	0.586070398	0.605159842	0.613665975	0.616364211	0.614745064	0.608884191	0.600624245	0.590859462	0.580775334	0.571107199	0.563121199	0.556618733	0.551784739	0.546257747	0.540268552	0.533214529	0.524211844	0.512499746	0.499673258	0.486865806	0.475438788	0.466110168	0.460173203	0.457391741	0.458714731	0.463809654	0.465668759	0.45206923	0.422012313	0.388675851	0.353839714	0.320590368	0.289894874	0.262706143	0.239855817	0.220346476	0.203237624	0.188945616
262	0.099549371	0.101040089	0.105523306	0.118628804	0.141269346	0.16676402	0.189407798	0.206058765	0.219149898	0.229098413	0.232087328	0.227706347	0.216842141	0.207218778	0.200143732	0.196515908	0.194473115	0.192684774	0.190586794	0.189572861	0.191087587	0.19774665	0.209710793	0.226587075	0.246514386	0.26814203	0.287646701	0.3066115	0.331999286	0.370910294	0.422262899	0.473649257	0.515648076	0.543939307	0.559880285	0.566845513	0.569008786	0.567490104	0.56213723	0.555025829	0.546579555	0.537841579	0.52941093	0.522619523	0.517082434	0.513157483	0.508403762	0.503212283	0.497392108	0.489911418	0.480031139	0.469043611	0.458066246	0.4482303	0.440407908	0.435585814	0.433383714	0.434757017	0.439787905	0.442428293	0.432181516	0.407441789	0.379315668	0.349659529	0.32082933	0.294143022	0.269991838	0.249370493	0.230942067	0.215242682	0.202080626
271	0.134010643	0.135757328	0.141097039	0.157373105	0.185322128	0.217169072	0.245228362	0.265896031	0.282154541	0.294641331	0.298870373	0.294032104	0.281101271	0.269261668	0.260581743	0.256229038	0.253585929	0.251276189	0.248580512	0.247143545	0.248782058	0.25642173	0.270521563	0.290463393	0.314021316	0.33935555	0.361843085	0.383237719	0.410843525	0.452293208	0.506653861	0.561213017	0.605874159	0.635807649	0.652451416	0.65947718	0.661723144	0.66020787	0.654858076	0.647624327	0.639022639	0.630133126	0.621531188	0.614919656	0.609493568	0.605629682	0.600945674	0.595798677	0.589738749	0.582015926	0.571828269	0.560394144	0.548746961	0.538397546	0.530070248	0.524725287	0.521996421	0.522431369	0.525537432	0.524794338	0.50864685	0.476457267	0.440986467	0.404319967	0.369105882	0.33765952	0.309006102	0.286371531	0.265957362	0.248737258	0.234573096
272	0.122741092	0.124396421	0.129500167	0.145070029	0.171927996	0.202689341	0.229968299	0.249998889	0.265804589	0.278075089	0.282326868	0.27766718	0.264927094	0.253100388	0.244556915	0.240291912	0.23769279	0.235468797	0.232882679	0.231526175	0.233055507	0.240373347	0.253858928	0.272935827	0.29545634	0.319828777	0.341516336	0.362244165	0.389066474	0.429389532	0.48247051	0.536232196	0.580779021	0.610933168	0.628056618	0.635457436	0.637943221	0.636651505	0.631418107	0.624290811	0.615782955	0.607113573	0.598831481	0.592228362	0.587010073	0.583268394	0.578687077	0.573649445	0.567773249	0.56013082	0.550002726	0.538631873	0.52723249	0.516943354	0.508587582	0.503232159	0.500327344	0.500832342	0.504383548	0.504676009	0.490050286	0.459092726	0.424476097	0.388484698	0.354146585	0.323737509	0.294943544	0.272697112	0.253011236	0.236210356	0.221886128
281	0.080820653	0.082227662	0.08665746	0.099864798	0.122615046	0.148689896	0.172140928	0.189540999	0.203171727	0.21375477	0.217081675	0.212778075	0.201286478	0.190977176	0.183416072	0.179644531	0.177485896	0.175653025	0.173328578	0.172155014	0.173559023	0.180244856	0.192392342	0.209582219	0.230090592	0.25254647	0.272854975	0.29249316	0.318733976	0.358911676	0.412989466	0.468574821	0.515263161	0.547216167	0.565439016	0.573542093	0.576220962	0.574724752	0.569123839	0.561474759	0.552248125	0.542827122	0.533803553	0.526576917	0.520786706	0.516564312	0.511605535	0.506251659	0.499947171	0.491835641	0.48110581	0.469285655	0.457392448	0.446873804	0.438571491	0.433416917	0.431181889	0.432591999	0.437696099	0.440215404	0.428849635	0.402155505	0.371535739	0.339410077	0.308491025	0.279948549	0.254155616	0.232389051	0.213975551	0.197883718	0.183471118
282	0.070998561	0.072347102	0.076417455	0.088701091	0.109668426	0.133573143	0.155130144	0.170884654	0.183258775	0.192922302	0.196054817	0.19215201	0.181391621	0.171732767	0.164778097	0.161266108	0.159275171	0.157677507	0.155570839	0.154477067	0.155730631	0.161987102	0.173081961	0.188906836	0.207731513	0.2284139	0.247109914	0.26526581	0.289603022	0.327028949	0.377711106	0.429628176	0.473064513	0.50269115	0.519397313	0.526771263	0.529169665	0.52769766	0.522230699	0.514971456	0.506271815	0.497306617	0.488626348	0.481726807	0.476260905	0.472346208	0.467673452	0.46261277	0.456714377	0.449184114	0.43914327	0.428006008	0.416908206	0.407069463	0.39961869	0.395381529	0.393715127	0.395738321	0.401404184	0.405188102	0.396440275	0.373089466	0.34614713	0.317185831	0.288682958	0.263167624	0.23970485	0.219787229	0.202289582	0.187287658	0.172734146
291	0.096345789	0.097893563	0.102478139	0.116211394	0.139863479	0.166469759	0.189746086	0.206795232	0.220038766	0.22995911	0.232855279	0.228295985	0.217158146	0.20742827	0.200218696	0.196612409	0.194523873	0.192824968	0.190759237	0.18992742	0.191901385	0.199110408	0.211848588	0.229509967	0.250129138	0.272260661	0.292250014	0.311959586	0.338898097	0.38009195	0.433908787	0.487126359	0.530166173	0.558927797	0.574902977	0.581824926	0.583894657	0.582114031	0.576435573	0.568891728	0.559925949	0.550549592	0.541490576	0.534355159	0.528448317	0.524028154	0.518973991	0.513580906	0.507316363	0.49959216	0.489400552	0.478124273	0.466823999	0.456728304	0.448697282	0.443640557	0.441268709	0.442301447	0.446923589	0.448783689	0.437493378	0.411564829	0.382478173	0.351969756	0.321818626	0.294990274	0.269335424	0.248337364	0.230245913	0.214465185	0.200023905
292	0.09985039	0.10140086	0.106041761	0.120071942	0.144421889	0.172217945	0.196928406	0.215244515	0.229667538	0.240621032	0.243818014	0.238758075	0.226673589	0.215897335	0.20811151	0.204182806	0.202023168	0.200127626	0.197985915	0.197088018	0.198928609	0.206656291	0.220341392	0.239451687	0.261906137	0.286235858	0.308352185	0.330421579	0.360679663	0.407210655	0.46847916	0.529835152	0.579751734	0.613030189	0.631712765	0.639713959	0.64213221	0.640099456	0.633714572	0.625087917	0.614858889	0.604303299	0.594095257	0.585916483	0.579068038	0.573884968	0.568215296	0.562116949	0.554895982	0.545804925	0.533994182	0.520931583	0.507858282	0.496179049	0.486804756	0.480757361	0.477753763	0.478854386	0.483884736	0.485874957	0.472756114	0.443573133	0.41030226	0.375962487	0.342616171	0.312804093	0.284495525	0.261630441	0.242050218	0.224858309	0.209782502
301	0.129095794	0.13040352	0.134368318	0.147136224	0.169559185	0.194665182	0.215758608	0.230356789	0.241414577	0.25009066	0.252419068	0.248185314	0.237933117	0.228928646	0.222270534	0.218896544	0.216825225	0.21514862	0.213439145	0.213127105	0.215547633	0.223275201	0.236181374	0.253683539	0.273412443	0.294080291	0.312517598	0.331695695	0.359283135	0.401268782	0.453594372	0.501951315	0.538460135	0.561352692	0.573530244	0.578300007	0.578989203	0.576080639	0.569452097	0.561186668	0.551763039	0.542234741	0.533264339	0.526075362	0.51987069	0.515286882	0.50992424	0.504520517	0.498722838	0.492104558	0.483404351	0.473728397	0.464017826	0.455377338	0.448751832	0.444814583	0.442890264	0.4439181	0.447978092	0.450619037	0.442381405	0.422448674	0.398961168	0.373647716	0.348415984	0.325360019	0.303716259	0.284186075	0.267816993	0.253082875	0.239565646
302	0.117411777	0.118623304	0.12264926	0.135597668	0.158320995	0.183731174	0.205067508	0.219828492	0.231056799	0.23978419	0.242194352	0.237934593	0.227655989	0.218541759	0.211753825	0.208291582	0.206137065	0.204427742	0.202719075	0.202379325	0.204796726	0.212438404	0.225059114	0.242293171	0.261696457	0.281998628	0.300007617	0.318517014	0.34504835	0.385152418	0.435364277	0.481908385	0.517398967	0.540111377	0.55236309	0.557332797	0.558291481	0.55596229	0.549926912	0.542102045	0.533178264	0.524184148	0.51568318	0.508811983	0.503004402	0.498668012	0.493604779	0.488354852	0.482756162	0.476190717	0.467654775	0.458116714	0.448418638	0.439922512	0.433276047	0.429302652	0.427217897	0.428194199	0.432192925	0.434953957	0.427205839	0.406975423	0.384024161	0.358852102	0.334050033	0.311810762	0.289671835	0.271268892	0.255300747	0.241409214	0.227615072
311	0.185924281	0.188999048	0.196165432	0.215670787	0.248654092	0.284097856	0.312306721	0.33145749	0.345985211	0.356819978	0.359925416	0.354919494	0.342957275	0.332407868	0.32466123	0.320752621	0.318543337	0.317054348	0.316024461	0.316998778	0.321755928	0.332974492	0.350760782	0.373765344	0.398835272	0.424025493	0.446415818	0.470715985	0.506145412	0.558440324	0.619202754	0.671366223	0.708399114	0.730761497	0.742413867	0.746855104	0.747015875	0.743159488	0.735460214	0.725807825	0.715054199	0.704109828	0.693496248	0.684458877	0.676375094	0.669935747	0.663055937	0.656322983	0.649449437	0.641586835	0.632030099	0.621630682	0.611136877	0.601672579	0.593972599	0.588846056	0.585808231	0.585550109	0.587077957	0.58386888	0.56594709	0.533036197	0.49733035	0.460898718	0.42586477	0.393667507	0.36473197	0.340584324	0.32008794	0.302553561	0.286292026
312	0.170041807	0.17297987	0.179795701	0.198344684	0.229233619	0.261842495	0.287569282	0.304661954	0.317387016	0.327005367	0.329748461	0.325319915	0.31455126	0.304988048	0.297843564	0.29427844	0.292142484	0.290963568	0.290010743	0.29092964	0.295377012	0.305812976	0.322099281	0.343091657	0.365833424	0.388737141	0.408998168	0.43106173	0.46363794	0.512050286	0.568754855	0.617842456	0.653009243	0.674311469	0.685311439	0.689307327	0.689254355	0.685256788	0.677384427	0.66759567	0.656728837	0.645817936	0.635253511	0.626471685	0.618752346	0.612679315	0.606031813	0.599449292	0.592895638	0.585730267	0.57676036	0.567070215	0.557402308	0.548744691	0.541989037	0.537989004	0.535938825	0.536400343	0.538568232	0.536872507	0.52203642	0.493800949	0.462382243	0.429589084	0.397517265	0.368772751	0.34164758	0.319685429	0.300534089	0.283859414	0.269223799
