11	0.1837822	0.184848944	0.190002531	0.207569054	0.238355122	0.274905773	0.310114874	0.338288638	0.36098823	0.377356626	0.382859096	0.376645342	0.360291582	0.344737657	0.333275833	0.327168189	0.323806141	0.32068955	0.316555456	0.313400322	0.313840294	0.321220816	0.3368869	0.360453828	0.389867307	0.422481114	0.450922016	0.475672161	0.504148998	0.54501372	0.596859642	0.64670449	0.685304579	0.709957535	0.723482915	0.730127542	0.733258624	0.734410293	0.733410709	0.731247542	0.727674593	0.723298719	0.718496689	0.714716173	0.711797582	0.709922297	0.70733179	0.704147068	0.700021793	0.694709742	0.686858943	0.67746356	0.667674725	0.658335899	0.650712568	0.645200575	0.641581397	0.641558636	0.644814994	0.643374324	0.62474133	0.588441335	0.549543284	0.509134782	0.47029053	0.43428235	0.402572634	0.375123261	0.35229099	0.332122861	0.314513712
12	0.184384473	0.185334886	0.190529198	0.207954155	0.238216912	0.274039395	0.308417762	0.335813206	0.35790347	0.373695749	0.378901906	0.372703169	0.356822517	0.341810569	0.330551165	0.324543573	0.321169174	0.318291349	0.314263335	0.311158742	0.311658329	0.318902042	0.334152154	0.357317326	0.385997944	0.417773462	0.445398036	0.469424568	0.497099541	0.536790676	0.587038824	0.635147841	0.672333736	0.695934713	0.708900492	0.715227918	0.718274883	0.719330536	0.718489383	0.716441595	0.712924497	0.708575248	0.703815392	0.700025816	0.696998693	0.695204736	0.69263693	0.689437245	0.685485615	0.680252491	0.672588027	0.663351772	0.653876472	0.644678199	0.637422045	0.632122265	0.628674195	0.628801645	0.6322755	0.631147017	0.613291126	0.578609332	0.541359738	0.502390108	0.464726646	0.430490699	0.398907071	0.372831805	0.349677527	0.330316616	0.312917591
21	0.187252511	0.187956414	0.193091223	0.21067488	0.24153766	0.278396362	0.313918358	0.342107205	0.364985253	0.381878339	0.388151929	0.38262899	0.366624148	0.351122252	0.339506449	0.33312096	0.329365749	0.325874192	0.321244266	0.317596004	0.317583666	0.324496739	0.339662859	0.363126394	0.392568289	0.425206616	0.453519318	0.477450198	0.504317704	0.54281963	0.592078638	0.640304419	0.678191452	0.70241517	0.715615571	0.721942924	0.724875978	0.725853234	0.724703455	0.722285296	0.718604898	0.714185098	0.709499898	0.705756572	0.702891539	0.701331214	0.698914185	0.695857706	0.692006086	0.686817405	0.679224933	0.670141422	0.660632076	0.65152666	0.644244709	0.638872149	0.63529648	0.635072453	0.638056876	0.636360276	0.618041238	0.582682565	0.544430395	0.504702151	0.466470333	0.431805617	0.400192706	0.373632841	0.35050787	0.331482527	0.313976453
22	0.190213745	0.190925007	0.19606257	0.213741595	0.244681348	0.281415311	0.316512582	0.344312518	0.366722611	0.383250151	0.38937608	0.383899408	0.368216274	0.352996897	0.341492591	0.335226228	0.331518624	0.328063158	0.3234375	0.319761053	0.31973732	0.326544056	0.341559832	0.364810828	0.393784106	0.425762161	0.453214836	0.476333117	0.502245388	0.539050567	0.585136264	0.629345068	0.663521191	0.685197666	0.697129735	0.702779283	0.705511504	0.706368062	0.705444553	0.703331521	0.700079903	0.69609759	0.691797654	0.688347188	0.685889658	0.684592208	0.68243335	0.679700226	0.6761388	0.671575562	0.664651853	0.656341694	0.647715256	0.639379127	0.632912132	0.628161906	0.624930904	0.624897379	0.627687247	0.625949385	0.608310743	0.574257439	0.53767166	0.499763447	0.462705566	0.428823483	0.398411316	0.372900119	0.350712771	0.331401452	0.315067737
31	0.145267246	0.145914512	0.150515073	0.166020773	0.192898193	0.225024754	0.256277038	0.281274438	0.301711248	0.316461428	0.321422109	0.315650102	0.300467006	0.286268392	0.275783355	0.270131623	0.266968303	0.264173128	0.260268961	0.257258754	0.25750873	0.263818906	0.277520287	0.298674462	0.325342865	0.355226215	0.381466444	0.404232991	0.430521009	0.468615851	0.518284125	0.56853426	0.609496133	0.636437189	0.651505856	0.658642235	0.66197858	0.662919045	0.661663595	0.659078973	0.654887482	0.649893595	0.644503481	0.64012251	0.636854831	0.634962628	0.632246787	0.628868045	0.624355426	0.618392791	0.609674378	0.599508175	0.589212073	0.579556812	0.572017225	0.566447334	0.562956482	0.563623947	0.568536202	0.570018775	0.555725402	0.525011987	0.49109908	0.455674069	0.420581376	0.388263597	0.359298849	0.334389977	0.312510042	0.293425382	0.276518095
32	0.148663513	0.14928495	0.153792453	0.169007528	0.195058326	0.226220501	0.256343308	0.280485185	0.300195726	0.314451256	0.31918777	0.313636679	0.298835276	0.284962867	0.274656394	0.269159786	0.266060254	0.263279797	0.259577639	0.256706805	0.256936742	0.263116923	0.276441527	0.297112638	0.323097374	0.352272033	0.377788645	0.400105049	0.425975682	0.463324405	0.512223771	0.561605622	0.602019072	0.628683952	0.643483329	0.650368605	0.653644261	0.654508871	0.653113846	0.650281648	0.646078203	0.64110278	0.635687934	0.63143377	0.628148937	0.62620158	0.623568905	0.620151225	0.615698283	0.609818759	0.601392359	0.591312892	0.581091181	0.571605764	0.564318941	0.559019661	0.555801156	0.55668814	0.561951195	0.564097201	0.550949396	0.521505507	0.488664942	0.454302959	0.420772622	0.389393931	0.360318937	0.336214957	0.314761587	0.296352065	0.279792863
41	0.183760317	0.184300727	0.189436196	0.206881327	0.23696479	0.273043585	0.308285169	0.336991704	0.360507204	0.377403634	0.383027021	0.37638087	0.359128342	0.342784582	0.330583344	0.323914822	0.320114886	0.316847632	0.312321267	0.308625468	0.308445341	0.315163195	0.330248026	0.354155445	0.384641896	0.418903433	0.449087084	0.475155171	0.504820225	0.547440777	0.602788607	0.658726773	0.703597818	0.732417087	0.748047868	0.755246221	0.758650112	0.759632701	0.758569561	0.756032573	0.752139198	0.747149372	0.741765586	0.737323399	0.733858652	0.731773978	0.729035409	0.725584104	0.720715256	0.714334371	0.705134457	0.694306753	0.683172591	0.672627767	0.664294889	0.658083439	0.654267016	0.655159692	0.659792506	0.659599221	0.641016551	0.603582945	0.5637274	0.522156502	0.481912072	0.445429813	0.412039961	0.384221593	0.360356281	0.339631025	0.322071582
42	0.191367183	0.191906451	0.197097522	0.214671903	0.245100445	0.281616097	0.31740281	0.346583008	0.370491261	0.3876535	0.393367261	0.386534179	0.369067318	0.352461643	0.34005237	0.333283742	0.329291582	0.325992884	0.32144345	0.317552972	0.317447123	0.324196044	0.339461914	0.363661114	0.394547081	0.429249352	0.459860778	0.48626291	0.516267607	0.559251961	0.614984247	0.671148984	0.715944899	0.744396974	0.759854106	0.766856844	0.770236829	0.771350036	0.77035378	0.768026893	0.764249521	0.759436743	0.754101445	0.74975169	0.746305955	0.744283177	0.741447038	0.737965647	0.73318454	0.72685246	0.71780159	0.707027778	0.695877058	0.685385339	0.677037844	0.670777046	0.666918474	0.667662776	0.672183698	0.671457736	0.652077918	0.614356591	0.573423588	0.531103247	0.490630407	0.453733563	0.420232235	0.392103574	0.368226764	0.347062544	0.329347982
51	0.129756131	0.129520219	0.132285959	0.143162669	0.162795163	0.185946517	0.206730592	0.221834836	0.23357042	0.24226757	0.245023977	0.240882113	0.230430575	0.221035789	0.213945007	0.210124548	0.207636822	0.205356097	0.202627594	0.201135579	0.20221991	0.207949156	0.218822124	0.234638974	0.25320285	0.273299946	0.290546892	0.306641638	0.327351121	0.358554661	0.398410796	0.436614612	0.466957963	0.486526622	0.497275325	0.502001243	0.503692689	0.503252831	0.500338576	0.496042218	0.490544943	0.48458758	0.478588204	0.473777158	0.470016454	0.467609219	0.464413178	0.46077243	0.456493952	0.451471919	0.444339628	0.4359167	0.427499132	0.420017074	0.41462408	0.410844425	0.40857938	0.409538348	0.414412238	0.418821625	0.414273375	0.39969567	0.382170218	0.362605959	0.343079466	0.325015069	0.306290186	0.290935662	0.27616129	0.263393807	0.250570911
52	0.131616901	0.13137853	0.13425246	0.145313473	0.165370426	0.188918519	0.21020213	0.225541478	0.237502609	0.246391987	0.24927	0.2450981	0.234401928	0.224695048	0.217502171	0.213671471	0.211068215	0.208758804	0.2061203	0.20461299	0.205799442	0.211628616	0.222742813	0.23874133	0.257570302	0.277871001	0.295351159	0.311624576	0.332607621	0.363960178	0.403625603	0.441512316	0.471414584	0.490661473	0.501282582	0.50577618	0.507498183	0.507050389	0.504156419	0.499989666	0.494670047	0.488826506	0.482930614	0.478196779	0.474614512	0.472246603	0.469192126	0.465672895	0.461459041	0.456615381	0.449594328	0.441362318	0.433083564	0.425575834	0.42036841	0.416660426	0.414280284	0.415277166	0.420258388	0.424909107	0.420548928	0.405915638	0.388347978	0.368608755	0.348598898	0.330005665	0.311777762	0.295270355	0.280586733	0.267875502	0.255500708
61	0.136766155	0.137190922	0.141446362	0.156565661	0.182937298	0.214666919	0.244675294	0.268008681	0.287261842	0.301687762	0.307268095	0.302531773	0.288489452	0.275269369	0.265508329	0.260282065	0.257088375	0.254101574	0.250186198	0.247283393	0.247512523	0.253587218	0.266766146	0.287041041	0.312115906	0.339817491	0.363885963	0.3848504	0.409263657	0.444937989	0.492314967	0.541731274	0.58342882	0.611805176	0.627932678	0.635141318	0.638370151	0.638877845	0.636766089	0.632826328	0.627721372	0.621892461	0.615969117	0.611268424	0.607829509	0.605921695	0.603216023	0.599654591	0.594927758	0.588753006	0.579911678	0.569568	0.558927347	0.549321764	0.541909607	0.536211267	0.532338544	0.532544654	0.536823992	0.538542638	0.525431762	0.496160879	0.463079021	0.428696453	0.395095462	0.364680065	0.335606077	0.312359946	0.291019317	0.273081426	0.25709048
62	0.143510749	0.144018858	0.148760049	0.164592413	0.192365467	0.225732817	0.257370733	0.281866363	0.302201043	0.317277221	0.322981683	0.317830314	0.303053375	0.289121756	0.278876366	0.273276911	0.269910092	0.266661019	0.262657013	0.259683011	0.260052759	0.266620765	0.280560494	0.301961533	0.328606455	0.357852516	0.383155833	0.405370018	0.431128297	0.468633579	0.51810963	0.569074083	0.611612468	0.640374684	0.656306734	0.663675715	0.666971126	0.667366648	0.665261133	0.661281625	0.6560408	0.650204593	0.644224581	0.639524712	0.635999358	0.63390504	0.631001225	0.627270334	0.622252565	0.615892144	0.606736668	0.596243005	0.585529598	0.57536396	0.567445612	0.561542879	0.557509566	0.557772436	0.562085234	0.563422896	0.549258258	0.518038686	0.483259998	0.446688829	0.411151041	0.378721083	0.348386383	0.323958737	0.302016746	0.282730931	0.266945669
71	0.108520718	0.109069198	0.11333705	0.127247901	0.151250724	0.179420027	0.206113147	0.226873844	0.243643674	0.25558285	0.259277478	0.254017216	0.240851507	0.228880141	0.220030376	0.215376022	0.212580546	0.210207627	0.207083152	0.204806502	0.205496	0.211392125	0.223778424	0.242415086	0.265323157	0.29073874	0.312943993	0.332832272	0.356828036	0.391728233	0.436646181	0.481411296	0.51764801	0.54152408	0.554873683	0.561043612	0.56380074	0.564198281	0.562469341	0.559343755	0.554995808	0.549795526	0.544265582	0.539807273	0.53630896	0.53414492	0.531359498	0.527796539	0.523295782	0.517650495	0.509730605	0.500524657	0.491031737	0.48223753	0.475509613	0.47064783	0.46799391	0.469494096	0.475253508	0.479134569	0.469932248	0.446954883	0.420325083	0.392012293	0.363765126	0.337280211	0.312067116	0.290551927	0.271764137	0.25421992	0.23907824
81	0.126646275	0.127053324	0.131496749	0.146209635	0.171985443	0.202915477	0.232469062	0.255902583	0.275199962	0.289419138	0.294497836	0.28933274	0.275047067	0.261695181	0.251816279	0.246662827	0.243577716	0.240615184	0.23679791	0.233884953	0.234112728	0.240019657	0.253013005	0.273131718	0.298270595	0.326281242	0.350823324	0.372443673	0.397657277	0.434459522	0.483745566	0.535634247	0.579676669	0.609750276	0.626800754	0.63455494	0.637903958	0.638428043	0.636375449	0.632603914	0.627421952	0.621514176	0.615382568	0.610562034	0.606881479	0.604768061	0.601927416	0.598221116	0.593181347	0.58657165	0.577289805	0.566512624	0.555479913	0.545337166	0.537371286	0.53145516	0.5277544	0.528355196	0.533595709	0.536310896	0.523885329	0.495043149	0.462242486	0.427959527	0.39487344	0.363960914	0.335945429	0.311134435	0.290153015	0.271691194	0.254856701
82	0.140141198	0.140501501	0.144961516	0.15995573	0.186166284	0.217626362	0.24769813	0.271498996	0.291157914	0.305511883	0.310567451	0.305188463	0.29052521	0.276803202	0.266637917	0.261235958	0.258042904	0.255026382	0.25116581	0.248166833	0.248320858	0.254426891	0.267820904	0.288490431	0.314340032	0.343046357	0.368152819	0.390126002	0.415565484	0.452265907	0.500338032	0.54936341	0.58983528	0.616533672	0.631486431	0.638284137	0.641270193	0.641851867	0.640243408	0.636979441	0.632583974	0.627374608	0.621783463	0.61745164	0.614028194	0.612141805	0.60948239	0.606065345	0.601446731	0.595494034	0.587014146	0.577057516	0.566873675	0.557446882	0.550201806	0.544833554	0.541434805	0.542388124	0.547305243	0.549580411	0.537191723	0.508781917	0.477046591	0.443671415	0.410985524	0.380698686	0.351784503	0.328273947	0.307537579	0.288791543	0.272690772
91	0.08529246	0.085920445	0.089765946	0.102159195	0.124256263	0.150376816	0.174362808	0.192134017	0.206401358	0.21710519	0.220779085	0.21632941	0.204783251	0.194505286	0.187082908	0.183111852	0.180770258	0.178530269	0.176011788	0.17460758	0.176056832	0.18253218	0.194736064	0.212429421	0.233399528	0.255762357	0.275526017	0.294372289	0.318824519	0.356053095	0.405246684	0.455304204	0.497089552	0.525752723	0.542267678	0.549908255	0.553075685	0.55269547	0.549021052	0.543195489	0.536137524	0.528655399	0.521168571	0.515163593	0.510304888	0.507273194	0.503467831	0.498817379	0.493414211	0.486657498	0.477375356	0.466786488	0.456081917	0.44652717	0.439198267	0.43395696	0.430464533	0.431131306	0.436343873	0.440545183	0.43243127	0.410819219	0.385002214	0.357382133	0.32996089	0.304489206	0.279754782	0.258993375	0.240644365	0.223579523	0.209655026
92	0.086344161	0.087028726	0.090768832	0.102669926	0.124010094	0.149481333	0.172835575	0.190557122	0.205025701	0.215961884	0.219393745	0.215030244	0.204381791	0.194074129	0.186454695	0.182741449	0.180777411	0.178517512	0.175956079	0.174116414	0.17489247	0.180662756	0.192357349	0.209479757	0.230307387	0.2522924	0.27185836	0.29037	0.314185215	0.349852722	0.398988914	0.449220499	0.491922882	0.522034472	0.539991704	0.54896842	0.552877536	0.55272469	0.548743651	0.542144927	0.534051707	0.525505352	0.518201499	0.512794385	0.508852575	0.505810543	0.501875516	0.497018	0.49155346	0.484607649	0.475510098	0.464882429	0.453878863	0.444477128	0.436523396	0.430749666	0.427538832	0.427890849	0.43296573	0.43756736	0.430466757	0.408736559	0.382943518	0.355978049	0.329077392	0.303594018	0.279877424	0.259485138	0.241068355	0.224491629	0.210473596
101	0.099171835	0.098554858	0.09972611	0.10643908	0.120397248	0.137543354	0.154121259	0.166777322	0.177197291	0.18536154	0.187554023	0.183872868	0.174579702	0.16553053	0.158641656	0.15511805	0.152841982	0.150181068	0.147045711	0.144299624	0.143311185	0.14675433	0.154802755	0.167167315	0.182880419	0.200290254	0.216006249	0.229855268	0.246774525	0.272639635	0.310205189	0.350747824	0.387066604	0.413659461	0.429488711	0.437367638	0.440692512	0.440733677	0.437745157	0.432943647	0.426548521	0.419845765	0.413709243	0.409251514	0.406080146	0.404178425	0.401267421	0.397466296	0.393337143	0.387573443	0.379767686	0.370633908	0.361517022	0.35354621	0.347157177	0.343078497	0.341181528	0.342706412	0.34939708	0.357212233	0.356984717	0.345471713	0.330320744	0.313539299	0.296343207	0.280315058	0.263856528	0.250302572	0.237329578	0.225594861	0.213628436
102	0.101877113	0.101203718	0.102208371	0.108697324	0.122239825	0.138823595	0.154864031	0.167123255	0.177312677	0.185248896	0.187389372	0.183736042	0.174367653	0.165514393	0.158710805	0.155145904	0.152858572	0.150238894	0.147026988	0.144288256	0.143351259	0.146646929	0.154593591	0.166573201	0.181749182	0.198786844	0.21428378	0.227778131	0.244301036	0.269625154	0.306108794	0.345392256	0.380471301	0.406024637	0.421191732	0.42855503	0.431535576	0.431552086	0.428602923	0.423970893	0.417889739	0.41142223	0.405438069	0.401080216	0.397889974	0.396045822	0.393196595	0.389626368	0.385569444	0.380011808	0.37242667	0.363453568	0.354547679	0.346825971	0.340726763	0.336853525	0.33501707	0.336430793	0.342874935	0.35051121	0.350469168	0.339910371	0.325904158	0.309990715	0.293782998	0.278861888	0.263736331	0.250534628	0.238228502	0.227002117	0.21673684
121	0.130383493	0.131070564	0.134121455	0.145398836	0.166271086	0.190263513	0.211804112	0.22733666	0.239132111	0.247795099	0.249945555	0.24564868	0.235153415	0.225854581	0.218779121	0.215247819	0.213194201	0.211194974	0.208814349	0.207581382	0.208973788	0.215810574	0.227918679	0.244504644	0.263815609	0.284376275	0.302593905	0.319964877	0.343528726	0.379300117	0.424817211	0.467729403	0.501415163	0.523767542	0.536293439	0.542051957	0.543911334	0.542750516	0.538418197	0.532564358	0.525380161	0.518065844	0.51112448	0.505622833	0.501233027	0.49817276	0.494373976	0.490028445	0.485448841	0.47969916	0.472238041	0.463615589	0.454882761	0.447075013	0.44092694	0.43688025	0.434899354	0.435938152	0.441163264	0.445409882	0.440218582	0.423772626	0.404374007	0.383408009	0.361995682	0.341888032	0.321981356	0.304371161	0.288884878	0.27405713	0.260258392
122	0.123723408	0.12406764	0.127600107	0.139915198	0.161685512	0.18694142	0.209342029	0.225342574	0.237572498	0.246293451	0.248638038	0.243849852	0.232977725	0.223457432	0.216322644	0.212516188	0.21010459	0.207973527	0.205795185	0.204957278	0.207016649	0.214070494	0.226733766	0.244506694	0.265064068	0.286455981	0.305041364	0.323489875	0.348754321	0.386989271	0.435357841	0.481531068	0.517860173	0.54143021	0.554434467	0.559996464	0.561622993	0.56005651	0.555487811	0.549042722	0.541573959	0.533788354	0.526186564	0.520038066	0.514947958	0.511633325	0.507526943	0.502858408	0.497769853	0.491749018	0.48360326	0.474322028	0.46492325	0.456575927	0.450397663	0.44610836	0.443473118	0.444908271	0.450114457	0.454133415	0.447840909	0.430048453	0.40962414	0.386664514	0.363811808	0.342425248	0.320958403	0.302331711	0.285619345	0.271518269	0.25656915
131	0.130561184	0.130626813	0.133293139	0.144666843	0.166010492	0.191164818	0.214664059	0.232454731	0.246409742	0.256619186	0.259374068	0.254345353	0.242525113	0.23178593	0.22365249	0.21934361	0.216820434	0.214590017	0.211594017	0.209586221	0.2102949	0.216605768	0.228593402	0.245722169	0.266201585	0.288605889	0.308194628	0.326004944	0.348384479	0.381517615	0.423766619	0.46388604	0.495525077	0.516533641	0.528327372	0.534091264	0.536615881	0.536849535	0.534633342	0.531209421	0.526537874	0.521414849	0.516209831	0.511956841	0.508609375	0.506501396	0.503682942	0.500272289	0.496349352	0.491297489	0.484031596	0.475512844	0.467024363	0.45914386	0.452831687	0.448699947	0.446258048	0.447153484	0.452626974	0.457426596	0.451874687	0.434065696	0.413744737	0.391421736	0.368683194	0.347659337	0.326601319	0.308862661	0.292800889	0.277778929	0.263940315
132	0.126848939	0.126642086	0.129733986	0.141467287	0.163171937	0.189136826	0.213067362	0.230971312	0.245079657	0.255225223	0.258073602	0.252812702	0.240754958	0.229905287	0.221884092	0.217404839	0.214653517	0.212238042	0.209383903	0.207615309	0.208794062	0.215217394	0.227559726	0.245550736	0.266928908	0.289589119	0.309354879	0.327742395	0.350983307	0.385317705	0.428764714	0.470620291	0.503834212	0.525690712	0.537931597	0.543544754	0.545863799	0.5458547	0.543559638	0.539743347	0.534912341	0.529474508	0.523739201	0.51916338	0.515541811	0.513397811	0.510379762	0.506814212	0.502529979	0.497282412	0.489685237	0.480818759	0.471666287	0.463548117	0.457367458	0.453063048	0.450252036	0.451393582	0.456835094	0.461288607	0.455029328	0.436830388	0.415408273	0.392334654	0.368908729	0.346566302	0.325440977	0.30653806	0.289508605	0.27436785	0.2603419
141	0.209042213	0.208388835	0.210316078	0.221038885	0.241608023	0.266757162	0.291043052	0.310036854	0.325079877	0.335896587	0.33865268	0.332803893	0.319149324	0.306369879	0.296484977	0.290849287	0.287320877	0.284090758	0.280085106	0.276981412	0.276701316	0.282318561	0.294441163	0.312525937	0.334990025	0.359658454	0.381249496	0.40011321	0.422778892	0.455849833	0.497426883	0.536869347	0.567524721	0.587292971	0.59824305	0.603478237	0.605794523	0.606171807	0.604464698	0.601719416	0.597687906	0.59326056	0.588636294	0.585009556	0.582037983	0.580422268	0.577881761	0.574766903	0.571263411	0.566554321	0.559868172	0.551829381	0.543618173	0.536063477	0.530028481	0.526096805	0.523887176	0.525081829	0.530551694	0.535040441	0.529091194	0.511397516	0.491017156	0.468270408	0.445894189	0.424710784	0.403189173	0.386134058	0.370029932	0.355016575	0.34152737
142	0.209979657	0.209199148	0.210967483	0.221057531	0.240676719	0.264678898	0.288008546	0.306089151	0.320447348	0.330760324	0.333369535	0.327586342	0.314332477	0.301973679	0.292349809	0.286812265	0.283432934	0.280269702	0.276260888	0.273097788	0.272837977	0.278262346	0.289929175	0.307386022	0.328956188	0.352886402	0.373759191	0.391990534	0.414069408	0.446355916	0.487198533	0.526228461	0.55680435	0.576704931	0.587766623	0.593080708	0.595357091	0.59573631	0.593971798	0.591288196	0.58724058	0.58269578	0.577965359	0.574166295	0.571254763	0.56954475	0.567025522	0.564060543	0.560545337	0.555921338	0.549142681	0.541098014	0.532793909	0.525368584	0.519390447	0.515620452	0.513529032	0.514749586	0.520482641	0.525383133	0.520158589	0.503752546	0.484062811	0.462649698	0.441000007	0.420930662	0.401175136	0.383595842	0.367792575	0.353680156	0.340595854
151	0.12001497	0.120347	0.123324646	0.1349017	0.155766444	0.180199422	0.203038087	0.22053056	0.234172266	0.244176498	0.246991295	0.242434454	0.231116484	0.22093283	0.213228163	0.209133863	0.206706265	0.204476207	0.201534835	0.199413303	0.199919977	0.205612909	0.216758766	0.23291269	0.252529042	0.273969725	0.292685009	0.309243418	0.329710171	0.360376327	0.39982364	0.438275767	0.469418322	0.490302605	0.502191497	0.507831226	0.510309133	0.510592803	0.508582025	0.505328295	0.500759209	0.495665766	0.490585129	0.486474575	0.483223563	0.481316379	0.478562642	0.475221387	0.471443181	0.466569316	0.459476038	0.451082893	0.44262817	0.435070639	0.429017152	0.425077117	0.422788285	0.423743793	0.429159616	0.433619124	0.427720744	0.40992075	0.389629612	0.367300695	0.34521987	0.324097257	0.304197577	0.285940244	0.270260233	0.25544177	0.242349069
152	0.121858763	0.122155517	0.125224216	0.137301341	0.158770643	0.183984436	0.207606204	0.225634277	0.239742138	0.249942574	0.252846636	0.247943017	0.236318137	0.225749124	0.217723188	0.213424816	0.210911739	0.208540958	0.205605898	0.203484514	0.204029605	0.209935531	0.221484717	0.238317854	0.258663384	0.280833025	0.300092025	0.317251849	0.338597359	0.370123613	0.410546323	0.449655627	0.481047492	0.502021363	0.513887531	0.519454822	0.521893998	0.522136145	0.520065299	0.516830769	0.512153966	0.507061629	0.501900944	0.497674242	0.494364849	0.492350777	0.489486655	0.486114058	0.482220812	0.477157261	0.470053369	0.461645453	0.453100655	0.445495303	0.439283912	0.435293308	0.432969805	0.433921747	0.439183344	0.443320723	0.436930593	0.418580702	0.397528194	0.374516781	0.351420499	0.329782557	0.308562925	0.290585918	0.274244071	0.259480255	0.245966202
161	0.106737114	0.10633829	0.10823416	0.116729043	0.13291762	0.152428072	0.170616867	0.183895878	0.194383431	0.202660202	0.205278865	0.201463291	0.191678462	0.182641335	0.175703791	0.171983745	0.169503272	0.167091815	0.164062838	0.162002502	0.162119881	0.166678175	0.176005269	0.189522907	0.205826162	0.223784598	0.239594014	0.253756126	0.271893926	0.299721345	0.337082994	0.375025498	0.406855859	0.428725349	0.441225639	0.446773476	0.448929254	0.448528843	0.445418897	0.440921021	0.435144673	0.429062495	0.423102182	0.418487669	0.415015009	0.412952219	0.409920809	0.406344535	0.402298084	0.397112493	0.389928229	0.38148758	0.372968203	0.365363321	0.359684648	0.356033867	0.353892017	0.354877978	0.360415813	0.366334789	0.364041544	0.351518381	0.335806047	0.318206894	0.30043792	0.284217196	0.267418043	0.253265232	0.240374875	0.228237432	0.217229252
162	0.106342362	0.105770158	0.107713568	0.116360993	0.132714544	0.152432301	0.170646137	0.183855349	0.194420616	0.202461009	0.205015717	0.201147008	0.19117081	0.18215533	0.175453953	0.171635624	0.169006221	0.166522515	0.163609597	0.161664689	0.162127809	0.166766858	0.176059794	0.190038355	0.206759974	0.224748941	0.240287753	0.254773525	0.273401206	0.301765647	0.339645916	0.378431483	0.411082211	0.433265131	0.445816586	0.451268045	0.453292668	0.452705343	0.449611197	0.444807197	0.439065922	0.432920747	0.426732378	0.421929736	0.418258014	0.416149122	0.413176825	0.409502815	0.405301967	0.400130467	0.392802008	0.384140314	0.375372505	0.367807919	0.362294697	0.358632864	0.356256668	0.357594742	0.363208233	0.36924238	0.366761265	0.354317948	0.338516489	0.320892398	0.302808933	0.285689177	0.269726961	0.255457401	0.241844981	0.229680803	0.218014251
181	0.120851115	0.119585841	0.12027378	0.126893765	0.140124099	0.156751237	0.17377772	0.187522507	0.198928838	0.207544224	0.210078066	0.206051086	0.195728934	0.186186183	0.178710264	0.174483804	0.171659107	0.168876844	0.165102599	0.161791393	0.160499154	0.163266615	0.170580828	0.182717825	0.198711382	0.217631416	0.234211046	0.248009584	0.263622634	0.287298699	0.32132634	0.359603511	0.394836718	0.420620469	0.435883653	0.443011396	0.446239405	0.446982309	0.445218541	0.442231364	0.437759915	0.432600761	0.427288257	0.423334393	0.420366367	0.418930271	0.416724118	0.413871618	0.410102649	0.404982209	0.39765646	0.389014127	0.38009518	0.37241728	0.366361586	0.362609227	0.36070084	0.362665735	0.369978662	0.377891935	0.377583252	0.366546764	0.352541578	0.33641546	0.319827664	0.304210887	0.289269027	0.275719919	0.263238662	0.251842641	0.239947271
182	0.111184074	0.110028118	0.110993547	0.118032186	0.131829677	0.149098594	0.16666609	0.180774883	0.192393485	0.201168943	0.203840674	0.199758788	0.189312987	0.179718044	0.172157469	0.167981455	0.165227303	0.162428774	0.158727193	0.155465394	0.154150662	0.157139307	0.164740868	0.177253042	0.193543465	0.212566626	0.229262019	0.243275885	0.259310945	0.283443866	0.317929599	0.356418972	0.391388445	0.416511074	0.431272944	0.438043502	0.440983134	0.441567647	0.439834608	0.436771757	0.432245502	0.427044038	0.421730089	0.417703551	0.414761438	0.413344541	0.411067106	0.408091093	0.404290127	0.399221402	0.391844213	0.383105318	0.374146075	0.366276693	0.360305805	0.356584004	0.354597489	0.356465516	0.36359938	0.371341995	0.370611166	0.359290894	0.344798849	0.32822732	0.311081423	0.296027881	0.279704741	0.265963874	0.253231079	0.241257885	0.230418768
191	0.104392438	0.103216573	0.104459313	0.112694733	0.128897091	0.148786752	0.167760579	0.182038636	0.19341781	0.202295058	0.205119897	0.200834133	0.190039125	0.180040592	0.172341795	0.168069497	0.165202557	0.16238495	0.158965527	0.156329863	0.155905113	0.160117601	0.16934035	0.183459973	0.200861965	0.220220809	0.237129325	0.252174838	0.270723586	0.298803511	0.337191229	0.377244386	0.411403461	0.434895847	0.448274778	0.454224561	0.456727411	0.456730279	0.454039819	0.450008713	0.444624529	0.438729204	0.432883348	0.428484594	0.425154218	0.423362587	0.420662378	0.417296483	0.413180791	0.407943774	0.400461054	0.391645205	0.382686178	0.374757794	0.368922864	0.365208048	0.363037384	0.364608405	0.371401877	0.379358687	0.379423332	0.369228218	0.355787532	0.339945629	0.323743277	0.30854976	0.292697452	0.279181608	0.266395874	0.254860711	0.242423383
201	0.167776429	0.166191569	0.166695752	0.173363304	0.187207844	0.203942026	0.219656633	0.231131088	0.239828499	0.246045167	0.246851589	0.241922411	0.231826878	0.222747703	0.215739366	0.211602051	0.208733255	0.205985614	0.202964824	0.200865617	0.200887445	0.205022395	0.213722002	0.226620096	0.24205739	0.259024655	0.273718524	0.287574814	0.305951309	0.334184317	0.371223308	0.407497273	0.436784455	0.456543665	0.467693694	0.472761346	0.474724878	0.474263497	0.471373548	0.467004033	0.461404587	0.455376592	0.449410633	0.44454932	0.44059893	0.438081515	0.43484959	0.431005662	0.426888508	0.421915497	0.414939752	0.406859446	0.398697574	0.391447672	0.38599244	0.382631156	0.38085203	0.382925455	0.389867683	0.398120316	0.399589204	0.392601654	0.383266753	0.371765106	0.359815694	0.347954149	0.335951202	0.325351348	0.314726107	0.304328992	0.294681711
202	0.149539282	0.148085637	0.149014224	0.156780773	0.171917013	0.190322939	0.207558469	0.220018625	0.229807693	0.236735558	0.237975401	0.232990204	0.222444761	0.213144666	0.205882321	0.201674348	0.198801654	0.196149019	0.193196954	0.191071227	0.191352931	0.196026726	0.205553244	0.219563089	0.236276937	0.254523333	0.270338152	0.28523634	0.304997401	0.335097064	0.374271845	0.412543088	0.443425406	0.463932101	0.47550683	0.480684772	0.482712548	0.482212908	0.479093365	0.474725777	0.469132756	0.463064133	0.456955195	0.45207833	0.448031336	0.445554237	0.442332194	0.438612137	0.434326906	0.429109454	0.421782958	0.413355421	0.404719887	0.397253664	0.391741323	0.388057856	0.386071684	0.387635507	0.394244516	0.401718288	0.401662109	0.392474984	0.380844972	0.367341811	0.353336025	0.340237194	0.326294008	0.314071321	0.302051608	0.290652758	0.279866803
211	0.161014712	0.160932778	0.164260932	0.177442321	0.20115086	0.229254189	0.255210361	0.274488302	0.289635046	0.300563451	0.303801293	0.298444235	0.285608194	0.273835947	0.264871615	0.259817482	0.256726186	0.254158738	0.250982908	0.248862596	0.249901182	0.256576691	0.269552126	0.288578559	0.311194356	0.33538166	0.356342954	0.375395438	0.399102707	0.433853956	0.477416719	0.518962549	0.551515245	0.572507711	0.58424618	0.58961025	0.591817438	0.591810629	0.589487483	0.585768017	0.580734482	0.575289133	0.56965417	0.565193203	0.561473167	0.559290731	0.556183287	0.552659549	0.548389041	0.543133689	0.535646674	0.526768056	0.517734432	0.509697918	0.503480757	0.499288314	0.496609553	0.49728499	0.502308171	0.505992574	0.498066722	0.478148166	0.455002705	0.43013295	0.405011626	0.381662874	0.358920178	0.339592173	0.32198224	0.306637371	0.291620643
212	0.162578683	0.162838592	0.166706898	0.181020063	0.206596376	0.236665431	0.26434829	0.28506818	0.301249098	0.313019448	0.316553237	0.311071215	0.297767052	0.285566881	0.276274366	0.271186172	0.268150871	0.265503988	0.262314138	0.26027081	0.261481208	0.268696975	0.282569218	0.302697456	0.326651054	0.352164593	0.374147801	0.394179879	0.41897011	0.455216418	0.500236578	0.543041853	0.576279288	0.597672301	0.609454994	0.614828081	0.617192991	0.617245259	0.614933473	0.6111329	0.606198061	0.600722212	0.595094753	0.59059158	0.58690343	0.584610436	0.581493458	0.57780434	0.573481015	0.568224666	0.560588113	0.551535011	0.542265644	0.533959885	0.527570719	0.523098872	0.520150543	0.520654024	0.525074083	0.527570748	0.517906109	0.495056172	0.469230683	0.441768744	0.41453634	0.388407277	0.363835674	0.343174111	0.324332438	0.307523827	0.292883957
221	0.120966932	0.122222158	0.127266109	0.143371592	0.1709824	0.203277005	0.232960131	0.255499667	0.273241297	0.28627816	0.290534858	0.285265732	0.271820994	0.259434101	0.250191664	0.245251631	0.242502136	0.24016711	0.237183051	0.235313522	0.236638863	0.244060489	0.258318321	0.279225183	0.304215219	0.330948791	0.354257116	0.375410968	0.401368055	0.439302056	0.487153902	0.533149631	0.569334658	0.592692733	0.60571783	0.611677313	0.614346911	0.614612702	0.612366243	0.608664903	0.603701993	0.59823732	0.592464643	0.587950275	0.584327422	0.582142509	0.579025553	0.5753615	0.570933893	0.565446825	0.557392239	0.547926169	0.538165026	0.529498017	0.522724044	0.517865779	0.514702332	0.514914628	0.518531075	0.51915784	0.505248811	0.476497821	0.444283051	0.41082641	0.378038172	0.347389833	0.319605461	0.295410012	0.27517776	0.25781313	0.241586586
222	0.129005136	0.130282325	0.1355738	0.152305592	0.180885741	0.214256084	0.245026431	0.268502164	0.286896792	0.300279378	0.304744981	0.299346833	0.285579828	0.272810097	0.263420152	0.258454259	0.255554471	0.253091009	0.249993489	0.248023556	0.249425109	0.256978286	0.271560238	0.292925068	0.318363109	0.345578443	0.3691897	0.390563239	0.416553788	0.454352039	0.501812583	0.547391499	0.583086194	0.606100355	0.619013558	0.625078317	0.627907454	0.628318878	0.626338076	0.622879556	0.618183923	0.612937242	0.607453215	0.603055	0.599420242	0.597320196	0.594291865	0.590775212	0.58658815	0.58125074	0.573474912	0.564235486	0.554672379	0.546200223	0.539494049	0.534753884	0.531566579	0.531758457	0.535038329	0.534777377	0.519755809	0.489767043	0.45661557	0.422558274	0.388937743	0.357919656	0.328808213	0.305297043	0.283864366	0.266085654	0.24976727
231	0.168462171	0.168369075	0.171659581	0.183976569	0.205647915	0.231385623	0.255791524	0.274554884	0.28941152	0.299958506	0.302994674	0.297861872	0.285437545	0.273976352	0.265168529	0.260328802	0.25736149	0.254819923	0.251447736	0.248777839	0.248690929	0.253694281	0.264534427	0.281086431	0.30141269	0.323650546	0.342763219	0.359241237	0.378443457	0.405783264	0.439979712	0.473159764	0.499724682	0.517192898	0.527148836	0.531830556	0.534026991	0.534543991	0.533311418	0.531152704	0.527881837	0.523958928	0.519746928	0.516506449	0.513774211	0.512515067	0.510347984	0.507674045	0.504660711	0.500901359	0.495227219	0.488327921	0.481039668	0.47469376	0.47004552	0.467061254	0.465423521	0.466994287	0.471999636	0.475446721	0.468676959	0.45088118	0.430588136	0.408149884	0.38554282	0.364822726	0.344654825	0.32750411	0.312016725	0.297977945	0.28533506
232	0.162047103	0.16210396	0.165673451	0.178730287	0.201599326	0.228800963	0.254791331	0.274920076	0.290849067	0.302240671	0.305751353	0.300566242	0.287618608	0.275662755	0.266519856	0.261510381	0.258587273	0.256005854	0.252556295	0.249803351	0.24990236	0.255363715	0.26698338	0.284628683	0.306345615	0.330023874	0.350327471	0.367850856	0.388331504	0.417527724	0.453999367	0.489189354	0.517164249	0.535393307	0.545639027	0.550505237	0.55280887	0.55329449	0.55206576	0.549866188	0.54654836	0.54263936	0.538435909	0.535030893	0.532325265	0.531089174	0.528911945	0.526284782	0.523070739	0.519194131	0.513133693	0.505750514	0.498180378	0.491402632	0.486281164	0.482899113	0.480906858	0.482085989	0.486562865	0.489226559	0.480731133	0.460060768	0.437061792	0.411874792	0.386992647	0.363880212	0.341776189	0.323260132	0.30706177	0.291835645	0.278206709
241	0.113629374	0.112750199	0.11411134	0.12160544	0.135795677	0.153550565	0.171216139	0.184978955	0.196377425	0.205181526	0.208192219	0.204442513	0.194085896	0.184500266	0.177060577	0.172783946	0.17005995	0.167280808	0.163693208	0.160687233	0.15979785	0.162907606	0.170737823	0.183467502	0.199846442	0.218602273	0.234787146	0.248621461	0.264866148	0.289346687	0.323433795	0.360713014	0.3936908	0.416705192	0.429896818	0.435618042	0.437985996	0.438017071	0.435893364	0.432589749	0.428059821	0.422996434	0.417821665	0.413896554	0.410953881	0.409681961	0.407385342	0.404388264	0.400655906	0.395757072	0.388575823	0.380057668	0.371373245	0.364151513	0.35875566	0.355297316	0.353422467	0.355296977	0.361873774	0.369340384	0.368634839	0.357760221	0.343776674	0.327295708	0.310635974	0.295204463	0.279618354	0.26567196	0.253276753	0.241984837	0.230156893
242	0.111534361	0.110595339	0.112070687	0.119770101	0.134261047	0.152378415	0.170414085	0.184467342	0.196138668	0.205179306	0.208292053	0.204649004	0.194178475	0.184559872	0.177071802	0.172785363	0.1701142	0.167371414	0.16384755	0.16094187	0.160094951	0.163390016	0.171334412	0.184283862	0.200979984	0.219944836	0.236439863	0.250507141	0.26689552	0.291434235	0.325682689	0.362864788	0.395605495	0.418510753	0.431532426	0.437242296	0.439751687	0.439902187	0.43788284	0.434666881	0.430262917	0.425278934	0.420245571	0.416458259	0.413574774	0.412302791	0.410043528	0.407067098	0.403338365	0.398643337	0.391592305	0.383205682	0.374746776	0.367414219	0.362039934	0.358594516	0.356742348	0.358605086	0.36532781	0.37274836	0.371693253	0.360241556	0.345391214	0.328616417	0.311721363	0.295351157	0.279944009	0.265531394	0.253017753	0.240817742	0.229215642
251	0.170331863	0.170946046	0.175883238	0.192514688	0.221465597	0.256031446	0.289011611	0.31477378	0.335555393	0.350417358	0.355296632	0.349373155	0.333909007	0.319661558	0.309051815	0.303232506	0.300000494	0.29714875	0.293478397	0.290751255	0.291575894	0.298953814	0.31389151	0.3364467	0.364087369	0.39415972	0.420247516	0.443410676	0.470729553	0.510198749	0.560313741	0.609203163	0.647630717	0.672261578	0.685815747	0.692257791	0.695558026	0.696523794	0.69543069	0.692718407	0.688802759	0.68406159	0.678909694	0.674780214	0.671347164	0.669458788	0.666731049	0.663418295	0.659190423	0.653743161	0.645467346	0.63568428	0.625779023	0.616670229	0.60948497	0.604224212	0.600676918	0.601149492	0.605166567	0.605055109	0.58914989	0.556756589	0.522409118	0.485399637	0.449631802	0.416939255	0.386658548	0.36132479	0.339164033	0.320073116	0.303446647
252	0.178831768	0.17952642	0.184901384	0.202644857	0.23363503	0.270432417	0.305205212	0.332469215	0.354371904	0.369987426	0.375165021	0.368809216	0.35270575	0.337617615	0.326356134	0.320269463	0.31681582	0.313847633	0.309995943	0.307130019	0.308023978	0.315797293	0.33159801	0.355517852	0.384856915	0.416543047	0.44408645	0.468551945	0.497308843	0.53866028	0.59064618	0.640564382	0.679068991	0.703345398	0.71655681	0.722885378	0.725956324	0.726782906	0.725736951	0.7232331	0.719455129	0.714889382	0.709807812	0.705674973	0.702260059	0.700307172	0.69751445	0.694116034	0.689874973	0.684447247	0.676226227	0.666498576	0.656348578	0.647189387	0.639806788	0.634408338	0.630744936	0.631137642	0.634644465	0.633501326	0.615635559	0.580487135	0.54341514	0.50428004	0.466451808	0.432108033	0.400036752	0.373956383	0.351076337	0.331149782	0.313382464
261	0.132227656	0.132476031	0.135891868	0.147888201	0.169236315	0.194789481	0.218721714	0.236632821	0.251173775	0.261834657	0.265399685	0.260785488	0.248956798	0.238199694	0.230124938	0.225696472	0.222987664	0.220503875	0.217476372	0.215437107	0.216245225	0.222037707	0.233662399	0.250925128	0.271837524	0.294440265	0.313978782	0.331694148	0.353482594	0.385608504	0.426982723	0.46816483	0.501927377	0.524559204	0.537260365	0.543129845	0.545640972	0.545635711	0.543295276	0.539385458	0.534431613	0.528935002	0.523296383	0.518795362	0.515299723	0.513318683	0.510457292	0.507047734	0.502867233	0.497762327	0.490220094	0.481305527	0.472222429	0.464279144	0.458137507	0.454035767	0.451357781	0.452388788	0.457262242	0.460956101	0.453773657	0.434337454	0.411872836	0.38700857	0.362204871	0.339181241	0.317045422	0.298019786	0.281012223	0.265916553	0.251630025
262	0.131595799	0.131843934	0.135384261	0.14770618	0.16965502	0.195812897	0.220263308	0.238484351	0.253092068	0.263895031	0.26747149	0.262942155	0.251078477	0.24022097	0.231986715	0.227493789	0.224766353	0.22219543	0.219159025	0.217129976	0.217931213	0.223897787	0.235723626	0.253392235	0.274670361	0.297459116	0.317126234	0.334863519	0.356548933	0.388356139	0.428946705	0.468858587	0.501192964	0.52266958	0.534676039	0.540124316	0.542414449	0.542355188	0.540087217	0.53633581	0.531535119	0.526195536	0.520765188	0.516434187	0.512986759	0.511136711	0.508414277	0.504997416	0.501033814	0.49611666	0.488835301	0.480228132	0.471459834	0.463781475	0.45799179	0.453918585	0.451338837	0.452350146	0.45694647	0.460293818	0.452709592	0.433100343	0.410367371	0.385317308	0.360388876	0.337804557	0.314573131	0.296649301	0.278815414	0.263584679	0.250928779
