11	0.29055	0.291033333	0.297	0.31225	0.340533333	0.377416667	0.41365	0.44345	0.467666667	0.485083333	0.491016667	0.483333333	0.468183333	0.452116667	0.439816667	0.431933333	0.427316667	0.423216667	0.418316667	0.41445	0.414166667	0.420133333	0.434683333	0.457166667	0.484666667	0.51385	0.54185	0.567466667	0.598933333	0.644166667	0.696116667	0.744483333	0.780833333	0.801716667	0.8124	0.818033333	0.820916667	0.820733333	0.818816667	0.815266667	0.81095	0.8062	0.802066667	0.798833333	0.7954	0.792733333	0.790333333	0.788016667	0.784033333	0.777233333	0.769366667	0.761466667	0.752183333	0.743316667	0.735666667	0.72885	0.724916667	0.723883333	0.725933333	0.726783333	0.71845	0.6953	0.661266667	0.621416667	0.582016667	0.546733333	0.51455	0.486633333	0.462533333	0.443	0.427266667
12	0.291766667	0.2923	0.29805	0.3127	0.340033333	0.375933333	0.411566667	0.441033333	0.465	0.482283333	0.488033333	0.480266667	0.465	0.448966667	0.43675	0.4289	0.424283333	0.420233333	0.415366667	0.411533333	0.411266667	0.417233333	0.431666667	0.453966667	0.48145	0.510683333	0.538733333	0.564516667	0.5963	0.642016667	0.694533333	0.743516667	0.780366667	0.80135	0.812016667	0.817683333	0.820516667	0.820316667	0.81835	0.8149	0.810583333	0.805883333	0.801683333	0.798366667	0.7948	0.792066667	0.7898	0.787533333	0.783283333	0.77645	0.768533333	0.760483333	0.751183333	0.742133333	0.734383333	0.727483333	0.7236	0.722666667	0.725033333	0.726333333	0.71845	0.695283333	0.66115	0.621633333	0.5824	0.546783333	0.5149	0.486566667	0.46255	0.443716667	0.427333333
21	0.292366667	0.29265	0.29875	0.314816667	0.344616667	0.38355	0.42175	0.453216667	0.4789	0.497833333	0.50485	0.497483333	0.481866667	0.465016667	0.451833333	0.443366667	0.438383333	0.433766667	0.428183333	0.42355	0.422716667	0.4286	0.443483333	0.466816667	0.495816667	0.52665	0.556033333	0.582383333	0.613716667	0.658633333	0.71085	0.760033333	0.79725	0.818433333	0.829316667	0.83495	0.837566667	0.837166667	0.835166667	0.831583333	0.827166667	0.822416667	0.818316667	0.815233333	0.811966667	0.80955	0.807383333	0.805283333	0.801166667	0.794466667	0.786733333	0.7788	0.769533333	0.760516667	0.752683333	0.745683333	0.741733333	0.740483333	0.74245	0.742916667	0.733616667	0.708666667	0.6721	0.63015	0.588533333	0.55135	0.518166667	0.48865	0.4639	0.44435	0.4282
22	0.291477778	0.291755556	0.297833333	0.313711111	0.343188889	0.381655556	0.419433333	0.450344444	0.475555556	0.494166667	0.501066667	0.493844444	0.478522222	0.462	0.449022222	0.440711111	0.435833333	0.431211111	0.425688889	0.421144444	0.420377778	0.426111111	0.440766667	0.463722222	0.492144444	0.522366667	0.551155556	0.576922222	0.607677778	0.651677778	0.702688889	0.7507	0.787088889	0.807866667	0.818488889	0.824033333	0.826711111	0.826333333	0.824222222	0.820655556	0.816255556	0.811577778	0.807544444	0.804511111	0.801355556	0.799011111	0.796933333	0.794866667	0.790877778	0.784244444	0.776588889	0.768755556	0.759611111	0.750788889	0.743222222	0.736455556	0.732388889	0.731122222	0.733066667	0.733633333	0.724977778	0.700933333	0.665555556	0.624477778	0.583877778	0.547333333	0.514877778	0.486055556	0.461811111	0.4425	0.426377778
31	0.2494	0.249566667	0.25475	0.268166667	0.293066667	0.325633333	0.358166667	0.38535	0.407566667	0.423716667	0.4292	0.42205	0.407833333	0.392716667	0.380966667	0.37335	0.36885	0.3649	0.36015	0.356316667	0.355583333	0.360583333	0.373616667	0.394016667	0.419316667	0.446866667	0.473733333	0.498433333	0.528816667	0.573483333	0.627033333	0.68005	0.723	0.749533333	0.7638	0.771316667	0.77495	0.77485	0.77245	0.768166667	0.7629	0.7572	0.752216667	0.748283333	0.744333333	0.741433333	0.738883333	0.736183333	0.731233333	0.723216667	0.713883333	0.704216667	0.693416667	0.68315	0.674316667	0.666666667	0.662516667	0.662133333	0.666033333	0.66945	0.664166667	0.643633333	0.611983333	0.575016667	0.53725	0.50355	0.47255	0.444916667	0.422016667	0.403283333	0.387666667
32	0.25225	0.252466667	0.2577	0.271216667	0.29615	0.328683333	0.36125	0.38845	0.410616667	0.426583333	0.431866667	0.424616667	0.410416667	0.3954	0.38365	0.375983333	0.371483333	0.3676	0.362933333	0.3591	0.358366667	0.363366667	0.3763	0.3966	0.4218	0.4493	0.47605	0.500583333	0.5307	0.57495	0.627733333	0.6797	0.721766667	0.7477	0.761666667	0.769083333	0.772566667	0.772416667	0.77015	0.76605	0.76085	0.75515	0.75015	0.7463	0.742433333	0.739483333	0.736883333	0.734166667	0.729333333	0.721416667	0.71225	0.7028	0.69225	0.6822	0.673633333	0.6663	0.6624	0.662266667	0.666266667	0.6695	0.6639	0.643533333	0.612366667	0.5758	0.538466667	0.504833333	0.474133333	0.446833333	0.423916667	0.405383333	0.38965
41	0.289011111	0.289233333	0.2951	0.3104	0.338533333	0.375211111	0.412055556	0.443166667	0.468733333	0.487288889	0.493444444	0.485133333	0.468777778	0.451511111	0.438122222	0.429633333	0.424644444	0.420311111	0.415	0.410355556	0.4093	0.414666667	0.428877778	0.451544444	0.480333333	0.511866667	0.5423	0.569911111	0.602922222	0.650544444	0.7074	0.763311111	0.807566667	0.833844444	0.847411111	0.854488889	0.857922222	0.857977778	0.856022222	0.852466667	0.847822222	0.842688889	0.837977778	0.834288889	0.830455556	0.8276	0.825122222	0.822544444	0.8177	0.809877778	0.800711111	0.791133333	0.780355556	0.769977778	0.760888889	0.7532	0.7492	0.748988889	0.753	0.755877778	0.748133333	0.723211111	0.686566667	0.644122222	0.601644444	0.563833333	0.529933333	0.499722222	0.474311111	0.454222222	0.4371
42	0.288466667	0.288733333	0.2947	0.31035	0.33925	0.37705	0.415116667	0.447283333	0.473883333	0.4931	0.499583333	0.491016667	0.47405	0.456166667	0.4424	0.433666667	0.428583333	0.42415	0.41865	0.41395	0.412916667	0.418466667	0.433216667	0.456616667	0.486383333	0.51905	0.550666667	0.579333333	0.6135	0.66285	0.722216667	0.781016667	0.827733333	0.855583333	0.870083333	0.877616667	0.88135	0.8816	0.8797	0.87605	0.8714	0.866233333	0.861416667	0.85765	0.853766667	0.8508	0.8483	0.845683333	0.840683333	0.8325	0.8228	0.8126	0.801366667	0.790566667	0.781016667	0.772883333	0.768533333	0.768133333	0.772283333	0.7752	0.766416667	0.7395	0.7004	0.655583333	0.610766667	0.571016667	0.535716667	0.504316667	0.4782	0.457166667	0.439233333
51	0.24106	0.24062	0.2438	0.25276	0.27054	0.29404	0.31604	0.33278	0.34584	0.35536	0.35828	0.35302	0.3434	0.3332	0.32508	0.31928	0.31548	0.31212	0.30858	0.3062	0.30628	0.31066	0.32086	0.3357	0.35254	0.37024	0.3878	0.40512	0.42938	0.4659	0.50738	0.54564	0.57482	0.59206	0.60116	0.60572	0.60732	0.60548	0.60142	0.59566	0.58914	0.58248	0.57676	0.57224	0.5678	0.5643	0.56106	0.55816	0.55366	0.54672	0.53914	0.53166	0.52326	0.51562	0.5093	0.50394	0.50096	0.50036	0.5027	0.50568	0.50546	0.49774	0.48392	0.46592	0.44658	0.42846	0.41092	0.39456	0.38032	0.3684	0.3578
52	0.23085	0.2305	0.23385	0.24325	0.261883333	0.286416667	0.30935	0.326816667	0.340533333	0.350533333	0.353633333	0.348233333	0.338216667	0.327716667	0.319433333	0.313516667	0.3097	0.306366667	0.30285	0.30055	0.300816667	0.30545	0.316033333	0.331366667	0.3488	0.36705	0.3851	0.403033333	0.42805	0.46545	0.507883333	0.54695	0.576766667	0.594366667	0.60375	0.608416667	0.610033333	0.608233333	0.604183333	0.598383333	0.591866667	0.585166667	0.579583333	0.5752	0.570766667	0.56725	0.564	0.561	0.5565	0.549516667	0.54185	0.53435	0.52575	0.517933333	0.511483333	0.5058	0.502633333	0.502033333	0.504516667	0.507633333	0.507083333	0.4985	0.483433333	0.4641	0.443333333	0.424133333	0.405583333	0.388266667	0.37315	0.360866667	0.349816667
61	0.2448	0.24495	0.250166667	0.263866667	0.28975	0.32375	0.356866667	0.383816667	0.40585	0.422366667	0.428716667	0.4223	0.408633333	0.393916667	0.382416667	0.374883333	0.370283333	0.366033333	0.3611	0.357183333	0.35655	0.361716667	0.374883333	0.3953	0.420333333	0.447266667	0.473266667	0.497066667	0.526516667	0.570183333	0.622883333	0.6757	0.7194	0.747233333	0.762483333	0.77035	0.7739	0.773283333	0.770083333	0.7648	0.758466667	0.751933333	0.746266667	0.742016667	0.7379	0.7349	0.73235	0.729316667	0.724	0.715633333	0.705983333	0.6959	0.684716667	0.6742	0.66515	0.65725	0.652616667	0.651483333	0.654683333	0.657733333	0.6522	0.631333333	0.598933333	0.561133333	0.522766667	0.4886	0.457883333	0.430283333	0.407366667	0.3889	0.3736
62	0.242616667	0.2428	0.247933333	0.26145	0.286833333	0.320266667	0.352733333	0.379116667	0.400733333	0.416933333	0.423166667	0.416933333	0.403533333	0.389083333	0.377816667	0.370433333	0.365866667	0.36175	0.35695	0.353083333	0.352483333	0.357533333	0.370566667	0.390666667	0.4152	0.441683333	0.467216667	0.490716667	0.5198	0.563016667	0.61535	0.667833333	0.711466667	0.73935	0.754566667	0.762516667	0.76605	0.7654	0.762033333	0.756666667	0.750316667	0.743716667	0.738033333	0.733716667	0.7296	0.726616667	0.723916667	0.72095	0.715616667	0.707183333	0.6974	0.68735	0.676216667	0.665683333	0.656683333	0.648816667	0.644233333	0.6432	0.646416667	0.649566667	0.644016667	0.623583333	0.59185	0.5545	0.5168	0.483066667	0.452533333	0.425266667	0.402483333	0.3843	0.369533333
71	0.208266667	0.208383333	0.2129	0.224416667	0.245733333	0.273333333	0.3002	0.322016667	0.33955	0.352216667	0.35615	0.3498	0.338066667	0.325766667	0.316166667	0.30965	0.30575	0.302433333	0.2985	0.295466667	0.2952	0.299733333	0.310883333	0.327833333	0.348366667	0.370566667	0.392416667	0.413066667	0.43975	0.479016667	0.524666667	0.5684	0.603033333	0.624083333	0.635383333	0.641316667	0.643933333	0.643066667	0.6402	0.63575	0.63045	0.624766667	0.6199	0.615966667	0.611983333	0.608816667	0.606133333	0.603516667	0.59895	0.591666667	0.583416667	0.57515	0.565933333	0.557233333	0.549933333	0.5436	0.540416667	0.540366667	0.544216667	0.54825	0.546016667	0.53225	0.510483333	0.4838	0.45545	0.429416667	0.405366667	0.383283333	0.364316667	0.348966667	0.335333333
81	0.237177778	0.237266667	0.242233333	0.255333333	0.279844444	0.311966667	0.343511111	0.369466667	0.390722222	0.406477778	0.4122	0.4056	0.392022222	0.377533333	0.366255556	0.358877778	0.354455556	0.3505	0.345744444	0.341911111	0.341155556	0.346055556	0.358711111	0.3784	0.402688889	0.428977778	0.454544444	0.478077778	0.507244444	0.550122222	0.6019	0.653788889	0.696566667	0.723644444	0.738388889	0.745988889	0.749422222	0.748922222	0.745922222	0.740977778	0.735033333	0.728811111	0.723344444	0.719211111	0.715166667	0.712155556	0.709588889	0.706711111	0.7016	0.6934	0.683788889	0.673888889	0.663044444	0.652788889	0.644011111	0.636477778	0.6323	0.631733333	0.635566667	0.639411111	0.635	0.616222222	0.586577778	0.551877778	0.516122222	0.483944444	0.454444444	0.427888889	0.4058	0.387655556	0.372711111
82	0.236466667	0.236616667	0.241466667	0.2542	0.278116667	0.309683333	0.3408	0.366466667	0.3875	0.40315	0.4089	0.4023	0.388783333	0.374416667	0.363216667	0.3559	0.351516667	0.3476	0.342916667	0.339133333	0.3384	0.3432	0.35565	0.375116667	0.399166667	0.425283333	0.45065	0.474033333	0.503083333	0.5459	0.597683333	0.649766667	0.692833333	0.720233333	0.7352	0.743	0.746483333	0.746	0.74305	0.738083333	0.732166667	0.7259	0.720433333	0.716183333	0.712083333	0.70905	0.706466667	0.7036	0.6984	0.690083333	0.680433333	0.670483333	0.659516667	0.649183333	0.640416667	0.632816667	0.628666667	0.6282	0.6322	0.63635	0.632183333	0.613666667	0.584266667	0.549533333	0.513816667	0.481633333	0.45225	0.4258	0.403583333	0.38565	0.370733333
91	0.194666667	0.194883333	0.198866667	0.209033333	0.228233333	0.25345	0.277066667	0.295366667	0.3099	0.320683333	0.324366667	0.319133333	0.309083333	0.298533333	0.290283333	0.2847	0.281133333	0.278033333	0.274716667	0.272616667	0.273016667	0.27785	0.28865	0.304383333	0.322416667	0.341566667	0.360733333	0.380066667	0.407	0.44815	0.496866667	0.54425	0.582833333	0.6075	0.6214	0.628633333	0.6315	0.6298	0.6248	0.617616667	0.609516667	0.60135	0.594383333	0.588916667	0.583783333	0.579733333	0.575933333	0.572233333	0.566616667	0.558183333	0.5488	0.5394	0.529166667	0.519683333	0.511783333	0.504933333	0.501116667	0.500366667	0.503566667	0.507866667	0.5071	0.495633333	0.476083333	0.451483333	0.425683333	0.401766667	0.378966667	0.3583	0.340483333	0.3257	0.313033333
92	0.192514286	0.1928	0.196828571	0.207028571	0.2264	0.251785714	0.275585714	0.294057143	0.308742857	0.319757143	0.323514286	0.318285714	0.308157143	0.297528571	0.289271429	0.283642857	0.2801	0.276957143	0.273671429	0.271585714	0.272028571	0.276885714	0.2879	0.303757143	0.322014286	0.341357143	0.360728571	0.380242857	0.407414286	0.448942857	0.4981	0.546071429	0.585157143	0.610314286	0.624471429	0.631771429	0.634614286	0.632814286	0.627742857	0.620442857	0.612285714	0.604085714	0.597085714	0.591614286	0.586428571	0.582285714	0.578471429	0.574771429	0.569071429	0.560571429	0.551028571	0.541485714	0.5312	0.521614286	0.513657143	0.506757143	0.502871429	0.502028571	0.505285714	0.509542857	0.508628571	0.4969	0.4769	0.4518	0.4253	0.400914286	0.3778	0.356928571	0.339057143	0.324128571	0.311142857
101	0.2078	0.206483333	0.207883333	0.213216667	0.224966667	0.241516667	0.257916667	0.270916667	0.28135	0.289266667	0.291566667	0.286683333	0.27785	0.268466667	0.260866667	0.255316667	0.251483333	0.2479	0.24395	0.240916667	0.23955	0.24165	0.248833333	0.260066667	0.27355	0.2886	0.3039	0.318883333	0.339766667	0.371933333	0.410566667	0.449683333	0.483166667	0.50535	0.517983333	0.524433333	0.52685	0.525216667	0.520933333	0.51475	0.50775	0.50065	0.4948	0.490366667	0.48615	0.482983333	0.4801	0.47725	0.4725	0.465083333	0.456883333	0.448766667	0.43975	0.4315	0.424766667	0.419066667	0.416133333	0.416066667	0.419983333	0.425633333	0.4289	0.424883333	0.414783333	0.4007	0.38455	0.370266667	0.35595	0.3423	0.330883333	0.320683333	0.3121
102	0.2072	0.20594	0.2075	0.21314	0.22536	0.2424	0.25912	0.27234	0.28296	0.29096	0.29332	0.28844	0.27958	0.27016	0.26252	0.25696	0.25314	0.24958	0.24562	0.24254	0.2413	0.2435	0.25076	0.26212	0.27568	0.29082	0.30612	0.32106	0.34188	0.37384	0.41202	0.45042	0.48306	0.50442	0.51648	0.52268	0.52496	0.52328	0.51908	0.51298	0.50614	0.49914	0.49334	0.48892	0.48482	0.48166	0.4788	0.47602	0.47134	0.46402	0.45592	0.44796	0.43914	0.43106	0.42454	0.4189	0.4161	0.41604	0.41978	0.42518	0.42812	0.42394	0.41362	0.39944	0.38316	0.36882	0.35442	0.34062	0.329	0.31964	0.3103
121	0.2286	0.22855	0.23235	0.242583333	0.262416667	0.288133333	0.311583333	0.329166667	0.342583333	0.352016667	0.35455	0.348716667	0.338583333	0.32815	0.32	0.314233333	0.310516667	0.3073	0.304133333	0.302483333	0.303616667	0.30925	0.321116667	0.337783333	0.356433333	0.3756	0.394516667	0.414066667	0.44235	0.48545	0.534583333	0.579783333	0.614	0.634383333	0.645166667	0.650483333	0.652016667	0.64925	0.6436	0.635916667	0.627416667	0.619033333	0.611966667	0.606283333	0.600866667	0.596366667	0.592183333	0.588283333	0.582766667	0.574883333	0.5664	0.558066667	0.548966667	0.540483333	0.53365	0.527683333	0.5246	0.524233333	0.527166667	0.530333333	0.529066667	0.519133333	0.50265	0.481483333	0.458616667	0.4374	0.417183333	0.39825	0.381683333	0.368383333	0.356466667
122	0.225933333	0.22595	0.229816667	0.24015	0.26005	0.285766667	0.30915	0.32665	0.34	0.34935	0.351816667	0.346016667	0.33595	0.325633333	0.317466667	0.31175	0.308066667	0.304916667	0.301766667	0.300133333	0.301283333	0.3069	0.318733333	0.335283333	0.3538	0.372783333	0.391533333	0.41085	0.438966667	0.481666667	0.530083333	0.57445	0.6079	0.627716667	0.638266667	0.643366667	0.644766667	0.641966667	0.636366667	0.628766667	0.620433333	0.612166667	0.6052	0.599633333	0.594316667	0.589866667	0.585766667	0.581916667	0.576516667	0.5688	0.560383333	0.552266667	0.543316667	0.534966667	0.528216667	0.522333333	0.519266667	0.518933333	0.52175	0.524766667	0.52345	0.513583333	0.497266667	0.476216667	0.453733333	0.432616667	0.412566667	0.393866667	0.377783333	0.3642	0.352316667
131	0.245133333	0.244466667	0.247933333	0.257966667	0.277983333	0.3044	0.329383333	0.348966667	0.364333333	0.375333333	0.378516667	0.372183333	0.361	0.349466667	0.340283333	0.334033333	0.329983333	0.326483333	0.322716667	0.32015	0.320416667	0.325483333	0.337083333	0.354083333	0.373733333	0.394233333	0.414266667	0.433883333	0.460416667	0.4997	0.543966667	0.58445	0.6148	0.6325	0.6419	0.646666667	0.6485	0.647	0.643466667	0.638266667	0.63245	0.626483333	0.621466667	0.617433333	0.613316667	0.610083333	0.607183333	0.60435	0.59985	0.59295	0.585216667	0.577633333	0.568966667	0.5609	0.5542	0.548166667	0.544766667	0.544133333	0.547016667	0.550483333	0.54935	0.539116667	0.5221	0.500883333	0.478166667	0.456383333	0.4363	0.417316667	0.400733333	0.387683333	0.375716667
132	0.245683333	0.24505	0.248283333	0.258066667	0.277483333	0.30315	0.327483333	0.346516667	0.361433333	0.372066667	0.375066667	0.3689	0.357883333	0.346533333	0.33755	0.33135	0.327366667	0.323866667	0.32015	0.317616667	0.31785	0.322716667	0.3341	0.350616667	0.36975	0.389716667	0.409216667	0.428433333	0.454466667	0.492916667	0.536083333	0.575433333	0.60495	0.622166667	0.63135	0.636016667	0.637783333	0.636166667	0.632766667	0.62775	0.622	0.616116667	0.611133333	0.607166667	0.603133333	0.59995	0.5971	0.594316667	0.589916667	0.58315	0.575716667	0.5684	0.55995	0.552033333	0.545533333	0.539683333	0.5365	0.53595	0.538766667	0.542283333	0.54145	0.531783333	0.515683333	0.495433333	0.473583333	0.452816667	0.433483333	0.415133333	0.3989	0.38615	0.374816667
141	0.3137	0.31255	0.315083333	0.3239	0.342	0.366716667	0.3911	0.410683333	0.426183333	0.4372	0.44	0.43295	0.420533333	0.40755	0.397083333	0.389633333	0.38475	0.3804	0.375666667	0.371966667	0.371066667	0.375216667	0.386233333	0.403116667	0.423366667	0.444933333	0.4659	0.48575	0.511633333	0.549533333	0.592316667	0.6311	0.659766667	0.676033333	0.684366667	0.688483333	0.690033333	0.688516667	0.685483333	0.680983333	0.6758	0.670466667	0.665966667	0.6625	0.658866667	0.65605	0.653533333	0.65115	0.6471	0.640766667	0.633616667	0.6265	0.618483333	0.6109	0.604766667	0.599266667	0.596533333	0.596583333	0.59985	0.603366667	0.602666667	0.593933333	0.578383333	0.5586	0.5373	0.517833333	0.498783333	0.4813	0.466483333	0.453816667	0.442266667
142	0.314566667	0.313383333	0.31585	0.324333333	0.342116667	0.366516667	0.390716667	0.4102	0.4257	0.4367	0.439516667	0.432416667	0.41985	0.406733333	0.39615	0.38865	0.3837	0.379333333	0.374533333	0.370783333	0.369883333	0.373933333	0.384883333	0.401716667	0.422016667	0.443666667	0.464783333	0.484883333	0.51115	0.549766667	0.593533333	0.633533333	0.66335	0.68035	0.689133333	0.693433333	0.69505	0.693583333	0.690516667	0.686016667	0.68075	0.6753	0.670683333	0.667083333	0.663316667	0.6604	0.657833333	0.6554	0.651233333	0.644716667	0.637383333	0.630066667	0.6217	0.61385	0.607416667	0.601766667	0.59905	0.599066667	0.602616667	0.6066	0.606183333	0.5975	0.581833333	0.561983333	0.540466667	0.520583333	0.501566667	0.483783333	0.468833333	0.455983333	0.444083333
151	0.23365	0.2334	0.237083333	0.246966667	0.265816667	0.290566667	0.31415	0.33275	0.347366667	0.35785	0.360783333	0.354916667	0.344383333	0.333433333	0.32475	0.318683333	0.31475	0.311283333	0.307533333	0.304766667	0.304566667	0.30885	0.319333333	0.3348	0.353	0.372283333	0.391166667	0.409366667	0.433916667	0.470266667	0.511383333	0.549516667	0.578816667	0.59625	0.60555	0.61015	0.611866667	0.610316667	0.606966667	0.602083333	0.596466667	0.59065	0.585616667	0.5817	0.577766667	0.574666667	0.571883333	0.56925	0.56495	0.558266667	0.550666667	0.543166667	0.534883333	0.527116667	0.5208	0.515183333	0.512266667	0.511883333	0.51465	0.517916667	0.516883333	0.507216667	0.491083333	0.4706	0.44885	0.428166667	0.408883333	0.39075	0.375166667	0.362566667	0.35105
152	0.231133333	0.230866667	0.234383333	0.24395	0.262366667	0.286533333	0.309566667	0.327733333	0.342033333	0.3523	0.3552	0.3494	0.33905	0.328333333	0.319733333	0.3137	0.309783333	0.3063	0.302533333	0.299783333	0.29965	0.303833333	0.314116667	0.32935	0.347316667	0.36635	0.38495	0.4029	0.427166667	0.4631	0.5038	0.541533333	0.57055	0.587816667	0.596983333	0.601583333	0.60325	0.601633333	0.5983	0.593333333	0.587666667	0.581866667	0.5769	0.572933333	0.569066667	0.565916667	0.56315	0.560566667	0.556316667	0.549616667	0.542016667	0.534583333	0.526333333	0.5187	0.51245	0.506883333	0.5041	0.503766667	0.5066	0.5099	0.50915	0.499966667	0.484533333	0.464866667	0.44375	0.423966667	0.40485	0.38735	0.372216667	0.359483333	0.3484
161	0.218211111	0.217388889	0.2198	0.227133333	0.242011111	0.262233333	0.281433333	0.296122222	0.3077	0.316444444	0.319233333	0.3144	0.305211111	0.295422222	0.287555556	0.281877778	0.278011111	0.274511111	0.270833333	0.268211111	0.267755556	0.271088889	0.279855556	0.292777778	0.307822222	0.323944444	0.340077778	0.356077778	0.378566667	0.4126	0.451888889	0.489311111	0.519033333	0.537555556	0.547622222	0.552488889	0.554	0.551877778	0.547455556	0.541322222	0.5345	0.527655556	0.521955556	0.517533333	0.513388889	0.510111111	0.507088889	0.5042	0.499644444	0.492666667	0.484922222	0.477222222	0.468722222	0.461011111	0.454777778	0.449255556	0.446322222	0.445866667	0.448688889	0.452666667	0.453977778	0.448	0.435688889	0.4195	0.401122222	0.384333333	0.368222222	0.3534	0.340655556	0.330022222	0.320388889
162	0.217077778	0.216288889	0.2187	0.226155556	0.241255556	0.261688889	0.281022222	0.295844444	0.307555556	0.316333333	0.319111111	0.314222222	0.304933333	0.295122222	0.287188889	0.281488889	0.277544444	0.274011111	0.270277778	0.267655556	0.267211111	0.2706	0.279488889	0.292544444	0.307777778	0.3241	0.340344444	0.3565	0.379277778	0.413655556	0.453466667	0.491533333	0.521833333	0.540755556	0.551022222	0.555933333	0.557433333	0.555177778	0.550666667	0.544388889	0.537355556	0.530355556	0.5245	0.520022222	0.515855556	0.512511111	0.509366667	0.506388889	0.501744444	0.494633333	0.486677778	0.478888889	0.470277778	0.462366667	0.456033333	0.450433333	0.447511111	0.446988889	0.449788889	0.453844444	0.4552	0.449033333	0.436477778	0.420033333	0.401555556	0.3844	0.368066667	0.353111111	0.340322222	0.329322222	0.319644444
181	0.238666667	0.236966667	0.23815	0.243283333	0.254666667	0.270833333	0.287516667	0.30155	0.313066667	0.321533333	0.323833333	0.31865	0.309333333	0.299366667	0.29115	0.285116667	0.280983333	0.277116667	0.2727	0.268883333	0.266733333	0.268116667	0.274616667	0.2855	0.299533333	0.315683333	0.33185	0.346716667	0.36615	0.394966667	0.429333333	0.464533333	0.494916667	0.5151	0.52635	0.532033333	0.53425	0.5331	0.530083333	0.525533333	0.520133333	0.51445	0.5097	0.506066667	0.5027	0.500133333	0.49795	0.495816667	0.491816667	0.485166667	0.477533333	0.470016667	0.461733333	0.4541	0.447983333	0.442616667	0.44025	0.440783333	0.44505	0.450633333	0.453716667	0.449983333	0.44075	0.428233333	0.413366667	0.3996	0.3861	0.37365	0.362683333	0.353566667	0.3451
182	0.23346	0.23178	0.23282	0.23764	0.24838	0.26372	0.27972	0.29308	0.30404	0.31214	0.31428	0.30922	0.30016	0.29042	0.28242	0.2765	0.2724	0.26858	0.26422	0.26042	0.2583	0.25956	0.26582	0.27644	0.28994	0.30556	0.32132	0.33586	0.35498	0.38338	0.41716	0.45178	0.48174	0.50174	0.51294	0.51864	0.52088	0.51972	0.51672	0.5123	0.50698	0.50132	0.49648	0.4928	0.48938	0.48682	0.48458	0.48252	0.47852	0.47196	0.46446	0.45702	0.4489	0.44132	0.4353	0.43022	0.42798	0.4286	0.4328	0.4384	0.44162	0.43836	0.42988	0.41794	0.4037	0.39058	0.37768	0.36568	0.35532	0.34642	0.33838
191	0.222533333	0.220933333	0.222466667	0.2289	0.242666667	0.261916667	0.280783333	0.29575	0.307783333	0.31685	0.3196	0.314233333	0.3043	0.293716667	0.28515	0.279016667	0.274783333	0.270966667	0.266733333	0.263466667	0.262283333	0.264966667	0.2732	0.285933333	0.301333333	0.318216667	0.335133333	0.351616667	0.373983333	0.407616667	0.44715	0.485983333	0.517633333	0.537633333	0.548566667	0.553833333	0.555683333	0.553883333	0.549966667	0.544266667	0.537816667	0.531233333	0.525683333	0.5214	0.517383333	0.51425	0.511466667	0.508766667	0.504233333	0.4971	0.48895	0.480983333	0.472233333	0.464116667	0.457633333	0.451966667	0.4492	0.4492	0.453133333	0.458866667	0.462483333	0.458933333	0.44925	0.43575	0.4199	0.4051	0.390733333	0.37725	0.365433333	0.35515	0.3459
201	0.27075	0.269033333	0.2702	0.275816667	0.288316667	0.30565	0.32235	0.335133333	0.3451	0.352066667	0.35315	0.34725	0.337766667	0.328066667	0.32015	0.3142	0.310016667	0.30615	0.302166667	0.2994	0.298783333	0.301766667	0.309966667	0.32215	0.336383333	0.351566667	0.3669	0.38255	0.40525	0.439666667	0.47885	0.515016667	0.542766667	0.559466667	0.568366667	0.5727	0.574016667	0.571816667	0.567516667	0.561583333	0.554916667	0.548116667	0.542333333	0.537633333	0.533066667	0.529266667	0.525833333	0.522766667	0.518116667	0.5112	0.503566667	0.496133333	0.488033333	0.480383333	0.4743	0.468833333	0.466216667	0.4663	0.469833333	0.474583333	0.477466667	0.474716667	0.467516667	0.457433333	0.4455	0.434033333	0.422566667	0.411316667	0.40155	0.3931	0.385533333
202	0.256433333	0.254816667	0.25625	0.26225	0.275266667	0.293333333	0.310566667	0.323883333	0.33425	0.341566667	0.3429	0.3371	0.327533333	0.3178	0.30985	0.303933333	0.299816667	0.296033333	0.292233333	0.289633333	0.289133333	0.292383333	0.300866667	0.313466667	0.32815	0.343833333	0.35965	0.3758	0.399166667	0.434566667	0.474866667	0.512283333	0.541016667	0.558416667	0.567816667	0.572383333	0.57385	0.571716667	0.5674	0.561333333	0.55455	0.547666667	0.541766667	0.53695	0.532433333	0.528683333	0.525233333	0.52205	0.517283333	0.510216667	0.50235	0.494716667	0.4864	0.47865	0.472416667	0.466766667	0.46405	0.464066667	0.467783333	0.472583333	0.475333333	0.472	0.464	0.452816667	0.439516667	0.426883333	0.414166667	0.401983333	0.391383333	0.381983333	0.3737
211	0.261116667	0.260983333	0.265433333	0.277666667	0.300816667	0.331033333	0.359433333	0.38155	0.398933333	0.411416667	0.415233333	0.408783333	0.39655	0.383733333	0.373616667	0.36675	0.362366667	0.358583333	0.35455	0.351816667	0.3523	0.358066667	0.371	0.389833333	0.411833333	0.43465	0.45665	0.477933333	0.506233333	0.547683333	0.594266667	0.636566667	0.667716667	0.685683333	0.695016667	0.699566667	0.701283333	0.699683333	0.696133333	0.6908	0.68475	0.678666667	0.673316667	0.6691	0.664983333	0.66165	0.658583333	0.655683333	0.651133333	0.644233333	0.6363	0.628183333	0.619333333	0.610933333	0.604016667	0.597766667	0.59445	0.593816667	0.596533333	0.5991	0.596383333	0.583583333	0.5627	0.537016667	0.50985	0.484683333	0.461116667	0.439416667	0.4215	0.4064	0.393166667
212	0.269833333	0.269766667	0.2741	0.286066667	0.308966667	0.3388	0.3669	0.3889	0.406166667	0.418466667	0.4222	0.415833333	0.403733333	0.391033333	0.381	0.3742	0.369833333	0.366066667	0.362	0.3593	0.359733333	0.3654	0.3782	0.396766667	0.418466667	0.441033333	0.4628	0.4838	0.5117	0.552533333	0.598333333	0.639766667	0.6702	0.687666667	0.696866667	0.7014	0.7031	0.701533333	0.698133333	0.693	0.687133333	0.6812	0.676	0.671833333	0.667766667	0.664533333	0.6616	0.658733333	0.6543	0.647466667	0.6397	0.631833333	0.623166667	0.615	0.6083	0.6023	0.599	0.5984	0.601	0.6035	0.6008	0.588266667	0.567733333	0.5425	0.515633333	0.4908	0.467666667	0.446266667	0.4286	0.414	0.400366667
221	0.225	0.225877778	0.231655556	0.245822222	0.2714	0.304011111	0.334566667	0.358533333	0.377477778	0.391222222	0.395888889	0.389577778	0.377333333	0.3645	0.354477778	0.347811111	0.343822222	0.340366667	0.336511111	0.333888889	0.334522222	0.340611111	0.353955556	0.373488889	0.396433333	0.420277778	0.443244444	0.465266667	0.494144444	0.536277778	0.584211111	0.628244444	0.661155556	0.680455556	0.690577778	0.695622222	0.697666667	0.6963	0.692944444	0.687911111	0.682133333	0.6762	0.671044444	0.6669	0.662877778	0.659588889	0.656622222	0.653766667	0.6493	0.642233333	0.634122222	0.626055556	0.617088889	0.608522222	0.601555556	0.595322222	0.591933333	0.591188889	0.593433333	0.594922222	0.589411111	0.572011111	0.545455556	0.513466667	0.480444444	0.450088889	0.422844444	0.398022222	0.3774	0.360566667	0.3465
222	0.223616667	0.224483333	0.230233333	0.244266667	0.269766667	0.302266667	0.332766667	0.3566	0.375516667	0.389183333	0.3938	0.3876	0.375366667	0.3626	0.352583333	0.346	0.342033333	0.338566667	0.334716667	0.332133333	0.3328	0.338816667	0.3521	0.371516667	0.3943	0.41795	0.440833333	0.46265	0.49125	0.53295	0.580216667	0.6236	0.655866667	0.674666667	0.684566667	0.6895	0.6915	0.69015	0.68685	0.6819	0.676216667	0.670383333	0.665266667	0.661116667	0.65715	0.654	0.651183333	0.648466667	0.643983333	0.637116667	0.629233333	0.621233333	0.612366667	0.60395	0.597016667	0.59085	0.587466667	0.586683333	0.58895	0.5905	0.585333333	0.567966667	0.5416	0.510116667	0.477416667	0.447216667	0.419966667	0.3956	0.374966667	0.358416667	0.343883333
231	0.265083333	0.264816667	0.268783333	0.279733333	0.30035	0.327133333	0.353066667	0.374066667	0.390716667	0.402433333	0.40595	0.3997	0.387833333	0.375333333	0.3654	0.3587	0.35445	0.350716667	0.346533333	0.343133333	0.342383333	0.3464	0.357	0.373166667	0.392766667	0.413733333	0.43385	0.452516667	0.47645	0.510266667	0.547533333	0.581233333	0.606133333	0.62025	0.627516667	0.63115	0.632516667	0.631233333	0.628716667	0.624916667	0.620466667	0.615783333	0.611916667	0.608833333	0.605783333	0.603333333	0.601183333	0.5992	0.595833333	0.59035	0.584066667	0.577916667	0.570866667	0.564166667	0.5588	0.553966667	0.551683333	0.551716667	0.554466667	0.55695	0.555066667	0.544266667	0.52685	0.504666667	0.480866667	0.45875	0.438466667	0.419683333	0.403983333	0.390983333	0.379866667
232	0.260783333	0.260466667	0.26425	0.2747	0.294316667	0.319783333	0.344483333	0.364316667	0.38005	0.3913	0.39465	0.388666667	0.3774	0.36545	0.35595	0.349483333	0.3454	0.341816667	0.3377	0.334383333	0.33365	0.337466667	0.347583333	0.363016667	0.38165	0.401633333	0.420866667	0.438883333	0.46215	0.495166667	0.531716667	0.564866667	0.58945	0.6034	0.610533333	0.614083333	0.61535	0.614033333	0.611366667	0.60745	0.602933333	0.598216667	0.5942	0.591066667	0.588033333	0.5855	0.5833	0.5813	0.577916667	0.572333333	0.565966667	0.559816667	0.552866667	0.54625	0.54095	0.536166667	0.53395	0.534083333	0.5369	0.539516667	0.538033333	0.528183333	0.511916667	0.491166667	0.468766667	0.448	0.4285	0.410583333	0.395766667	0.383066667	0.372316667
241	0.224616667	0.223466667	0.2254	0.231783333	0.245016667	0.2635	0.282283333	0.29765	0.310266667	0.3198	0.323	0.318116667	0.30845	0.297916667	0.2893	0.2832	0.279016667	0.275133333	0.270766667	0.267116667	0.265466667	0.267516667	0.275033333	0.287283333	0.302666667	0.319966667	0.3371	0.353	0.37385	0.404466667	0.44045	0.476333333	0.50615	0.52505	0.535183333	0.54	0.5416	0.540033333	0.5367	0.53185	0.526316667	0.520683333	0.515966667	0.51235	0.50905	0.506516667	0.504316667	0.502033333	0.498033333	0.491416667	0.483866667	0.476333333	0.468166667	0.460566667	0.454533333	0.44925	0.446783333	0.447016667	0.450916667	0.45595	0.458233333	0.45315	0.442066667	0.427433333	0.41035	0.3945	0.379183333	0.36505	0.353083333	0.342133333	0.3329
242	0.227416667	0.226216667	0.228166667	0.23455	0.247783333	0.266216667	0.284933333	0.300266667	0.3129	0.322483333	0.325766667	0.3209	0.311216667	0.300666667	0.292016667	0.285883333	0.281733333	0.277833333	0.273466667	0.2699	0.268266667	0.270283333	0.277733333	0.28995	0.305266667	0.322516667	0.33965	0.35565	0.3765	0.407166667	0.443216667	0.479266667	0.50915	0.528066667	0.53825	0.543066667	0.544683333	0.543116667	0.5398	0.534983333	0.5295	0.523816667	0.519083333	0.515516667	0.51225	0.509716667	0.507516667	0.505316667	0.501316667	0.4947	0.48715	0.479666667	0.471466667	0.46385	0.45775	0.452366667	0.4499	0.450183333	0.454116667	0.459266667	0.461816667	0.456833333	0.445766667	0.430966667	0.413983333	0.398133333	0.382766667	0.3686	0.356433333	0.34575	0.3363
251	0.284266667	0.284716667	0.2909	0.306983333	0.3367	0.375166667	0.4122	0.442183333	0.46645	0.484016667	0.49	0.4822	0.466633333	0.45025	0.4376	0.429483333	0.42465	0.420466667	0.415616667	0.412016667	0.412233333	0.418966667	0.434483333	0.4579	0.486433333	0.516566667	0.545383333	0.572183333	0.605566667	0.653466667	0.708083333	0.7584	0.795383333	0.816183333	0.826783333	0.8321	0.834483333	0.833833333	0.831633333	0.827733333	0.822966667	0.8179	0.8133	0.809566667	0.805816667	0.8028	0.80025	0.797633333	0.793183333	0.78605	0.777566667	0.768933333	0.759383333	0.75	0.742083333	0.734933333	0.73095	0.730266667	0.733	0.73435	0.726383333	0.7029	0.6683	0.6281	0.587783333	0.5512	0.518633333	0.4895	0.4654	0.445666667	0.4288
252	0.278016667	0.278483333	0.284716667	0.300883333	0.330616667	0.369016667	0.406	0.43595	0.460166667	0.477833333	0.4839	0.47615	0.46055	0.444183333	0.43155	0.4235	0.418666667	0.414533333	0.409716667	0.406133333	0.406383333	0.413083333	0.4286	0.451983333	0.4805	0.510783333	0.539666667	0.566733333	0.600483333	0.649166667	0.7052	0.757533333	0.796633333	0.818916667	0.83035	0.836183333	0.8389	0.838283333	0.835833333	0.831683333	0.826666667	0.821316667	0.816366667	0.8124	0.808516667	0.80545	0.802816667	0.800033333	0.795316667	0.78785	0.779016667	0.76995	0.759883333	0.750066667	0.74165	0.734233333	0.730083333	0.729266667	0.732233333	0.733983333	0.7261	0.70185	0.666083333	0.6249	0.583583333	0.546283333	0.512966667	0.483516667	0.459183333	0.43915	0.4222
261	0.243	0.24295	0.247	0.257616667	0.277783333	0.30425	0.32945	0.3492	0.36495	0.376433333	0.380216667	0.374533333	0.363533333	0.351916667	0.342666667	0.3363	0.332216667	0.328616667	0.324616667	0.32185	0.3218	0.3265	0.337716667	0.35435	0.374033333	0.394766667	0.414866667	0.434116667	0.459716667	0.497183333	0.539483333	0.5787	0.60855	0.626183333	0.635433333	0.639966667	0.641566667	0.639883333	0.63635	0.63115	0.625266667	0.619316667	0.614216667	0.610283333	0.606483333	0.603483333	0.6008	0.598166667	0.593866667	0.587166667	0.579516667	0.571933333	0.563533333	0.555616667	0.5492	0.543416667	0.5404	0.54	0.542783333	0.545833333	0.5443	0.533266667	0.51485	0.492016667	0.46735	0.4444	0.422916667	0.40325	0.38655	0.3728	0.360633333
262	0.242	0.241966667	0.245916667	0.256333333	0.276133333	0.302183333	0.327	0.346533333	0.362066667	0.373383333	0.37705	0.371366667	0.3604	0.348883333	0.339616667	0.333266667	0.3292	0.325566667	0.321566667	0.318733333	0.318716667	0.323316667	0.334416667	0.350916667	0.3704	0.391016667	0.410983333	0.430116667	0.455633333	0.4931	0.5353	0.574466667	0.604333333	0.621933333	0.631083333	0.635516667	0.6371	0.6354	0.63185	0.6268	0.621016667	0.61505	0.6099	0.6059	0.60215	0.599133333	0.5964	0.593733333	0.589416667	0.5827	0.57505	0.567433333	0.559083333	0.551216667	0.544783333	0.53905	0.53605	0.53565	0.538416667	0.541433333	0.5398	0.528683333	0.510533333	0.48785	0.46335	0.440616667	0.419566667	0.4001	0.383483333	0.37	0.357816667
