11	0.206059068	0.205923874	0.209378511	0.221022439	0.246987367	0.283714202	0.32105779	0.352836856	0.379106619	0.398374002	0.40723935	0.40373502	0.389667901	0.37235653	0.35940715	0.351152715	0.346171445	0.342758964	0.338752303	0.335061303	0.334639787	0.34016314	0.353630936	0.376117673	0.405445095	0.437109944	0.466684331	0.491463299	0.519006073	0.557426734	0.607656918	0.659490721	0.700236718	0.72678493	0.74159875	0.74913727	0.752248012	0.752384891	0.750875271	0.748042257	0.74396352	0.738852675	0.73370699	0.729857946	0.726300316	0.723535792	0.721214326	0.717857677	0.713561228	0.707191846	0.698839049	0.689585838	0.679895508	0.670482733	0.661766741	0.654592506	0.649486297	0.647046101	0.646439444	0.641085405	0.62308208	0.591242206	0.552648441	0.51472822	0.476388408	0.43906376	0.405470514	0.376651386	0.352086942	0.33198603	0.315770033
12	0.206737537	0.206673626	0.210118905	0.221594847	0.247009186	0.2829063	0.319136562	0.349899178	0.375320116	0.393844773	0.402342496	0.39876477	0.385116376	0.368388908	0.35573686	0.347740812	0.342921258	0.339724776	0.335834694	0.332248062	0.331805077	0.337182021	0.350244148	0.372141618	0.400640799	0.431340962	0.459856711	0.483805713	0.510378175	0.547439384	0.595786175	0.645534887	0.684687771	0.710377579	0.724608011	0.731895782	0.73493137	0.734900678	0.733262449	0.73046343	0.726349052	0.721273521	0.716225387	0.712363524	0.708893736	0.706107781	0.703833343	0.700510882	0.696272695	0.690105365	0.681916209	0.67284618	0.66335133	0.65426961	0.645824037	0.638807827	0.633948454	0.632005473	0.631995358	0.627322761	0.610347929	0.580153954	0.543474584	0.507730982	0.471058405	0.435227822	0.402229605	0.374083978	0.350900179	0.331991516	0.315374272
21	0.211618589	0.211345376	0.214628456	0.226254011	0.252135599	0.289004743	0.326621722	0.358423262	0.384726379	0.404393499	0.414011859	0.4111728	0.39755744	0.380369885	0.367237179	0.358767149	0.353644147	0.349968644	0.345385718	0.341092153	0.339981161	0.34492682	0.358002892	0.380178873	0.409224972	0.44075083	0.469972093	0.493733202	0.519461196	0.555016906	0.601766999	0.650758258	0.69011021	0.716266037	0.730687648	0.737904206	0.740947055	0.740749203	0.738878759	0.735868353	0.731498469	0.726394844	0.721530012	0.717886254	0.714621209	0.712112066	0.710145642	0.707060771	0.703030719	0.697029967	0.689022754	0.680151061	0.670865716	0.662000151	0.653616824	0.646571714	0.641592564	0.639527447	0.639215629	0.633963297	0.616298632	0.585403291	0.547728796	0.510805937	0.473402686	0.437024344	0.404319568	0.37629247	0.35291328	0.333765602	0.317721427
22	0.214874726	0.214579009	0.217886171	0.22956202	0.255429782	0.292146359	0.32933115	0.360576993	0.386447821	0.405651869	0.415026815	0.412152397	0.398724955	0.381858863	0.36898593	0.360586448	0.355540842	0.351878309	0.347370573	0.343140639	0.341984267	0.34696708	0.359955769	0.381922016	0.410527062	0.441515864	0.46999701	0.493200199	0.518175521	0.552543317	0.597052105	0.643046637	0.679461164	0.703474954	0.716762094	0.723390302	0.726154153	0.725850388	0.723963869	0.721096891	0.716897819	0.712124322	0.707514477	0.703991591	0.700919673	0.698619183	0.696775476	0.693834954	0.690120959	0.684430445	0.676938458	0.668651358	0.659989256	0.651671162	0.643798809	0.637154542	0.63249301	0.63055273	0.630084176	0.624840562	0.607751878	0.578195417	0.542368801	0.507116594	0.470919113	0.436010706	0.404145616	0.377069474	0.353761373	0.334657631	0.318640976
31	0.170722363	0.170568812	0.173546844	0.18364817	0.206022169	0.237839581	0.270359674	0.298213266	0.321511475	0.338801514	0.346862771	0.343554062	0.330545188	0.31472094	0.302943174	0.295276918	0.290804849	0.287851655	0.284148029	0.280607626	0.279742121	0.284359571	0.296220672	0.316055217	0.342117422	0.370890874	0.397911955	0.420715311	0.446078115	0.481882291	0.529565316	0.58140408	0.624794729	0.654601151	0.671427554	0.680007032	0.683629698	0.683602005	0.681378241	0.677745781	0.672579414	0.666840946	0.661241212	0.656677606	0.652732808	0.649817506	0.647433972	0.643921004	0.639254093	0.632158378	0.62292471	0.612821879	0.602455514	0.592535041	0.583378608	0.575848336	0.571004334	0.569677191	0.570916365	0.568747241	0.555188239	0.528900808	0.495936485	0.462892304	0.428716056	0.395606398	0.365271451	0.338558021	0.316524595	0.29764651	0.281990976
32	0.173724414	0.1735358	0.176489163	0.186453689	0.208439004	0.239660323	0.271333095	0.298311686	0.320842052	0.33754779	0.345426292	0.342249911	0.329470591	0.313974025	0.302397092	0.294761526	0.290342224	0.287414692	0.283757221	0.280308078	0.279504493	0.284185576	0.295885908	0.315398734	0.340984123	0.369266129	0.395815054	0.418189658	0.443324353	0.478901659	0.525738628	0.576497687	0.618821324	0.647487423	0.663544407	0.671795988	0.67512972	0.674970756	0.672637822	0.668756257	0.663489126	0.657788849	0.652165757	0.647469767	0.643588651	0.64073417	0.638426737	0.634936708	0.630109026	0.623040587	0.614051715	0.604173275	0.593966448	0.584295223	0.575440002	0.568200088	0.563584293	0.562562082	0.564352312	0.562925682	0.550511932	0.525492914	0.493837744	0.461854856	0.428949563	0.396822993	0.3669294	0.341048818	0.319361778	0.301080132	0.285441197
41	0.208396454	0.208071882	0.211330621	0.222676994	0.247944559	0.283761426	0.320695167	0.352818963	0.379839077	0.399898371	0.409123224	0.405339484	0.390305005	0.372129433	0.358450385	0.349395056	0.344208984	0.340628518	0.336245659	0.331921002	0.330548159	0.335378452	0.348533212	0.370983795	0.400814286	0.434111298	0.465439213	0.491657122	0.520309366	0.560541375	0.613755097	0.671232243	0.718502004	0.75000077	0.767280323	0.776000597	0.779724671	0.779897877	0.777860378	0.774540669	0.76960314	0.764051555	0.758490892	0.753829191	0.749849371	0.746871303	0.744461954	0.740973337	0.735953949	0.728489776	0.718927002	0.708268983	0.697247344	0.686496019	0.676571589	0.668563574	0.663428593	0.662134296	0.663390285	0.659720705	0.642429998	0.609953233	0.570254218	0.531258039	0.491911885	0.453422168	0.419072442	0.389350857	0.364542922	0.3437599	0.326693037
42	0.215553901	0.215211983	0.218509227	0.229971479	0.255573964	0.29195339	0.329536456	0.3622718	0.389787701	0.41015747	0.419512896	0.415707101	0.4003693	0.381840658	0.367920402	0.358648079	0.353374535	0.349710502	0.345241242	0.340813635	0.33943196	0.344309004	0.357662012	0.380498697	0.410871169	0.444793407	0.476724666	0.503355068	0.532574686	0.573546542	0.627568422	0.685687843	0.733169645	0.764489824	0.781577879	0.790242783	0.793879491	0.793976398	0.791975818	0.788660823	0.783817081	0.778306381	0.772815347	0.768174353	0.7642414	0.761251724	0.75887764	0.755276631	0.750202575	0.742752966	0.733166298	0.722500271	0.711409918	0.700680929	0.690767034	0.682723166	0.677564902	0.676181012	0.677225356	0.67312263	0.654939059	0.621575808	0.581114824	0.541168707	0.501025034	0.462268414	0.427186638	0.396709578	0.371826658	0.351149307	0.333610244
51	0.1593285	0.158428733	0.159943592	0.166383687	0.182102822	0.205001263	0.227069264	0.244211998	0.257619625	0.267461534	0.272148486	0.2697503	0.260782672	0.250364303	0.242582467	0.237159763	0.233693689	0.231115119	0.228415149	0.22638579	0.226557201	0.230837941	0.240220281	0.254828143	0.272738129	0.29157614	0.30891124	0.324438964	0.343843402	0.372898017	0.410689804	0.450377862	0.482469283	0.5038361	0.515677021	0.521573586	0.523636887	0.522252741	0.518230017	0.512723446	0.506137596	0.499339848	0.492967596	0.487683612	0.483488112	0.480115139	0.477050738	0.473162788	0.468444306	0.462221705	0.454469614	0.446025827	0.437478523	0.429699901	0.422743436	0.41723362	0.413769819	0.412854916	0.414405142	0.415176702	0.410345005	0.3987737	0.382647717	0.365260954	0.346868379	0.32837147	0.311210484	0.295174263	0.280736591	0.26844419	0.257627228
52	0.160797851	0.159917096	0.161441045	0.168020678	0.18411212	0.207598797	0.23005027	0.247480288	0.261108214	0.271182914	0.276004885	0.273544999	0.264463945	0.253734585	0.245788743	0.240242759	0.236741941	0.23411589	0.231460358	0.229513431	0.229737184	0.234213469	0.243884216	0.25873366	0.276891094	0.296068083	0.313688614	0.329410186	0.349093764	0.378368597	0.416230284	0.455399051	0.486753699	0.507599612	0.519051644	0.524781851	0.526810236	0.525430214	0.521546668	0.516128676	0.509650782	0.502996935	0.496860607	0.491697985	0.487533924	0.484245002	0.481309652	0.47746665	0.47277659	0.46668042	0.459148587	0.450881239	0.44249609	0.434813066	0.427915227	0.422348733	0.41885283	0.417713197	0.41902901	0.41959575	0.41484752	0.403294488	0.38714005	0.370422331	0.351719506	0.332944556	0.314582757	0.298730263	0.284414125	0.272147489	0.260542396
61	0.165056794	0.164664866	0.167449728	0.177076938	0.199189495	0.231024265	0.26290986	0.289493701	0.311382537	0.328136624	0.336734766	0.334538586	0.322560804	0.307880068	0.296851523	0.289504653	0.285164963	0.281774635	0.277799457	0.274362199	0.273595962	0.278066059	0.289496119	0.308601647	0.333200892	0.360017489	0.384963121	0.405997765	0.429614202	0.463609511	0.509229762	0.560242534	0.604150399	0.634866311	0.65251354	0.661605794	0.665294678	0.665031181	0.661875219	0.65701779	0.650776919	0.644163496	0.638019429	0.633051497	0.629135979	0.626249212	0.623812891	0.620079792	0.614894359	0.607587874	0.598294101	0.587904161	0.577219919	0.567185846	0.557981826	0.550466311	0.545436646	0.54341723	0.543945358	0.541662541	0.528782633	0.503510454	0.471481832	0.438744478	0.405514066	0.373492112	0.344047167	0.31874801	0.296867037	0.279255441	0.263708632
62	0.168808124	0.168372627	0.171289255	0.181374607	0.204394531	0.237418944	0.270509969	0.297979904	0.320577763	0.337896445	0.346680188	0.344297021	0.33192734	0.316730344	0.30524887	0.297677494	0.293186484	0.289691736	0.285605044	0.282073884	0.281320584	0.286084115	0.298091579	0.318061915	0.343776219	0.371797947	0.397755821	0.419676404	0.444360302	0.479731007	0.52689639	0.57890788	0.623105905	0.65358501	0.670893982	0.679726765	0.683305253	0.683031185	0.679856416	0.67499211	0.66870838	0.661991711	0.655870447	0.650889615	0.647003624	0.644067718	0.641505845	0.637736293	0.632478043	0.62509524	0.615709229	0.605188752	0.594400918	0.584276242	0.574940518	0.567221763	0.562121267	0.560108938	0.560738217	0.55837012	0.544947249	0.518377937	0.484793967	0.451218308	0.416871612	0.38321108	0.353064651	0.326818822	0.304430848	0.285729875	0.270422241
71	0.137118982	0.136870645	0.139586873	0.148669205	0.168615847	0.196628837	0.224556537	0.247755995	0.266564108	0.280352308	0.286733428	0.283732643	0.27253879	0.259267398	0.249371145	0.242842072	0.238985342	0.236382113	0.233194735	0.230465825	0.230105823	0.234548669	0.245318679	0.262650612	0.284882418	0.309077019	0.331546476	0.351121343	0.373806003	0.406379718	0.449099561	0.494660544	0.532054412	0.557315272	0.571542407	0.578874957	0.581801826	0.581420316	0.578721477	0.574520351	0.569001529	0.563050252	0.557388405	0.55269988	0.548766372	0.545684471	0.543114033	0.539531981	0.534784157	0.528115668	0.519695114	0.510391558	0.500957866	0.49214712	0.484026587	0.477459668	0.473476172	0.472784928	0.475049393	0.475415117	0.467055879	0.447960198	0.423080765	0.397563543	0.370531774	0.343773573	0.318741556	0.296560099	0.27761575	0.26068576	0.246404266
81	0.155521947	0.155051708	0.157772861	0.167375509	0.188910373	0.219693497	0.250825262	0.277043154	0.298724165	0.315153823	0.323326454	0.320695705	0.308518666	0.293754883	0.282713013	0.275471577	0.271222945	0.268118042	0.2642521	0.260745357	0.259888543	0.264284342	0.275590085	0.294417396	0.318928375	0.345913785	0.371042223	0.392425821	0.416545192	0.45117831	0.497927727	0.55023933	0.595324754	0.626769621	0.644817345	0.654103613	0.657836106	0.657646125	0.654657688	0.6499199	0.643698094	0.637139832	0.630969687	0.625894286	0.62189475	0.618924187	0.616353938	0.612542356	0.607259779	0.59975665	0.590152888	0.579438043	0.568518965	0.55834878	0.548998317	0.541365648	0.536442525	0.534968055	0.536541493	0.535588628	0.524173528	0.499927977	0.468704347	0.43713025	0.404812605	0.373336497	0.344124134	0.318587476	0.297284996	0.279269569	0.263997953
82	0.164802104	0.164281917	0.167002459	0.176530081	0.198064591	0.228975618	0.260256666	0.286626445	0.308440297	0.325020372	0.333182482	0.330456235	0.31811605	0.303176571	0.291911425	0.284554627	0.280239897	0.277016104	0.273234676	0.269790354	0.268912527	0.273329335	0.284745649	0.303799133	0.328632047	0.355936532	0.381360323	0.402987299	0.427244655	0.461801356	0.507933847	0.558863287	0.601981643	0.631657422	0.648470163	0.657080514	0.660609897	0.660448555	0.657663058	0.653309438	0.647544952	0.641338788	0.635476344	0.630617077	0.626721264	0.623844467	0.621439469	0.617833772	0.612754498	0.605511519	0.596324865	0.586075617	0.575622619	0.565702926	0.556698261	0.549427691	0.544764148	0.543397828	0.544846226	0.543708446	0.53222765	0.508217093	0.477560111	0.446608743	0.414807744	0.383309643	0.354239888	0.329328564	0.308088097	0.290281487	0.274883968
91	0.114060748	0.113917853	0.11636599	0.124320413	0.142443897	0.168522836	0.193992835	0.214392417	0.230662975	0.242874199	0.248962549	0.24661405	0.236769959	0.225072557	0.216710196	0.211231421	0.207922468	0.205389198	0.202704824	0.200888605	0.201429659	0.206353846	0.216905104	0.233323231	0.253582114	0.27508624	0.295064322	0.313366305	0.336441295	0.371093394	0.41766123	0.468638532	0.511880164	0.542386442	0.560429847	0.569856459	0.573394308	0.572423943	0.567835572	0.561051112	0.552808455	0.544444843	0.536849631	0.530544696	0.525468125	0.52137602	0.517776312	0.513163122	0.507258165	0.499363497	0.489815943	0.479310429	0.468649048	0.458840566	0.449940559	0.442761206	0.43795149	0.43626034	0.43771687	0.43802384	0.430321862	0.412345028	0.388068722	0.362863031	0.336583031	0.310461928	0.286054028	0.264264807	0.245001032	0.228776114	0.215052847
92	0.116780931	0.11665904	0.118697391	0.126615212	0.144356388	0.170052628	0.195480276	0.215808423	0.232218546	0.24471321	0.250681223	0.248403222	0.23870542	0.227175999	0.218750325	0.213577057	0.210246755	0.207857217	0.205344173	0.203565723	0.20416695	0.208712445	0.219262755	0.235338334	0.255086178	0.276369736	0.296436172	0.314162918	0.336331991	0.369985317	0.416725054	0.46821358	0.511986347	0.543681573	0.562852183	0.572667802	0.576193758	0.575701116	0.571906394	0.565384746	0.557016127	0.54847338	0.540462861	0.533759006	0.528684614	0.524810045	0.520925141	0.516437871	0.510470078	0.502268443	0.492423517	0.481590621	0.470857197	0.46118907	0.45250069	0.445282434	0.440044789	0.437637226	0.438978711	0.439853965	0.4322961	0.414092631	0.3901552	0.364479204	0.338292128	0.31232943	0.288121432	0.266033778	0.247033548	0.231203435	0.217293141
101	0.131301711	0.129852422	0.12990186	0.133705964	0.144451237	0.16124905	0.178678907	0.192912352	0.204452366	0.213427479	0.217603539	0.215154498	0.207041475	0.197224699	0.189623708	0.184602919	0.180970905	0.178073855	0.174918027	0.172300861	0.171476498	0.173491819	0.179972739	0.191321063	0.206143841	0.222469824	0.2380463	0.251400677	0.267025466	0.291019457	0.325862562	0.367106525	0.404453105	0.432033222	0.449168958	0.457718513	0.460705424	0.460566336	0.457383389	0.45196585	0.44530046	0.43819835	0.431299169	0.425648299	0.421684172	0.419062363	0.416268914	0.412601407	0.407910135	0.401275166	0.392973226	0.383365057	0.373705853	0.365650549	0.358487889	0.352702409	0.348782091	0.347474252	0.350050604	0.353748629	0.352980938	0.344535475	0.331224924	0.316961462	0.301021107	0.284926521	0.269346425	0.255654263	0.243067503	0.232410821	0.222073318
102	0.134782317	0.133322751	0.133373754	0.137041047	0.147651688	0.164180679	0.181292641	0.195242057	0.206545906	0.215179447	0.219143542	0.216632308	0.208501566	0.198922908	0.191491588	0.186392027	0.182662155	0.179803509	0.176694645	0.174061622	0.173115049	0.175139345	0.181433871	0.19246145	0.207121326	0.223144827	0.238463797	0.251672569	0.267099666	0.290627423	0.324694127	0.364859986	0.401088335	0.427598862	0.443889801	0.452157099	0.454961575	0.454625198	0.451546715	0.446191203	0.439581858	0.432546673	0.425846482	0.420451159	0.416476756	0.413907271	0.411152575	0.407475232	0.402865431	0.396433634	0.388454239	0.379091643	0.369622972	0.361820617	0.354915163	0.349325316	0.345632109	0.344523009	0.347010698	0.35042617	0.349800638	0.341952781	0.329182707	0.315393884	0.300093688	0.284766868	0.270353582	0.256958123	0.245266871	0.235093135	0.225793394
121	0.152899323	0.152535283	0.154420436	0.16170104	0.178922396	0.203638456	0.22746695	0.24584429	0.25985869	0.269825947	0.274022315	0.270826329	0.261725372	0.251389088	0.24359893	0.238355996	0.234822038	0.232387894	0.230195808	0.22902762	0.230304043	0.235559236	0.246114131	0.26204203	0.281477951	0.301318145	0.319656827	0.336972212	0.359671336	0.393623225	0.4382281	0.483758883	0.519662309	0.543555013	0.55738178	0.564143919	0.565961871	0.564402714	0.559997126	0.553196928	0.545118381	0.536817251	0.528999938	0.522628277	0.517567982	0.513724788	0.509799987	0.50520696	0.499990167	0.49324503	0.485257721	0.476061947	0.466789928	0.458854874	0.451743192	0.446065025	0.442091874	0.440634768	0.441815116	0.441775528	0.436091214	0.422392852	0.40365763	0.384083389	0.363220214	0.342064924	0.321546175	0.303964714	0.287715406	0.273320721	0.260327301
122	0.142504016	0.142087052	0.144316196	0.152036666	0.170062401	0.195739378	0.220137451	0.238925821	0.253318829	0.2635556	0.268120842	0.265185711	0.255547127	0.244544754	0.23660608	0.231192744	0.227911232	0.225447154	0.22305208	0.221817555	0.22304334	0.228650456	0.239887872	0.256695838	0.276864771	0.297682206	0.316647235	0.334727121	0.358811886	0.395113153	0.441964114	0.490028389	0.528315998	0.553998706	0.568422185	0.575546274	0.577606588	0.57543052	0.5699273	0.562474719	0.553749288	0.545047256	0.537203739	0.530721953	0.525409187	0.520995704	0.517050253	0.512217389	0.506366765	0.499000707	0.490412619	0.481011573	0.471522043	0.462828913	0.454978421	0.448717603	0.444769735	0.44377877	0.445504761	0.44585702	0.439303237	0.424480797	0.404549921	0.383622189	0.36106204	0.338627667	0.317674892	0.298398668	0.281304408	0.266792105	0.252759904
131	0.166197052	0.165183205	0.16659408	0.173796856	0.191372323	0.216927904	0.242497527	0.263207467	0.279531116	0.291468145	0.296587953	0.293047417	0.282666772	0.270865495	0.2618948	0.25573812	0.25177108	0.249042922	0.246218414	0.244077589	0.244344623	0.248874004	0.259222523	0.27553984	0.296125166	0.317636691	0.33777049	0.355542945	0.377138915	0.408332838	0.44909613	0.491228561	0.524813795	0.547356665	0.560376598	0.567106858	0.569475635	0.569062515	0.566762996	0.562564164	0.556864271	0.550601846	0.54464033	0.539915113	0.535977812	0.533251262	0.530568885	0.526909653	0.522332053	0.516164702	0.508587698	0.499808548	0.490874068	0.482939168	0.475664523	0.469843301	0.4656811	0.463843046	0.464910944	0.465155536	0.459253043	0.444584174	0.424625149	0.403870237	0.382143651	0.360094224	0.339084763	0.319704762	0.303147821	0.288635263	0.276302948
132	0.156747516	0.155700099	0.15729477	0.164522349	0.182374193	0.208429496	0.233957829	0.25444725	0.27070393	0.282535418	0.287861202	0.284728655	0.274062997	0.26173343	0.252684969	0.246579549	0.242862341	0.240035192	0.237030016	0.234810667	0.235059752	0.239933652	0.250718757	0.267599289	0.288521895	0.31056845	0.330779219	0.348897403	0.371167738	0.403617709	0.445366438	0.488584705	0.523273513	0.546573571	0.559816557	0.566652859	0.569208358	0.568369383	0.565038703	0.56015128	0.553972316	0.547665812	0.541862263	0.53701249	0.533078804	0.529860697	0.527064637	0.52331047	0.518436104	0.511989413	0.504097078	0.49529077	0.486295136	0.477940911	0.470200179	0.463866057	0.459757103	0.458594735	0.460400353	0.461072586	0.454756957	0.439594918	0.41913097	0.398095784	0.37562403	0.353351565	0.332104355	0.312817876	0.295168967	0.281163463	0.268576617
141	0.240834484	0.239190921	0.239961958	0.24610792	0.262194326	0.286530446	0.311844641	0.333040633	0.350168886	0.36266376	0.36787347	0.363798847	0.35193507	0.338131261	0.32757972	0.320296049	0.31526646	0.311667542	0.307904457	0.304414282	0.303497301	0.307204575	0.317286751	0.334129982	0.355856262	0.379088271	0.400945219	0.419547079	0.441134677	0.471647558	0.511301634	0.551856983	0.583739705	0.604849981	0.616693437	0.622709818	0.624610402	0.624297389	0.622240932	0.618728648	0.614020443	0.60853078	0.603226031	0.599169732	0.595761572	0.593323763	0.591114079	0.587814076	0.583868069	0.578245729	0.571141916	0.56296887	0.554556397	0.547039947	0.54012286	0.534749089	0.531103194	0.5296363	0.530995819	0.531529533	0.526000969	0.512124438	0.493097521	0.47306613	0.451958102	0.430288501	0.409822812	0.392177987	0.37587433	0.362466814	0.350850731
142	0.239036635	0.237372886	0.238121098	0.244095602	0.259899802	0.283721993	0.308345837	0.328993454	0.345759242	0.357987346	0.363030619	0.359045003	0.347335946	0.333702307	0.323347625	0.316135623	0.31120967	0.307581888	0.303792881	0.300360616	0.299468054	0.303140502	0.313018843	0.329634114	0.351126016	0.374093936	0.395616209	0.414071685	0.435488038	0.465872597	0.505614361	0.546309408	0.578391078	0.59968447	0.611750198	0.617834168	0.619631307	0.619222211	0.617064615	0.613423513	0.608768163	0.603288424	0.597875447	0.593790339	0.590288081	0.58776585	0.585517394	0.58217169	0.578112388	0.572471302	0.565216895	0.557010945	0.54857304	0.540988044	0.53406329	0.528685817	0.525119531	0.523767792	0.525277038	0.526084946	0.520908631	0.507304566	0.488611829	0.469111298	0.448114096	0.426926288	0.407053815	0.389552485	0.373367769	0.360248297	0.348612095
151	0.151623357	0.150999158	0.15295774	0.160276017	0.177230127	0.201559991	0.225679524	0.245409408	0.261183843	0.272610883	0.277609354	0.274621568	0.264989548	0.253695703	0.245358002	0.239722063	0.235863357	0.233218312	0.230400288	0.227939539	0.227875324	0.231875498	0.241213667	0.256440887	0.275858423	0.29617436	0.315147462	0.331564861	0.351001032	0.379330525	0.417198414	0.457124249	0.489684716	0.51207492	0.52513041	0.531742104	0.533753423	0.533158664	0.530463131	0.526239443	0.521142278	0.515246037	0.509385391	0.504934487	0.501213386	0.498416774	0.495870123	0.492299775	0.48803416	0.481999686	0.47434838	0.46594643	0.457274568	0.44956028	0.44267288	0.437095666	0.433271681	0.431645153	0.432855838	0.433353736	0.427485831	0.413212016	0.3941305	0.374328709	0.353363337	0.331718443	0.311239686	0.293058722	0.277619928	0.264078944	0.251942994
152	0.151652192	0.150991628	0.152863735	0.160328304	0.177611757	0.202411408	0.226950194	0.247094714	0.263277363	0.274821267	0.27979138	0.276704138	0.266882256	0.255319958	0.246735988	0.241015622	0.237169369	0.23449752	0.231625535	0.229172368	0.229142846	0.233266421	0.242845603	0.258482956	0.278399447	0.299247776	0.318638288	0.335406334	0.355353426	0.384450534	0.423100207	0.463788569	0.497115723	0.519955889	0.533262468	0.540005971	0.542260114	0.541571746	0.538730447	0.534458127	0.529239616	0.5232607	0.517334435	0.512821346	0.509108448	0.506168995	0.503530941	0.49994147	0.495576746	0.489450811	0.481651426	0.473109664	0.464389386	0.456479524	0.44950144	0.443808218	0.439793732	0.438398716	0.43984185	0.44027329	0.43405592	0.419076712	0.399554694	0.378998512	0.356936121	0.334945695	0.314023575	0.295316955	0.279174396	0.265658273	0.252762017
161	0.139993318	0.138807202	0.13967119	0.144887138	0.15791257	0.177470877	0.196730779	0.211999124	0.224149935	0.233249016	0.237600448	0.235388747	0.227106177	0.216963346	0.209411739	0.204341497	0.200713428	0.197920238	0.194981007	0.192543394	0.192217421	0.195468968	0.203134235	0.215757499	0.232054375	0.249002144	0.264856756	0.278802276	0.295897506	0.321572221	0.356877569	0.395866016	0.429260846	0.452796978	0.46658777	0.473326796	0.475294849	0.473860033	0.470012802	0.464551167	0.458174251	0.451220877	0.444614186	0.439691231	0.435792414	0.432719593	0.42986024	0.426023675	0.421471049	0.415173561	0.407220311	0.398684631	0.390040327	0.382335844	0.37561801	0.37014955	0.36640694	0.365073966	0.366772735	0.368624999	0.365695363	0.355662674	0.34130107	0.32534331	0.308487435	0.291597511	0.27537815	0.260527823	0.247631643	0.236803591	0.227950636
162	0.138973023	0.13776382	0.138654753	0.143763975	0.156983394	0.176811016	0.196270809	0.211612021	0.223736799	0.232968926	0.237467025	0.235211907	0.226624683	0.216400887	0.2088229	0.203546324	0.200072368	0.197238144	0.194262957	0.19190525	0.191499014	0.194861933	0.202826725	0.215708437	0.231922188	0.24921433	0.265106304	0.279265193	0.296864679	0.3234005	0.359016925	0.398636429	0.432610524	0.456377969	0.470073355	0.476948386	0.479230634	0.477948286	0.473816679	0.467981055	0.460945062	0.453952228	0.447608454	0.442478971	0.438481159	0.435329911	0.432494291	0.428636217	0.42372509	0.417348535	0.409593712	0.400992985	0.392344453	0.38443535	0.37725888	0.371557042	0.367970962	0.36700054	0.369000757	0.371007848	0.367989108	0.35822873	0.343497092	0.32750376	0.310087794	0.292758581	0.276606957	0.261735328	0.248668316	0.238018089	0.227955559
181	0.153033768	0.15096925	0.150756265	0.154429297	0.164546577	0.180484224	0.197535888	0.21246108	0.225176571	0.23457117	0.238812863	0.236275461	0.227657533	0.217077075	0.20903274	0.203471194	0.199563171	0.196576639	0.19293795	0.189290125	0.187355403	0.188730639	0.194390166	0.205304198	0.22075885	0.238088753	0.254623715	0.268058636	0.282545748	0.303707358	0.334619936	0.372647935	0.408544249	0.435589933	0.452038433	0.460345457	0.463461092	0.463065749	0.460552323	0.456649513	0.451491319	0.445530479	0.439866881	0.435702011	0.432440837	0.430003715	0.427947436	0.424926902	0.420876358	0.414682535	0.406645999	0.397956174	0.389209529	0.381176998	0.374150972	0.368552903	0.36502744	0.364710518	0.368238409	0.372111835	0.371356731	0.363562427	0.351140463	0.337718657	0.322726698	0.307562864	0.292594439	0.279541256	0.267481473	0.257124526	0.248158255
182	0.148293251	0.146341257	0.146299847	0.150212101	0.160906586	0.177629011	0.195327821	0.210687938	0.223821952	0.233574278	0.237955299	0.235381801	0.226594	0.215799524	0.207564028	0.201956415	0.198095274	0.19515127	0.191510638	0.187875158	0.185899603	0.187480423	0.193478589	0.204770035	0.220644203	0.238369282	0.255211355	0.268977641	0.283875822	0.305664506	0.337287336	0.375800448	0.411815573	0.438756076	0.454783927	0.462796577	0.465724958	0.46513011	0.462542113	0.458621807	0.453313471	0.447326734	0.441656544	0.43745499	0.434157722	0.431568502	0.429467281	0.426375987	0.422233065	0.416018207	0.407900302	0.399108875	0.390215868	0.382188093	0.374969277	0.369149337	0.365623057	0.365347989	0.368905996	0.372710122	0.371685693	0.363347389	0.350424643	0.336147705	0.320366509	0.304492264	0.289389424	0.276319637	0.264126025	0.253895681	0.244332478
191	0.142906059	0.141043127	0.141367462	0.14645909	0.159891888	0.180588872	0.201554674	0.21873601	0.232836752	0.243493519	0.248606324	0.245957212	0.236440033	0.224773374	0.215990491	0.210125622	0.206181963	0.203182174	0.199669922	0.196585053	0.195650295	0.198667959	0.206745697	0.220436094	0.238390406	0.257680332	0.275767395	0.291406242	0.309715322	0.336753774	0.374347895	0.41684535	0.453892016	0.480367981	0.495769681	0.503370632	0.506046072	0.504935704	0.501504196	0.496544452	0.490329778	0.483602211	0.477292852	0.472510082	0.468672873	0.465643587	0.46302019	0.45941219	0.454861773	0.448160698	0.439666344	0.430512396	0.421257383	0.412760406	0.405152357	0.398976915	0.394988915	0.394142319	0.396990076	0.400289036	0.398895174	0.389811343	0.375485806	0.359731524	0.34222573	0.324967153	0.308214968	0.292921391	0.279843495	0.267836275	0.256875458
201	0.195044171	0.192947822	0.192561999	0.19620396	0.207197542	0.22418119	0.241094365	0.254500589	0.265095396	0.272501699	0.27520636	0.271629291	0.262524419	0.252174864	0.244472444	0.238931893	0.23504709	0.232174602	0.229074867	0.22645598	0.225797975	0.228826505	0.236298338	0.248368412	0.263723388	0.279996593	0.295156499	0.308969186	0.326456365	0.352870525	0.388303597	0.426315781	0.457930744	0.480048805	0.492791436	0.499055619	0.501143927	0.499603494	0.49576859	0.490434583	0.483923582	0.477128867	0.470732228	0.465544827	0.461063821	0.457386646	0.454282399	0.450316143	0.445595284	0.439236253	0.431510715	0.42333628	0.415094026	0.407469692	0.400458874	0.394830285	0.391419355	0.391028856	0.394279625	0.39816757	0.398291203	0.392824445	0.383550934	0.373440287	0.361767576	0.349528837	0.338173144	0.326700676	0.316075981	0.306604307	0.298414822
202	0.180197462	0.178258855	0.17813448	0.182287417	0.194231396	0.212680487	0.230898303	0.2453387	0.256877501	0.265019358	0.268191335	0.264689659	0.255344468	0.244679986	0.236770253	0.231058933	0.227256876	0.224419028	0.221405753	0.218853675	0.218368333	0.221748661	0.229865179	0.242834051	0.259145417	0.276467847	0.292577441	0.307256817	0.325821477	0.353700571	0.390768356	0.430278328	0.462962083	0.485612536	0.498661367	0.505259463	0.507404724	0.505889803	0.501991487	0.496528417	0.489869595	0.483045356	0.476645135	0.471336913	0.466873847	0.463310336	0.460239641	0.456232743	0.451445338	0.444911381	0.437008717	0.428617577	0.420150685	0.41227322	0.404956053	0.399108947	0.395495157	0.395003528	0.398027492	0.401368496	0.400537219	0.393624124	0.382860869	0.370814813	0.357285884	0.343283079	0.330253857	0.317952582	0.306418476	0.296263047	0.28699384
211	0.188642393	0.1878271	0.189711381	0.197902047	0.217420061	0.245526799	0.27314119	0.295296603	0.312994975	0.325819371	0.331602434	0.328305832	0.317017234	0.303735752	0.293981236	0.287286184	0.283150122	0.280183454	0.276951423	0.274308129	0.274415997	0.279551331	0.290885386	0.30868221	0.330827322	0.354174678	0.375590805	0.394495831	0.417190471	0.449778612	0.491373647	0.534087527	0.568234757	0.591139763	0.604030017	0.610494567	0.61287736	0.611880913	0.608580578	0.603874658	0.597904447	0.591687221	0.585804658	0.580897347	0.576745997	0.573525726	0.570754363	0.567070333	0.56247204	0.556049676	0.548120546	0.539497209	0.530629453	0.52225676	0.514632944	0.508385606	0.504302649	0.503182502	0.504543359	0.504207006	0.496559575	0.479964285	0.457707482	0.434808192	0.41063834	0.386408691	0.36398855	0.343364531	0.325787629	0.310904324	0.29739108
212	0.189982477	0.189474611	0.191812548	0.200745058	0.221619121	0.251708169	0.281201317	0.304872926	0.323742208	0.33736065	0.34365312	0.340407196	0.32873962	0.315052089	0.304939685	0.298087087	0.29392538	0.290903929	0.287778599	0.285206795	0.285370602	0.290822555	0.302879243	0.321687697	0.345008228	0.369517862	0.391969799	0.4118047	0.435514702	0.469520546	0.512668263	0.556592406	0.59157128	0.614935551	0.628089083	0.634740262	0.63723351	0.636309182	0.63303887	0.62826829	0.622233846	0.616017632	0.610129369	0.605199191	0.600961966	0.597739475	0.59495822	0.59119977	0.586494159	0.579938426	0.571907562	0.563048283	0.553994581	0.545418748	0.537568643	0.531146168	0.52680175	0.525388063	0.526231113	0.525039157	0.515730025	0.496759111	0.472056329	0.44684976	0.420198313	0.39366182	0.368589197	0.347053123	0.328602154	0.312526451	0.299292082
221	0.147839837	0.148199193	0.151794309	0.162360081	0.185461618	0.217942787	0.249644063	0.275263278	0.295952673	0.311082476	0.318223728	0.315340945	0.303650727	0.2897013	0.279499956	0.2727449	0.268827343	0.26614391	0.263174163	0.260731304	0.261129176	0.266813324	0.279268208	0.298967027	0.323414071	0.349306409	0.373171504	0.394166616	0.419116278	0.454905861	0.500836132	0.548086099	0.585936423	0.611259793	0.625483256	0.632765683	0.635583082	0.634934486	0.631856297	0.627219867	0.621219921	0.614981519	0.609076223	0.604081864	0.599958435	0.596703551	0.593954424	0.590172565	0.585318297	0.578523127	0.570197167	0.560990056	0.551559888	0.542583115	0.534318918	0.527597165	0.522990992	0.521297255	0.521619763	0.518569444	0.505318393	0.48053019	0.449444147	0.418407635	0.386096286	0.354844351	0.326245463	0.301266575	0.279781847	0.262756401	0.24708747
222	0.15544889	0.155827484	0.159484116	0.170354552	0.194211367	0.22763658	0.260247997	0.286786816	0.30807416	0.323556523	0.330902366	0.327940314	0.315959843	0.301812844	0.291418134	0.284557311	0.280623501	0.277846829	0.274747771	0.272198091	0.272484838	0.278253232	0.291034687	0.310953787	0.335779311	0.362063016	0.38620424	0.407312146	0.432221142	0.467855747	0.513424946	0.560290143	0.597784447	0.622801705	0.636929425	0.644248643	0.647191342	0.646722742	0.643867145	0.639468547	0.633719747	0.627688528	0.621935631	0.617106376	0.613041534	0.609878049	0.607249787	0.603615171	0.598852411	0.592276922	0.584171879	0.575206409	0.565896341	0.557101183	0.548955944	0.542336355	0.537884728	0.536155044	0.536092126	0.532459184	0.518499651	0.492898034	0.461158585	0.429184919	0.396182909	0.364347027	0.334590705	0.309683889	0.288850899	0.271641138	0.256092406
231	0.194720775	0.193936963	0.195842079	0.203563176	0.221731323	0.247540148	0.273245613	0.294691192	0.311981446	0.324394542	0.329892842	0.326801512	0.315876459	0.302923671	0.293231421	0.286534572	0.282521356	0.279651987	0.276365398	0.273229696	0.272249315	0.275878996	0.285149469	0.300619565	0.320581638	0.342143672	0.361755604	0.378288388	0.396833617	0.422627454	0.455367356	0.489696942	0.517688435	0.536668252	0.547417466	0.552996596	0.555201895	0.554740985	0.552548911	0.549295325	0.544857179	0.540185473	0.535724684	0.531970235	0.528905716	0.526618052	0.524675945	0.521818299	0.518176324	0.513164772	0.507060454	0.500213567	0.493106397	0.486423709	0.480268289	0.475322898	0.472304854	0.471922602	0.473446577	0.47309685	0.466145975	0.45131008	0.431624594	0.411207339	0.389192716	0.367789312	0.347216691	0.329599966	0.314245173	0.301114322	0.28934154
232	0.191701817	0.191046108	0.193123088	0.201318834	0.220372163	0.247502798	0.274644081	0.29732725	0.315815428	0.329140398	0.335106461	0.33205614	0.320746737	0.307314562	0.297332877	0.290516532	0.286408822	0.283415164	0.280083619	0.276875762	0.276030443	0.279928939	0.289815017	0.306287258	0.327353544	0.350189875	0.371069792	0.388596605	0.408273735	0.435716323	0.470555873	0.506921631	0.536474243	0.556353812	0.567542278	0.573409534	0.575793414	0.575381046	0.573150181	0.569798832	0.565315479	0.560568297	0.556042056	0.552316453	0.54921773	0.5468732	0.544937918	0.542075888	0.53830827	0.533074066	0.526659458	0.519431709	0.511959858	0.504902065	0.498280498	0.492925671	0.489655782	0.488958393	0.490152445	0.489271968	0.480833704	0.463770422	0.441829183	0.418777935	0.394572213	0.371174013	0.349263344	0.329948557	0.313015096	0.298839778	0.286962118
241	0.143991786	0.142425862	0.142890212	0.147256343	0.158699573	0.17627393	0.194603637	0.210211144	0.223294059	0.233283384	0.238339785	0.236322118	0.227448095	0.216619183	0.208475975	0.202671134	0.198873203	0.195829898	0.192342256	0.188958721	0.18727617	0.189152117	0.195613878	0.207370776	0.223257611	0.241165664	0.25780117	0.271598396	0.287070823	0.309734352	0.341208634	0.378735907	0.412881703	0.437547645	0.451801487	0.458878645	0.46138487	0.460595733	0.45752955	0.45311139	0.447400755	0.441589598	0.436227452	0.431881275	0.428615149	0.426275356	0.424209217	0.42102071	0.416682572	0.410517682	0.402976615	0.394665554	0.386279453	0.3784649	0.37139681	0.365904397	0.362733745	0.362488538	0.365496353	0.368776446	0.367418805	0.359076143	0.345722504	0.331570319	0.315276804	0.299311139	0.284528744	0.271173804	0.258773622	0.247655922	0.238340913
242	0.143354157	0.141770102	0.142293621	0.146614283	0.158125077	0.175779073	0.194130949	0.209675048	0.222723046	0.232808547	0.237961804	0.236021459	0.227187274	0.216309506	0.208181703	0.202425058	0.198694568	0.195669889	0.192150921	0.188854742	0.187253444	0.189215003	0.195705855	0.207490611	0.223424815	0.24140203	0.258131605	0.271931947	0.287421655	0.310167007	0.341677283	0.378982465	0.412845595	0.437174804	0.451133172	0.458101289	0.460579441	0.459789739	0.456785426	0.452417633	0.446840504	0.441004903	0.435683774	0.431433188	0.428255477	0.425957077	0.423915837	0.420795667	0.416513982	0.410482316	0.403042535	0.394749896	0.386401661	0.378734764	0.37184275	0.366379549	0.363163483	0.362894089	0.365914275	0.369276913	0.367901887	0.35940179	0.34639649	0.331957655	0.316192814	0.300322369	0.284549424	0.270392732	0.258370431	0.247558396	0.23726126
251	0.199351014	0.199183571	0.202316314	0.213162336	0.237731071	0.272652006	0.307746291	0.337237326	0.361380297	0.379138235	0.387458597	0.384086039	0.37052547	0.354419813	0.342469411	0.334588098	0.33005394	0.326771101	0.322991675	0.319700709	0.319424161	0.325002806	0.338242042	0.359709926	0.38705146	0.416663599	0.444017701	0.467482638	0.494267063	0.532029414	0.580751877	0.631513825	0.671932352	0.698581627	0.713475644	0.721331881	0.724726058	0.724844639	0.722642223	0.719008188	0.71396755	0.708487304	0.703239216	0.69873717	0.69492907	0.692010831	0.689632539	0.686141294	0.681398444	0.674659808	0.666294634	0.656882929	0.647063759	0.637589582	0.62873376	0.621524224	0.616751207	0.615106099	0.615528164	0.611847967	0.596374503	0.568188487	0.533118283	0.498577205	0.463306956	0.428851304	0.397513386	0.370349051	0.347010267	0.328074458	0.312102275
252	0.205348534	0.205179125	0.20863481	0.22020942	0.246225031	0.283101742	0.32008802	0.351101095	0.376484703	0.395059892	0.403723016	0.400160774	0.385983846	0.369064189	0.356487504	0.348217455	0.343489228	0.340096172	0.336181143	0.332786042	0.332548913	0.338407083	0.352345693	0.374978398	0.403822914	0.434956724	0.463735608	0.488327625	0.516438669	0.55592076	0.606451517	0.658335726	0.698960711	0.725214973	0.739671002	0.747211023	0.750483289	0.750562286	0.748355245	0.744827733	0.739914282	0.734517606	0.729334856	0.724900789	0.721101832	0.718146623	0.71568818	0.712132374	0.707348248	0.700734703	0.692361175	0.682877542	0.672948922	0.663411739	0.654530868	0.64726708	0.642427187	0.640745008	0.64084578	0.636377714	0.61936901	0.589071	0.55178489	0.514768859	0.477713178	0.441752467	0.408576119	0.380480796	0.357119733	0.33722745	0.32011883
261	0.162892819	0.162346649	0.16444623	0.172041672	0.189745719	0.215292924	0.240541008	0.261047782	0.277467914	0.289711825	0.295627008	0.293084691	0.282908632	0.270796708	0.261844949	0.255771137	0.252133773	0.249289292	0.246174636	0.243690341	0.243528528	0.247817014	0.257886815	0.274089147	0.294435643	0.316138831	0.336099701	0.353472378	0.374152161	0.404230513	0.443408415	0.485234291	0.519852837	0.543557796	0.557093254	0.564022127	0.566621203	0.565831851	0.562469484	0.557566708	0.551438555	0.545031395	0.539226741	0.534531686	0.530766385	0.527779909	0.52518117	0.521620948	0.516983305	0.510615214	0.502787299	0.494077122	0.485200722	0.476997511	0.469530037	0.463508771	0.459623293	0.45850144	0.459900898	0.459841003	0.452671459	0.436575379	0.415236647	0.392895315	0.36938042	0.345646063	0.323949676	0.30434134	0.287560657	0.272859071	0.260297108
262	0.16126894	0.160790081	0.162960502	0.170795685	0.188896561	0.2150845	0.240899111	0.261773825	0.278490917	0.290992622	0.296986898	0.294469278	0.284231316	0.271977805	0.262907331	0.256698689	0.252939338	0.250064957	0.246893111	0.244390259	0.244291841	0.248736478	0.259041249	0.275533411	0.296179063	0.318171423	0.338285115	0.355756284	0.376524843	0.406530572	0.445346934	0.48645614	0.520204027	0.54318636	0.556240498	0.562885035	0.565318474	0.564497734	0.561210428	0.55637417	0.550363721	0.544183178	0.538508887	0.533887684	0.530137681	0.527289055	0.524779543	0.52118119	0.516630685	0.510492734	0.502901731	0.494399907	0.485696125	0.477607434	0.470291675	0.464367431	0.460576253	0.459471103	0.460690989	0.46035926	0.452671559	0.436282063	0.414767009	0.392104358	0.368119452	0.344411844	0.322788639	0.302930408	0.285675035	0.270496394	0.257767064
