3084	0.295216667	0.295716667	0.30125	0.31615	0.343533333	0.379216667	0.414266667	0.443283333	0.466866667	0.484	0.489783333	0.482	0.466633333	0.45075	0.438433333	0.4304	0.425566667	0.421583333	0.416883333	0.4131	0.41305	0.419416667	0.434116667	0.456466667	0.484383333	0.5141	0.542316667	0.568566667	0.601	0.64705	0.699816667	0.749016667	0.7851	0.8052	0.8151	0.820216667	0.822683333	0.8222	0.820183333	0.816616667	0.812083333	0.806783333	0.802216667	0.799216667	0.7962	0.7931	0.790483333	0.788116667	0.7842	0.777433333	0.7692	0.76105	0.751966667	0.74305	0.735583333	0.7286	0.724483333	0.72375	0.726616667	0.72805	0.7207	0.698033333	0.664283333	0.62515	0.5866	0.550483333	0.51875	0.49065	0.467566667	0.447416667	0.430666667
3123	0.2276	0.22755	0.231983333	0.24445	0.267783333	0.298483333	0.328783333	0.354166667	0.37525	0.391116667	0.397116667	0.390616667	0.376783333	0.3623	0.350933333	0.3433	0.33865	0.334633333	0.329833333	0.325666667	0.324666667	0.329333333	0.34135	0.3602	0.384483333	0.410983333	0.436366667	0.459833333	0.488833333	0.5307	0.5815	0.6336	0.6767	0.704166667	0.718933333	0.726366667	0.7298	0.729366667	0.726483333	0.721716667	0.7158	0.7091	0.703233333	0.699333333	0.695833333	0.692433333	0.689633333	0.686883333	0.682066667	0.67395	0.663866667	0.6537	0.642933333	0.6327	0.624	0.61635	0.611933333	0.6117	0.616133333	0.620466667	0.6171	0.599216667	0.570366667	0.536283333	0.50175	0.469266667	0.44035	0.414416667	0.393	0.374483333	0.359066667
4084	0.295183333	0.295416667	0.301066667	0.316433333	0.344883333	0.382133333	0.41855	0.448566667	0.4731	0.49125	0.498233333	0.491066667	0.475716667	0.459566667	0.446816667	0.438333333	0.433166667	0.428683333	0.4234	0.4189	0.418283333	0.42435	0.43895	0.461566667	0.489966667	0.520183333	0.5485	0.574166667	0.605116667	0.648916667	0.699266667	0.746666667	0.7818	0.801666667	0.81145	0.816383333	0.8187	0.818083333	0.815933333	0.812166667	0.807616667	0.802383333	0.797983333	0.795233333	0.792466667	0.789716667	0.7874	0.785333333	0.7817	0.775283333	0.76735	0.7595	0.750733333	0.74225	0.7351	0.72835	0.7242	0.723116667	0.725333333	0.7259	0.717983333	0.694983333	0.66085	0.621433333	0.582466667	0.546266667	0.514616667	0.48665	0.463783333	0.444233333	0.427566667
4321	0.254266667	0.254483333	0.259316667	0.272266667	0.296283333	0.327566667	0.358533333	0.384483333	0.4057	0.421116667	0.426383333	0.419433333	0.405583333	0.39115	0.3799	0.372283333	0.367733333	0.36395	0.359466667	0.355716667	0.355133333	0.36035	0.373016667	0.3926	0.41735	0.444133333	0.469733333	0.493433333	0.522866667	0.565416667	0.61565	0.664833333	0.703433333	0.726883333	0.739166667	0.74545	0.7485	0.748133333	0.74575	0.7416	0.73645	0.73055	0.7254	0.721983333	0.718766667	0.715566667	0.71285	0.710433333	0.706183333	0.69885	0.689833333	0.680916667	0.671283333	0.662	0.654216667	0.64715	0.6432	0.643066667	0.64695	0.6501	0.645533333	0.627183333	0.598166667	0.56405	0.529383333	0.497183333	0.467933333	0.44205	0.42095	0.402616667	0.3867
4350	0.298616667	0.298866667	0.304083333	0.318233333	0.344433333	0.37895	0.413733333	0.44345	0.4681	0.486	0.492216667	0.484116667	0.46805	0.451516667	0.438583333	0.4301	0.42515	0.421016667	0.415933333	0.411466667	0.410616667	0.416266667	0.430183333	0.4521	0.4805	0.511533333	0.541116667	0.568216667	0.600983333	0.64765	0.703066667	0.7577	0.80035	0.825566667	0.838366667	0.84495	0.848183333	0.848133333	0.846166667	0.842366667	0.837616667	0.832033333	0.826966667	0.8236	0.820366667	0.8171	0.814516667	0.812033333	0.8077	0.800016667	0.790616667	0.781233333	0.771016667	0.761083333	0.752683333	0.745183333	0.741083333	0.741116667	0.745433333	0.748433333	0.741666667	0.71825	0.683116667	0.64255	0.602266667	0.564916667	0.532216667	0.502933333	0.479016667	0.45835	0.44085
4505	0.23335	0.233033333	0.236366667	0.246316667	0.265516667	0.290533333	0.313566667	0.331333333	0.3453	0.3556	0.359033333	0.353683333	0.343333333	0.3328	0.32445	0.318383333	0.3144	0.311133333	0.30765	0.305266667	0.305566667	0.310583333	0.32135	0.336766667	0.355033333	0.37405	0.39245	0.410883333	0.4365	0.474333333	0.517383333	0.557683333	0.588116667	0.6062	0.615583333	0.620083333	0.621733333	0.619866667	0.615766667	0.6099	0.603266667	0.59615	0.590066667	0.585933333	0.582133333	0.578233333	0.5748	0.571966667	0.567583333	0.560616667	0.552416667	0.544566667	0.536133333	0.528233333	0.5218	0.515833333	0.512283333	0.511666667	0.514616667	0.51775	0.517333333	0.5081	0.491733333	0.47125	0.449583333	0.428466667	0.40885	0.390816667	0.3757	0.362133333	0.3503
4592	0.248583333	0.248683333	0.2533	0.266033333	0.289983333	0.321483333	0.3522	0.377316667	0.3979	0.4134	0.4194	0.41335	0.4003	0.386516667	0.37565	0.368383333	0.363816667	0.35985	0.3553	0.351583333	0.351083333	0.35625	0.3688	0.388	0.41195	0.437616667	0.46205	0.484783333	0.51325	0.5548	0.604566667	0.654366667	0.694733333	0.720133333	0.733866667	0.740833333	0.74385	0.743066667	0.739816667	0.734583333	0.72835	0.721566667	0.715783333	0.711983333	0.70855	0.705266667	0.70245	0.699783333	0.6951	0.687266667	0.677866667	0.6684	0.658116667	0.648433333	0.6403	0.632866667	0.6284	0.6275	0.63095	0.634266667	0.630083333	0.61185	0.582516667	0.5481	0.513333333	0.481083333	0.452083333	0.426166667	0.4051	0.387216667	0.371966667
6153	0.29655	0.296616667	0.3018	0.316033333	0.3419	0.374783333	0.406583333	0.432783333	0.45375	0.468316667	0.472716667	0.465366667	0.4513	0.436883333	0.42565	0.417966667	0.41355	0.410066667	0.40585	0.402333333	0.40215	0.40775	0.420666667	0.440216667	0.464583333	0.490366667	0.514733333	0.537283333	0.56545	0.60475	0.648566667	0.688883333	0.718466667	0.735266667	0.744083333	0.748716667	0.750983333	0.750466667	0.748533333	0.745266667	0.741116667	0.736383333	0.732133333	0.729333333	0.726583333	0.723733333	0.72135	0.719483333	0.716216667	0.71045	0.703533333	0.696916667	0.689583333	0.6826	0.676916667	0.671666667	0.669116667	0.669666667	0.6733	0.675483333	0.671133333	0.655233333	0.63	0.599616667	0.568466667	0.539016667	0.512816667	0.488866667	0.469266667	0.451916667	0.436666667
6296	0.216333333	0.216483333	0.220583333	0.231733333	0.25225	0.2789	0.30475	0.325833333	0.342766667	0.355016667	0.358933333	0.352833333	0.341233333	0.329383333	0.320116667	0.313533333	0.309516667	0.306316667	0.302583333	0.2995	0.299266667	0.303866667	0.314766667	0.3312	0.3515	0.373316667	0.3943	0.414333333	0.4404	0.478066667	0.521316667	0.562566667	0.594166667	0.612916667	0.62275	0.6277	0.629883333	0.628966667	0.6262	0.621966667	0.61675	0.610866667	0.605883333	0.602483333	0.599266667	0.596016667	0.5932	0.590816667	0.586816667	0.580083333	0.572166667	0.564433333	0.555983333	0.547933333	0.541366667	0.5353	0.531983333	0.53205	0.535883333	0.5396	0.5379	0.525483333	0.505066667	0.479933333	0.453883333	0.428866667	0.405816667	0.384716667	0.36695	0.351716667	0.338183333
6297	0.216216667	0.2161	0.220066667	0.231166667	0.251683333	0.27835	0.30455	0.3264	0.34415	0.35705	0.361366667	0.355216667	0.3432	0.330816667	0.321083333	0.314216667	0.310016667	0.306583333	0.302483333	0.29895	0.2982	0.302316667	0.312816667	0.329183333	0.349933333	0.372633333	0.394416667	0.414816667	0.44065	0.47785	0.521283333	0.564083333	0.598183333	0.61905	0.630033333	0.6356	0.63805	0.637316667	0.63475	0.6308	0.625783333	0.62	0.615033333	0.61175	0.608683333	0.605566667	0.602866667	0.60055	0.5965	0.589616667	0.581283333	0.57315	0.564333333	0.556	0.549083333	0.542833333	0.539516667	0.539816667	0.544183333	0.548483333	0.54705	0.53405	0.512916667	0.48695	0.459933333	0.43395	0.410283333	0.388766667	0.370633333	0.354916667	0.341333333
6497	0.241883333	0.24195	0.2466	0.259266667	0.282966667	0.314083333	0.3446	0.369866667	0.390633333	0.406083333	0.411716667	0.405216667	0.391716667	0.377633333	0.3666	0.359166667	0.354633333	0.350733333	0.3462	0.342383333	0.341816667	0.34685	0.359366667	0.378616667	0.402866667	0.42905	0.45405	0.477383333	0.50645	0.548816667	0.599716667	0.6509	0.692483333	0.718683333	0.732683333	0.739733333	0.742833333	0.7422	0.739133333	0.734166667	0.728083333	0.721366667	0.715566667	0.711733333	0.708283333	0.704933333	0.702033333	0.699283333	0.6945	0.686483333	0.67675	0.667033333	0.65655	0.646616667	0.638316667	0.630883333	0.626566667	0.626166667	0.63025	0.634183333	0.630416667	0.6124	0.583566667	0.549566667	0.515083333	0.483066667	0.45405	0.428266667	0.40695	0.388766667	0.3734
6948	0.196583333	0.196633333	0.200366667	0.210466667	0.22955	0.254316667	0.2774	0.295366667	0.309733333	0.320433333	0.324216667	0.318983333	0.308833333	0.298433333	0.29025	0.28445	0.28075	0.277616667	0.2743	0.272016667	0.272316667	0.277166667	0.287816667	0.303133333	0.3213	0.340466667	0.359216667	0.3782	0.404616667	0.444183333	0.490716667	0.536166667	0.572533333	0.59565	0.608316667	0.614716667	0.61725	0.615533333	0.61085	0.604133333	0.596466667	0.588366667	0.581466667	0.576683333	0.572416667	0.568233333	0.564533333	0.5612	0.55615	0.548233333	0.538916667	0.529883333	0.5204	0.51145	0.504216667	0.4977	0.493833333	0.49325	0.49665	0.50065	0.500033333	0.489133333	0.470266667	0.4466	0.4221	0.398283333	0.376216667	0.3562	0.339383333	0.32485	0.312183333
7039	0.2508	0.249033333	0.25025	0.256366667	0.2693	0.28715	0.304916667	0.319466667	0.33125	0.33995	0.342333333	0.336866667	0.32685	0.316566667	0.308083333	0.30165	0.29725	0.2934	0.289083333	0.285366667	0.283783333	0.2861	0.293566667	0.30555	0.32075	0.337533333	0.353883333	0.369566667	0.39045	0.420933333	0.456366667	0.491316667	0.519666667	0.537483333	0.547066667	0.5517	0.553416667	0.552	0.54875	0.544033333	0.538516667	0.532416667	0.527333333	0.5241	0.521166667	0.5182	0.515683333	0.5136	0.509783333	0.5034	0.49585	0.488533333	0.480866667	0.4736	0.467866667	0.462616667	0.4599	0.46025	0.464316667	0.469466667	0.472383333	0.468383333	0.458683333	0.445666667	0.43115	0.416733333	0.402866667	0.39	0.3793	0.36935	0.36025
7040	0.214583333	0.21325	0.21455	0.220233333	0.232416667	0.249266667	0.265683333	0.2788	0.289466667	0.297516667	0.29995	0.29505	0.286033333	0.276716667	0.269133333	0.263316667	0.259383333	0.255816667	0.2519	0.248683333	0.247433333	0.24985	0.257066667	0.268216667	0.28225	0.29765	0.312883333	0.327966667	0.349083333	0.380933333	0.41895	0.4579	0.490683333	0.512333333	0.5244	0.53045	0.532683333	0.530983333	0.526683333	0.520516667	0.51355	0.506133333	0.500033333	0.49595	0.49245	0.489	0.48595	0.483316667	0.4788	0.4716	0.46305	0.454866667	0.44635	0.438333333	0.431983333	0.42625	0.423083333	0.4232	0.4273	0.432783333	0.435966667	0.431716667	0.4213	0.407016667	0.390983333	0.375916667	0.36115	0.3477	0.336416667	0.326166667	0.316883333
7045	0.222916667	0.222566667	0.22585	0.235583333	0.25435	0.278633333	0.30075	0.317466667	0.3303	0.339333333	0.341833333	0.336183333	0.3261	0.3161	0.308133333	0.302266667	0.298383333	0.29525	0.292133333	0.290266667	0.291233333	0.29675	0.30795	0.323666667	0.341966667	0.36075	0.378983333	0.397933333	0.425383333	0.46655	0.513366667	0.5568	0.589516667	0.6089	0.619	0.62375	0.62505	0.622316667	0.61685	0.6095	0.601333333	0.592916667	0.585833333	0.580933333	0.576333333	0.5718	0.567683333	0.564216667	0.55925	0.551816667	0.5434	0.53545	0.52705	0.5192	0.512883333	0.507116667	0.50395	0.503916667	0.507216667	0.510583333	0.510383333	0.502066667	0.4872	0.4679	0.4476	0.427283333	0.408283333	0.390583333	0.375883333	0.36235	0.350183333
7047	0.275183333	0.273266667	0.274116667	0.279633333	0.29215	0.3096	0.3263	0.339183333	0.349233333	0.3564	0.358	0.3523	0.342416667	0.3324	0.324233333	0.317833333	0.313183333	0.309183333	0.305066667	0.301866667	0.300966667	0.304066667	0.312216667	0.324366667	0.3389	0.354283333	0.369416667	0.384866667	0.407033333	0.440083333	0.47775	0.513083333	0.54015	0.556416667	0.565133333	0.569316667	0.57055	0.568366667	0.5639	0.5579	0.551183333	0.54405	0.5381	0.5341	0.530366667	0.526616667	0.523216667	0.520466667	0.516266667	0.509783333	0.502416667	0.4954	0.487916667	0.480916667	0.475366667	0.470366667	0.4677	0.46765	0.471016667	0.4755	0.478833333	0.476533333	0.4691	0.458466667	0.446733333	0.43485	0.423183333	0.41205	0.4026	0.3936	0.385683333
7287	0.251466667	0.250816667	0.254133333	0.26465	0.285133333	0.31195	0.3371	0.356966667	0.3727	0.3839	0.38725	0.380933333	0.369416667	0.357783333	0.3486	0.342066667	0.337916667	0.334433333	0.330683333	0.327966667	0.32825	0.333583333	0.3453	0.362333333	0.382516667	0.403533333	0.423583333	0.443383333	0.470133333	0.509	0.55275	0.593066667	0.622883333	0.640133333	0.649216667	0.653716667	0.6555	0.654033333	0.650683333	0.645816667	0.640133333	0.63395	0.628633333	0.6251	0.62175	0.618283333	0.6152	0.61265	0.608516667	0.601866667	0.594016667	0.586483333	0.5783	0.570483333	0.564033333	0.558016667	0.55445	0.553916667	0.5571	0.5605	0.559466667	0.549	0.531466667	0.509683333	0.486733333	0.464116667	0.443666667	0.424183333	0.4081	0.394083333	0.3814
7676	0.3081	0.307033333	0.309566667	0.318716667	0.337216667	0.362316667	0.387	0.407166667	0.42325	0.434766667	0.438066667	0.431	0.418166667	0.405033333	0.39445	0.386833333	0.381833333	0.3776	0.37295	0.3692	0.368466667	0.372983333	0.384233333	0.401383333	0.422516667	0.444983333	0.4665	0.487066667	0.513966667	0.553066667	0.597466667	0.6385	0.668816667	0.686216667	0.695016667	0.69925	0.700916667	0.699533333	0.696433333	0.691866667	0.686566667	0.6807	0.67565	0.67235	0.66925	0.666	0.663233333	0.660833333	0.656916667	0.650483333	0.642783333	0.635283333	0.6271	0.619333333	0.61295	0.607166667	0.60405	0.604083333	0.6077	0.611416667	0.610816667	0.601216667	0.583866667	0.5624	0.539716667	0.517816667	0.497616667	0.479	0.46365	0.449533333	0.436966667
7679	0.235016667	0.23465	0.238016667	0.247816667	0.266483333	0.290816667	0.313883333	0.332216667	0.346766667	0.357133333	0.360166667	0.354383333	0.34385	0.3331	0.324566667	0.318366667	0.314266667	0.310916667	0.3072	0.304366667	0.304133333	0.30855	0.318933333	0.334166667	0.352583333	0.371983333	0.390566667	0.408683333	0.433183333	0.469016667	0.5096	0.547583333	0.576583333	0.593816667	0.602833333	0.60725	0.60885	0.607316667	0.603866667	0.598983333	0.593216667	0.5869	0.581516667	0.577983333	0.57465	0.571266667	0.568266667	0.565783333	0.5617	0.55515	0.5474	0.54005	0.531983333	0.524383333	0.518283333	0.512683333	0.509516667	0.509233333	0.512266667	0.515566667	0.5148	0.505416667	0.489433333	0.46925	0.448083333	0.427516667	0.408233333	0.3902	0.37525	0.362133333	0.350183333
7681	0.219266667	0.218416667	0.2205	0.227816667	0.242683333	0.262616667	0.2814	0.295916667	0.307483333	0.316183333	0.31905	0.314183333	0.304833333	0.295233333	0.2874	0.281583333	0.2776	0.274116667	0.270466667	0.267666667	0.2671	0.270533333	0.279033333	0.291716667	0.306966667	0.323166667	0.338966667	0.3549	0.37745	0.41095	0.449733333	0.487433333	0.517333333	0.53605	0.546133333	0.5509	0.552583333	0.550616667	0.54625	0.540083333	0.533166667	0.525816667	0.519766667	0.5158	0.512233333	0.508666667	0.505466667	0.502783333	0.498466667	0.491616667	0.483483333	0.475783333	0.467583333	0.459916667	0.4538	0.4482	0.445	0.4447	0.447916667	0.452	0.453683333	0.4479	0.435666667	0.4198	0.402016667	0.385	0.369033333	0.354266667	0.342183333	0.331066667	0.321
7683	0.245666667	0.243866667	0.244733333	0.249733333	0.260783333	0.2763	0.2921	0.305316667	0.3161	0.323966667	0.325966667	0.320866667	0.311633333	0.302066667	0.294116667	0.28795	0.283616667	0.279866667	0.2756	0.27175	0.269683333	0.2712	0.277433333	0.28785	0.301516667	0.317016667	0.332233333	0.3467	0.36585	0.393933333	0.427216667	0.46145	0.490566667	0.509783333	0.520433333	0.5257	0.5278	0.526533333	0.52335	0.51875	0.51325	0.507083333	0.501883333	0.498566667	0.49565	0.492633333	0.49015	0.488166667	0.484433333	0.477983333	0.470316667	0.463066667	0.45535	0.44815	0.442383333	0.4373	0.4348	0.4354	0.439683333	0.444966667	0.448266667	0.445116667	0.436733333	0.4252	0.411866667	0.398783333	0.38625	0.374916667	0.365083333	0.356166667	0.34785
7687	0.255233333	0.253783333	0.255216667	0.261816667	0.275633333	0.294366667	0.31225	0.326366667	0.33755	0.3455	0.347316667	0.341516667	0.331683333	0.321883333	0.313916667	0.307833333	0.30365	0.300066667	0.296266667	0.293333333	0.2927	0.296166667	0.30475	0.3175	0.332933333	0.349433333	0.365583333	0.382033333	0.40535	0.4402	0.4803	0.518516667	0.548216667	0.566533333	0.576333333	0.581116667	0.582866667	0.581033333	0.576933333	0.571166667	0.564566667	0.557416667	0.551416667	0.54725	0.543466667	0.539566667	0.536133333	0.533283333	0.52885	0.521866667	0.513633333	0.50585	0.497616667	0.489833333	0.483616667	0.477983333	0.474866667	0.475083333	0.479133333	0.484016667	0.486616667	0.4822	0.472316667	0.4591	0.444766667	0.43015	0.41595	0.402633333	0.3913	0.380983333	0.371533333
7939	0.260933333	0.2609	0.265066667	0.2771	0.299966667	0.329666667	0.357533333	0.3795	0.39695	0.409533333	0.41365	0.407116667	0.394783333	0.382166667	0.372183333	0.365183333	0.360733333	0.357116667	0.353266667	0.350416667	0.350883333	0.356866667	0.369766667	0.388483333	0.410733333	0.4338	0.455816667	0.477216667	0.505783333	0.54725	0.594166667	0.637333333	0.6692	0.687716667	0.69725	0.701916667	0.7037	0.702066667	0.698433333	0.69315	0.68705	0.68045	0.674783333	0.67095	0.667383333	0.663683333	0.660416667	0.657633333	0.6533	0.646233333	0.637916667	0.629883333	0.621133333	0.6127	0.605783333	0.599433333	0.5957	0.595083333	0.5981	0.600916667	0.598266667	0.585033333	0.563333333	0.536533333	0.509016667	0.482666667	0.458766667	0.436966667	0.418816667	0.403216667	0.389333333
8019	0.222516667	0.223133333	0.228183333	0.241183333	0.264733333	0.2947	0.322766667	0.34495	0.36255	0.37525	0.37965	0.37375	0.362116667	0.350233333	0.340866667	0.334383333	0.330416667	0.32715	0.323466667	0.320733333	0.321133333	0.326783333	0.339066667	0.356966667	0.3784	0.400683333	0.42185	0.442216667	0.46915	0.508016667	0.552016667	0.592783333	0.62315	0.640816667	0.65005	0.654616667	0.656516667	0.655183333	0.65195	0.647166667	0.6415	0.635266667	0.63	0.626483333	0.623183333	0.619833333	0.616866667	0.6144	0.610433333	0.603966667	0.596116667	0.588666667	0.5806	0.572866667	0.566683333	0.560983333	0.55765	0.557116667	0.5596	0.561266667	0.5572	0.542266667	0.518733333	0.4905	0.461383333	0.433633333	0.40885	0.386283333	0.3677	0.351933333	0.337833333
8211	0.263433333	0.263	0.266133333	0.275616667	0.29355	0.3168	0.339216667	0.35735	0.371683333	0.381883333	0.384833333	0.379116667	0.368433333	0.3575	0.34865	0.342233333	0.338116667	0.33475	0.330816667	0.327483333	0.32665	0.330233333	0.339466667	0.3535	0.37085	0.389266667	0.406816667	0.423366667	0.445033333	0.4754	0.508516667	0.5386	0.56045	0.572733333	0.57885	0.581783333	0.582866667	0.581533333	0.578933333	0.57515	0.57075	0.565716667	0.56165	0.559083333	0.556683333	0.5539	0.551583333	0.54995	0.54705	0.541933333	0.535816667	0.530233333	0.524116667	0.518333333	0.5138	0.5095	0.507366667	0.50755	0.5103	0.512733333	0.512016667	0.504116667	0.49025	0.47245	0.4537	0.435283333	0.418533333	0.402866667	0.390083333	0.37855	0.36845
8487	0.244266667	0.24305	0.244783333	0.25135	0.264616667	0.282733333	0.300916667	0.315983333	0.3282	0.337266667	0.340133333	0.33525	0.3258	0.315783333	0.3076	0.301416667	0.297266667	0.293583333	0.2894	0.285816667	0.284166667	0.286366667	0.293566667	0.305266667	0.320283333	0.33685	0.35295	0.368066667	0.3879	0.4162	0.448616667	0.4801	0.50475	0.5196	0.527433333	0.531083333	0.532333333	0.530916667	0.5281	0.5241	0.519366667	0.514133333	0.509833333	0.507216667	0.5048	0.5023	0.500083333	0.498416667	0.4952	0.489566667	0.4829	0.4767	0.469916667	0.46355	0.458533333	0.453916667	0.451483333	0.451766667	0.45525	0.45935	0.461333333	0.45685	0.44705	0.434133333	0.419666667	0.40535	0.391783333	0.379066667	0.368133333	0.358383333	0.349566667
8488	0.227283333	0.226233333	0.228083333	0.23495	0.248866667	0.268016667	0.2871	0.302816667	0.315766667	0.325566667	0.329	0.324133333	0.314233333	0.303783333	0.295233333	0.288933333	0.284683333	0.280916667	0.276716667	0.273033333	0.2715	0.2739	0.281633333	0.293983333	0.30985	0.327416667	0.344483333	0.360616667	0.38175	0.41235	0.4484	0.484666667	0.514483333	0.533433333	0.543516667	0.548316667	0.550033333	0.548533333	0.545166667	0.5404	0.5348	0.528716667	0.52365	0.520516667	0.517733333	0.514883333	0.512466667	0.510383333	0.50655	0.500066667	0.492366667	0.484916667	0.47695	0.46955	0.4636	0.45825	0.455383333	0.455583333	0.459483333	0.464383333	0.466683333	0.461166667	0.449133333	0.433416667	0.4161	0.39935	0.383166667	0.368583333	0.356383333	0.344866667	0.33485
8530	0.28785	0.28825	0.294016667	0.3097	0.338716667	0.376366667	0.412866667	0.442883333	0.467183333	0.484833333	0.491	0.48315	0.4674	0.451116667	0.438616667	0.4304	0.42555	0.421516667	0.416833333	0.413116667	0.413333333	0.420216667	0.43565	0.458866667	0.48755	0.5179	0.546666667	0.573633333	0.6073	0.65535	0.710633333	0.7624	0.8007	0.822566667	0.8336	0.839233333	0.841933333	0.84145	0.839266667	0.835366667	0.83055	0.82495	0.819966667	0.816666667	0.813466667	0.810166667	0.807366667	0.804783333	0.80055	0.793366667	0.784666667	0.77595	0.766266667	0.7569	0.74895	0.741533333	0.73715	0.736333333	0.73935	0.74085	0.732966667	0.7089	0.67335	0.632383333	0.592083333	0.554516667	0.5217	0.4924	0.468316667	0.447883333	0.43065
8947	0.270833333	0.269383333	0.27105	0.277816667	0.291783333	0.311066667	0.330816667	0.347166667	0.360333333	0.369883333	0.37245	0.366383333	0.355166667	0.343416667	0.333783333	0.326566667	0.32165	0.3175	0.312833333	0.308783333	0.3072	0.3101	0.3189	0.333066667	0.351333333	0.371516667	0.390966667	0.409283333	0.433083333	0.4677	0.507716667	0.546316667	0.576166667	0.59375	0.602683333	0.606933333	0.60855	0.607083333	0.603833333	0.599316667	0.594	0.588083333	0.5831	0.57995	0.57705	0.574066667	0.571566667	0.5696	0.566083333	0.56015	0.553066667	0.54635	0.5392	0.5328	0.528216667	0.52455	0.523166667	0.524083333	0.528	0.5325	0.534633333	0.53025	0.520283333	0.5061	0.4901	0.47395	0.458883333	0.444183333	0.431966667	0.42055	0.409283333
8948	0.240916667	0.240683333	0.244083333	0.2538	0.272316667	0.296683333	0.319816667	0.338183333	0.3528	0.36355	0.367233333	0.361866667	0.351366667	0.3405	0.331833333	0.325566667	0.321483333	0.318033333	0.31425	0.311366667	0.311133333	0.31555	0.325866667	0.341133333	0.359633333	0.379216667	0.398033333	0.416283333	0.440883333	0.47665	0.51755	0.556316667	0.586183333	0.6042	0.613633333	0.6182	0.619866667	0.61825	0.61455	0.60925	0.6031	0.596533333	0.591016667	0.587366667	0.584033333	0.58065	0.577616667	0.5751	0.57105	0.564366667	0.556466667	0.5489	0.5408	0.533133333	0.526983333	0.5214	0.518283333	0.518	0.520966667	0.5242	0.5235	0.513716667	0.496816667	0.4754	0.453016667	0.43135	0.411383333	0.392983333	0.377666667	0.364266667	0.352166667
8998	0.256283333	0.256383333	0.2611	0.27415	0.29855	0.330566667	0.361683333	0.387066667	0.407666667	0.422983333	0.428583333	0.42205	0.408583333	0.394533333	0.3836	0.376183333	0.371633333	0.3678	0.363416667	0.359916667	0.359733333	0.3653	0.378316667	0.397983333	0.422333333	0.448283333	0.473066667	0.496333333	0.525916667	0.568933333	0.619716667	0.669416667	0.708766667	0.73295	0.74575	0.75225	0.755166667	0.754416667	0.751433333	0.746633333	0.74075	0.7342	0.728533333	0.724783333	0.721266667	0.717933333	0.715	0.71225	0.707616667	0.6999	0.6906	0.681366667	0.671266667	0.661733333	0.653733333	0.646516667	0.64225	0.641583333	0.645	0.648066667	0.643866667	0.625933333	0.597433333	0.563816667	0.529716667	0.497966667	0.469283333	0.443583333	0.4224	0.404316667	0.3888
