3084 	 0.30245	 0.30294	 0.30885	 0.32492	 0.35523	 0.39417	 0.43133	 0.46142	 0.48558	 0.50278	 0.50874	 0.50079	 0.48512	 0.46837	 0.45505	 0.44643	 0.44117	 0.43710	 0.43197	 0.42781	 0.42794	 0.43502	 0.45031	 0.47394	 0.50340	 0.53427	 0.56309	 0.58997	 0.62399	 0.67117	 0.72503	 0.77495	 0.81100	 0.82973	 0.83848	 0.84271	 0.84509	 0.84420	 0.84102	 0.83691	 0.83218	 0.82663	 0.82177	 0.81898	 0.81604	 0.81342	 0.81112	 0.80818	 0.80337	 0.79651	 0.78763	 0.77958	 0.77083	 0.76208	 0.75388	 0.74677	 0.74333	 0.74280	 0.74590	 0.74720	 0.73936	 0.71644	 0.68096	 0.64023	 0.59922	 0.56194	 0.52841	 0.50059	 0.47665	 0.45677	 0.43972
3123 	 0.23309	 0.23301	 0.23745	 0.25066	 0.27622	 0.30952	 0.34170	 0.36829	 0.39031	 0.40685	 0.41367	 0.40760	 0.39354	 0.37783	 0.36510	 0.35673	 0.35141	 0.34716	 0.34194	 0.33746	 0.33678	 0.34206	 0.35451	 0.37480	 0.40086	 0.42911	 0.45621	 0.48154	 0.51353	 0.55865	 0.61355	 0.67065	 0.71794	 0.74729	 0.76277	 0.77019	 0.77344	 0.77235	 0.76801	 0.76208	 0.75521	 0.74756	 0.74079	 0.73659	 0.73284	 0.72973	 0.72693	 0.72324	 0.71717	 0.70827	 0.69675	 0.68584	 0.67454	 0.66369	 0.65396	 0.64562	 0.64137	 0.64081	 0.64548	 0.64999	 0.64597	 0.62621	 0.59390	 0.55650	 0.51839	 0.48337	 0.45165	 0.42511	 0.40298	 0.38368	 0.36678
4084 	 0.30529	 0.30551	 0.31127	 0.32742	 0.35798	 0.39768	 0.43575	 0.46637	 0.49108	 0.50917	 0.51626	 0.50908	 0.49349	 0.47647	 0.46271	 0.45376	 0.44816	 0.44367	 0.43801	 0.43326	 0.43292	 0.43964	 0.45466	 0.47848	 0.50855	 0.54029	 0.56977	 0.59666	 0.63006	 0.67610	 0.72904	 0.77891	 0.81550	 0.83486	 0.84389	 0.84807	 0.85028	 0.84924	 0.84579	 0.84140	 0.83655	 0.83094	 0.82610	 0.82354	 0.82079	 0.81837	 0.81628	 0.81357	 0.80885	 0.80202	 0.79323	 0.78528	 0.77660	 0.76783	 0.75961	 0.75232	 0.74867	 0.74798	 0.75083	 0.75198	 0.74387	 0.72023	 0.68383	 0.64184	 0.60055	 0.56258	 0.52864	 0.50107	 0.47758	 0.45753	 0.43979
4321 	 0.25844	 0.25864	 0.26363	 0.27742	 0.30370	 0.33774	 0.37069	 0.39786	 0.42020	 0.43642	 0.44238	 0.43539	 0.42076	 0.40489	 0.39222	 0.38396	 0.37881	 0.37486	 0.36991	 0.36573	 0.36547	 0.37139	 0.38467	 0.40588	 0.43283	 0.46184	 0.48952	 0.51555	 0.54864	 0.59520	 0.65081	 0.70637	 0.75008	 0.77566	 0.78877	 0.79515	 0.79823	 0.79738	 0.79365	 0.78852	 0.78259	 0.77579	 0.76985	 0.76624	 0.76274	 0.75977	 0.75712	 0.75371	 0.74797	 0.73981	 0.72931	 0.71945	 0.70897	 0.69882	 0.68961	 0.68161	 0.67778	 0.67741	 0.68189	 0.68584	 0.68088	 0.66067	 0.62776	 0.58977	 0.55112	 0.51566	 0.48352	 0.45601	 0.43286	 0.41346	 0.39636
4350 	 0.30032	 0.30057	 0.30622	 0.32195	 0.35176	 0.39036	 0.42817	 0.45977	 0.48587	 0.50470	 0.51143	 0.50319	 0.48622	 0.46793	 0.45338	 0.44402	 0.43838	 0.43409	 0.42849	 0.42363	 0.42307	 0.42952	 0.44439	 0.46858	 0.49986	 0.53372	 0.56582	 0.59532	 0.63182	 0.68271	 0.74318	 0.80300	 0.84900	 0.87489	 0.88752	 0.89351	 0.89678	 0.89614	 0.89288	 0.88855	 0.88335	 0.87712	 0.87161	 0.86836	 0.86491	 0.86188	 0.85929	 0.85603	 0.85040	 0.84213	 0.83150	 0.82150	 0.81078	 0.80013	 0.79026	 0.78178	 0.77790	 0.77795	 0.78261	 0.78562	 0.77770	 0.75173	 0.71181	 0.66683	 0.62177	 0.58093	 0.54478	 0.51502	 0.48891	 0.46765	 0.44863
4505 	 0.23872	 0.23853	 0.24234	 0.25363	 0.27566	 0.30387	 0.32936	 0.34839	 0.36306	 0.37360	 0.37712	 0.37136	 0.36051	 0.34892	 0.33939	 0.33280	 0.32840	 0.32486	 0.32093	 0.31820	 0.31901	 0.32496	 0.33675	 0.35412	 0.37471	 0.39569	 0.41554	 0.43561	 0.46396	 0.50484	 0.55223	 0.59667	 0.62974	 0.64808	 0.65694	 0.66098	 0.66219	 0.65995	 0.65466	 0.64781	 0.64053	 0.63272	 0.62595	 0.62167	 0.61774	 0.61436	 0.61104	 0.60726	 0.60172	 0.59445	 0.58530	 0.57698	 0.56832	 0.56004	 0.55287	 0.54647	 0.54318	 0.54254	 0.54603	 0.55023	 0.55051	 0.54119	 0.52272	 0.49933	 0.47462	 0.45099	 0.42923	 0.41067	 0.39412	 0.37992	 0.36686
4592 	 0.26168	 0.26181	 0.26683	 0.28101	 0.30839	 0.34428	 0.37852	 0.40562	 0.42762	 0.44416	 0.45091	 0.44464	 0.43056	 0.41491	 0.40236	 0.39410	 0.38890	 0.38475	 0.37954	 0.37521	 0.37501	 0.38122	 0.39498	 0.41664	 0.44394	 0.47281	 0.50000	 0.52541	 0.55804	 0.60426	 0.65961	 0.71579	 0.76091	 0.78804	 0.80206	 0.80852	 0.81133	 0.80978	 0.80491	 0.79841	 0.79132	 0.78351	 0.77670	 0.77260	 0.76886	 0.76563	 0.76267	 0.75898	 0.75281	 0.74389	 0.73273	 0.72230	 0.71134	 0.70081	 0.69123	 0.68283	 0.67840	 0.67726	 0.68097	 0.68426	 0.67857	 0.65704	 0.62260	 0.58315	 0.54358	 0.50764	 0.47519	 0.44808	 0.42552	 0.40591	 0.38967
6153 	 0.30733	 0.30749	 0.31303	 0.32848	 0.35759	 0.39423	 0.42905	 0.45708	 0.47948	 0.49518	 0.50008	 0.49189	 0.47643	 0.46014	 0.44730	 0.43886	 0.43370	 0.43004	 0.42522	 0.42115	 0.42126	 0.42794	 0.44212	 0.46414	 0.49176	 0.52068	 0.54757	 0.57282	 0.60502	 0.64919	 0.69879	 0.74463	 0.77793	 0.79548	 0.80383	 0.80785	 0.81006	 0.80911	 0.80593	 0.80193	 0.79744	 0.79196	 0.78719	 0.78451	 0.78163	 0.77895	 0.77667	 0.77405	 0.76950	 0.76290	 0.75464	 0.74742	 0.73961	 0.73188	 0.72459	 0.71839	 0.71612	 0.71693	 0.72138	 0.72492	 0.72104	 0.70353	 0.67401	 0.63863	 0.60245	 0.56931	 0.53905	 0.51369	 0.49207	 0.47389	 0.45791
6296 	 0.21741	 0.21752	 0.22184	 0.23394	 0.25688	 0.28604	 0.31360	 0.33567	 0.35355	 0.36630	 0.37058	 0.36443	 0.35234	 0.33940	 0.32895	 0.32175	 0.31720	 0.31393	 0.30978	 0.30630	 0.30634	 0.31176	 0.32315	 0.34107	 0.36345	 0.38710	 0.40965	 0.43137	 0.46035	 0.50144	 0.54959	 0.59631	 0.63209	 0.65271	 0.66302	 0.66787	 0.66991	 0.66863	 0.66461	 0.65931	 0.65350	 0.64678	 0.64082	 0.63712	 0.63357	 0.63053	 0.62767	 0.62432	 0.61887	 0.61140	 0.60202	 0.59350	 0.58465	 0.57600	 0.56837	 0.56169	 0.55868	 0.55883	 0.56333	 0.56779	 0.56628	 0.55316	 0.53012	 0.50174	 0.47230	 0.44453	 0.41871	 0.39608	 0.37770	 0.36101	 0.34614
6297 	 0.21877	 0.21869	 0.22274	 0.23441	 0.25670	 0.28511	 0.31219	 0.33430	 0.35247	 0.36561	 0.37029	 0.36435	 0.35225	 0.33906	 0.32835	 0.32101	 0.31634	 0.31286	 0.30833	 0.30438	 0.30384	 0.30858	 0.31929	 0.33671	 0.35886	 0.38269	 0.40537	 0.42698	 0.45497	 0.49450	 0.54130	 0.58797	 0.62470	 0.64619	 0.65694	 0.66199	 0.66404	 0.66283	 0.65897	 0.65391	 0.64831	 0.64183	 0.63603	 0.63265	 0.62946	 0.62666	 0.62407	 0.62093	 0.61565	 0.60829	 0.59893	 0.59028	 0.58124	 0.57254	 0.56486	 0.55808	 0.55501	 0.55517	 0.55985	 0.56485	 0.56401	 0.55132	 0.52868	 0.50107	 0.47222	 0.44506	 0.41986	 0.39811	 0.37939	 0.36348	 0.34860
6497 	 0.24503	 0.24511	 0.24967	 0.26297	 0.28859	 0.32189	 0.35392	 0.37996	 0.40138	 0.41711	 0.42323	 0.41686	 0.40302	 0.38786	 0.37572	 0.36768	 0.36265	 0.35875	 0.35378	 0.34955	 0.34923	 0.35492	 0.36761	 0.38797	 0.41382	 0.44150	 0.46777	 0.49250	 0.52411	 0.56872	 0.62211	 0.67630	 0.71979	 0.74602	 0.75972	 0.76624	 0.76912	 0.76805	 0.76396	 0.75828	 0.75195	 0.74482	 0.73854	 0.73477	 0.73131	 0.72828	 0.72554	 0.72213	 0.71632	 0.70793	 0.69734	 0.68745	 0.67703	 0.66699	 0.65794	 0.65010	 0.64615	 0.64564	 0.65011	 0.65427	 0.65044	 0.63173	 0.60079	 0.56501	 0.52819	 0.49439	 0.46401	 0.43789	 0.41542	 0.39682	 0.38057
6948 	 0.20472	 0.20484	 0.20865	 0.21943	 0.24007	 0.26647	 0.29060	 0.30900	 0.32360	 0.33431	 0.33826	 0.33306	 0.32272	 0.31164	 0.30257	 0.29631	 0.29216	 0.28889	 0.28512	 0.28232	 0.28294	 0.28844	 0.29930	 0.31566	 0.33537	 0.35578	 0.37530	 0.39525	 0.42354	 0.46488	 0.51449	 0.56389	 0.60292	 0.62654	 0.63906	 0.64499	 0.64698	 0.64482	 0.63892	 0.63110	 0.62287	 0.61411	 0.60642	 0.60152	 0.59714	 0.59336	 0.58980	 0.58569	 0.57939	 0.57112	 0.56094	 0.55159	 0.54191	 0.53281	 0.52495	 0.51804	 0.51444	 0.51373	 0.51760	 0.52224	 0.52220	 0.51136	 0.49088	 0.46561	 0.43890	 0.41421	 0.39097	 0.36973	 0.35282	 0.33767	 0.32386
7039 	 0.25189	 0.25029	 0.25228	 0.25992	 0.27487	 0.29400	 0.31196	 0.32623	 0.33792	 0.34643	 0.34879	 0.34302	 0.33288	 0.32207	 0.31290	 0.30617	 0.30144	 0.29754	 0.29281	 0.28872	 0.28752	 0.29056	 0.29828	 0.31111	 0.32747	 0.34502	 0.36196	 0.37834	 0.40085	 0.43309	 0.47115	 0.50981	 0.54130	 0.56025	 0.56988	 0.57424	 0.57552	 0.57383	 0.56939	 0.56360	 0.55754	 0.55082	 0.54488	 0.54148	 0.53843	 0.53583	 0.53329	 0.53028	 0.52525	 0.51851	 0.50998	 0.50227	 0.49433	 0.48688	 0.48062	 0.47507	 0.47261	 0.47293	 0.47786	 0.48445	 0.48930	 0.48714	 0.47707	 0.46228	 0.44600	 0.43115	 0.41686	 0.40413	 0.39359	 0.38305	 0.37397
7040 	 0.22286	 0.22165	 0.22361	 0.23097	 0.24546	 0.26412	 0.28138	 0.29466	 0.30541	 0.31323	 0.31562	 0.31057	 0.30149	 0.29164	 0.28309	 0.27680	 0.27223	 0.26849	 0.26404	 0.26046	 0.25973	 0.26293	 0.27058	 0.28307	 0.29862	 0.31525	 0.33138	 0.34743	 0.37028	 0.40376	 0.44443	 0.48662	 0.52152	 0.54328	 0.55465	 0.55990	 0.56126	 0.55907	 0.55353	 0.54626	 0.53870	 0.53063	 0.52358	 0.51929	 0.51564	 0.51264	 0.50963	 0.50600	 0.50035	 0.49285	 0.48353	 0.47503	 0.46640	 0.45832	 0.45169	 0.44583	 0.44303	 0.44294	 0.44742	 0.45354	 0.45778	 0.45474	 0.44365	 0.42828	 0.41124	 0.39513	 0.37930	 0.36614	 0.35497	 0.34435	 0.33482
7045 	 0.22818	 0.22801	 0.23171	 0.24238	 0.26304	 0.28919	 0.31247	 0.32961	 0.34265	 0.35150	 0.35391	 0.34799	 0.33780	 0.32720	 0.31843	 0.31229	 0.30811	 0.30488	 0.30131	 0.29901	 0.30023	 0.30634	 0.31777	 0.33452	 0.35414	 0.37384	 0.39236	 0.41187	 0.44056	 0.48268	 0.53165	 0.57740	 0.61118	 0.62999	 0.63910	 0.64309	 0.64389	 0.64092	 0.63439	 0.62629	 0.61792	 0.60916	 0.60158	 0.59669	 0.59221	 0.58816	 0.58432	 0.58006	 0.57406	 0.56651	 0.55739	 0.54926	 0.54089	 0.53291	 0.52620	 0.52028	 0.51742	 0.51730	 0.52121	 0.52547	 0.52608	 0.51834	 0.50239	 0.48137	 0.45874	 0.43751	 0.41789	 0.39920	 0.38389	 0.37047	 0.35887
7047 	 0.26828	 0.26692	 0.26907	 0.27704	 0.29264	 0.31273	 0.33105	 0.34453	 0.35492	 0.36235	 0.36402	 0.35778	 0.34741	 0.33667	 0.32767	 0.32104	 0.31634	 0.31254	 0.30815	 0.30472	 0.30456	 0.30888	 0.31787	 0.33181	 0.34875	 0.36604	 0.38252	 0.39959	 0.42464	 0.46103	 0.50329	 0.54375	 0.57434	 0.59158	 0.59991	 0.60339	 0.60420	 0.60162	 0.59585	 0.58871	 0.58140	 0.57356	 0.56668	 0.56250	 0.55876	 0.55532	 0.55200	 0.54832	 0.54280	 0.53577	 0.52719	 0.51958	 0.51176	 0.50440	 0.49818	 0.49266	 0.49020	 0.49030	 0.49468	 0.50101	 0.50615	 0.50458	 0.49537	 0.48107	 0.46544	 0.45066	 0.43689	 0.42479	 0.41355	 0.40298	 0.39356
7287 	 0.25562	 0.25514	 0.25867	 0.26985	 0.29174	 0.31984	 0.34560	 0.36526	 0.38068	 0.39146	 0.39462	 0.38799	 0.37621	 0.36407	 0.35429	 0.34749	 0.34303	 0.33965	 0.33550	 0.33236	 0.33287	 0.33875	 0.35053	 0.36820	 0.38943	 0.41108	 0.43133	 0.45164	 0.47984	 0.52009	 0.56592	 0.60838	 0.63937	 0.65617	 0.66429	 0.66794	 0.66933	 0.66757	 0.66311	 0.65747	 0.65150	 0.64479	 0.63888	 0.63546	 0.63214	 0.62901	 0.62617	 0.62289	 0.61761	 0.61070	 0.60219	 0.59444	 0.58633	 0.57858	 0.57160	 0.56529	 0.56215	 0.56177	 0.56557	 0.57031	 0.57100	 0.56199	 0.54377	 0.52060	 0.49601	 0.47319	 0.45189	 0.43307	 0.41693	 0.40231	 0.38971
7676 	 0.31917	 0.31813	 0.32145	 0.33215	 0.35263	 0.37909	 0.40395	 0.42337	 0.43896	 0.44982	 0.45262	 0.44497	 0.43165	 0.41780	 0.40662	 0.39883	 0.39357	 0.38934	 0.38423	 0.38006	 0.37966	 0.38485	 0.39631	 0.41427	 0.43653	 0.45966	 0.48127	 0.50243	 0.53108	 0.57146	 0.61705	 0.65928	 0.69001	 0.70618	 0.71367	 0.71698	 0.71831	 0.71653	 0.71232	 0.70719	 0.70174	 0.69561	 0.69018	 0.68713	 0.68408	 0.68132	 0.67877	 0.67575	 0.67078	 0.66412	 0.65581	 0.64838	 0.64054	 0.63285	 0.62594	 0.61988	 0.61731	 0.61755	 0.62216	 0.62810	 0.63042	 0.62344	 0.60666	 0.58393	 0.55964	 0.53749	 0.51752	 0.49933	 0.48437	 0.47094	 0.45839
7679 	 0.24306	 0.24293	 0.24686	 0.25833	 0.28027	 0.30820	 0.33387	 0.35373	 0.36949	 0.38039	 0.38361	 0.37724	 0.36580	 0.35382	 0.34410	 0.33737	 0.33296	 0.32955	 0.32538	 0.32207	 0.32228	 0.32774	 0.33904	 0.35634	 0.37729	 0.39884	 0.41904	 0.43891	 0.46628	 0.50518	 0.54967	 0.59134	 0.62223	 0.63930	 0.64748	 0.65114	 0.65248	 0.65075	 0.64634	 0.64070	 0.63475	 0.62811	 0.62222	 0.61884	 0.61563	 0.61268	 0.60989	 0.60664	 0.60149	 0.59453	 0.58602	 0.57836	 0.57029	 0.56253	 0.55572	 0.54963	 0.54667	 0.54646	 0.55025	 0.55449	 0.55444	 0.54468	 0.52613	 0.50267	 0.47766	 0.45411	 0.43218	 0.41299	 0.39709	 0.38287	 0.36949
7681 	 0.22808	 0.22732	 0.22995	 0.23847	 0.25503	 0.27624	 0.29547	 0.30994	 0.32128	 0.32953	 0.33218	 0.32723	 0.31806	 0.30815	 0.29967	 0.29359	 0.28923	 0.28564	 0.28149	 0.27833	 0.27818	 0.28217	 0.29093	 0.30439	 0.32050	 0.33723	 0.35330	 0.36961	 0.39305	 0.42728	 0.46769	 0.50758	 0.53904	 0.55769	 0.56718	 0.57159	 0.57271	 0.57052	 0.56507	 0.55801	 0.55069	 0.54295	 0.53626	 0.53212	 0.52854	 0.52558	 0.52251	 0.51893	 0.51358	 0.50667	 0.49794	 0.49012	 0.48206	 0.47456	 0.46832	 0.46271	 0.45999	 0.45943	 0.46287	 0.46755	 0.47011	 0.46533	 0.45290	 0.43601	 0.41744	 0.40037	 0.38377	 0.36955	 0.35776	 0.34651	 0.33616
7683 	 0.23668	 0.23523	 0.23708	 0.24439	 0.25869	 0.27708	 0.29471	 0.30916	 0.32125	 0.33008	 0.33265	 0.32725	 0.31755	 0.30706	 0.29811	 0.29153	 0.28692	 0.28321	 0.27857	 0.27438	 0.27297	 0.27564	 0.28286	 0.29529	 0.31154	 0.32944	 0.34675	 0.36325	 0.38530	 0.41680	 0.45474	 0.49482	 0.52872	 0.55008	 0.56133	 0.56656	 0.56838	 0.56685	 0.56246	 0.55677	 0.55071	 0.54392	 0.53788	 0.53443	 0.53149	 0.52901	 0.52652	 0.52361	 0.51855	 0.51154	 0.50272	 0.49475	 0.48654	 0.47884	 0.47231	 0.46657	 0.46402	 0.46440	 0.46953	 0.47625	 0.48062	 0.47738	 0.46620	 0.45029	 0.43278	 0.41650	 0.40036	 0.38699	 0.37535	 0.36510	 0.35501
7687 	 0.25294	 0.25165	 0.25388	 0.26192	 0.27778	 0.29805	 0.31642	 0.33039	 0.34142	 0.34902	 0.35063	 0.34449	 0.33444	 0.32413	 0.31540	 0.30913	 0.30460	 0.30098	 0.29683	 0.29362	 0.29347	 0.29765	 0.30668	 0.32053	 0.33720	 0.35459	 0.37127	 0.38840	 0.41331	 0.44960	 0.49218	 0.53307	 0.56432	 0.58220	 0.59103	 0.59515	 0.59632	 0.59414	 0.58896	 0.58240	 0.57545	 0.56792	 0.56130	 0.55709	 0.55324	 0.54987	 0.54665	 0.54294	 0.53744	 0.53033	 0.52145	 0.51350	 0.50536	 0.49761	 0.49105	 0.48523	 0.48252	 0.48261	 0.48742	 0.49399	 0.49868	 0.49639	 0.48666	 0.47235	 0.45625	 0.44094	 0.42647	 0.41414	 0.40213	 0.39143	 0.38160
7939 	 0.27537	 0.27525	 0.27963	 0.29231	 0.31663	 0.34773	 0.37625	 0.39798	 0.41493	 0.42684	 0.43058	 0.42373	 0.41114	 0.39790	 0.38712	 0.37979	 0.37501	 0.37126	 0.36689	 0.36371	 0.36439	 0.37084	 0.38386	 0.40331	 0.42667	 0.45044	 0.47257	 0.49449	 0.52454	 0.56709	 0.61526	 0.65934	 0.69134	 0.70852	 0.71656	 0.72014	 0.72154	 0.71966	 0.71495	 0.70896	 0.70266	 0.69572	 0.68972	 0.68608	 0.68257	 0.67943	 0.67644	 0.67302	 0.66777	 0.66075	 0.65191	 0.64398	 0.63567	 0.62754	 0.62036	 0.61396	 0.61089	 0.61044	 0.61419	 0.61833	 0.61751	 0.60599	 0.58435	 0.55751	 0.52924	 0.50357	 0.47941	 0.45820	 0.44020	 0.42441	 0.41046
8019 	 0.23439	 0.23509	 0.24033	 0.25432	 0.28080	 0.31447	 0.34548	 0.36951	 0.38836	 0.40177	 0.40647	 0.40018	 0.38773	 0.37444	 0.36371	 0.35650	 0.35197	 0.34865	 0.34449	 0.34138	 0.34219	 0.34884	 0.36212	 0.38219	 0.40639	 0.43118	 0.45430	 0.47682	 0.50714	 0.54995	 0.59879	 0.64387	 0.67682	 0.69469	 0.70325	 0.70727	 0.70899	 0.70745	 0.70316	 0.69759	 0.69162	 0.68497	 0.67921	 0.67583	 0.67248	 0.66952	 0.66676	 0.66352	 0.65837	 0.65141	 0.64272	 0.63487	 0.62647	 0.61836	 0.61118	 0.60483	 0.60169	 0.60106	 0.60386	 0.60563	 0.60062	 0.58348	 0.55592	 0.52363	 0.49060	 0.45996	 0.43131	 0.40755	 0.38752	 0.37003	 0.35500
8211 	 0.27106	 0.27080	 0.27491	 0.28673	 0.30878	 0.33639	 0.36204	 0.38225	 0.39829	 0.40940	 0.41263	 0.40608	 0.39418	 0.38160	 0.37135	 0.36431	 0.35974	 0.35621	 0.35181	 0.34801	 0.34770	 0.35263	 0.36313	 0.37958	 0.40004	 0.42122	 0.44098	 0.45992	 0.48496	 0.51945	 0.55739	 0.59204	 0.61707	 0.62993	 0.63574	 0.63828	 0.63923	 0.63767	 0.63407	 0.62966	 0.62503	 0.61968	 0.61497	 0.61257	 0.61016	 0.60787	 0.60574	 0.60331	 0.59913	 0.59354	 0.58656	 0.58058	 0.57420	 0.56800	 0.56251	 0.55758	 0.55555	 0.55588	 0.55948	 0.56304	 0.56264	 0.55357	 0.53595	 0.51295	 0.48852	 0.46612	 0.44576	 0.42840	 0.41314	 0.40017	 0.38868
8487 	 0.23927	 0.23819	 0.24066	 0.24896	 0.26461	 0.28443	 0.30336	 0.31859	 0.33109	 0.34031	 0.34324	 0.33810	 0.32845	 0.31783	 0.30880	 0.30223	 0.29775	 0.29413	 0.28959	 0.28552	 0.28434	 0.28735	 0.29495	 0.30773	 0.32431	 0.34220	 0.35928	 0.37543	 0.39705	 0.42744	 0.46266	 0.49776	 0.52537	 0.54112	 0.54861	 0.55183	 0.55273	 0.55108	 0.54708	 0.54210	 0.53698	 0.53107	 0.52590	 0.52324	 0.52083	 0.51865	 0.51650	 0.51394	 0.50948	 0.50353	 0.49600	 0.48934	 0.48238	 0.47584	 0.47046	 0.46556	 0.46353	 0.46394	 0.46825	 0.47376	 0.47735	 0.47390	 0.46330	 0.44819	 0.43142	 0.41600	 0.40049	 0.38737	 0.37672	 0.36618	 0.35680
8488 	 0.22634	 0.22527	 0.22756	 0.23554	 0.25077	 0.27029	 0.28880	 0.30364	 0.31588	 0.32497	 0.32808	 0.32323	 0.31372	 0.30316	 0.29411	 0.28754	 0.28299	 0.27930	 0.27473	 0.27067	 0.26950	 0.27245	 0.27992	 0.29257	 0.30885	 0.32644	 0.34339	 0.35956	 0.38143	 0.41246	 0.44906	 0.48652	 0.51704	 0.53528	 0.54434	 0.54831	 0.54935	 0.54753	 0.54307	 0.53743	 0.53150	 0.52498	 0.51929	 0.51613	 0.51338	 0.51104	 0.50867	 0.50577	 0.50096	 0.49442	 0.48624	 0.47898	 0.47137	 0.46425	 0.45838	 0.45314	 0.45093	 0.45129	 0.45578	 0.46178	 0.46589	 0.46264	 0.45173	 0.43627	 0.41917	 0.40327	 0.38807	 0.37447	 0.36349	 0.35290	 0.34248
8530 	 0.29808	 0.29853	 0.30449	 0.32100	 0.35260	 0.39355	 0.43255	 0.46366	 0.48866	 0.50662	 0.51305	 0.50499	 0.48857	 0.47099	 0.45721	 0.44829	 0.44293	 0.43892	 0.43380	 0.42966	 0.43007	 0.43775	 0.45390	 0.47892	 0.51010	 0.54263	 0.57297	 0.60168	 0.63838	 0.68968	 0.74890	 0.80438	 0.84486	 0.86643	 0.87664	 0.88139	 0.88406	 0.88294	 0.87924	 0.87462	 0.86938	 0.86308	 0.85755	 0.85428	 0.85090	 0.84770	 0.84504	 0.84181	 0.83635	 0.82839	 0.81845	 0.80935	 0.79944	 0.78964	 0.78040	 0.77236	 0.76842	 0.76780	 0.77122	 0.77284	 0.76419	 0.73849	 0.69978	 0.65576	 0.61184	 0.57217	 0.53702	 0.50805	 0.48220	 0.46101	 0.44307
8947 	 0.28153	 0.27989	 0.28204	 0.29009	 0.30494	 0.32377	 0.34173	 0.35585	 0.36721	 0.37506	 0.37673	 0.37027	 0.35938	 0.34779	 0.33793	 0.33058	 0.32537	 0.32118	 0.31616	 0.31181	 0.31057	 0.31384	 0.32214	 0.33609	 0.35414	 0.37354	 0.39208	 0.40994	 0.43416	 0.46864	 0.50876	 0.54791	 0.57758	 0.59384	 0.60132	 0.60458	 0.60558	 0.60370	 0.59921	 0.59369	 0.58804	 0.58181	 0.57625	 0.57313	 0.57024	 0.56772	 0.56530	 0.56260	 0.55818	 0.55234	 0.54491	 0.53851	 0.53199	 0.52612	 0.52186	 0.51879	 0.51856	 0.52001	 0.52499	 0.53177	 0.53798	 0.53881	 0.53212	 0.51926	 0.50427	 0.49066	 0.47827	 0.46642	 0.45534	 0.44559	 0.43565
8948 	 0.25619	 0.25620	 0.26040	 0.27222	 0.29458	 0.32311	 0.34968	 0.37040	 0.38670	 0.39834	 0.40231	 0.39628	 0.38470	 0.37234	 0.36225	 0.35529	 0.35075	 0.34717	 0.34289	 0.33955	 0.33981	 0.34537	 0.35692	 0.37457	 0.39606	 0.41816	 0.43885	 0.45895	 0.48625	 0.52469	 0.56853	 0.60956	 0.64013	 0.65708	 0.66530	 0.66906	 0.67051	 0.66890	 0.66455	 0.65892	 0.65305	 0.64651	 0.64086	 0.63764	 0.63453	 0.63189	 0.62929	 0.62624	 0.62131	 0.61471	 0.60646	 0.59907	 0.59118	 0.58357	 0.57690	 0.57098	 0.56814	 0.56777	 0.57107	 0.57477	 0.57400	 0.56318	 0.54306	 0.51778	 0.49137	 0.46674	 0.44368	 0.42326	 0.40617	 0.39125	 0.37820
8998 	 0.25935	 0.25956	 0.26445	 0.27814	 0.30451	 0.33889	 0.37150	 0.39734	 0.41820	 0.43368	 0.43960	 0.43303	 0.41912	 0.40417	 0.39226	 0.38439	 0.37945	 0.37565	 0.37087	 0.36694	 0.36706	 0.37330	 0.38665	 0.40757	 0.43366	 0.46100	 0.48687	 0.51159	 0.54368	 0.58908	 0.64268	 0.69569	 0.73725	 0.76166	 0.77410	 0.77990	 0.78265	 0.78133	 0.77691	 0.77111	 0.76476	 0.75750	 0.75118	 0.74742	 0.74382	 0.74063	 0.73776	 0.73431	 0.72850	 0.72019	 0.70979	 0.70019	 0.69002	 0.68012	 0.67117	 0.66333	 0.65933	 0.65863	 0.66260	 0.66638	 0.66248	 0.64409	 0.61353	 0.57762	 0.54121	 0.50756	 0.47775	 0.45218	 0.42999	 0.41103	 0.39439
