3084 	 0.31434	 0.31516	 0.32103	 0.33671	 0.36589	 0.40282	 0.43752	 0.46599	 0.48862	 0.50452	 0.51008	 0.50235	 0.48738	 0.47171	 0.45930	 0.45109	 0.44616	 0.44202	 0.43719	 0.43318	 0.43327	 0.43984	 0.45472	 0.47765	 0.50605	 0.53546	 0.56295	 0.58895	 0.62125	 0.66663	 0.71809	 0.76515	 0.79834	 0.81550	 0.82312	 0.82734	 0.82922	 0.82806	 0.82525	 0.82143	 0.81671	 0.81127	 0.80612	 0.80316	 0.80034	 0.79706	 0.79451	 0.79214	 0.78761	 0.78084	 0.77261	 0.76517	 0.75666	 0.74821	 0.74091	 0.73419	 0.73098	 0.73075	 0.73425	 0.73670	 0.73138	 0.71181	 0.67968	 0.64112	 0.60257	 0.56750	 0.53598	 0.50806	 0.48516	 0.46548	 0.44909
3123 	 0.23713	 0.23726	 0.24200	 0.25581	 0.28168	 0.31488	 0.34661	 0.37306	 0.39480	 0.41092	 0.41731	 0.41056	 0.39563	 0.38004	 0.36786	 0.35959	 0.35470	 0.35029	 0.34518	 0.34073	 0.33992	 0.34519	 0.35816	 0.37895	 0.40537	 0.43403	 0.46117	 0.48669	 0.51839	 0.56357	 0.61890	 0.67552	 0.72160	 0.75005	 0.76435	 0.77104	 0.77361	 0.77201	 0.76800	 0.76202	 0.75493	 0.74716	 0.74007	 0.73561	 0.73189	 0.72817	 0.72510	 0.72170	 0.71570	 0.70656	 0.69544	 0.68495	 0.67337	 0.66256	 0.65316	 0.64500	 0.64068	 0.64033	 0.64528	 0.65042	 0.64684	 0.62741	 0.59494	 0.55810	 0.52009	 0.48589	 0.45546	 0.42766	 0.40517	 0.38603	 0.37074
4084 	 0.31887	 0.31947	 0.32543	 0.34177	 0.37252	 0.41186	 0.44891	 0.47918	 0.50378	 0.52167	 0.52870	 0.52130	 0.50547	 0.48885	 0.47555	 0.46670	 0.46127	 0.45645	 0.45088	 0.44615	 0.44563	 0.45229	 0.46771	 0.49190	 0.52211	 0.55351	 0.58269	 0.60965	 0.64223	 0.68791	 0.74037	 0.78908	 0.82394	 0.84242	 0.85068	 0.85481	 0.85650	 0.85513	 0.85213	 0.84804	 0.84303	 0.83746	 0.83231	 0.82950	 0.82686	 0.82387	 0.82160	 0.81915	 0.81485	 0.80805	 0.79976	 0.79226	 0.78351	 0.77473	 0.76707	 0.76007	 0.75651	 0.75559	 0.75856	 0.76062	 0.75408	 0.73207	 0.69678	 0.65561	 0.61458	 0.57770	 0.54445	 0.51534	 0.49151	 0.47042	 0.45510
4321 	 0.26478	 0.26524	 0.27031	 0.28451	 0.31095	 0.34499	 0.37771	 0.40491	 0.42696	 0.44275	 0.44849	 0.44099	 0.42584	 0.41018	 0.39797	 0.38981	 0.38486	 0.38076	 0.37589	 0.37180	 0.37135	 0.37721	 0.39097	 0.41270	 0.44010	 0.46949	 0.49720	 0.52344	 0.55609	 0.60274	 0.65851	 0.71319	 0.75520	 0.77970	 0.79156	 0.79742	 0.79989	 0.79861	 0.79520	 0.79021	 0.78410	 0.77728	 0.77102	 0.76721	 0.76382	 0.76020	 0.75729	 0.75421	 0.74872	 0.74042	 0.73031	 0.72086	 0.71026	 0.70015	 0.69132	 0.68366	 0.67978	 0.67942	 0.68431	 0.68895	 0.68496	 0.66528	 0.63303	 0.59510	 0.55684	 0.52207	 0.48994	 0.46282	 0.43971	 0.41962	 0.40472
4350 	 0.30773	 0.30831	 0.31401	 0.32961	 0.35863	 0.39581	 0.43182	 0.46220	 0.48684	 0.50437	 0.51049	 0.50217	 0.48565	 0.46844	 0.45486	 0.44591	 0.44056	 0.43626	 0.43087	 0.42611	 0.42545	 0.43165	 0.44650	 0.47026	 0.50066	 0.53329	 0.56400	 0.59264	 0.62742	 0.67648	 0.73457	 0.79084	 0.83300	 0.85664	 0.86766	 0.87308	 0.87560	 0.87461	 0.87187	 0.86768	 0.86245	 0.85638	 0.85037	 0.84692	 0.84370	 0.84024	 0.83748	 0.83456	 0.82937	 0.82132	 0.81155	 0.80240	 0.79214	 0.78183	 0.77295	 0.76524	 0.76157	 0.76181	 0.76735	 0.77171	 0.76629	 0.74330	 0.70669	 0.66405	 0.62136	 0.58295	 0.54811	 0.51865	 0.49353	 0.47185	 0.45452
4505 	 0.24478	 0.24475	 0.24853	 0.25998	 0.28203	 0.31000	 0.33496	 0.35402	 0.36881	 0.37947	 0.38321	 0.37731	 0.36600	 0.35451	 0.34520	 0.33860	 0.33442	 0.33083	 0.32710	 0.32441	 0.32501	 0.33078	 0.34285	 0.36046	 0.38114	 0.40232	 0.42242	 0.44286	 0.47110	 0.51228	 0.55918	 0.60230	 0.63372	 0.65125	 0.65944	 0.66302	 0.66382	 0.66100	 0.65581	 0.64918	 0.64171	 0.63388	 0.62709	 0.62272	 0.61881	 0.61469	 0.61129	 0.60799	 0.60289	 0.59536	 0.58660	 0.57871	 0.56990	 0.56164	 0.55459	 0.54842	 0.54498	 0.54429	 0.54784	 0.55254	 0.55372	 0.54529	 0.52735	 0.50476	 0.48032	 0.45819	 0.43635	 0.41723	 0.40015	 0.38582	 0.37379
4592 	 0.26322	 0.26369	 0.26878	 0.28341	 0.31111	 0.34661	 0.37978	 0.40659	 0.42851	 0.44480	 0.45134	 0.44455	 0.42983	 0.41440	 0.40218	 0.39393	 0.38891	 0.38443	 0.37924	 0.37503	 0.37476	 0.38096	 0.39520	 0.41739	 0.44496	 0.47408	 0.50143	 0.52725	 0.55966	 0.60649	 0.66269	 0.71886	 0.76322	 0.78986	 0.80301	 0.80903	 0.81119	 0.80904	 0.80426	 0.79781	 0.79039	 0.78240	 0.77519	 0.77069	 0.76689	 0.76295	 0.75967	 0.75619	 0.75022	 0.74113	 0.73009	 0.71988	 0.70867	 0.69799	 0.68861	 0.68038	 0.67575	 0.67479	 0.67908	 0.68309	 0.67839	 0.65735	 0.62307	 0.58391	 0.54516	 0.50985	 0.47756	 0.44979	 0.42682	 0.40754	 0.39216
6153 	 0.31734	 0.31769	 0.32327	 0.33894	 0.36764	 0.40375	 0.43775	 0.46555	 0.48767	 0.50280	 0.50781	 0.49986	 0.48450	 0.46875	 0.45628	 0.44790	 0.44292	 0.43897	 0.43420	 0.43025	 0.43020	 0.43675	 0.45118	 0.47341	 0.50088	 0.52949	 0.55618	 0.58140	 0.61270	 0.65645	 0.70518	 0.74950	 0.78079	 0.79726	 0.80476	 0.80871	 0.81043	 0.80919	 0.80637	 0.80266	 0.79793	 0.79252	 0.78748	 0.78460	 0.78170	 0.77845	 0.77610	 0.77382	 0.76975	 0.76328	 0.75561	 0.74894	 0.74127	 0.73354	 0.72697	 0.72102	 0.71867	 0.71951	 0.72407	 0.72843	 0.72639	 0.71149	 0.68366	 0.64890	 0.61355	 0.58152	 0.55238	 0.52602	 0.50426	 0.48417	 0.46983
6296 	 0.21955	 0.21990	 0.22434	 0.23682	 0.25971	 0.28867	 0.31592	 0.33797	 0.35550	 0.36791	 0.37201	 0.36552	 0.35291	 0.34010	 0.33001	 0.32290	 0.31876	 0.31530	 0.31129	 0.30793	 0.30773	 0.31308	 0.32493	 0.34319	 0.36570	 0.38970	 0.41238	 0.43446	 0.46331	 0.50473	 0.55271	 0.59830	 0.63269	 0.65253	 0.66214	 0.66679	 0.66833	 0.66651	 0.66263	 0.65756	 0.65145	 0.64457	 0.63845	 0.63459	 0.63109	 0.62734	 0.62440	 0.62141	 0.61643	 0.60881	 0.59977	 0.59164	 0.58249	 0.57363	 0.56622	 0.55971	 0.55666	 0.55693	 0.56163	 0.56646	 0.56528	 0.55223	 0.52915	 0.50129	 0.47237	 0.44573	 0.41954	 0.39847	 0.37913	 0.36312	 0.34860
6297 	 0.22115	 0.22115	 0.22537	 0.23727	 0.25954	 0.28788	 0.31492	 0.33723	 0.35513	 0.36799	 0.37244	 0.36608	 0.35335	 0.34031	 0.32995	 0.32263	 0.31844	 0.31468	 0.31027	 0.30639	 0.30566	 0.31021	 0.32146	 0.33928	 0.36169	 0.38597	 0.40883	 0.43066	 0.45856	 0.49849	 0.54551	 0.59147	 0.62714	 0.64815	 0.65831	 0.66317	 0.66484	 0.66301	 0.65931	 0.65439	 0.64849	 0.64183	 0.63588	 0.63224	 0.62894	 0.62561	 0.62289	 0.62005	 0.61509	 0.60747	 0.59833	 0.59002	 0.58078	 0.57178	 0.56423	 0.55769	 0.55443	 0.55460	 0.55954	 0.56499	 0.56458	 0.55235	 0.52957	 0.50248	 0.47354	 0.44684	 0.42171	 0.40015	 0.38121	 0.36541	 0.35263
6497 	 0.25222	 0.25253	 0.25732	 0.27135	 0.29752	 0.33113	 0.36315	 0.38965	 0.41100	 0.42663	 0.43249	 0.42541	 0.41082	 0.39565	 0.38372	 0.37573	 0.37095	 0.36669	 0.36175	 0.35758	 0.35707	 0.36281	 0.37612	 0.39715	 0.42365	 0.45197	 0.47863	 0.50390	 0.53529	 0.58024	 0.63408	 0.68756	 0.72967	 0.75500	 0.76762	 0.77368	 0.77616	 0.77467	 0.77076	 0.76547	 0.75902	 0.75190	 0.74546	 0.74148	 0.73805	 0.73449	 0.73161	 0.72849	 0.72298	 0.71460	 0.70438	 0.69490	 0.68446	 0.67421	 0.66552	 0.65789	 0.65392	 0.65344	 0.65805	 0.66266	 0.65909	 0.64050	 0.60966	 0.57298	 0.53643	 0.50329	 0.47236	 0.44613	 0.42355	 0.40379	 0.38961
6948 	 0.20735	 0.20753	 0.21143	 0.22232	 0.24297	 0.26905	 0.29261	 0.31093	 0.32534	 0.33598	 0.33984	 0.33438	 0.32351	 0.31251	 0.30381	 0.29758	 0.29378	 0.29038	 0.28672	 0.28408	 0.28447	 0.28987	 0.30108	 0.31778	 0.33747	 0.35824	 0.37794	 0.39819	 0.42654	 0.46860	 0.51850	 0.56689	 0.60460	 0.62743	 0.63899	 0.64443	 0.64593	 0.64302	 0.63718	 0.62948	 0.62085	 0.61193	 0.60411	 0.59898	 0.59454	 0.59004	 0.58631	 0.58259	 0.57667	 0.56821	 0.55823	 0.54916	 0.53931	 0.52989	 0.52221	 0.51544	 0.51179	 0.51117	 0.51505	 0.52005	 0.52038	 0.50992	 0.48940	 0.46499	 0.43889	 0.41462	 0.39146	 0.37171	 0.35364	 0.33942	 0.32628
7039 	 0.25075	 0.24919	 0.25079	 0.25708	 0.27121	 0.29061	 0.30917	 0.32437	 0.33648	 0.34516	 0.34789	 0.34223	 0.33176	 0.32091	 0.31190	 0.30516	 0.30077	 0.29669	 0.29214	 0.28808	 0.28650	 0.28928	 0.29720	 0.31031	 0.32677	 0.34478	 0.36173	 0.37832	 0.40061	 0.43310	 0.47127	 0.50926	 0.53960	 0.55801	 0.56710	 0.57110	 0.57208	 0.56968	 0.56533	 0.55983	 0.55332	 0.54642	 0.54061	 0.53708	 0.53396	 0.53067	 0.52809	 0.52549	 0.52099	 0.51398	 0.50569	 0.49841	 0.49022	 0.48246	 0.47626	 0.47082	 0.46838	 0.46881	 0.47384	 0.48100	 0.48683	 0.48517	 0.47621	 0.46272	 0.44751	 0.43363	 0.41892	 0.40612	 0.39460	 0.38314	 0.37537
7040 	 0.22830	 0.22701	 0.22865	 0.23497	 0.24875	 0.26756	 0.28513	 0.29912	 0.31002	 0.31814	 0.32084	 0.31587	 0.30606	 0.29613	 0.28788	 0.28152	 0.27733	 0.27342	 0.26913	 0.26556	 0.26447	 0.26738	 0.27537	 0.28810	 0.30380	 0.32082	 0.33715	 0.35345	 0.37622	 0.41021	 0.45131	 0.49298	 0.52697	 0.54817	 0.55901	 0.56370	 0.56467	 0.56162	 0.55611	 0.54904	 0.54106	 0.53277	 0.52584	 0.52137	 0.51760	 0.51383	 0.51071	 0.50750	 0.50240	 0.49462	 0.48553	 0.47733	 0.46841	 0.46002	 0.45330	 0.44759	 0.44465	 0.44459	 0.44911	 0.45573	 0.46074	 0.45814	 0.44787	 0.43347	 0.41736	 0.40254	 0.38776	 0.37411	 0.36249	 0.35178	 0.34272
7045 	 0.23262	 0.23253	 0.23621	 0.24676	 0.26703	 0.29254	 0.31496	 0.33203	 0.34476	 0.35355	 0.35622	 0.35036	 0.33993	 0.32954	 0.32120	 0.31512	 0.31128	 0.30795	 0.30466	 0.30247	 0.30335	 0.30921	 0.32085	 0.33762	 0.35697	 0.37661	 0.39515	 0.41477	 0.44328	 0.48535	 0.53333	 0.57705	 0.60872	 0.62627	 0.63435	 0.63795	 0.63836	 0.63466	 0.62840	 0.62055	 0.61200	 0.60325	 0.59580	 0.59089	 0.58654	 0.58191	 0.57809	 0.57443	 0.56912	 0.56162	 0.55289	 0.54530	 0.53691	 0.52890	 0.52243	 0.51672	 0.51395	 0.51394	 0.51765	 0.52211	 0.52374	 0.51726	 0.50200	 0.48210	 0.46026	 0.44034	 0.42003	 0.40245	 0.38738	 0.37355	 0.36207
7047 	 0.27008	 0.26871	 0.27037	 0.27691	 0.29190	 0.31231	 0.33087	 0.34524	 0.35610	 0.36399	 0.36622	 0.36024	 0.34965	 0.33888	 0.32997	 0.32334	 0.31878	 0.31478	 0.31059	 0.30734	 0.30683	 0.31090	 0.32029	 0.33464	 0.35159	 0.36926	 0.38612	 0.40360	 0.42866	 0.46565	 0.50803	 0.54733	 0.57647	 0.59290	 0.60046	 0.60377	 0.60402	 0.60072	 0.59516	 0.58813	 0.58051	 0.57253	 0.56576	 0.56144	 0.55763	 0.55359	 0.55011	 0.54683	 0.54191	 0.53471	 0.52647	 0.51932	 0.51129	 0.50371	 0.49755	 0.49227	 0.48972	 0.48978	 0.49417	 0.50106	 0.50734	 0.50748	 0.49873	 0.48591	 0.47072	 0.45750	 0.44270	 0.43026	 0.41831	 0.40771	 0.39880
7287 	 0.25620	 0.25573	 0.25934	 0.27017	 0.29177	 0.31932	 0.34430	 0.36402	 0.37937	 0.39030	 0.39375	 0.38719	 0.37537	 0.36345	 0.35395	 0.34720	 0.34299	 0.33936	 0.33553	 0.33262	 0.33299	 0.33881	 0.35089	 0.36887	 0.39016	 0.41213	 0.43284	 0.45377	 0.48231	 0.52363	 0.57034	 0.61296	 0.64397	 0.66114	 0.66906	 0.67298	 0.67401	 0.67159	 0.66711	 0.66135	 0.65471	 0.64759	 0.64145	 0.63755	 0.63399	 0.63015	 0.62715	 0.62415	 0.61942	 0.61215	 0.60353	 0.59588	 0.58726	 0.57884	 0.57186	 0.56555	 0.56211	 0.56171	 0.56568	 0.57090	 0.57221	 0.56418	 0.54587	 0.52317	 0.49890	 0.47620	 0.45412	 0.43519	 0.41834	 0.40248	 0.39126
7676 	 0.33376	 0.33267	 0.33533	 0.34455	 0.36421	 0.39068	 0.41566	 0.43595	 0.45190	 0.46297	 0.46631	 0.45875	 0.44548	 0.43186	 0.42082	 0.41289	 0.40760	 0.40301	 0.39808	 0.39393	 0.39322	 0.39812	 0.40976	 0.42793	 0.45016	 0.47326	 0.49505	 0.51636	 0.54437	 0.58435	 0.62928	 0.67026	 0.69949	 0.71500	 0.72188	 0.72530	 0.72626	 0.72419	 0.72040	 0.71554	 0.70996	 0.70376	 0.69827	 0.69511	 0.69218	 0.68884	 0.68619	 0.68366	 0.67942	 0.67277	 0.66483	 0.65783	 0.64996	 0.64229	 0.63584	 0.63004	 0.62739	 0.62766	 0.63260	 0.63939	 0.64382	 0.63947	 0.62408	 0.60285	 0.58044	 0.55894	 0.53887	 0.52015	 0.50425	 0.48847	 0.47677
7679 	 0.24532	 0.24524	 0.24915	 0.26051	 0.28227	 0.30980	 0.33495	 0.35496	 0.37039	 0.38122	 0.38461	 0.37820	 0.36651	 0.35484	 0.34531	 0.33852	 0.33437	 0.33074	 0.32676	 0.32361	 0.32365	 0.32891	 0.34054	 0.35804	 0.37895	 0.40067	 0.42099	 0.44106	 0.46812	 0.50709	 0.55109	 0.59117	 0.62042	 0.63659	 0.64407	 0.64755	 0.64837	 0.64602	 0.64180	 0.63651	 0.63031	 0.62357	 0.61767	 0.61403	 0.61070	 0.60714	 0.60426	 0.60136	 0.59675	 0.58985	 0.58168	 0.57440	 0.56622	 0.55816	 0.55166	 0.54584	 0.54282	 0.54264	 0.54637	 0.55106	 0.55177	 0.54317	 0.52524	 0.50293	 0.47894	 0.45668	 0.43514	 0.41607	 0.39963	 0.38509	 0.37317
7681 	 0.22885	 0.22811	 0.23041	 0.23825	 0.25417	 0.27525	 0.29443	 0.30924	 0.32078	 0.32927	 0.33226	 0.32726	 0.31761	 0.30768	 0.29963	 0.29344	 0.28952	 0.28579	 0.28182	 0.27870	 0.27818	 0.28191	 0.29085	 0.30446	 0.32062	 0.33760	 0.35388	 0.37029	 0.39354	 0.42799	 0.46816	 0.50694	 0.53695	 0.55482	 0.56368	 0.56745	 0.56822	 0.56521	 0.55995	 0.55309	 0.54552	 0.53761	 0.53104	 0.52681	 0.52317	 0.51951	 0.51639	 0.51336	 0.50846	 0.50135	 0.49307	 0.48569	 0.47739	 0.46960	 0.46333	 0.45790	 0.45503	 0.45453	 0.45779	 0.46289	 0.46607	 0.46226	 0.45042	 0.43466	 0.41713	 0.40120	 0.38506	 0.37225	 0.35963	 0.34856	 0.33887
7683 	 0.23781	 0.23636	 0.23786	 0.24394	 0.25746	 0.27621	 0.29454	 0.30997	 0.32228	 0.33121	 0.33415	 0.32889	 0.31875	 0.30822	 0.29947	 0.29290	 0.28871	 0.28479	 0.28026	 0.27610	 0.27444	 0.27684	 0.28446	 0.29724	 0.31362	 0.33199	 0.34949	 0.36616	 0.38799	 0.41989	 0.45824	 0.49792	 0.53089	 0.55179	 0.56236	 0.56724	 0.56860	 0.56633	 0.56207	 0.55658	 0.55011	 0.54307	 0.53714	 0.53354	 0.53051	 0.52723	 0.52478	 0.52224	 0.51757	 0.51039	 0.50185	 0.49423	 0.48585	 0.47770	 0.47117	 0.46556	 0.46289	 0.46346	 0.46851	 0.47559	 0.48049	 0.47791	 0.46683	 0.45224	 0.43539	 0.41987	 0.40408	 0.39015	 0.37809	 0.36700	 0.35774
7687 	 0.25706	 0.25573	 0.25764	 0.26440	 0.27957	 0.29976	 0.31819	 0.33289	 0.34413	 0.35201	 0.35409	 0.34805	 0.33779	 0.32743	 0.31900	 0.31261	 0.30847	 0.30472	 0.30077	 0.29760	 0.29709	 0.30102	 0.31017	 0.32409	 0.34086	 0.35840	 0.37525	 0.39270	 0.41744	 0.45400	 0.49630	 0.53592	 0.56555	 0.58254	 0.59064	 0.59427	 0.59501	 0.59213	 0.58710	 0.58072	 0.57347	 0.56580	 0.55923	 0.55496	 0.55107	 0.54710	 0.54381	 0.54059	 0.53567	 0.52830	 0.51987	 0.51227	 0.50390	 0.49594	 0.48950	 0.48388	 0.48122	 0.48141	 0.48625	 0.49334	 0.49915	 0.49849	 0.48979	 0.47696	 0.46176	 0.44759	 0.43358	 0.42003	 0.40808	 0.39658	 0.38844
7939 	 0.27978	 0.27982	 0.28411	 0.29655	 0.32068	 0.35135	 0.37912	 0.40091	 0.41786	 0.42991	 0.43386	 0.42695	 0.41418	 0.40108	 0.39058	 0.38322	 0.37859	 0.37468	 0.37046	 0.36733	 0.36777	 0.37411	 0.38737	 0.40709	 0.43055	 0.45443	 0.47676	 0.49900	 0.52873	 0.57128	 0.61893	 0.66181	 0.69238	 0.70880	 0.71626	 0.71975	 0.72069	 0.71826	 0.71377	 0.70802	 0.70148	 0.69445	 0.68825	 0.68444	 0.68098	 0.67721	 0.67407	 0.67097	 0.66617	 0.65902	 0.65057	 0.64304	 0.63458	 0.62635	 0.61946	 0.61332	 0.61020	 0.60976	 0.61360	 0.61849	 0.61914	 0.60935	 0.58855	 0.56268	 0.53538	 0.51019	 0.48627	 0.46474	 0.44603	 0.42972	 0.41694
8019 	 0.24542	 0.24633	 0.25188	 0.26662	 0.29348	 0.32685	 0.35717	 0.38120	 0.39988	 0.41327	 0.41802	 0.41143	 0.39844	 0.38518	 0.37470	 0.36756	 0.36330	 0.35970	 0.35571	 0.35276	 0.35341	 0.36010	 0.37392	 0.39450	 0.41908	 0.44424	 0.46779	 0.49082	 0.52103	 0.56406	 0.61245	 0.65632	 0.68777	 0.70486	 0.71274	 0.71666	 0.71797	 0.71586	 0.71184	 0.70655	 0.70048	 0.69392	 0.68814	 0.68458	 0.68136	 0.67770	 0.67480	 0.67183	 0.66721	 0.66030	 0.65199	 0.64458	 0.63610	 0.62784	 0.62096	 0.61478	 0.61145	 0.61067	 0.61339	 0.61569	 0.61118	 0.59455	 0.56664	 0.53418	 0.50099	 0.47069	 0.44303	 0.41849	 0.39796	 0.38063	 0.36658
8211 	 0.27017	 0.27006	 0.27414	 0.28572	 0.30776	 0.33558	 0.36136	 0.38227	 0.39852	 0.40989	 0.41353	 0.40704	 0.39475	 0.38205	 0.37174	 0.36450	 0.36004	 0.35633	 0.35200	 0.34829	 0.34764	 0.35232	 0.36324	 0.38020	 0.40099	 0.42286	 0.44309	 0.46252	 0.48777	 0.52306	 0.56158	 0.59624	 0.62099	 0.63410	 0.63985	 0.64258	 0.64321	 0.64104	 0.63744	 0.63295	 0.62772	 0.62193	 0.61698	 0.61412	 0.61136	 0.60826	 0.60596	 0.60370	 0.59986	 0.59396	 0.58706	 0.58118	 0.57439	 0.56765	 0.56211	 0.55724	 0.55501	 0.55540	 0.55904	 0.56325	 0.56420	 0.55635	 0.53886	 0.51650	 0.49260	 0.47102	 0.45024	 0.43218	 0.41632	 0.40275	 0.39197
8487 	 0.24758	 0.24643	 0.24867	 0.25619	 0.27165	 0.29268	 0.31306	 0.32994	 0.34345	 0.35335	 0.35681	 0.35155	 0.34096	 0.32998	 0.32094	 0.31419	 0.30998	 0.30604	 0.30152	 0.29746	 0.29590	 0.29885	 0.30713	 0.32083	 0.33827	 0.35747	 0.37548	 0.39256	 0.41473	 0.44652	 0.48336	 0.51937	 0.54727	 0.56347	 0.57099	 0.57457	 0.57537	 0.57310	 0.56941	 0.56466	 0.55918	 0.55314	 0.54806	 0.54525	 0.54254	 0.53974	 0.53755	 0.53530	 0.53141	 0.52523	 0.51776	 0.51130	 0.50399	 0.49683	 0.49109	 0.48615	 0.48386	 0.48431	 0.48860	 0.49452	 0.49877	 0.49608	 0.48459	 0.46935	 0.45197	 0.43609	 0.42014	 0.40573	 0.39303	 0.38138	 0.37149
8488 	 0.22890	 0.22784	 0.22978	 0.23662	 0.25111	 0.27082	 0.28968	 0.30519	 0.31750	 0.32674	 0.33013	 0.32521	 0.31504	 0.30447	 0.29566	 0.28902	 0.28482	 0.28090	 0.27649	 0.27255	 0.27102	 0.27359	 0.28135	 0.29426	 0.31064	 0.32861	 0.34566	 0.36190	 0.38352	 0.41479	 0.45149	 0.48814	 0.51756	 0.53527	 0.54379	 0.54753	 0.54821	 0.54569	 0.54132	 0.53584	 0.52961	 0.52289	 0.51725	 0.51398	 0.51113	 0.50807	 0.50562	 0.50312	 0.49880	 0.49208	 0.48419	 0.47725	 0.46950	 0.46212	 0.45624	 0.45115	 0.44885	 0.44923	 0.45365	 0.45996	 0.46493	 0.46269	 0.45220	 0.43841	 0.42220	 0.40762	 0.39279	 0.37892	 0.36702	 0.35679	 0.34708
8530 	 0.30712	 0.30791	 0.31413	 0.33157	 0.36406	 0.40497	 0.44299	 0.47400	 0.49881	 0.51649	 0.52282	 0.51428	 0.49766	 0.48046	 0.46700	 0.45812	 0.45279	 0.44838	 0.44333	 0.43930	 0.43967	 0.44747	 0.46430	 0.48995	 0.52153	 0.55423	 0.58474	 0.61385	 0.65021	 0.70184	 0.76109	 0.81543	 0.85399	 0.87442	 0.88350	 0.88815	 0.89003	 0.88854	 0.88539	 0.88087	 0.87545	 0.86910	 0.86317	 0.85966	 0.85621	 0.85254	 0.84968	 0.84672	 0.84167	 0.83378	 0.82420	 0.81546	 0.80564	 0.79571	 0.78705	 0.77935	 0.77528	 0.77462	 0.77820	 0.78041	 0.77286	 0.74848	 0.71022	 0.66626	 0.62230	 0.58352	 0.54834	 0.51796	 0.49249	 0.47049	 0.45358
8947 	 0.28380	 0.28217	 0.28385	 0.28991	 0.30358	 0.32279	 0.34156	 0.35669	 0.36844	 0.37661	 0.37891	 0.37289	 0.36179	 0.35025	 0.34057	 0.33315	 0.32830	 0.32389	 0.31907	 0.31486	 0.31334	 0.31631	 0.32486	 0.33904	 0.35710	 0.37675	 0.39536	 0.41333	 0.43716	 0.47165	 0.51137	 0.54905	 0.57709	 0.59256	 0.59953	 0.60266	 0.60336	 0.60085	 0.59666	 0.59151	 0.58556	 0.57915	 0.57360	 0.57042	 0.56762	 0.56446	 0.56200	 0.55972	 0.55577	 0.54982	 0.54285	 0.53698	 0.53038	 0.52427	 0.52029	 0.51758	 0.51731	 0.51841	 0.52325	 0.53057	 0.53840	 0.54141	 0.53583	 0.52482	 0.51110	 0.49837	 0.48615	 0.47253	 0.46124	 0.44873	 0.43892
8948 	 0.26271	 0.26285	 0.26697	 0.27859	 0.30092	 0.32956	 0.35600	 0.37703	 0.39345	 0.40524	 0.40950	 0.40337	 0.39134	 0.37903	 0.36911	 0.36209	 0.35779	 0.35406	 0.34990	 0.34657	 0.34657	 0.35207	 0.36396	 0.38198	 0.40370	 0.42615	 0.44707	 0.46757	 0.49462	 0.53325	 0.57660	 0.61623	 0.64525	 0.66137	 0.66892	 0.67257	 0.67361	 0.67143	 0.66730	 0.66198	 0.65590	 0.64935	 0.64367	 0.64026	 0.63718	 0.63382	 0.63106	 0.62825	 0.62387	 0.61721	 0.60937	 0.60244	 0.59445	 0.58675	 0.58025	 0.57446	 0.57160	 0.57115	 0.57446	 0.57865	 0.57883	 0.56909	 0.54962	 0.52481	 0.49862	 0.47494	 0.45188	 0.43184	 0.41430	 0.39910	 0.38829
8998 	 0.26648	 0.26686	 0.27186	 0.28597	 0.31255	 0.34655	 0.37815	 0.40377	 0.42447	 0.43962	 0.44538	 0.43844	 0.42423	 0.40954	 0.39796	 0.39015	 0.38554	 0.38142	 0.37675	 0.37292	 0.37298	 0.37914	 0.39293	 0.41418	 0.44025	 0.46777	 0.49358	 0.51842	 0.55006	 0.59549	 0.64914	 0.70125	 0.74118	 0.76451	 0.77587	 0.78140	 0.78338	 0.78157	 0.77746	 0.77177	 0.76506	 0.75770	 0.75105	 0.74700	 0.74346	 0.73976	 0.73670	 0.73350	 0.72813	 0.71976	 0.70970	 0.70045	 0.69013	 0.68009	 0.67157	 0.66398	 0.65985	 0.65917	 0.66337	 0.66800	 0.66512	 0.64766	 0.61764	 0.58241	 0.54680	 0.51423	 0.48418	 0.45788	 0.43579	 0.41709	 0.40262
