1	0.196353653	0.197349498	0.202269979	0.217502584	0.245919879	0.283076123	0.319901072	0.350776362	0.376796506	0.395895991	0.401118169	0.393862281	0.377204284	0.35958924	0.347328476	0.339764202	0.335581415	0.332912279	0.327987566	0.323580523	0.32315422	0.329319215	0.34243954	0.366180188	0.396498542	0.429721856	0.46062447	0.487139904	0.515994877	0.556780252	0.612497752	0.673866172	0.722581546	0.754547077	0.772262963	0.781849468	0.785459872	0.786188119	0.786361763	0.784572205	0.779886315	0.774971232	0.76978619	0.76546585	0.763133486	0.761574902	0.75913805	0.756340264	0.751389705	0.743536419	0.734372502	0.724183526	0.713597584	0.703177345	0.693171128	0.687279718	0.682636487	0.681445568	0.683992003	0.680063196	0.657010195	0.618341012	0.572952167	0.527606968	0.486207589	0.44894074	0.415404309	0.386339394	0.36254074	0.34445889	0.327138291
6	0.194590427	0.195196672	0.200534158	0.215601518	0.244369226	0.281799009	0.318993455	0.349746469	0.375492691	0.394892815	0.400069492	0.392868154	0.376455349	0.358781893	0.346507152	0.338685389	0.334751795	0.331681081	0.326560192	0.322090358	0.321491643	0.327855626	0.341220341	0.364978018	0.395466801	0.429313811	0.460681301	0.487128973	0.515909648	0.557124449	0.613611792	0.674668994	0.723156645	0.755365404	0.773052457	0.782535524	0.786307398	0.786462738	0.786534078	0.784162071	0.779613083	0.774833013	0.769755761	0.765387078	0.762826795	0.76124837	0.759191072	0.756109272	0.750785294	0.743095859	0.734131563	0.724242243	0.713415332	0.702664291	0.692544675	0.686531243	0.68244737	0.681722667	0.684165667	0.679705564	0.656838895	0.617804543	0.571595705	0.526225766	0.485210553	0.447789191	0.413130467	0.3851089	0.360431099	0.342487657	0.325379785
11	0.195223775	0.195717665	0.20086509	0.215830289	0.244817861	0.282353566	0.319125392	0.349756282	0.375787989	0.395059412	0.400401951	0.393341072	0.376810842	0.359000261	0.346778114	0.339435653	0.335511618	0.331931504	0.32695607	0.322895494	0.322568247	0.328395692	0.342014882	0.365837633	0.3964765	0.430043111	0.461252797	0.487313412	0.515469361	0.556562951	0.613229956	0.67448271	0.722844887	0.754907538	0.772797596	0.782181437	0.785661564	0.786069786	0.786156148	0.783819595	0.779774749	0.774749789	0.7696892	0.765336632	0.762735877	0.761519233	0.759543663	0.756233287	0.750666043	0.742756145	0.733993569	0.723993829	0.712958402	0.701823258	0.692308457	0.686016737	0.682439574	0.681995151	0.683990479	0.680013913	0.657839028	0.618143873	0.571874311	0.526573501	0.485984131	0.448184347	0.414906141	0.386208392	0.361952496	0.343324246	0.326643423
16	0.195002106	0.195187995	0.200077418	0.215389338	0.244570273	0.282164612	0.318871273	0.349373913	0.375457164	0.394830364	0.400423805	0.393211256	0.37654759	0.358772018	0.346383634	0.339089911	0.334959345	0.331578067	0.326953667	0.322728029	0.322288643	0.328062486	0.341913002	0.36598874	0.396647105	0.430378449	0.461336779	0.487314955	0.515729731	0.557072413	0.613688663	0.675211947	0.72329515	0.755266688	0.773096086	0.782511899	0.785635589	0.785980774	0.785998026	0.783767213	0.780092671	0.774803152	0.76971775	0.765339816	0.76264886	0.761552258	0.759410676	0.756120849	0.750270212	0.742674615	0.73355483	0.723215355	0.71231757	0.701368582	0.692207795	0.685604643	0.681965161	0.681351243	0.683255593	0.679616129	0.657159425	0.617315825	0.570864312	0.525961474	0.484849513	0.447515374	0.413044486	0.385013245	0.360710219	0.342588063	0.326036232
21	0.195641877	0.195597456	0.200459476	0.215906264	0.244936308	0.282449459	0.318949997	0.349462952	0.375429041	0.394591711	0.400354218	0.393209107	0.376596741	0.35889715	0.346298567	0.33902929	0.334904515	0.331784762	0.327106262	0.322814967	0.322324558	0.328169991	0.342021117	0.366097764	0.396649507	0.430200665	0.460839917	0.486567865	0.515014111	0.555783302	0.611809327	0.672669535	0.720531349	0.752623174	0.770643926	0.779941375	0.783016562	0.783515416	0.783438351	0.781345027	0.77785408	0.772373675	0.767567037	0.763251746	0.760212915	0.759157933	0.75695577	0.754037364	0.748117969	0.740814606	0.731522747	0.721198704	0.710503714	0.699615403	0.690869021	0.684197557	0.680190473	0.679548151	0.681672119	0.678272987	0.655764784	0.616253422	0.569976715	0.524933808	0.484200731	0.447325289	0.413038465	0.384788535	0.361126496	0.34261532	0.326008269
26	0.195765195	0.195698698	0.200562217	0.216064848	0.245194088	0.282690149	0.319066615	0.349553573	0.375467319	0.394415903	0.400130905	0.39295088	0.376294154	0.35852144	0.345907819	0.338815239	0.334721963	0.331587532	0.327013889	0.3228969	0.322322778	0.32811551	0.342144582	0.366259362	0.396792568	0.430221652	0.460783253	0.486556429	0.515239621	0.556019764	0.612000705	0.67273674	0.720565746	0.752710518	0.770625894	0.779690178	0.782683016	0.783390582	0.783279943	0.781021784	0.777381913	0.772195709	0.767392741	0.763096666	0.759927858	0.758870176	0.7564439	0.753617519	0.747573636	0.740507266	0.73103951	0.720736403	0.710076334	0.699214148	0.690794344	0.684041781	0.679750501	0.67917863	0.681417129	0.677752307	0.65553323	0.616256253	0.570366281	0.525406594	0.484771395	0.447503233	0.413327959	0.384692896	0.360980596	0.34251711	0.325677282
31	0.195694975	0.195670101	0.200550184	0.216154079	0.245311961	0.282718541	0.319133163	0.34966655	0.375424662	0.394566744	0.400226141	0.393120064	0.376416277	0.358561719	0.346040912	0.338967443	0.334837139	0.331621599	0.327018799	0.322899434	0.322346406	0.32813528	0.342161982	0.366286463	0.396881565	0.430273949	0.460887632	0.486577817	0.515317432	0.555984308	0.611861192	0.672665801	0.720602155	0.752895007	0.77083321	0.779937111	0.783030315	0.783835809	0.783724943	0.781441431	0.777890455	0.772801769	0.768027656	0.763602019	0.760365045	0.759168912	0.756877976	0.7540514	0.748171197	0.741093581	0.731615294	0.721273817	0.710563232	0.699723059	0.691228316	0.684478741	0.680123015	0.679480254	0.681498837	0.678019373	0.655808771	0.616445593	0.570253884	0.525418038	0.484751754	0.447197747	0.413532508	0.384713844	0.360896812	0.342302651	0.325724904
36	0.195790081	0.195785414	0.200618299	0.216184111	0.245570096	0.282862216	0.319185693	0.349746251	0.375529258	0.39462486	0.400355382	0.393167144	0.376508528	0.358754749	0.346118072	0.338943583	0.334849763	0.331675692	0.327038356	0.322873771	0.322398043	0.328177095	0.34219707	0.366426415	0.397009208	0.430424086	0.460996407	0.486806894	0.515578719	0.556371386	0.612310147	0.673114187	0.721021706	0.753332495	0.771280626	0.780257387	0.783297217	0.784082567	0.783972499	0.781676758	0.778039965	0.773043249	0.768240199	0.763896691	0.760532383	0.759320223	0.756977453	0.754186541	0.748253596	0.741118964	0.731718861	0.72133931	0.710661378	0.699799362	0.691267337	0.684537567	0.680142841	0.679476088	0.681550888	0.678236926	0.655920625	0.616486443	0.570774204	0.52565827	0.484482862	0.447467932	0.413554171	0.385442511	0.361508342	0.343013145	0.326118718
41	0.195847084	0.195823371	0.200720577	0.216294514	0.245631851	0.282830165	0.319167764	0.349715013	0.375411477	0.394472166	0.400108505	0.392981171	0.376349136	0.358527131	0.345950948	0.338790068	0.334671157	0.331528918	0.326924766	0.322824439	0.322264704	0.328017209	0.342032648	0.366253655	0.396897154	0.430304272	0.460893056	0.48665338	0.515432041	0.556171452	0.612105088	0.672747482	0.720539143	0.752771943	0.770630137	0.779618533	0.782609217	0.783548304	0.783378478	0.780937301	0.777380778	0.772382379	0.767683764	0.763243576	0.759754919	0.758606661	0.756226373	0.753546748	0.74758844	0.740480322	0.731087974	0.720726698	0.710035502	0.699166818	0.69065139	0.683943879	0.67949988	0.678950191	0.681178172	0.677791219	0.655546109	0.616216177	0.570550487	0.525045426	0.484930859	0.447585519	0.413611009	0.385052066	0.361650678	0.342615397	0.326041322
46	0.195657875	0.195748336	0.200645663	0.216286689	0.245679416	0.282913233	0.319274541	0.349759898	0.375423415	0.394496055	0.400157046	0.393016527	0.376393249	0.358544573	0.34598585	0.338788878	0.334692754	0.331558762	0.326812768	0.322736617	0.32223441	0.327968945	0.34205843	0.366253494	0.396990082	0.430408022	0.461076058	0.486956781	0.515814109	0.556613149	0.612709643	0.673534002	0.721309569	0.753494768	0.771476621	0.780470617	0.783609837	0.7844617	0.784255773	0.78176729	0.778241324	0.773233463	0.768563409	0.764082101	0.760536926	0.759354595	0.75704504	0.754326873	0.748292185	0.741298061	0.731825551	0.72144843	0.710682998	0.699730567	0.691239912	0.684456043	0.679998721	0.679496239	0.681567571	0.678230046	0.656101823	0.616694666	0.570767331	0.525606446	0.48494239	0.447759216	0.414187736	0.384805454	0.361670534	0.342924684	0.325831928
2	0.12100442	0.120825159	0.122605495	0.129957649	0.144826791	0.165489803	0.184702095	0.199178904	0.210757235	0.219886015	0.222029246	0.217801824	0.208534658	0.198794979	0.192057033	0.187469477	0.18457292	0.182687396	0.179426698	0.177096472	0.177320235	0.181707426	0.189635969	0.203248881	0.219365871	0.236316246	0.252164237	0.266874287	0.284933697	0.311592872	0.348469173	0.388978331	0.422471268	0.446142901	0.460025596	0.467588911	0.46984511	0.468923963	0.466959423	0.462879372	0.456414619	0.450249026	0.444649948	0.439991649	0.437508434	0.435712474	0.433224727	0.430565196	0.426180548	0.419582115	0.412587513	0.405204069	0.397661792	0.390453696	0.383574378	0.38034811	0.377486639	0.376606954	0.379986245	0.382499872	0.377547467	0.364607118	0.346750792	0.327063799	0.307995533	0.290328059	0.274000194	0.258515546	0.246786425	0.235406534	0.225528435
7	0.11953039	0.119140816	0.121349142	0.128404238	0.143479885	0.164226254	0.183609305	0.197805076	0.209166662	0.218552237	0.220656974	0.216585413	0.207603519	0.197731328	0.191047379	0.186405549	0.183682018	0.181235138	0.177854448	0.175643788	0.175810028	0.180200873	0.188416403	0.202009311	0.218160385	0.23549194	0.251653427	0.266044405	0.28373265	0.310592461	0.348134249	0.388360189	0.42143263	0.445305226	0.459019068	0.466241209	0.46872209	0.467071527	0.465123193	0.460549566	0.454174492	0.448124624	0.44257426	0.437865311	0.435317872	0.433580627	0.431483651	0.428426757	0.423650922	0.417362955	0.410758976	0.403653117	0.395877677	0.388144348	0.381442757	0.378047791	0.375916523	0.37580265	0.378751071	0.38109903	0.37682234	0.36383994	0.345016382	0.32562353	0.306672058	0.28936689	0.272576991	0.257977647	0.244661472	0.234530458	0.224489005
12	0.119579507	0.118901372	0.120782771	0.127890261	0.14325738	0.163950058	0.182969962	0.197008725	0.208505424	0.217862895	0.220129469	0.21604975	0.206837479	0.196921285	0.190353293	0.186083006	0.183315745	0.180629413	0.17736454	0.175481642	0.175702157	0.179736965	0.188058732	0.201778201	0.218073925	0.23517469	0.250991603	0.265171197	0.282353937	0.309208062	0.346852966	0.387139604	0.419820097	0.443492957	0.457309082	0.464479998	0.466446653	0.465040607	0.463027701	0.458522077	0.452621375	0.446283631	0.440883947	0.436233238	0.433440683	0.432042188	0.430059951	0.426809193	0.421804037	0.415432857	0.408785917	0.401428477	0.393471732	0.385617674	0.379553517	0.375864098	0.374097057	0.374000736	0.376664986	0.379574934	0.375471901	0.362115002	0.343524595	0.324185007	0.305408052	0.288314075	0.271737806	0.256863994	0.243739793	0.233951741	0.224192926
17	0.119165991	0.118171958	0.119921905	0.127268961	0.142715327	0.163463578	0.182355358	0.196391264	0.20802346	0.217376088	0.219855184	0.215645288	0.206414542	0.196607482	0.189790527	0.18545041	0.182679937	0.180136694	0.177184018	0.175073169	0.175302275	0.179268421	0.187745998	0.201615785	0.217909619	0.23511501	0.250711616	0.264747923	0.282159086	0.308983215	0.346575064	0.386974919	0.419594639	0.443308574	0.457278246	0.464522678	0.466170478	0.464778498	0.462667294	0.458263163	0.452831165	0.446173189	0.440781975	0.43616387	0.433400456	0.432124997	0.429952213	0.42683772	0.42163048	0.415423213	0.408494296	0.400959079	0.393141096	0.385354309	0.379607237	0.375623662	0.373707353	0.373529378	0.376125606	0.379335296	0.375211779	0.361680914	0.342929759	0.323680084	0.304925974	0.287301345	0.27103113	0.256161811	0.243534105	0.233009691	0.223693186
22	0.118428659	0.117298696	0.118915049	0.126320643	0.141855105	0.162494883	0.181240581	0.195254247	0.20678473	0.215936847	0.218505736	0.214375534	0.205070129	0.195196732	0.188339069	0.184103947	0.18122246	0.178816402	0.17597697	0.173782775	0.173956348	0.177917043	0.186532292	0.200524222	0.216773695	0.233885313	0.249212442	0.263139345	0.28084714	0.307500371	0.344879239	0.385046594	0.417654207	0.441575756	0.455616621	0.462769708	0.464309575	0.462981841	0.460796947	0.456385405	0.450949014	0.444431817	0.439075358	0.434460053	0.431385594	0.430206425	0.427832626	0.424858816	0.419560597	0.413752159	0.406571015	0.398866972	0.39111108	0.383449453	0.378077553	0.373968882	0.371696083	0.371439892	0.374219987	0.377508712	0.373399003	0.36013018	0.341428002	0.32261631	0.303654801	0.286716513	0.270270217	0.255381541	0.242718625	0.232182504	0.222559373
27	0.119561338	0.118358666	0.119998635	0.127542319	0.143065916	0.163790254	0.182429381	0.196350589	0.207818003	0.216864465	0.219375297	0.215230469	0.205904984	0.196013877	0.18910289	0.184930604	0.182104688	0.17973775	0.176787998	0.174743467	0.174884343	0.178849832	0.18757557	0.201549981	0.21788969	0.234872999	0.250261228	0.264234361	0.282127534	0.308712485	0.345927279	0.385989815	0.418500177	0.44231444	0.456268281	0.463226326	0.464781588	0.463625378	0.461388722	0.456808712	0.45127386	0.444880871	0.439686961	0.434977382	0.43178872	0.430541995	0.428116615	0.42527269	0.419942047	0.4140698	0.40687487	0.399345666	0.39166019	0.383901388	0.378647038	0.374558752	0.372074544	0.371855811	0.374682612	0.378006911	0.373963263	0.360799876	0.342238072	0.323253513	0.30419107	0.28740998	0.271160212	0.256251084	0.24327734	0.233137678	0.223093362
32	0.118986847	0.117894337	0.119599569	0.127151947	0.142757178	0.163281625	0.181978006	0.195994665	0.207429877	0.216471962	0.219068471	0.214891424	0.205613338	0.195667877	0.188772677	0.184609056	0.181743391	0.179434253	0.176442153	0.174497731	0.174632186	0.178628998	0.187315545	0.201297414	0.217631536	0.234579899	0.249957655	0.263963456	0.28188277	0.308439481	0.345625437	0.385691631	0.418210665	0.4421914	0.456246785	0.463123321	0.46477389	0.463761353	0.461500712	0.456935282	0.451482884	0.4451357	0.439906784	0.435277753	0.431880789	0.430622438	0.428162159	0.425457775	0.420111997	0.414353704	0.40713717	0.399521297	0.391765908	0.383980557	0.378825008	0.374746049	0.372133296	0.3718833	0.374705973	0.378046889	0.374132385	0.360807799	0.342474268	0.32266122	0.30410444	0.287311727	0.27074921	0.255855821	0.242769876	0.232219981	0.222673612
37	0.11882274	0.117731074	0.119432823	0.12700417	0.142644374	0.163130644	0.18175188	0.195777836	0.207100794	0.216130926	0.218682683	0.214548431	0.205300089	0.195376135	0.188495244	0.184350738	0.181469552	0.179064793	0.176130608	0.174109895	0.174180679	0.178169706	0.18696207	0.200877108	0.217294791	0.234220685	0.249544236	0.263447714	0.281399393	0.307839587	0.344957497	0.384918843	0.417566452	0.44138731	0.455463625	0.462361627	0.463897253	0.46293	0.460716147	0.456159752	0.450741229	0.444444608	0.439185512	0.434508923	0.431071663	0.42979647	0.427365417	0.424658505	0.419290503	0.413681118	0.406356172	0.398821777	0.391033042	0.383257866	0.378123332	0.373988561	0.371325442	0.371116826	0.373888348	0.377247037	0.373158276	0.359901445	0.341462655	0.322393395	0.303628161	0.286543913	0.270032031	0.25543762	0.24235003	0.231903381	0.222469862
42	0.118690772	0.117609864	0.119304105	0.126957715	0.142551489	0.162988174	0.18166326	0.195678318	0.206891498	0.215842772	0.218422293	0.214280505	0.205012035	0.195136122	0.188190096	0.18407387	0.181090474	0.178784345	0.175790837	0.173840749	0.173933254	0.177883	0.1866677	0.200698976	0.217105073	0.234005814	0.249411535	0.263283186	0.281336784	0.307873728	0.344998878	0.384984856	0.417386047	0.441219883	0.4551778	0.46194118	0.463621097	0.462518937	0.460132852	0.455498734	0.450030359	0.443786507	0.438622078	0.433991702	0.43035794	0.429095081	0.426668242	0.42394608	0.418636819	0.412881659	0.405790382	0.398126225	0.390350785	0.382614488	0.377443573	0.373400869	0.370765177	0.37051643	0.373343425	0.376782873	0.372963508	0.359696868	0.341417042	0.322157668	0.303724789	0.286620595	0.270035778	0.255889381	0.242642947	0.232682607	0.222685798
47	0.118556272	0.11747734	0.119179233	0.126770184	0.142499674	0.162905643	0.181535072	0.195496622	0.20663203	0.215596529	0.218206505	0.214040904	0.204787079	0.194833097	0.187930949	0.183695177	0.180878914	0.178505378	0.175485311	0.17363788	0.173736589	0.177598824	0.186397051	0.20040177	0.216788151	0.233689022	0.249120675	0.262940806	0.281068985	0.307525048	0.344639139	0.384477126	0.416916716	0.440692799	0.454664713	0.461396705	0.462989193	0.462102875	0.459734336	0.454992526	0.44947409	0.443377047	0.438207205	0.433501644	0.429861074	0.428478067	0.426108002	0.423473317	0.418142206	0.412455472	0.405264723	0.397608948	0.389834229	0.382094432	0.376886953	0.372814875	0.370166336	0.369966907	0.372798785	0.376318479	0.372439021	0.359313041	0.341039467	0.322400085	0.303248516	0.286433149	0.270196373	0.255608035	0.24302262	0.23239314	0.222879125
3	0.134704696	0.133638322	0.134322479	0.139564482	0.150731901	0.16709985	0.183870212	0.197652349	0.209253467	0.218174056	0.22003174	0.215643535	0.20653083	0.196862705	0.189961689	0.185239122	0.182406654	0.180403967	0.176641397	0.173348988	0.172258883	0.174901686	0.18065441	0.192259485	0.207323494	0.224302886	0.240299695	0.25417415	0.26919524	0.291085834	0.323285387	0.362173032	0.397186403	0.423120644	0.438598582	0.447088319	0.450099199	0.450074598	0.449593157	0.447124351	0.4418929	0.436834565	0.432076054	0.42824194	0.426540043	0.425635053	0.423809662	0.421690457	0.417709347	0.411371525	0.404293252	0.39683985	0.389367347	0.38210605	0.375318861	0.372004272	0.369389341	0.369467881	0.374344682	0.378775332	0.375919307	0.365691808	0.350811217	0.33357751	0.31727677	0.301716847	0.28696413	0.273685633	0.262493688	0.252343716	0.243210902
8	0.13368094	0.13245883	0.133536958	0.138508115	0.149715075	0.166052344	0.182840609	0.196324267	0.207703585	0.216737277	0.21862007	0.214447414	0.205489807	0.195751734	0.188869638	0.184142327	0.181389045	0.178791676	0.174871093	0.17185267	0.170573637	0.173089279	0.179201465	0.19070494	0.205838659	0.223031924	0.239218132	0.252791907	0.267201528	0.289124595	0.321966548	0.3603481	0.395170128	0.421265273	0.436496566	0.444577472	0.447869013	0.447135343	0.446519556	0.443449235	0.438336502	0.433380782	0.428786369	0.424847478	0.423118676	0.422135844	0.420908376	0.41846949	0.414027005	0.407731677	0.401191924	0.394052662	0.386334429	0.378587675	0.371757037	0.368462829	0.366831359	0.367683135	0.372022013	0.376549254	0.37454484	0.364237805	0.348653232	0.332040245	0.315840637	0.300253932	0.28613521	0.272969611	0.261281719	0.251644353	0.242536013
13	0.13364815	0.1322005	0.132972394	0.13790412	0.149585896	0.166220756	0.182795464	0.196260358	0.207957625	0.217103738	0.219078375	0.214869018	0.205645829	0.195718452	0.189026227	0.184667851	0.181883119	0.178948023	0.175351421	0.172485647	0.171338362	0.173570536	0.1798746	0.191528459	0.206892202	0.223934896	0.239989282	0.253369214	0.26752365	0.289540943	0.32264143	0.361503187	0.39618389	0.422171769	0.437804138	0.445969673	0.448472303	0.448105986	0.447437949	0.444353493	0.439883044	0.43467409	0.430063609	0.426148816	0.424193815	0.423647787	0.422220409	0.419578537	0.41493223	0.408673246	0.402046286	0.394630104	0.386657085	0.378808545	0.372495447	0.368909328	0.367491255	0.368330496	0.372575867	0.377298588	0.375449688	0.364506966	0.34858548	0.331752584	0.315990474	0.300657172	0.285951518	0.2731948	0.260791782	0.251215949	0.242910737
18	0.133763026	0.131923332	0.132403108	0.137704981	0.149290277	0.165893562	0.182218162	0.195617662	0.207381398	0.21642551	0.218561904	0.214265018	0.2051194	0.195186123	0.188327942	0.183873312	0.181005625	0.17833366	0.174992482	0.171909898	0.170675723	0.172923965	0.179308638	0.191144401	0.206305104	0.223610772	0.239317128	0.252463162	0.26687889	0.288800007	0.321694712	0.360580822	0.395122241	0.421192414	0.436831256	0.445060247	0.447220931	0.446881899	0.446101978	0.443187722	0.43901419	0.433468232	0.428911929	0.425062021	0.423025715	0.422458322	0.42088348	0.418453842	0.413591946	0.407678445	0.400635278	0.393091724	0.38525318	0.377400717	0.371581583	0.367682581	0.366087834	0.366855461	0.371094662	0.376137852	0.374188218	0.363483879	0.347375657	0.331372657	0.314937781	0.29975978	0.285286639	0.272151897	0.260647896	0.251221802	0.242351636
23	0.133444608	0.131402893	0.131907032	0.137328338	0.149128915	0.165658427	0.182011701	0.195440254	0.207179074	0.216028222	0.218313073	0.214077219	0.2047916	0.194821143	0.187783902	0.183539834	0.18060842	0.178106764	0.174734133	0.171650396	0.170415365	0.172635025	0.179235072	0.191152869	0.206401307	0.223628331	0.239282674	0.252449485	0.267185977	0.288974252	0.321852814	0.360735661	0.39543948	0.421728787	0.437457436	0.445530625	0.447745706	0.447522527	0.446664042	0.443723261	0.439520728	0.434094586	0.429543451	0.425693855	0.423428048	0.422962655	0.421161739	0.418856535	0.413905576	0.40822236	0.400943264	0.393278318	0.385545513	0.377750436	0.372162023	0.368165399	0.366214086	0.366936504	0.371361218	0.376444546	0.374513981	0.363442192	0.347632297	0.331110908	0.314902833	0.29957895	0.285052056	0.271695898	0.260738277	0.25011798	0.241991687
28	0.134106135	0.131969654	0.132530593	0.137902586	0.149746915	0.16614362	0.182407205	0.195888351	0.20735251	0.216278971	0.218447282	0.214195038	0.205076388	0.195183942	0.188055667	0.183773591	0.180837295	0.178385817	0.174951511	0.171846094	0.170612297	0.172774575	0.179494913	0.191363839	0.206663952	0.223827834	0.239441006	0.252453106	0.267373789	0.289086595	0.321762493	0.360493978	0.395223195	0.421523595	0.437281705	0.445172524	0.447494529	0.447362507	0.446452449	0.44348945	0.43923869	0.433969575	0.429472797	0.425501845	0.422928921	0.422377355	0.420659254	0.418511963	0.413503543	0.407925987	0.400709416	0.39309588	0.385252315	0.377364322	0.372049276	0.367941283	0.365828643	0.366529099	0.370817666	0.376255827	0.37419144	0.363439436	0.347887082	0.331270937	0.315371605	0.300197232	0.285606882	0.271885192	0.260719247	0.250750772	0.242188806
33	0.13495767	0.132916629	0.133402636	0.138960479	0.150805757	0.167176433	0.183457329	0.19693858	0.208370242	0.217165849	0.219369629	0.215083065	0.205852797	0.195931614	0.188904538	0.184641471	0.181714744	0.179276673	0.175721012	0.172794713	0.171527068	0.173714132	0.180296186	0.192402964	0.20765812	0.224798835	0.240311132	0.253447271	0.268452018	0.290135504	0.322815545	0.361437788	0.396142687	0.422431696	0.438069027	0.445891526	0.448186157	0.448185577	0.447295041	0.444218317	0.43999107	0.434741744	0.430308332	0.426351745	0.423616764	0.423011988	0.421275233	0.419148984	0.41414079	0.408629	0.401387722	0.393833213	0.386002263	0.378169947	0.372772659	0.368682876	0.366465968	0.367154368	0.371558811	0.376852657	0.374982636	0.364095072	0.348530319	0.332407109	0.315766933	0.300838141	0.285862623	0.272996824	0.261892954	0.252189193	0.243388957
38	0.133700849	0.131639288	0.132251495	0.137718593	0.14964198	0.165855986	0.182103862	0.1956186	0.206917081	0.215817601	0.217949309	0.213691473	0.204599295	0.194674503	0.187599142	0.183323316	0.180387578	0.177799151	0.174463437	0.171401173	0.170173062	0.172345996	0.179005963	0.190975255	0.206322177	0.223335519	0.238904564	0.251895485	0.266863279	0.288532691	0.32126934	0.359846033	0.394496042	0.420853053	0.436607885	0.44437581	0.446635252	0.446672991	0.445712813	0.442722747	0.43848852	0.433221804	0.428759539	0.424787746	0.421994354	0.421509655	0.419742839	0.417623931	0.412587123	0.406970322	0.399893465	0.392258562	0.384373742	0.376513095	0.371241047	0.367154935	0.364892722	0.365593472	0.36991661	0.37534994	0.373595079	0.362935472	0.347479636	0.330971131	0.315330254	0.300085659	0.285536157	0.272287556	0.261273714	0.25128077	0.242245444
43	0.133703742	0.131802534	0.132360548	0.137906849	0.149876842	0.166223297	0.182589969	0.19611295	0.207497945	0.216316622	0.218557562	0.214298919	0.205046683	0.195070231	0.188063302	0.183756711	0.180790821	0.178348764	0.174808672	0.171899977	0.170637677	0.172710633	0.179471977	0.191548957	0.207000801	0.224106188	0.239772499	0.252818318	0.267924347	0.289707732	0.322365493	0.361050571	0.395617601	0.421937218	0.437619613	0.445351485	0.447662562	0.447640934	0.446645384	0.443556337	0.439388525	0.434196101	0.429798934	0.425798586	0.422827294	0.422314924	0.420575133	0.418534867	0.413469823	0.407935475	0.400770975	0.39312363	0.385246006	0.377397666	0.372037415	0.367945944	0.365646093	0.366328092	0.370727138	0.37616963	0.37429797	0.363500092	0.347823943	0.331672182	0.315133713	0.300171906	0.285449225	0.272698985	0.260755312	0.251459509	0.242519738
48	0.133891103	0.131992871	0.132573652	0.138123032	0.150139502	0.16635416	0.182639397	0.196156516	0.207404507	0.216229613	0.218391238	0.214156746	0.205056402	0.194991653	0.187954127	0.183665188	0.180722854	0.178294965	0.174683191	0.17188084	0.170627925	0.172727556	0.17941361	0.19146329	0.206895458	0.223916007	0.239539059	0.252597951	0.267704304	0.289438467	0.322139538	0.360672454	0.39520848	0.421415656	0.436972707	0.44468447	0.4469247	0.446978825	0.445935992	0.442688258	0.438495966	0.433459361	0.42910282	0.425014087	0.422044431	0.421464725	0.419670019	0.417630952	0.412600278	0.407061471	0.399926414	0.392246412	0.384392651	0.376587567	0.371289187	0.367145289	0.364781719	0.365600415	0.369892061	0.375361606	0.373475186	0.362816049	0.347517757	0.330974152	0.315097311	0.2997092	0.285651939	0.271778658	0.261029107	0.251507472	0.242330423
4	0.153431528	0.152448039	0.153353381	0.159598219	0.17347445	0.19270288	0.210973062	0.224677727	0.235659803	0.243730458	0.244570932	0.239274522	0.229639407	0.219658287	0.212743709	0.208014651	0.204964727	0.202754038	0.199531618	0.197157947	0.197397523	0.201922386	0.209869136	0.223542256	0.239781922	0.256746088	0.27260951	0.287745911	0.306859056	0.335142326	0.373392707	0.413940493	0.445941139	0.468227248	0.481279153	0.488348631	0.490507838	0.489497186	0.4877169	0.483931764	0.477713621	0.471546331	0.465997011	0.461266104	0.45851002	0.45643048	0.453629051	0.450718021	0.446153257	0.439683448	0.432756049	0.42548629	0.418069736	0.411059931	0.404210584	0.400864311	0.39815471	0.397971764	0.402208328	0.406159034	0.40300981	0.393193413	0.379392079	0.363574356	0.348390569	0.333814971	0.319520149	0.306734559	0.295162323	0.285796413	0.276055117
9	0.153197634	0.151948743	0.153264483	0.159273138	0.173221672	0.19254892	0.210753146	0.224192508	0.23491554	0.243068595	0.243919838	0.238874042	0.22937418	0.219370003	0.212503853	0.20777701	0.204844229	0.202163267	0.198587779	0.196582528	0.196698567	0.201055552	0.209400495	0.223030511	0.239351698	0.256585464	0.272617033	0.287346924	0.305862157	0.334225865	0.373110394	0.413303185	0.445018692	0.467485912	0.480394013	0.487154667	0.489541321	0.487930912	0.486153773	0.481738251	0.475582933	0.469695698	0.464140894	0.459251671	0.456452981	0.454512682	0.45212621	0.448718213	0.443756319	0.437384268	0.430960458	0.424122316	0.41633425	0.408737391	0.402056522	0.398612755	0.396922288	0.397392821	0.401223206	0.405066399	0.402968761	0.393071429	0.378536947	0.362773556	0.348028442	0.333340911	0.319289283	0.306179226	0.294679439	0.285450154	0.276457008
14	0.153870631	0.152381467	0.153335642	0.15944582	0.173705125	0.193384202	0.211178584	0.224560302	0.235461234	0.243692443	0.244746268	0.239517181	0.229733436	0.219725898	0.212898917	0.208428513	0.205516056	0.202564163	0.199526756	0.197495885	0.197708039	0.201821468	0.210224629	0.224101693	0.240481459	0.257586899	0.273357774	0.28780643	0.306259475	0.334723384	0.373645588	0.414099418	0.44559568	0.468024723	0.481137351	0.487987924	0.489826472	0.488341552	0.486491189	0.482158972	0.476580323	0.470378525	0.464811672	0.460024978	0.457097693	0.455379144	0.452921959	0.449417044	0.44422931	0.437830668	0.431268095	0.424046507	0.416180829	0.408525583	0.402328972	0.398701565	0.397107084	0.397610998	0.401249159	0.405494147	0.403389092	0.393095658	0.378321044	0.363179314	0.347949553	0.33361561	0.319664125	0.307125328	0.295248487	0.285874382	0.276669004
19	0.154596396	0.152738257	0.153527793	0.159875517	0.17419932	0.193683008	0.211364988	0.224694435	0.235682215	0.243777342	0.245075949	0.23981751	0.230024598	0.219894077	0.212849379	0.208421044	0.205402203	0.202787286	0.199796767	0.197626145	0.197752763	0.201825993	0.210454638	0.224351851	0.240676889	0.257808662	0.273367058	0.287691776	0.306318952	0.334666133	0.373354091	0.413683263	0.445126371	0.467615084	0.480852224	0.487796517	0.489318111	0.487901241	0.485969138	0.481726649	0.476374469	0.469873663	0.464432179	0.459744465	0.456726331	0.455132743	0.452383227	0.449136162	0.443737299	0.437587848	0.430701734	0.423316953	0.415660857	0.408020443	0.402356344	0.398311879	0.396458714	0.396931624	0.40064826	0.404975629	0.402863146	0.392772622	0.378133251	0.362999051	0.347787671	0.333841994	0.319783462	0.307354218	0.295465102	0.285947392	0.277168731
24	0.155908631	0.153893809	0.154652833	0.161128771	0.175441839	0.194935549	0.212526323	0.22581711	0.236766064	0.244723793	0.246124316	0.240856763	0.230998525	0.220868821	0.213781576	0.20926346	0.206196942	0.203657695	0.200748194	0.198543886	0.198715563	0.202720322	0.211425021	0.225466857	0.24177587	0.258823501	0.274263336	0.288561618	0.307393598	0.335628907	0.374257627	0.414470857	0.445897463	0.468530199	0.481721337	0.488497536	0.489927204	0.488716437	0.486653333	0.482380031	0.47703427	0.470685998	0.46526788	0.460514035	0.457244527	0.455624836	0.452849473	0.449746473	0.444225219	0.438347334	0.4312248	0.423795785	0.416218667	0.408601974	0.40315378	0.399024264	0.396984552	0.397390326	0.401262028	0.405810326	0.403848473	0.393573923	0.379269548	0.364114438	0.349615294	0.335334151	0.320849	0.308473862	0.296331064	0.287471531	0.278357002
29	0.156125824	0.15418918	0.1549453	0.161475418	0.175953941	0.195298773	0.212908928	0.226269173	0.237029843	0.244901724	0.246178399	0.240947096	0.231106365	0.22102204	0.213848097	0.209445737	0.206396452	0.20387159	0.200891191	0.198723838	0.198871276	0.202896314	0.211753382	0.22576269	0.242214558	0.259238198	0.274608467	0.288985065	0.307936671	0.336165778	0.374772163	0.414818387	0.446198654	0.468845867	0.482052498	0.488624691	0.490090896	0.48899564	0.486879407	0.482532289	0.477251731	0.470864618	0.465612244	0.460820817	0.45724084	0.455698553	0.452860748	0.449862911	0.444316287	0.438473839	0.431443928	0.423946435	0.416293556	0.408686785	0.403292815	0.399202294	0.396896168	0.397360437	0.401126195	0.405878769	0.404034193	0.393900327	0.379391604	0.364642615	0.34925778	0.33549941	0.321271087	0.308299926	0.297036198	0.287409435	0.278653415
34	0.156306746	0.154388551	0.155136909	0.161684268	0.176153284	0.195383387	0.21293951	0.226281686	0.236918294	0.244842344	0.246142669	0.240893312	0.231083233	0.220960108	0.213800329	0.209424292	0.206271121	0.203786683	0.200777444	0.198680897	0.198767858	0.202802163	0.211643519	0.225677638	0.242079447	0.259050271	0.27438021	0.288790926	0.307741949	0.335873015	0.374311679	0.414261035	0.445540491	0.468113886	0.481313729	0.487760144	0.489184578	0.48809788	0.486114114	0.481809527	0.476444308	0.470258536	0.465035293	0.460272593	0.456547368	0.45485712	0.452048208	0.449143734	0.443604586	0.437887507	0.430867791	0.423344449	0.415749693	0.408081146	0.402837935	0.39875013	0.396368474	0.396832819	0.40061227	0.40534696	0.403368674	0.393475314	0.378991755	0.363745434	0.34904712	0.334818433	0.320646225	0.307935503	0.297026489	0.287423421	0.27817543
39	0.154718576	0.152834106	0.153620614	0.160204275	0.174641436	0.193845421	0.211345804	0.224670307	0.235270004	0.243223029	0.244449141	0.239287839	0.229551569	0.219457656	0.212336275	0.207862575	0.204718175	0.202326341	0.199187516	0.197108592	0.197203524	0.201244705	0.210093251	0.224053713	0.240483083	0.257451259	0.272855033	0.287040409	0.30606388	0.334046009	0.372486033	0.412393383	0.443685819	0.466365247	0.479516965	0.48597182	0.487493876	0.486523463	0.48434495	0.480008984	0.474651777	0.468466352	0.463268443	0.458419493	0.454653666	0.452880273	0.450184743	0.447274911	0.441749906	0.436071473	0.428994728	0.421497873	0.413863381	0.406164645	0.401079268	0.396880169	0.394463585	0.394841419	0.398638682	0.403546083	0.401592868	0.39174292	0.377298425	0.362368098	0.347616878	0.333392032	0.319690194	0.305992351	0.295726369	0.285646097	0.276211067
44	0.156082603	0.154215412	0.154965703	0.161595435	0.176147779	0.195276294	0.212792292	0.226152973	0.236609716	0.244536788	0.245789698	0.240647817	0.230858793	0.220654523	0.213534106	0.209056817	0.205922325	0.203515157	0.200354896	0.198343764	0.198416108	0.202392001	0.211316733	0.225286209	0.241815546	0.258727462	0.27409772	0.288334987	0.307473515	0.335526502	0.373913449	0.413824698	0.444948664	0.467391155	0.480511874	0.486899547	0.488369288	0.487338246	0.485267524	0.480794004	0.475466974	0.469459335	0.464250423	0.459342744	0.455480412	0.453813412	0.451022292	0.448177644	0.44264172	0.436976122	0.429911008	0.422411425	0.414793726	0.407108126	0.401894409	0.397804545	0.39532182	0.395748369	0.399624974	0.40451565	0.402786808	0.393054524	0.37874212	0.363397888	0.349421432	0.335070392	0.32132692	0.307986246	0.297786682	0.287620191	0.278620057
49	0.156290409	0.154455089	0.155268087	0.161905104	0.176552198	0.195642852	0.213130741	0.226422093	0.236844429	0.244810845	0.246055601	0.240891725	0.231145029	0.220848185	0.213762524	0.209267703	0.206165348	0.203653601	0.20054576	0.198632483	0.198741448	0.202658344	0.211491172	0.225629337	0.242111777	0.259016032	0.274478298	0.288798419	0.307929984	0.335968571	0.374328844	0.414247132	0.445376762	0.467810666	0.480869405	0.487214337	0.488620465	0.487750049	0.485565208	0.480999887	0.475692068	0.469625657	0.464509056	0.45966174	0.45574925	0.4541089	0.451263847	0.448377959	0.442861434	0.437149763	0.43007096	0.422611956	0.414987693	0.407285223	0.402155751	0.397963535	0.395487017	0.396004839	0.399815365	0.40478315	0.402990863	0.393166362	0.378785811	0.363984796	0.349208001	0.335138313	0.321345083	0.309017044	0.296885716	0.287801559	0.278737682
5	0.161052687	0.161485687	0.164728035	0.175527522	0.196028588	0.222807898	0.24869823	0.269288088	0.285962048	0.298153949	0.300856161	0.295343213	0.283695825	0.271374844	0.262834076	0.257428904	0.25439963	0.252508013	0.248971813	0.245975783	0.246034463	0.251139415	0.260585489	0.277300973	0.297716433	0.31954304	0.339491353	0.357048669	0.376627978	0.403674355	0.43926212	0.476525861	0.505682894	0.525607769	0.537209169	0.543906506	0.54610775	0.545981741	0.545869934	0.544127085	0.539862474	0.53577924	0.531884175	0.528632084	0.527086948	0.526127838	0.524407909	0.522525318	0.51909543	0.513723523	0.508079405	0.501952178	0.495681758	0.489426222	0.48334223	0.480569136	0.478180519	0.477816168	0.480534413	0.480157782	0.469643937	0.449873186	0.425243338	0.398663705	0.373657408	0.350840538	0.329799948	0.311152131	0.295174404	0.282630847	0.27060135
10	0.158169408	0.158417411	0.162131751	0.172711445	0.193327469	0.220168476	0.245998463	0.266351373	0.282967372	0.295220412	0.297817022	0.292637126	0.281101147	0.268712305	0.260312804	0.255006358	0.252117678	0.249598541	0.245817116	0.243248014	0.243315309	0.248166642	0.258067396	0.274749117	0.295299203	0.31721046	0.337382998	0.354499072	0.373453257	0.400523555	0.436567912	0.473533917	0.502272965	0.52234378	0.533737773	0.539998215	0.542463207	0.541799957	0.541650982	0.539306192	0.535426585	0.531421015	0.527631729	0.524221111	0.522632437	0.521813944	0.520483122	0.518226281	0.514363777	0.509083467	0.503898176	0.498198693	0.491545519	0.484739184	0.478825833	0.475985445	0.474526743	0.475023654	0.477232298	0.47683809	0.467144357	0.447424871	0.421376858	0.395675993	0.370773644	0.34815536	0.326494157	0.307715772	0.292208152	0.27948498	0.268259365
15	0.156891396	0.156794523	0.160193483	0.170929094	0.192018991	0.21898326	0.244567127	0.264776875	0.281510857	0.293883804	0.296716099	0.291384394	0.27968081	0.267181925	0.25878455	0.253677942	0.250756788	0.248134054	0.245006041	0.24226306	0.242377332	0.247013229	0.257106524	0.27388016	0.29448411	0.316333089	0.33631331	0.35315686	0.372008352	0.399221941	0.435474461	0.472623499	0.501153849	0.521102616	0.532856061	0.539158173	0.54095498	0.540636973	0.540335264	0.538122462	0.534753987	0.530416993	0.526626205	0.523336917	0.521559696	0.521033088	0.519561191	0.517201028	0.513051364	0.507876601	0.502572642	0.496489865	0.489788865	0.482941779	0.477454167	0.474297028	0.473055388	0.473396688	0.475625404	0.475544873	0.465800551	0.44543371	0.419392162	0.393494388	0.368855026	0.34628191	0.3246103	0.305953308	0.289448499	0.277906111	0.266185585
20	0.157287797	0.156850881	0.160052965	0.171048459	0.192144345	0.219246317	0.244738499	0.265084206	0.281943055	0.294216163	0.297220299	0.291846161	0.280127187	0.267675848	0.259043031	0.253869242	0.250895132	0.248539817	0.245426375	0.242564424	0.242636852	0.247282701	0.257571924	0.274608071	0.295184683	0.317223535	0.336931185	0.353797371	0.372875133	0.40008115	0.436232694	0.473340078	0.501824986	0.52194406	0.533771958	0.540148836	0.541758359	0.541360729	0.540976497	0.538963084	0.53578039	0.531303736	0.527647322	0.524318324	0.522318373	0.521855188	0.520212362	0.518081948	0.513766999	0.508930426	0.503250644	0.496993362	0.490430927	0.483631375	0.478570635	0.475094786	0.473524116	0.47386146	0.476029681	0.476144625	0.466182113	0.44556955	0.419790309	0.393671538	0.368897024	0.345965194	0.324432045	0.305569313	0.289680224	0.277360408	0.2657781
25	0.156850053	0.156330733	0.159515095	0.170513898	0.191603903	0.218600132	0.243895146	0.264095522	0.28077387	0.292779791	0.295932616	0.290659811	0.278910763	0.266431535	0.257713145	0.252607505	0.249559498	0.247396615	0.244250163	0.241460047	0.241492058	0.246151918	0.256587809	0.273656806	0.2942277	0.316092754	0.335670746	0.352498641	0.37186932	0.398972178	0.435012039	0.472007115	0.500453102	0.520707865	0.532540883	0.538604376	0.540293719	0.540002981	0.539527571	0.537434335	0.534308688	0.529746772	0.526109634	0.522867067	0.52065651	0.520125445	0.518441893	0.516495549	0.512009172	0.507265035	0.501573033	0.495357008	0.488807872	0.481929283	0.477253673	0.473636105	0.471851754	0.472131357	0.47443209	0.474866989	0.464929916	0.444666665	0.418940496	0.39300672	0.36843334	0.34560944	0.324201951	0.305162413	0.289130826	0.277188303	0.265616419
30	0.157518394	0.157025635	0.160232145	0.171393231	0.192498599	0.219393845	0.244713152	0.265064631	0.281613746	0.293644889	0.296760418	0.291434941	0.279664126	0.267205452	0.258494603	0.253497193	0.250443664	0.248209799	0.24501578	0.242417949	0.242379412	0.246992362	0.257457704	0.274521478	0.295130555	0.316944137	0.336579687	0.353291872	0.372836146	0.399744996	0.435633371	0.472572799	0.50117607	0.521549903	0.533478951	0.539548074	0.541244959	0.541067516	0.540681948	0.538486184	0.535307425	0.53093477	0.527400285	0.524002303	0.521591242	0.521078145	0.519359829	0.517495173	0.513082998	0.508429391	0.502686733	0.496469241	0.4898825	0.483017509	0.478380914	0.474895108	0.47280328	0.47302044	0.475286554	0.475596516	0.465854934	0.445394197	0.419587001	0.393827158	0.36908926	0.346275856	0.32499777	0.305901747	0.290260166	0.27745419	0.265950808
35	0.157216733	0.15668044	0.159967536	0.171063425	0.19228443	0.219024394	0.244239904	0.264419285	0.280902158	0.292954572	0.296020227	0.290696649	0.278972275	0.266549277	0.257891554	0.252845834	0.249828224	0.247602681	0.244330804	0.24176444	0.24170187	0.246312516	0.256776594	0.273867744	0.294501194	0.316242397	0.335769727	0.352513677	0.372015658	0.39899812	0.434727555	0.471650344	0.500153042	0.520504583	0.53236314	0.53829334	0.539965459	0.539943709	0.539563787	0.537387311	0.534078326	0.529771355	0.526189451	0.522803674	0.520287393	0.519725924	0.518010477	0.516144815	0.511729175	0.507148751	0.501437268	0.495146776	0.488563949	0.481657148	0.477045349	0.473553965	0.471454154	0.47171585	0.474050383	0.474305987	0.464610302	0.444559023	0.418854849	0.393067229	0.368299669	0.345584967	0.323590123	0.305749055	0.290259137	0.276700376	0.265301201
40	0.157186071	0.156790177	0.160047822	0.171156023	0.192395177	0.219134195	0.244335348	0.264628213	0.281071414	0.293144901	0.296084338	0.290808758	0.279126315	0.266654657	0.258051483	0.252962944	0.24990498	0.247730734	0.244454054	0.241842384	0.241825934	0.246422952	0.256815038	0.273891905	0.294551919	0.316300623	0.335850675	0.352492212	0.372113148	0.399000665	0.434758046	0.471666429	0.500224442	0.520659342	0.532536576	0.538554005	0.540339078	0.540389199	0.539921288	0.537659915	0.534454168	0.530249646	0.52668995	0.523302706	0.520616348	0.519996434	0.518346772	0.516522016	0.512146058	0.507588441	0.501817959	0.495642756	0.489000227	0.482070121	0.477486937	0.473917847	0.471775101	0.472053163	0.474416192	0.474936654	0.465161245	0.445266239	0.419529391	0.393472078	0.368796779	0.346247011	0.324738754	0.306359037	0.289923724	0.277381546	0.266038175
45	0.157035637	0.15661687	0.159904542	0.171080113	0.192432934	0.219006492	0.244227558	0.264523014	0.280854037	0.292857839	0.295927923	0.290641405	0.278998201	0.266562699	0.257863047	0.252760328	0.249699928	0.247583371	0.244255893	0.241643223	0.241615549	0.24618128	0.256689158	0.273883383	0.294486566	0.316228642	0.335774136	0.352420156	0.372060017	0.398907764	0.434644166	0.471481818	0.499908327	0.520245491	0.532101028	0.538049095	0.539724397	0.539844206	0.53933121	0.537027224	0.533761798	0.529644928	0.526043551	0.522690677	0.519934493	0.51930645	0.517650841	0.515894622	0.511377494	0.506899088	0.501242671	0.495003738	0.48830395	0.481317724	0.476820738	0.473266322	0.471110176	0.471449694	0.473637765	0.474182649	0.464355713	0.444445801	0.418870866	0.392732268	0.368389883	0.345276286	0.324071679	0.305001342	0.29021275	0.277197684	0.265417757
50	0.156479629	0.156145281	0.159460357	0.170621161	0.191907011	0.218555073	0.243668084	0.263921015	0.280181782	0.292238253	0.295276826	0.289975469	0.278277039	0.26575104	0.257165794	0.252097915	0.249065342	0.246906234	0.243546764	0.241058524	0.241026027	0.245642808	0.256085485	0.273176226	0.293833323	0.315565394	0.3351229	0.351849632	0.371426071	0.398324581	0.43400179	0.470785199	0.499188696	0.519373454	0.531235096	0.537138846	0.538833971	0.538889457	0.538462079	0.536099219	0.532833479	0.528713988	0.525283322	0.521843348	0.519086741	0.518459625	0.516766219	0.514987321	0.510578965	0.50602349	0.500272743	0.49408398	0.487483747	0.480554112	0.475994342	0.472432377	0.470269286	0.470563733	0.472788852	0.473232966	0.463565916	0.443541162	0.418056877	0.392209521	0.367884034	0.345122784	0.323505542	0.305183947	0.289165046	0.27664535	0.264817565
