1 	 0.35306	 0.35293	 0.35673	 0.36569	 0.38479	 0.41103	 0.43480	 0.45357	 0.46667	 0.47813	 0.48297	 0.47887	 0.46645	 0.44876	 0.43392	 0.42252	 0.41589	 0.41196	 0.40963	 0.40732	 0.40685	 0.40962	 0.41654	 0.42836	 0.44538	 0.46606	 0.48797	 0.50869	 0.53536	 0.57091	 0.60983	 0.64823	 0.67950	 0.69941	 0.70855	 0.71178	 0.71390	 0.71351	 0.70929	 0.70333	 0.69593	 0.68698	 0.67889	 0.67239	 0.66621	 0.65948	 0.65498	 0.65131	 0.64523	 0.63777	 0.62864	 0.61983	 0.61150	 0.60407	 0.59843	 0.59414	 0.59286	 0.59491	 0.60031	 0.60479	 0.60828	 0.60716	 0.59328	 0.57281	 0.54941	 0.52644	 0.50826	 0.48970	 0.47546	 0.46317	 0.45368
4 	 0.33300	 0.33270	 0.33634	 0.34566	 0.36512	 0.39211	 0.41722	 0.43722	 0.45114	 0.46306	 0.46811	 0.46380	 0.45103	 0.43272	 0.41750	 0.40607	 0.39950	 0.39562	 0.39324	 0.39079	 0.39002	 0.39271	 0.39969	 0.41148	 0.42852	 0.44912	 0.47086	 0.49160	 0.51795	 0.55288	 0.59172	 0.63093	 0.66378	 0.68624	 0.69799	 0.70353	 0.70778	 0.70848	 0.70497	 0.69976	 0.69253	 0.68356	 0.67578	 0.66969	 0.66388	 0.65710	 0.65260	 0.64926	 0.64346	 0.63558	 0.62591	 0.61662	 0.60778	 0.59982	 0.59352	 0.58863	 0.58679	 0.58900	 0.59410	 0.59757	 0.59965	 0.59668	 0.58152	 0.56079	 0.53661	 0.51259	 0.49317	 0.47364	 0.45836	 0.44598	 0.43650
7 	 0.33243	 0.33212	 0.33574	 0.34474	 0.36414	 0.39097	 0.41607	 0.43621	 0.45028	 0.46230	 0.46744	 0.46312	 0.45034	 0.43189	 0.41674	 0.40535	 0.39880	 0.39491	 0.39256	 0.39005	 0.38908	 0.39168	 0.39846	 0.41002	 0.42685	 0.44726	 0.46881	 0.48938	 0.51537	 0.54949	 0.58739	 0.62591	 0.65862	 0.68139	 0.69375	 0.69986	 0.70461	 0.70569	 0.70253	 0.69768	 0.69074	 0.68195	 0.67449	 0.66861	 0.66295	 0.65629	 0.65198	 0.64889	 0.64324	 0.63532	 0.62565	 0.61637	 0.60751	 0.59943	 0.59301	 0.58807	 0.58621	 0.58830	 0.59328	 0.59665	 0.59850	 0.59557	 0.58061	 0.55971	 0.53541	 0.51168	 0.49273	 0.47280	 0.45762	 0.44526	 0.43576
10 	 0.33308	 0.33265	 0.33615	 0.34501	 0.36407	 0.39063	 0.41576	 0.43607	 0.45019	 0.46217	 0.46734	 0.46317	 0.45045	 0.43202	 0.41685	 0.40553	 0.39901	 0.39509	 0.39270	 0.39025	 0.38922	 0.39159	 0.39819	 0.40949	 0.42601	 0.44615	 0.46745	 0.48767	 0.51320	 0.54645	 0.58319	 0.62095	 0.65358	 0.67658	 0.68959	 0.69619	 0.70139	 0.70290	 0.70013	 0.69569	 0.68903	 0.68032	 0.67299	 0.66733	 0.66187	 0.65554	 0.65150	 0.64845	 0.64297	 0.63517	 0.62560	 0.61631	 0.60737	 0.59929	 0.59272	 0.58764	 0.58581	 0.58786	 0.59259	 0.59574	 0.59744	 0.59454	 0.57999	 0.55918	 0.53502	 0.51133	 0.49262	 0.47264	 0.45774	 0.44516	 0.43560
13 	 0.33442	 0.33397	 0.33757	 0.34639	 0.36541	 0.39198	 0.41701	 0.43716	 0.45124	 0.46323	 0.46843	 0.46433	 0.45158	 0.43308	 0.41787	 0.40646	 0.39997	 0.39605	 0.39371	 0.39131	 0.39013	 0.39240	 0.39885	 0.41009	 0.42660	 0.44686	 0.46819	 0.48836	 0.51389	 0.54697	 0.58315	 0.62035	 0.65282	 0.67558	 0.68830	 0.69458	 0.69962	 0.70112	 0.69840	 0.69407	 0.68761	 0.67899	 0.67174	 0.66617	 0.66071	 0.65449	 0.65063	 0.64762	 0.64210	 0.63422	 0.62486	 0.61576	 0.60678	 0.59871	 0.59213	 0.58715	 0.58564	 0.58766	 0.59241	 0.59573	 0.59755	 0.59498	 0.58065	 0.56005	 0.53606	 0.51275	 0.49338	 0.47373	 0.45916	 0.44674	 0.43694
16 	 0.33310	 0.33258	 0.33600	 0.34465	 0.36332	 0.38947	 0.41450	 0.43504	 0.44941	 0.46142	 0.46661	 0.46251	 0.44990	 0.43154	 0.41641	 0.40510	 0.39867	 0.39479	 0.39232	 0.38982	 0.38858	 0.39073	 0.39693	 0.40775	 0.42377	 0.44362	 0.46466	 0.48445	 0.50928	 0.54139	 0.57668	 0.61335	 0.64606	 0.66968	 0.68375	 0.69137	 0.69736	 0.69971	 0.69765	 0.69364	 0.68741	 0.67909	 0.67209	 0.66674	 0.66141	 0.65539	 0.65169	 0.64878	 0.64336	 0.63568	 0.62628	 0.61707	 0.60797	 0.59973	 0.59290	 0.58777	 0.58602	 0.58775	 0.59219	 0.59528	 0.59677	 0.59380	 0.57898	 0.55863	 0.53449	 0.51072	 0.49182	 0.47179	 0.45715	 0.44495	 0.43536
19 	 0.33432	 0.33365	 0.33693	 0.34536	 0.36359	 0.38942	 0.41455	 0.43540	 0.45000	 0.46219	 0.46746	 0.46340	 0.45079	 0.43243	 0.41744	 0.40625	 0.39986	 0.39593	 0.39347	 0.39094	 0.38957	 0.39154	 0.39750	 0.40797	 0.42348	 0.44290	 0.46361	 0.48310	 0.50731	 0.53822	 0.57207	 0.60805	 0.64097	 0.66588	 0.68166	 0.69077	 0.69794	 0.70122	 0.70003	 0.69674	 0.69088	 0.68271	 0.67587	 0.67067	 0.66563	 0.65977	 0.65620	 0.65342	 0.64816	 0.64056	 0.63107	 0.62167	 0.61242	 0.60407	 0.59711	 0.59173	 0.58968	 0.59112	 0.59522	 0.59785	 0.59902	 0.59606	 0.58126	 0.56058	 0.53644	 0.51247	 0.49339	 0.47353	 0.45839	 0.44613	 0.43735
2 	 0.38557	 0.38666	 0.39153	 0.40183	 0.42276	 0.45066	 0.47488	 0.49322	 0.50569	 0.51637	 0.52032	 0.51585	 0.50390	 0.48718	 0.47348	 0.46303	 0.45706	 0.45363	 0.45210	 0.45094	 0.45180	 0.45614	 0.46462	 0.47764	 0.49507	 0.51496	 0.53580	 0.55659	 0.58539	 0.62507	 0.66814	 0.70823	 0.73864	 0.75688	 0.76459	 0.76675	 0.76778	 0.76574	 0.75944	 0.75135	 0.74219	 0.73187	 0.72278	 0.71549	 0.70861	 0.70114	 0.69590	 0.69154	 0.68494	 0.67725	 0.66817	 0.65952	 0.65141	 0.64406	 0.63872	 0.63445	 0.63278	 0.63429	 0.63868	 0.64132	 0.64228	 0.63763	 0.61933	 0.59590	 0.57039	 0.54460	 0.52404	 0.50348	 0.48900	 0.47654	 0.46736
5 	 0.36093	 0.36185	 0.36661	 0.37710	 0.39854	 0.42747	 0.45318	 0.47301	 0.48649	 0.49779	 0.50212	 0.49746	 0.48506	 0.46774	 0.45364	 0.44309	 0.43716	 0.43375	 0.43210	 0.43081	 0.43143	 0.43572	 0.44427	 0.45741	 0.47503	 0.49500	 0.51571	 0.53656	 0.56511	 0.60418	 0.64703	 0.68768	 0.71942	 0.73985	 0.74990	 0.75407	 0.75700	 0.75602	 0.75042	 0.74314	 0.73421	 0.72388	 0.71514	 0.70806	 0.70141	 0.69387	 0.68854	 0.68441	 0.67803	 0.66992	 0.66041	 0.65124	 0.64255	 0.63480	 0.62879	 0.62389	 0.62189	 0.62340	 0.62758	 0.62936	 0.62887	 0.62275	 0.60393	 0.57971	 0.55305	 0.52718	 0.50636	 0.48564	 0.46956	 0.45638	 0.44667
8 	 0.35471	 0.35552	 0.36021	 0.37065	 0.39203	 0.42085	 0.44681	 0.46683	 0.48058	 0.49200	 0.49646	 0.49183	 0.47939	 0.46193	 0.44783	 0.43731	 0.43138	 0.42793	 0.42627	 0.42490	 0.42530	 0.42944	 0.43789	 0.45093	 0.46836	 0.48820	 0.50881	 0.52944	 0.55748	 0.59573	 0.63768	 0.67777	 0.70960	 0.73046	 0.74101	 0.74560	 0.74903	 0.74845	 0.74328	 0.73651	 0.72785	 0.71775	 0.70923	 0.70242	 0.69585	 0.68842	 0.68326	 0.67930	 0.67309	 0.66496	 0.65544	 0.64633	 0.63756	 0.62961	 0.62338	 0.61844	 0.61637	 0.61796	 0.62203	 0.62371	 0.62304	 0.61660	 0.59798	 0.57414	 0.54718	 0.52085	 0.49969	 0.47824	 0.46323	 0.45040	 0.44000
11 	 0.34363	 0.34432	 0.34900	 0.35944	 0.38099	 0.41006	 0.43649	 0.45713	 0.47127	 0.48287	 0.48751	 0.48298	 0.47050	 0.45280	 0.43841	 0.42775	 0.42172	 0.41828	 0.41664	 0.41520	 0.41539	 0.41932	 0.42763	 0.44052	 0.45796	 0.47789	 0.49852	 0.51900	 0.54668	 0.58406	 0.62499	 0.66458	 0.69672	 0.71819	 0.72969	 0.73502	 0.73903	 0.73907	 0.73454	 0.72826	 0.72000	 0.70998	 0.70165	 0.69510	 0.68883	 0.68163	 0.67670	 0.67284	 0.66675	 0.65868	 0.64902	 0.63974	 0.63090	 0.62279	 0.61635	 0.61135	 0.60934	 0.61091	 0.61482	 0.61627	 0.61515	 0.60826	 0.58918	 0.56508	 0.53818	 0.51222	 0.49135	 0.47026	 0.45420	 0.44141	 0.43165
14 	 0.34519	 0.34587	 0.35055	 0.36083	 0.38208	 0.41093	 0.43736	 0.45814	 0.47235	 0.48405	 0.48870	 0.48427	 0.47176	 0.45403	 0.43967	 0.42897	 0.42304	 0.41951	 0.41781	 0.41642	 0.41652	 0.42021	 0.42818	 0.44083	 0.45801	 0.47787	 0.49840	 0.51869	 0.54605	 0.58274	 0.62276	 0.66166	 0.69385	 0.71568	 0.72764	 0.73328	 0.73764	 0.73804	 0.73377	 0.72773	 0.71969	 0.70992	 0.70178	 0.69534	 0.68911	 0.68213	 0.67745	 0.67367	 0.66767	 0.65963	 0.65014	 0.64100	 0.63212	 0.62405	 0.61754	 0.61247	 0.61059	 0.61211	 0.61591	 0.61732	 0.61616	 0.60919	 0.59026	 0.56614	 0.53937	 0.51315	 0.49161	 0.47094	 0.45506	 0.44213	 0.43231
17 	 0.33897	 0.33952	 0.34408	 0.35433	 0.37543	 0.40421	 0.43094	 0.45227	 0.46690	 0.47885	 0.48373	 0.47935	 0.46672	 0.44887	 0.43445	 0.42369	 0.41766	 0.41414	 0.41236	 0.41080	 0.41079	 0.41440	 0.42217	 0.43449	 0.45144	 0.47116	 0.49173	 0.51173	 0.53844	 0.57417	 0.61319	 0.65175	 0.68436	 0.70717	 0.72025	 0.72698	 0.73215	 0.73333	 0.72981	 0.72426	 0.71661	 0.70707	 0.69909	 0.69285	 0.68672	 0.67990	 0.67533	 0.67158	 0.66567	 0.65768	 0.64815	 0.63892	 0.62978	 0.62152	 0.61482	 0.60966	 0.60766	 0.60892	 0.61249	 0.61380	 0.61224	 0.60494	 0.58590	 0.56166	 0.53457	 0.50816	 0.48636	 0.46551	 0.44958	 0.43679	 0.42706
20 	 0.34075	 0.34112	 0.34550	 0.35539	 0.37592	 0.40420	 0.43092	 0.45258	 0.46752	 0.47955	 0.48442	 0.48009	 0.46761	 0.44995	 0.43567	 0.42512	 0.41920	 0.41564	 0.41370	 0.41209	 0.41191	 0.41531	 0.42280	 0.43466	 0.45102	 0.47019	 0.49025	 0.50984	 0.53570	 0.57014	 0.60785	 0.64585	 0.67890	 0.70297	 0.71766	 0.72594	 0.73217	 0.73432	 0.73156	 0.72647	 0.71906	 0.70969	 0.70181	 0.69574	 0.68988	 0.68316	 0.67876	 0.67515	 0.66928	 0.66138	 0.65180	 0.64239	 0.63322	 0.62480	 0.61795	 0.61261	 0.61029	 0.61123	 0.61449	 0.61539	 0.61351	 0.60627	 0.58720	 0.56315	 0.53603	 0.50964	 0.48806	 0.46713	 0.45106	 0.43871	 0.42824
3 	 0.31494	 0.31578	 0.32110	 0.33256	 0.35512	 0.38446	 0.41080	 0.43153	 0.44595	 0.45815	 0.46332	 0.45934	 0.44715	 0.42964	 0.41485	 0.40355	 0.39718	 0.39366	 0.39172	 0.38962	 0.38928	 0.39240	 0.39988	 0.41236	 0.43014	 0.45146	 0.47385	 0.49475	 0.52146	 0.55720	 0.59694	 0.63674	 0.66973	 0.69147	 0.70199	 0.70609	 0.70869	 0.70832	 0.70388	 0.69762	 0.68978	 0.68034	 0.67190	 0.66524	 0.65899	 0.65216	 0.64759	 0.64384	 0.63763	 0.62996	 0.62060	 0.61154	 0.60292	 0.59531	 0.58953	 0.58490	 0.58318	 0.58487	 0.58939	 0.59154	 0.59062	 0.58405	 0.56531	 0.54113	 0.51448	 0.48778	 0.46608	 0.44509	 0.42901	 0.41641	 0.40658
6 	 0.29965	 0.30026	 0.30536	 0.31686	 0.33968	 0.36942	 0.39672	 0.41853	 0.43370	 0.44640	 0.45182	 0.44769	 0.43530	 0.41737	 0.40245	 0.39128	 0.38507	 0.38167	 0.37961	 0.37737	 0.37674	 0.37971	 0.38705	 0.39925	 0.41682	 0.43796	 0.45994	 0.48058	 0.50657	 0.54098	 0.57958	 0.61897	 0.65276	 0.67648	 0.68926	 0.69541	 0.69996	 0.70069	 0.69702	 0.69155	 0.68401	 0.67475	 0.66685	 0.66062	 0.65471	 0.64794	 0.64349	 0.64019	 0.63435	 0.62635	 0.61666	 0.60729	 0.59830	 0.59021	 0.58380	 0.57873	 0.57671	 0.57841	 0.58245	 0.58373	 0.58168	 0.57372	 0.55489	 0.53076	 0.50308	 0.47591	 0.45336	 0.43249	 0.41638	 0.40365	 0.39407
9 	 0.29997	 0.30061	 0.30571	 0.31707	 0.33961	 0.36922	 0.39656	 0.41850	 0.43385	 0.44652	 0.45198	 0.44792	 0.43549	 0.41752	 0.40264	 0.39150	 0.38527	 0.38185	 0.37986	 0.37760	 0.37685	 0.37973	 0.38691	 0.39885	 0.41621	 0.43713	 0.45891	 0.47935	 0.50497	 0.53869	 0.57639	 0.61506	 0.64866	 0.67257	 0.68582	 0.69232	 0.69724	 0.69831	 0.69501	 0.68990	 0.68262	 0.67352	 0.66579	 0.65972	 0.65400	 0.64731	 0.64306	 0.64001	 0.63437	 0.62638	 0.61666	 0.60727	 0.59829	 0.59012	 0.58358	 0.57848	 0.57642	 0.57815	 0.58216	 0.58324	 0.58104	 0.57330	 0.55454	 0.53028	 0.50286	 0.47608	 0.45375	 0.43291	 0.41621	 0.40381	 0.39423
12 	 0.29953	 0.30010	 0.30512	 0.31626	 0.33864	 0.36807	 0.39543	 0.41749	 0.43293	 0.44559	 0.45113	 0.44721	 0.43485	 0.41682	 0.40194	 0.39083	 0.38464	 0.38124	 0.37923	 0.37704	 0.37618	 0.37885	 0.38580	 0.39760	 0.41468	 0.43538	 0.45699	 0.47716	 0.50238	 0.53534	 0.57191	 0.60995	 0.64355	 0.66779	 0.68165	 0.68868	 0.69405	 0.69556	 0.69267	 0.68790	 0.68083	 0.67176	 0.66419	 0.65841	 0.65284	 0.64644	 0.64234	 0.63932	 0.63377	 0.62589	 0.61629	 0.60690	 0.59779	 0.58963	 0.58298	 0.57776	 0.57569	 0.57734	 0.58116	 0.58209	 0.57977	 0.57202	 0.55337	 0.52925	 0.50215	 0.47547	 0.45289	 0.43242	 0.41623	 0.40357	 0.39300
15 	 0.29914	 0.29959	 0.30448	 0.31561	 0.33777	 0.36692	 0.39423	 0.41638	 0.43181	 0.44449	 0.45002	 0.44609	 0.43383	 0.41585	 0.40090	 0.38982	 0.38366	 0.38020	 0.37818	 0.37599	 0.37501	 0.37753	 0.38432	 0.39592	 0.41281	 0.43338	 0.45488	 0.47494	 0.49996	 0.53245	 0.56833	 0.60557	 0.63904	 0.66329	 0.67731	 0.68457	 0.69012	 0.69189	 0.68926	 0.68473	 0.67793	 0.66912	 0.66171	 0.65599	 0.65050	 0.64428	 0.64043	 0.63744	 0.63192	 0.62404	 0.61458	 0.60530	 0.59614	 0.58789	 0.58122	 0.57601	 0.57409	 0.57560	 0.57926	 0.58030	 0.57811	 0.57047	 0.55189	 0.52811	 0.50084	 0.47428	 0.45183	 0.43141	 0.41493	 0.40240	 0.39263
18 	 0.29973	 0.30012	 0.30500	 0.31597	 0.33782	 0.36674	 0.39404	 0.41643	 0.43202	 0.44475	 0.45031	 0.44646	 0.43423	 0.41622	 0.40137	 0.39033	 0.38422	 0.38075	 0.37870	 0.37646	 0.37543	 0.37790	 0.38453	 0.39580	 0.41236	 0.43268	 0.45400	 0.47386	 0.49846	 0.53028	 0.56547	 0.60246	 0.63601	 0.66084	 0.67580	 0.68387	 0.69012	 0.69245	 0.69024	 0.68595	 0.67939	 0.67065	 0.66336	 0.65781	 0.65247	 0.64636	 0.64257	 0.63963	 0.63418	 0.62644	 0.61696	 0.60767	 0.59840	 0.59008	 0.58325	 0.57792	 0.57592	 0.57718	 0.58065	 0.58152	 0.57899	 0.57103	 0.55254	 0.52869	 0.50143	 0.47457	 0.45206	 0.43189	 0.41540	 0.40290	 0.39296
21 	 0.30112	 0.30141	 0.30612	 0.31681	 0.33825	 0.36686	 0.39426	 0.41690	 0.43285	 0.44566	 0.45124	 0.44739	 0.43515	 0.41720	 0.40243	 0.39148	 0.38540	 0.38194	 0.37981	 0.37745	 0.37633	 0.37865	 0.38500	 0.39588	 0.41202	 0.43194	 0.45296	 0.47254	 0.49648	 0.52713	 0.56097	 0.59707	 0.63061	 0.65629	 0.67264	 0.68217	 0.68942	 0.69267	 0.69130	 0.68766	 0.68140	 0.67298	 0.66584	 0.66044	 0.65536	 0.64943	 0.64580	 0.64296	 0.63767	 0.63000	 0.62055	 0.61114	 0.60184	 0.59337	 0.58643	 0.58100	 0.57870	 0.57975	 0.58297	 0.58354	 0.58090	 0.57277	 0.55410	 0.52996	 0.50281	 0.47614	 0.45440	 0.43347	 0.41710	 0.40438	 0.39443
