1 	 0.34180	 0.34281	 0.34877	 0.36244	 0.38414	 0.40933	 0.43165	 0.44689	 0.45936	 0.46840	 0.47199	 0.46661	 0.45210	 0.43567	 0.42212	 0.41199	 0.40749	 0.40486	 0.40085	 0.39847	 0.39859	 0.40190	 0.40991	 0.42285	 0.44064	 0.46111	 0.48215	 0.50364	 0.53133	 0.56747	 0.60776	 0.64682	 0.67698	 0.69462	 0.70272	 0.70609	 0.70788	 0.70660	 0.70317	 0.69817	 0.69152	 0.68349	 0.67630	 0.66996	 0.66367	 0.65765	 0.65273	 0.64982	 0.64513	 0.63797	 0.62878	 0.61974	 0.61174	 0.60485	 0.60016	 0.59723	 0.59731	 0.60143	 0.60938	 0.61773	 0.62190	 0.61684	 0.60180	 0.58079	 0.55732	 0.53531	 0.51619	 0.49929	 0.48469	 0.47232	 0.46245
4 	 0.30765	 0.30868	 0.31453	 0.32837	 0.35064	 0.37669	 0.40036	 0.41681	 0.42991	 0.43950	 0.44337	 0.43777	 0.42246	 0.40509	 0.39140	 0.38132	 0.37653	 0.37373	 0.36965	 0.36712	 0.36696	 0.37019	 0.37832	 0.39158	 0.40925	 0.42973	 0.45109	 0.47278	 0.50014	 0.53570	 0.57578	 0.61555	 0.64736	 0.66740	 0.67805	 0.68371	 0.68755	 0.68801	 0.68581	 0.68156	 0.67552	 0.66803	 0.66085	 0.65485	 0.64916	 0.64347	 0.63880	 0.63593	 0.63127	 0.62398	 0.61450	 0.60486	 0.59616	 0.58873	 0.58383	 0.58033	 0.57975	 0.58319	 0.59066	 0.59825	 0.60136	 0.59505	 0.57905	 0.55637	 0.53152	 0.50815	 0.48812	 0.47004	 0.45480	 0.44172	 0.43089
7 	 0.30262	 0.30344	 0.30930	 0.32308	 0.34542	 0.37155	 0.39549	 0.41218	 0.42546	 0.43517	 0.43923	 0.43361	 0.41814	 0.40062	 0.38695	 0.37688	 0.37197	 0.36922	 0.36513	 0.36248	 0.36224	 0.36545	 0.37348	 0.38659	 0.40420	 0.42453	 0.44588	 0.46749	 0.49461	 0.52958	 0.56893	 0.60840	 0.64042	 0.66099	 0.67231	 0.67853	 0.68292	 0.68389	 0.68215	 0.67816	 0.67244	 0.66510	 0.65802	 0.65220	 0.64679	 0.64126	 0.63670	 0.63396	 0.62935	 0.62205	 0.61257	 0.60295	 0.59407	 0.58660	 0.58166	 0.57804	 0.57733	 0.58082	 0.58814	 0.59553	 0.59828	 0.59177	 0.57540	 0.55254	 0.52708	 0.50372	 0.48380	 0.46545	 0.45008	 0.43711	 0.42614
10 	 0.30223	 0.30299	 0.30873	 0.32230	 0.34430	 0.37012	 0.39404	 0.41103	 0.42439	 0.43407	 0.43818	 0.43257	 0.41712	 0.39964	 0.38622	 0.37619	 0.37121	 0.36848	 0.36444	 0.36166	 0.36125	 0.36433	 0.37211	 0.38497	 0.40223	 0.42232	 0.44345	 0.46477	 0.49126	 0.52529	 0.56376	 0.60268	 0.63453	 0.65552	 0.66750	 0.67431	 0.67917	 0.68062	 0.67928	 0.67570	 0.67022	 0.66301	 0.65605	 0.65046	 0.64529	 0.63995	 0.63561	 0.63296	 0.62842	 0.62122	 0.61183	 0.60218	 0.59331	 0.58584	 0.58082	 0.57703	 0.57622	 0.57963	 0.58688	 0.59422	 0.59696	 0.59051	 0.57453	 0.55152	 0.52648	 0.50294	 0.48329	 0.46514	 0.44973	 0.43679	 0.42548
13 	 0.30284	 0.30357	 0.30920	 0.32271	 0.34466	 0.37050	 0.39430	 0.41124	 0.42454	 0.43442	 0.43841	 0.43282	 0.41738	 0.39998	 0.38658	 0.37646	 0.37130	 0.36854	 0.36468	 0.36167	 0.36112	 0.36425	 0.37206	 0.38471	 0.40195	 0.42200	 0.44314	 0.46443	 0.49075	 0.52440	 0.56224	 0.60061	 0.63221	 0.65302	 0.66493	 0.67177	 0.67657	 0.67796	 0.67680	 0.67337	 0.66802	 0.66094	 0.65398	 0.64855	 0.64356	 0.63838	 0.63410	 0.63136	 0.62678	 0.61952	 0.61026	 0.60095	 0.59215	 0.58467	 0.57964	 0.57584	 0.57512	 0.57869	 0.58616	 0.59358	 0.59645	 0.59033	 0.57463	 0.55182	 0.52629	 0.50305	 0.48322	 0.46569	 0.45015	 0.43753	 0.42634
16 	 0.30203	 0.30263	 0.30811	 0.32140	 0.34288	 0.36840	 0.39232	 0.40961	 0.42303	 0.43293	 0.43701	 0.43140	 0.41607	 0.39882	 0.38542	 0.37548	 0.37041	 0.36766	 0.36378	 0.36067	 0.35996	 0.36290	 0.37050	 0.38286	 0.39960	 0.41923	 0.44006	 0.46104	 0.48673	 0.51947	 0.55656	 0.59440	 0.62611	 0.64794	 0.66110	 0.66900	 0.67465	 0.67677	 0.67621	 0.67312	 0.66799	 0.66104	 0.65428	 0.64905	 0.64427	 0.63922	 0.63501	 0.63239	 0.62795	 0.62084	 0.61173	 0.60228	 0.59338	 0.58562	 0.58028	 0.57625	 0.57543	 0.57883	 0.58593	 0.59292	 0.59563	 0.58943	 0.57353	 0.55085	 0.52569	 0.50226	 0.48257	 0.46397	 0.44885	 0.43641	 0.42547
19 	 0.30382	 0.30434	 0.30964	 0.32268	 0.34392	 0.36944	 0.39360	 0.41124	 0.42489	 0.43490	 0.43887	 0.43331	 0.41793	 0.40082	 0.38765	 0.37778	 0.37273	 0.36999	 0.36605	 0.36279	 0.36194	 0.36473	 0.37215	 0.38417	 0.40044	 0.41970	 0.44023	 0.46097	 0.48616	 0.51788	 0.55364	 0.59100	 0.62331	 0.64633	 0.66113	 0.67056	 0.67739	 0.68031	 0.68045	 0.67787	 0.67318	 0.66638	 0.65984	 0.65486	 0.65019	 0.64523	 0.64116	 0.63872	 0.63434	 0.62723	 0.61805	 0.60854	 0.59945	 0.59150	 0.58601	 0.58179	 0.58057	 0.58371	 0.59040	 0.59707	 0.59928	 0.59269	 0.57638	 0.55352	 0.52847	 0.50431	 0.48451	 0.46622	 0.45113	 0.43805	 0.42705
2 	 0.36608	 0.36832	 0.37566	 0.39128	 0.41556	 0.44282	 0.46571	 0.48074	 0.49278	 0.50113	 0.50408	 0.49845	 0.48439	 0.46886	 0.45622	 0.44686	 0.44281	 0.44069	 0.43749	 0.43634	 0.43770	 0.44257	 0.45224	 0.46675	 0.48507	 0.50504	 0.52546	 0.54745	 0.57780	 0.61894	 0.66413	 0.70501	 0.73441	 0.75055	 0.75735	 0.75973	 0.76036	 0.75738	 0.75174	 0.74463	 0.73619	 0.72689	 0.71857	 0.71131	 0.70428	 0.69754	 0.69183	 0.68819	 0.68299	 0.67557	 0.66645	 0.65760	 0.64975	 0.64296	 0.63839	 0.63539	 0.63540	 0.63886	 0.64557	 0.65162	 0.65244	 0.64312	 0.62371	 0.59894	 0.57281	 0.54817	 0.52761	 0.50853	 0.49244	 0.47937	 0.46927
5 	 0.34146	 0.34357	 0.35067	 0.36635	 0.39110	 0.41907	 0.44332	 0.45949	 0.47202	 0.48094	 0.48425	 0.47859	 0.46402	 0.44783	 0.43520	 0.42583	 0.42152	 0.41931	 0.41606	 0.41467	 0.41582	 0.42068	 0.43038	 0.44504	 0.46327	 0.48309	 0.50361	 0.52547	 0.55513	 0.59514	 0.63928	 0.68026	 0.71069	 0.72866	 0.73758	 0.74185	 0.74428	 0.74290	 0.73845	 0.73206	 0.72437	 0.71553	 0.70732	 0.70026	 0.69369	 0.68721	 0.68170	 0.67797	 0.67279	 0.66535	 0.65600	 0.64666	 0.63825	 0.63103	 0.62632	 0.62285	 0.62218	 0.62511	 0.63138	 0.63679	 0.63686	 0.62676	 0.60673	 0.58136	 0.55388	 0.52909	 0.50747	 0.48800	 0.47240	 0.45872	 0.44755
8 	 0.33140	 0.33341	 0.34041	 0.35599	 0.38063	 0.40864	 0.43318	 0.44972	 0.46252	 0.47155	 0.47491	 0.46920	 0.45450	 0.43827	 0.42562	 0.41629	 0.41192	 0.40960	 0.40635	 0.40476	 0.40574	 0.41050	 0.42010	 0.43470	 0.45276	 0.47251	 0.49297	 0.51468	 0.54386	 0.58303	 0.62644	 0.66712	 0.69781	 0.71651	 0.72617	 0.73115	 0.73421	 0.73338	 0.72944	 0.72343	 0.71598	 0.70733	 0.69929	 0.69246	 0.68619	 0.67985	 0.67446	 0.67083	 0.66566	 0.65814	 0.64876	 0.63937	 0.63076	 0.62338	 0.61851	 0.61489	 0.61407	 0.61700	 0.62328	 0.62864	 0.62849	 0.61833	 0.59844	 0.57268	 0.54532	 0.52029	 0.49856	 0.47904	 0.46416	 0.44943	 0.43859
11 	 0.32154	 0.32341	 0.33032	 0.34589	 0.37062	 0.39887	 0.42376	 0.44085	 0.45392	 0.46331	 0.46677	 0.46107	 0.44609	 0.42949	 0.41679	 0.40735	 0.40278	 0.40050	 0.39722	 0.39551	 0.39632	 0.40094	 0.41048	 0.42489	 0.44298	 0.46272	 0.48325	 0.50487	 0.53354	 0.57170	 0.61408	 0.65421	 0.68491	 0.70403	 0.71434	 0.71987	 0.72339	 0.72317	 0.71998	 0.71456	 0.70753	 0.69918	 0.69135	 0.68483	 0.67884	 0.67276	 0.66745	 0.66395	 0.65884	 0.65134	 0.64199	 0.63256	 0.62390	 0.61653	 0.61158	 0.60778	 0.60685	 0.60982	 0.61610	 0.62149	 0.62117	 0.61098	 0.59080	 0.56482	 0.53780	 0.51199	 0.49020	 0.47032	 0.45475	 0.44084	 0.42986
14 	 0.31991	 0.32157	 0.32848	 0.34392	 0.36838	 0.39639	 0.42125	 0.43856	 0.45175	 0.46122	 0.46469	 0.45891	 0.44409	 0.42768	 0.41510	 0.40564	 0.40087	 0.39864	 0.39549	 0.39350	 0.39412	 0.39862	 0.40796	 0.42215	 0.43997	 0.45959	 0.47996	 0.50125	 0.52929	 0.56666	 0.60802	 0.64762	 0.67843	 0.69805	 0.70906	 0.71517	 0.71901	 0.71914	 0.71634	 0.71123	 0.70433	 0.69609	 0.68831	 0.68201	 0.67626	 0.67033	 0.66532	 0.66181	 0.65664	 0.64918	 0.63986	 0.63051	 0.62184	 0.61442	 0.60938	 0.60547	 0.60459	 0.60766	 0.61394	 0.61922	 0.61901	 0.60888	 0.58901	 0.56303	 0.53555	 0.51013	 0.48838	 0.46893	 0.45354	 0.43957	 0.42874
17 	 0.30996	 0.31155	 0.31824	 0.33356	 0.35780	 0.38600	 0.41136	 0.42925	 0.44280	 0.45259	 0.45618	 0.45044	 0.43542	 0.41880	 0.40614	 0.39664	 0.39193	 0.38959	 0.38638	 0.38428	 0.38475	 0.38909	 0.39832	 0.41226	 0.42988	 0.44939	 0.46970	 0.49094	 0.51845	 0.55486	 0.59538	 0.63491	 0.66627	 0.68703	 0.69928	 0.70641	 0.71110	 0.71195	 0.70974	 0.70501	 0.69856	 0.69059	 0.68285	 0.67683	 0.67128	 0.66546	 0.66051	 0.65709	 0.65193	 0.64443	 0.63509	 0.62567	 0.61677	 0.60908	 0.60388	 0.59981	 0.59874	 0.60168	 0.60786	 0.61292	 0.61235	 0.60185	 0.58166	 0.55577	 0.52790	 0.50171	 0.48009	 0.46033	 0.44489	 0.43044	 0.41939
20 	 0.31452	 0.31599	 0.32252	 0.33750	 0.36123	 0.38923	 0.41485	 0.43312	 0.44696	 0.45677	 0.46042	 0.45473	 0.43976	 0.42327	 0.41077	 0.40133	 0.39654	 0.39420	 0.39096	 0.38866	 0.38893	 0.39313	 0.40206	 0.41558	 0.43269	 0.45170	 0.47167	 0.49257	 0.51947	 0.55472	 0.59408	 0.63300	 0.66478	 0.68670	 0.70040	 0.70885	 0.71450	 0.71614	 0.71469	 0.71048	 0.70434	 0.69649	 0.68897	 0.68305	 0.67765	 0.67195	 0.66711	 0.66385	 0.65885	 0.65137	 0.64207	 0.63275	 0.62372	 0.61584	 0.61041	 0.60621	 0.60495	 0.60761	 0.61341	 0.61817	 0.61726	 0.60660	 0.58619	 0.56011	 0.53217	 0.50616	 0.48463	 0.46502	 0.44902	 0.43523	 0.42405
3 	 0.30268	 0.30488	 0.31259	 0.32883	 0.35384	 0.38171	 0.40623	 0.42315	 0.43668	 0.44633	 0.45018	 0.44490	 0.43031	 0.41385	 0.40044	 0.39053	 0.38630	 0.38401	 0.38031	 0.37830	 0.37864	 0.38231	 0.39092	 0.40467	 0.42311	 0.44408	 0.46568	 0.48742	 0.51506	 0.55124	 0.59196	 0.63205	 0.66386	 0.68335	 0.69281	 0.69708	 0.69949	 0.69863	 0.69528	 0.69018	 0.68336	 0.67523	 0.66787	 0.66155	 0.65546	 0.64940	 0.64449	 0.64158	 0.63692	 0.62957	 0.62011	 0.61071	 0.60241	 0.59527	 0.59051	 0.58719	 0.58695	 0.59052	 0.59753	 0.60374	 0.60406	 0.59437	 0.57468	 0.54884	 0.52115	 0.49549	 0.47364	 0.45364	 0.43829	 0.42461	 0.41360
6 	 0.27107	 0.27311	 0.28067	 0.29707	 0.32242	 0.35112	 0.37677	 0.39497	 0.40926	 0.41945	 0.42360	 0.41819	 0.40310	 0.38611	 0.37279	 0.36308	 0.35866	 0.35632	 0.35255	 0.35034	 0.35045	 0.35407	 0.36267	 0.37639	 0.39463	 0.41557	 0.43726	 0.45897	 0.48611	 0.52139	 0.56133	 0.60172	 0.63470	 0.65622	 0.66797	 0.67422	 0.67839	 0.67894	 0.67668	 0.67228	 0.66603	 0.65818	 0.65077	 0.64459	 0.63885	 0.63321	 0.62851	 0.62561	 0.62095	 0.61356	 0.60387	 0.59409	 0.58520	 0.57755	 0.57257	 0.56884	 0.56805	 0.57116	 0.57780	 0.58328	 0.58250	 0.57186	 0.55140	 0.52445	 0.49524	 0.46929	 0.44638	 0.42620	 0.41025	 0.39651	 0.38485
9 	 0.27139	 0.27335	 0.28083	 0.29710	 0.32229	 0.35089	 0.37667	 0.39505	 0.40942	 0.41971	 0.42397	 0.41853	 0.40345	 0.38639	 0.37317	 0.36344	 0.35892	 0.35662	 0.35290	 0.35048	 0.35052	 0.35407	 0.36250	 0.37610	 0.39414	 0.41486	 0.43646	 0.45813	 0.48487	 0.51938	 0.55855	 0.59838	 0.63133	 0.65313	 0.66536	 0.67214	 0.67674	 0.67768	 0.67582	 0.67172	 0.66569	 0.65802	 0.65074	 0.64474	 0.63923	 0.63367	 0.62917	 0.62642	 0.62182	 0.61446	 0.60483	 0.59509	 0.58609	 0.57846	 0.57337	 0.56958	 0.56865	 0.57171	 0.57810	 0.58345	 0.58273	 0.57202	 0.55144	 0.52428	 0.49534	 0.46893	 0.44624	 0.42601	 0.41016	 0.39660	 0.38497
12 	 0.26879	 0.27057	 0.27785	 0.29396	 0.31888	 0.34722	 0.37304	 0.39153	 0.40595	 0.41640	 0.42064	 0.41527	 0.40017	 0.38311	 0.36997	 0.36031	 0.35575	 0.35354	 0.34994	 0.34734	 0.34718	 0.35060	 0.35897	 0.37226	 0.38999	 0.41038	 0.43174	 0.45306	 0.47921	 0.51301	 0.55134	 0.59056	 0.62324	 0.64536	 0.65812	 0.66541	 0.67046	 0.67183	 0.67033	 0.66645	 0.66066	 0.65327	 0.64606	 0.64029	 0.63505	 0.62966	 0.62528	 0.62246	 0.61782	 0.61055	 0.60112	 0.59133	 0.58230	 0.57457	 0.56941	 0.56551	 0.56450	 0.56759	 0.57389	 0.57915	 0.57839	 0.56778	 0.54766	 0.52125	 0.49182	 0.46569	 0.44328	 0.42288	 0.40702	 0.39395	 0.38253
15 	 0.26905	 0.27062	 0.27787	 0.29378	 0.31849	 0.34676	 0.37246	 0.39114	 0.40561	 0.41611	 0.42032	 0.41492	 0.39986	 0.38288	 0.36985	 0.36020	 0.35545	 0.35316	 0.34965	 0.34692	 0.34668	 0.34997	 0.35825	 0.37133	 0.38884	 0.40927	 0.43053	 0.45170	 0.47766	 0.51088	 0.54849	 0.58709	 0.61967	 0.64190	 0.65511	 0.66282	 0.66801	 0.66965	 0.66846	 0.66486	 0.65926	 0.65182	 0.64477	 0.63929	 0.63425	 0.62903	 0.62477	 0.62206	 0.61744	 0.61015	 0.60065	 0.59112	 0.58217	 0.57454	 0.56940	 0.56528	 0.56433	 0.56745	 0.57381	 0.57900	 0.57808	 0.56767	 0.54778	 0.52094	 0.49183	 0.46539	 0.44312	 0.42304	 0.40748	 0.39433	 0.38230
18 	 0.26967	 0.27123	 0.27829	 0.29396	 0.31845	 0.34656	 0.37238	 0.39120	 0.40579	 0.41644	 0.42067	 0.41530	 0.40021	 0.38329	 0.37037	 0.36071	 0.35595	 0.35370	 0.35022	 0.34741	 0.34700	 0.35027	 0.35842	 0.37119	 0.38845	 0.40854	 0.42961	 0.45061	 0.47619	 0.50875	 0.54572	 0.58399	 0.61666	 0.63943	 0.65348	 0.66190	 0.66769	 0.66982	 0.66907	 0.66566	 0.66019	 0.65294	 0.64590	 0.64061	 0.63574	 0.63063	 0.62638	 0.62366	 0.61914	 0.61190	 0.60256	 0.59295	 0.58390	 0.57606	 0.57072	 0.56661	 0.56539	 0.56844	 0.57460	 0.57962	 0.57867	 0.56792	 0.54764	 0.52132	 0.49250	 0.46612	 0.44354	 0.42363	 0.40792	 0.39412	 0.38293
21 	 0.27036	 0.27182	 0.27879	 0.29421	 0.31814	 0.34596	 0.37206	 0.39121	 0.40601	 0.41667	 0.42081	 0.41542	 0.40034	 0.38356	 0.37084	 0.36122	 0.35657	 0.35429	 0.35072	 0.34781	 0.34728	 0.35038	 0.35820	 0.37055	 0.38729	 0.40696	 0.42776	 0.44852	 0.47345	 0.50486	 0.54053	 0.57805	 0.61070	 0.63442	 0.64978	 0.65951	 0.66641	 0.66928	 0.66936	 0.66659	 0.66155	 0.65447	 0.64756	 0.64249	 0.63785	 0.63287	 0.62888	 0.62642	 0.62202	 0.61479	 0.60537	 0.59587	 0.58676	 0.57873	 0.57319	 0.56899	 0.56765	 0.57033	 0.57632	 0.58117	 0.57995	 0.56915	 0.54885	 0.52218	 0.49319	 0.46690	 0.44468	 0.42425	 0.40928	 0.39516	 0.38344
