1 	 0.20031	 0.20042	 0.20364	 0.21222	 0.22776	 0.24754	 0.26567	 0.27936	 0.29005	 0.29813	 0.30146	 0.29865	 0.29184	 0.28422	 0.27772	 0.27239	 0.26868	 0.26588	 0.26266	 0.25986	 0.25922	 0.26217	 0.26965	 0.28127	 0.29509	 0.30959	 0.32377	 0.33708	 0.35539	 0.38208	 0.41235	 0.44086	 0.46265	 0.47518	 0.48102	 0.48334	 0.48364	 0.48156	 0.47786	 0.47295	 0.46726	 0.46077	 0.45560	 0.45257	 0.45011	 0.44733	 0.44475	 0.44268	 0.43946	 0.43445	 0.42840	 0.42303	 0.41729	 0.41219	 0.40867	 0.40594	 0.40521	 0.40576	 0.40733	 0.40785	 0.40636	 0.39908	 0.38700	 0.37167	 0.35512	 0.33981	 0.32545	 0.31154	 0.30005	 0.28979	 0.28087
6 	 0.20052	 0.20049	 0.20373	 0.21245	 0.22797	 0.24769	 0.26574	 0.27931	 0.28991	 0.29789	 0.30122	 0.29843	 0.29167	 0.28407	 0.27756	 0.27221	 0.26850	 0.26572	 0.26249	 0.25972	 0.25906	 0.26198	 0.26948	 0.28104	 0.29476	 0.30923	 0.32341	 0.33671	 0.35500	 0.38171	 0.41195	 0.44044	 0.46210	 0.47443	 0.48006	 0.48229	 0.48250	 0.48037	 0.47663	 0.47159	 0.46593	 0.45946	 0.45431	 0.45133	 0.44894	 0.44616	 0.44359	 0.44153	 0.43835	 0.43336	 0.42732	 0.42196	 0.41621	 0.41121	 0.40781	 0.40511	 0.40438	 0.40499	 0.40664	 0.40728	 0.40581	 0.39864	 0.38637	 0.37128	 0.35523	 0.33990	 0.32539	 0.31175	 0.30074	 0.29045	 0.28144
11 	 0.20070	 0.20069	 0.20400	 0.21267	 0.22827	 0.24809	 0.26621	 0.27978	 0.29036	 0.29841	 0.30177	 0.29893	 0.29213	 0.28454	 0.27807	 0.27269	 0.26892	 0.26613	 0.26293	 0.26012	 0.25947	 0.26248	 0.26997	 0.28164	 0.29549	 0.31004	 0.32422	 0.33758	 0.35592	 0.38268	 0.41297	 0.44149	 0.46318	 0.47550	 0.48111	 0.48334	 0.48352	 0.48128	 0.47752	 0.47254	 0.46683	 0.46032	 0.45515	 0.45218	 0.44967	 0.44686	 0.44430	 0.44222	 0.43900	 0.43394	 0.42789	 0.42255	 0.41682	 0.41172	 0.40826	 0.40557	 0.40480	 0.40537	 0.40695	 0.40751	 0.40615	 0.39908	 0.38680	 0.37172	 0.35505	 0.33976	 0.32537	 0.31223	 0.30070	 0.29000	 0.28159
16 	 0.20080	 0.20081	 0.20414	 0.21277	 0.22838	 0.24832	 0.26633	 0.27982	 0.29037	 0.29835	 0.30170	 0.29890	 0.29219	 0.28456	 0.27802	 0.27263	 0.26886	 0.26606	 0.26283	 0.26000	 0.25935	 0.26235	 0.26991	 0.28153	 0.29537	 0.30992	 0.32420	 0.33761	 0.35602	 0.38287	 0.41326	 0.44178	 0.46348	 0.47574	 0.48121	 0.48328	 0.48340	 0.48120	 0.47734	 0.47229	 0.46657	 0.46008	 0.45492	 0.45188	 0.44941	 0.44668	 0.44409	 0.44204	 0.43888	 0.43385	 0.42778	 0.42240	 0.41670	 0.41165	 0.40817	 0.40548	 0.40479	 0.40547	 0.40718	 0.40781	 0.40634	 0.39920	 0.38675	 0.37182	 0.35549	 0.34010	 0.32555	 0.31176	 0.30080	 0.29028	 0.28167
21 	 0.20131	 0.20125	 0.20463	 0.21326	 0.22885	 0.24869	 0.26677	 0.28027	 0.29081	 0.29886	 0.30219	 0.29931	 0.29249	 0.28493	 0.27848	 0.27313	 0.26940	 0.26661	 0.26331	 0.26054	 0.25993	 0.26290	 0.27040	 0.28203	 0.29584	 0.31040	 0.32462	 0.33800	 0.35643	 0.38316	 0.41338	 0.44176	 0.46337	 0.47562	 0.48114	 0.48327	 0.48338	 0.48116	 0.47731	 0.47227	 0.46658	 0.46009	 0.45493	 0.45193	 0.44939	 0.44659	 0.44400	 0.44196	 0.43874	 0.43367	 0.42760	 0.42226	 0.41657	 0.41150	 0.40801	 0.40535	 0.40466	 0.40527	 0.40690	 0.40750	 0.40613	 0.39909	 0.38693	 0.37208	 0.35585	 0.34056	 0.32583	 0.31255	 0.30120	 0.29080	 0.28231
26 	 0.20147	 0.20151	 0.20481	 0.21348	 0.22902	 0.24887	 0.26687	 0.28039	 0.29093	 0.29891	 0.30228	 0.29944	 0.29271	 0.28506	 0.27852	 0.27317	 0.26939	 0.26656	 0.26336	 0.26058	 0.25992	 0.26290	 0.27037	 0.28201	 0.29587	 0.31039	 0.32463	 0.33792	 0.35637	 0.38323	 0.41361	 0.44221	 0.46390	 0.47613	 0.48162	 0.48372	 0.48388	 0.48167	 0.47783	 0.47279	 0.46706	 0.46057	 0.45542	 0.45242	 0.44989	 0.44712	 0.44457	 0.44251	 0.43932	 0.43430	 0.42822	 0.42285	 0.41711	 0.41204	 0.40858	 0.40591	 0.40519	 0.40585	 0.40760	 0.40834	 0.40683	 0.39969	 0.38753	 0.37227	 0.35585	 0.34077	 0.32644	 0.31323	 0.30150	 0.29093	 0.28276
31 	 0.20129	 0.20133	 0.20466	 0.21328	 0.22885	 0.24867	 0.26673	 0.28025	 0.29081	 0.29885	 0.30217	 0.29926	 0.29252	 0.28498	 0.27846	 0.27309	 0.26934	 0.26653	 0.26328	 0.26051	 0.25984	 0.26279	 0.27023	 0.28181	 0.29568	 0.31018	 0.32446	 0.33780	 0.35613	 0.38294	 0.41323	 0.44179	 0.46352	 0.47581	 0.48141	 0.48353	 0.48367	 0.48146	 0.47764	 0.47266	 0.46694	 0.46048	 0.45534	 0.45232	 0.44979	 0.44708	 0.44450	 0.44243	 0.43923	 0.43419	 0.42813	 0.42277	 0.41706	 0.41202	 0.40851	 0.40584	 0.40515	 0.40575	 0.40744	 0.40817	 0.40673	 0.39963	 0.38730	 0.37202	 0.35559	 0.34065	 0.32644	 0.31285	 0.30093	 0.29036	 0.28231
36 	 0.20153	 0.20152	 0.20482	 0.21346	 0.22903	 0.24884	 0.26694	 0.28046	 0.29099	 0.29902	 0.30237	 0.29953	 0.29276	 0.28511	 0.27858	 0.27318	 0.26949	 0.26669	 0.26339	 0.26061	 0.25993	 0.26288	 0.27040	 0.28200	 0.29586	 0.31044	 0.32465	 0.33797	 0.35640	 0.38323	 0.41363	 0.44226	 0.46401	 0.47632	 0.48188	 0.48395	 0.48411	 0.48193	 0.47812	 0.47306	 0.46730	 0.46080	 0.45562	 0.45258	 0.45010	 0.44739	 0.44482	 0.44278	 0.43953	 0.43449	 0.42843	 0.42305	 0.41727	 0.41221	 0.40882	 0.40615	 0.40539	 0.40594	 0.40767	 0.40834	 0.40689	 0.39978	 0.38760	 0.37233	 0.35599	 0.34076	 0.32600	 0.31289	 0.30151	 0.29099	 0.28254
41 	 0.20180	 0.20180	 0.20507	 0.21367	 0.22928	 0.24909	 0.26713	 0.28061	 0.29114	 0.29916	 0.30252	 0.29967	 0.29285	 0.28527	 0.27875	 0.27336	 0.26964	 0.26691	 0.26363	 0.26079	 0.26010	 0.26308	 0.27060	 0.28216	 0.29598	 0.31049	 0.32472	 0.33806	 0.35648	 0.38322	 0.41352	 0.44202	 0.46368	 0.47592	 0.48143	 0.48355	 0.48368	 0.48142	 0.47756	 0.47260	 0.46685	 0.46036	 0.45525	 0.45225	 0.44972	 0.44701	 0.44444	 0.44237	 0.43918	 0.43414	 0.42805	 0.42271	 0.41700	 0.41191	 0.40848	 0.40583	 0.40515	 0.40574	 0.40742	 0.40816	 0.40683	 0.39974	 0.38713	 0.37203	 0.35573	 0.34057	 0.32633	 0.31289	 0.30153	 0.29127	 0.28242
46 	 0.20130	 0.20131	 0.20461	 0.21324	 0.22878	 0.24856	 0.26659	 0.28013	 0.29063	 0.29863	 0.30198	 0.29913	 0.29228	 0.28470	 0.27821	 0.27282	 0.26912	 0.26633	 0.26314	 0.26032	 0.25958	 0.26255	 0.27008	 0.28160	 0.29540	 0.30994	 0.32422	 0.33752	 0.35592	 0.38270	 0.41302	 0.44153	 0.46316	 0.47538	 0.48085	 0.48289	 0.48306	 0.48078	 0.47689	 0.47189	 0.46614	 0.45966	 0.45454	 0.45154	 0.44903	 0.44624	 0.44365	 0.44162	 0.43843	 0.43339	 0.42734	 0.42199	 0.41625	 0.41121	 0.40774	 0.40506	 0.40435	 0.40497	 0.40670	 0.40745	 0.40602	 0.39894	 0.38654	 0.37146	 0.35541	 0.34022	 0.32581	 0.31220	 0.30059	 0.29012	 0.28214
2 	 0.25394	 0.25272	 0.25383	 0.25888	 0.26913	 0.28226	 0.29335	 0.30084	 0.30630	 0.30960	 0.30955	 0.30531	 0.29909	 0.29318	 0.28796	 0.28310	 0.27954	 0.27691	 0.27431	 0.27230	 0.27225	 0.27541	 0.28222	 0.29196	 0.30270	 0.31344	 0.32428	 0.33614	 0.35530	 0.38461	 0.41755	 0.44654	 0.46670	 0.47706	 0.48127	 0.48251	 0.48175	 0.47825	 0.47263	 0.46565	 0.45812	 0.44999	 0.44332	 0.43886	 0.43483	 0.43057	 0.42658	 0.42336	 0.41924	 0.41378	 0.40770	 0.40251	 0.39712	 0.39257	 0.38946	 0.38715	 0.38697	 0.38827	 0.39096	 0.39402	 0.39806	 0.40006	 0.39824	 0.39298	 0.38588	 0.37971	 0.37337	 0.36660	 0.36201	 0.35569	 0.35049
7 	 0.24994	 0.24874	 0.24992	 0.25505	 0.26546	 0.27867	 0.28980	 0.29737	 0.30286	 0.30630	 0.30624	 0.30199	 0.29582	 0.28977	 0.28454	 0.27974	 0.27611	 0.27345	 0.27079	 0.26880	 0.26875	 0.27192	 0.27883	 0.28860	 0.29946	 0.31033	 0.32118	 0.33311	 0.35232	 0.38176	 0.41478	 0.44393	 0.46428	 0.47463	 0.47874	 0.47979	 0.47898	 0.47547	 0.46980	 0.46276	 0.45523	 0.44714	 0.44046	 0.43603	 0.43200	 0.42776	 0.42378	 0.42057	 0.41645	 0.41098	 0.40480	 0.39959	 0.39420	 0.38960	 0.38643	 0.38412	 0.38400	 0.38536	 0.38813	 0.39120	 0.39516	 0.39689	 0.39528	 0.38988	 0.38274	 0.37644	 0.36947	 0.36327	 0.35838	 0.35206	 0.34705
12 	 0.25130	 0.25010	 0.25129	 0.25645	 0.26685	 0.28017	 0.29131	 0.29890	 0.30434	 0.30783	 0.30780	 0.30348	 0.29723	 0.29121	 0.28591	 0.28106	 0.27743	 0.27479	 0.27213	 0.27011	 0.27006	 0.27323	 0.28006	 0.28996	 0.30089	 0.31181	 0.32280	 0.33479	 0.35408	 0.38358	 0.41663	 0.44580	 0.46604	 0.47631	 0.48036	 0.48139	 0.48051	 0.47692	 0.47124	 0.46419	 0.45662	 0.44853	 0.44189	 0.43744	 0.43346	 0.42919	 0.42521	 0.42200	 0.41791	 0.41242	 0.40624	 0.40106	 0.39572	 0.39112	 0.38801	 0.38573	 0.38560	 0.38687	 0.38959	 0.39274	 0.39672	 0.39863	 0.39683	 0.39163	 0.38422	 0.37796	 0.37114	 0.36474	 0.36001	 0.35392	 0.34853
17 	 0.25369	 0.25256	 0.25366	 0.25880	 0.26930	 0.28253	 0.29363	 0.30108	 0.30649	 0.30994	 0.30991	 0.30555	 0.29932	 0.29329	 0.28798	 0.28313	 0.27945	 0.27681	 0.27415	 0.27212	 0.27207	 0.27526	 0.28211	 0.29193	 0.30286	 0.31382	 0.32484	 0.33680	 0.35616	 0.38569	 0.41874	 0.44784	 0.46804	 0.47820	 0.48211	 0.48300	 0.48211	 0.47840	 0.47266	 0.46551	 0.45788	 0.44979	 0.44318	 0.43872	 0.43475	 0.43045	 0.42649	 0.42329	 0.41923	 0.41374	 0.40758	 0.40234	 0.39700	 0.39240	 0.38933	 0.38709	 0.38696	 0.38823	 0.39108	 0.39427	 0.39826	 0.40022	 0.39845	 0.39331	 0.38621	 0.37959	 0.37303	 0.36730	 0.36256	 0.35540	 0.35120
22 	 0.25113	 0.24991	 0.25103	 0.25622	 0.26661	 0.27979	 0.29090	 0.29844	 0.30390	 0.30728	 0.30726	 0.30300	 0.29674	 0.29071	 0.28539	 0.28049	 0.27684	 0.27422	 0.27156	 0.26952	 0.26941	 0.27256	 0.27940	 0.28918	 0.30005	 0.31100	 0.32202	 0.33395	 0.35329	 0.38277	 0.41587	 0.44503	 0.46527	 0.47557	 0.47957	 0.48052	 0.47965	 0.47597	 0.47020	 0.46308	 0.45552	 0.44738	 0.44072	 0.43628	 0.43228	 0.42797	 0.42404	 0.42085	 0.41675	 0.41119	 0.40502	 0.39984	 0.39446	 0.38983	 0.38671	 0.38441	 0.38433	 0.38565	 0.38848	 0.39161	 0.39565	 0.39770	 0.39614	 0.39099	 0.38372	 0.37727	 0.37093	 0.36506	 0.36036	 0.35383	 0.34903
27 	 0.25155	 0.25029	 0.25146	 0.25665	 0.26701	 0.28023	 0.29136	 0.29886	 0.30429	 0.30769	 0.30765	 0.30335	 0.29708	 0.29106	 0.28577	 0.28083	 0.27717	 0.27453	 0.27188	 0.26979	 0.26967	 0.27279	 0.27964	 0.28945	 0.30038	 0.31131	 0.32226	 0.33419	 0.35350	 0.38294	 0.41600	 0.44524	 0.46548	 0.47576	 0.47978	 0.48072	 0.47985	 0.47619	 0.47045	 0.46338	 0.45577	 0.44766	 0.44105	 0.43663	 0.43257	 0.42831	 0.42437	 0.42119	 0.41708	 0.41152	 0.40537	 0.40015	 0.39477	 0.39014	 0.38693	 0.38461	 0.38450	 0.38587	 0.38869	 0.39197	 0.39605	 0.39806	 0.39635	 0.39127	 0.38410	 0.37826	 0.37128	 0.36522	 0.36091	 0.35400	 0.34962
32 	 0.25333	 0.25209	 0.25324	 0.25835	 0.26873	 0.28192	 0.29297	 0.30049	 0.30597	 0.30941	 0.30938	 0.30505	 0.29879	 0.29270	 0.28740	 0.28254	 0.27886	 0.27620	 0.27359	 0.27151	 0.27140	 0.27453	 0.28126	 0.29109	 0.30203	 0.31298	 0.32394	 0.33586	 0.35513	 0.38454	 0.41756	 0.44678	 0.46710	 0.47738	 0.48136	 0.48237	 0.48153	 0.47789	 0.47215	 0.46507	 0.45748	 0.44939	 0.44274	 0.43832	 0.43429	 0.43006	 0.42610	 0.42291	 0.41881	 0.41330	 0.40719	 0.40201	 0.39663	 0.39204	 0.38890	 0.38661	 0.38651	 0.38781	 0.39065	 0.39378	 0.39774	 0.39965	 0.39799	 0.39267	 0.38567	 0.37962	 0.37284	 0.36688	 0.36230	 0.35553	 0.35075
37 	 0.24965	 0.24834	 0.24950	 0.25450	 0.26487	 0.27811	 0.28926	 0.29686	 0.30247	 0.30587	 0.30590	 0.30161	 0.29524	 0.28905	 0.28375	 0.27882	 0.27516	 0.27252	 0.26981	 0.26768	 0.26752	 0.27065	 0.27745	 0.28721	 0.29817	 0.30916	 0.32010	 0.33204	 0.35128	 0.38056	 0.41357	 0.44279	 0.46316	 0.47354	 0.47767	 0.47872	 0.47791	 0.47434	 0.46871	 0.46165	 0.45411	 0.44608	 0.43952	 0.43512	 0.43109	 0.42677	 0.42284	 0.41964	 0.41550	 0.40994	 0.40371	 0.39848	 0.39305	 0.38836	 0.38515	 0.38278	 0.38265	 0.38396	 0.38682	 0.39012	 0.39424	 0.39619	 0.39464	 0.38961	 0.38240	 0.37615	 0.36922	 0.36330	 0.35898	 0.35193	 0.34788
42 	 0.25167	 0.25042	 0.25155	 0.25668	 0.26703	 0.28026	 0.29145	 0.29900	 0.30449	 0.30792	 0.30794	 0.30364	 0.29726	 0.29113	 0.28578	 0.28089	 0.27727	 0.27460	 0.27186	 0.26977	 0.26961	 0.27271	 0.27953	 0.28936	 0.30029	 0.31127	 0.32228	 0.33426	 0.35355	 0.38295	 0.41596	 0.44515	 0.46548	 0.47576	 0.47972	 0.48067	 0.47986	 0.47624	 0.47051	 0.46343	 0.45581	 0.44777	 0.44118	 0.43679	 0.43281	 0.42854	 0.42457	 0.42137	 0.41728	 0.41175	 0.40554	 0.40034	 0.39496	 0.39031	 0.38715	 0.38483	 0.38478	 0.38611	 0.38895	 0.39228	 0.39635	 0.39822	 0.39651	 0.39140	 0.38413	 0.37812	 0.37138	 0.36544	 0.36058	 0.35385	 0.34865
47 	 0.25162	 0.25036	 0.25150	 0.25667	 0.26700	 0.28013	 0.29123	 0.29878	 0.30421	 0.30759	 0.30761	 0.30336	 0.29700	 0.29083	 0.28550	 0.28054	 0.27691	 0.27422	 0.27155	 0.26946	 0.26928	 0.27239	 0.27919	 0.28897	 0.29990	 0.31089	 0.32192	 0.33386	 0.35317	 0.38253	 0.41546	 0.44464	 0.46493	 0.47515	 0.47901	 0.47982	 0.47897	 0.47529	 0.46953	 0.46244	 0.45479	 0.44671	 0.44020	 0.43578	 0.43178	 0.42754	 0.42362	 0.42049	 0.41644	 0.41085	 0.40466	 0.39951	 0.39406	 0.38940	 0.38626	 0.38397	 0.38390	 0.38523	 0.38804	 0.39128	 0.39536	 0.39742	 0.39583	 0.39081	 0.38402	 0.37790	 0.37146	 0.36513	 0.36085	 0.35371	 0.34953
3 	 0.18935	 0.18942	 0.19309	 0.20272	 0.22002	 0.24170	 0.26112	 0.27532	 0.28610	 0.29410	 0.29746	 0.29473	 0.28800	 0.28031	 0.27368	 0.26822	 0.26440	 0.26160	 0.25842	 0.25578	 0.25550	 0.25898	 0.26716	 0.27951	 0.29384	 0.30863	 0.32314	 0.33696	 0.35649	 0.38547	 0.41880	 0.45034	 0.47429	 0.48810	 0.49463	 0.49721	 0.49759	 0.49531	 0.49096	 0.48500	 0.47813	 0.47040	 0.46415	 0.46022	 0.45690	 0.45326	 0.44993	 0.44726	 0.44348	 0.43786	 0.43111	 0.42500	 0.41864	 0.41308	 0.40929	 0.40647	 0.40570	 0.40622	 0.40767	 0.40812	 0.40640	 0.39906	 0.38644	 0.37099	 0.35447	 0.33919	 0.32465	 0.31085	 0.29913	 0.28849	 0.27973
8 	 0.19001	 0.19009	 0.19381	 0.20344	 0.22088	 0.24267	 0.26210	 0.27624	 0.28703	 0.29499	 0.29829	 0.29550	 0.28875	 0.28105	 0.27442	 0.26895	 0.26514	 0.26234	 0.25917	 0.25656	 0.25625	 0.25975	 0.26794	 0.28036	 0.29474	 0.30961	 0.32418	 0.33802	 0.35753	 0.38649	 0.41987	 0.45138	 0.47528	 0.48895	 0.49528	 0.49775	 0.49803	 0.49569	 0.49128	 0.48526	 0.47835	 0.47065	 0.46445	 0.46054	 0.45718	 0.45358	 0.45024	 0.44752	 0.44375	 0.43811	 0.43138	 0.42529	 0.41891	 0.41338	 0.40957	 0.40678	 0.40600	 0.40650	 0.40798	 0.40851	 0.40686	 0.39937	 0.38673	 0.37148	 0.35493	 0.33920	 0.32436	 0.31114	 0.29938	 0.28831	 0.27992
13 	 0.19045	 0.19055	 0.19421	 0.20392	 0.22133	 0.24311	 0.26252	 0.27670	 0.28742	 0.29550	 0.29885	 0.29606	 0.28924	 0.28152	 0.27488	 0.26938	 0.26556	 0.26275	 0.25961	 0.25702	 0.25671	 0.26019	 0.26848	 0.28097	 0.29545	 0.31038	 0.32497	 0.33893	 0.35860	 0.38766	 0.42102	 0.45247	 0.47631	 0.48993	 0.49613	 0.49856	 0.49882	 0.49639	 0.49189	 0.48579	 0.47886	 0.47116	 0.46490	 0.46096	 0.45761	 0.45393	 0.45055	 0.44787	 0.44407	 0.43843	 0.43167	 0.42558	 0.41918	 0.41365	 0.40990	 0.40701	 0.40622	 0.40668	 0.40802	 0.40847	 0.40685	 0.39962	 0.38694	 0.37156	 0.35505	 0.33946	 0.32515	 0.31147	 0.29969	 0.28856	 0.28037
18 	 0.19085	 0.19093	 0.19467	 0.20436	 0.22177	 0.24351	 0.26287	 0.27696	 0.28767	 0.29568	 0.29899	 0.29623	 0.28948	 0.28174	 0.27508	 0.26957	 0.26576	 0.26294	 0.25978	 0.25718	 0.25685	 0.26038	 0.26864	 0.28105	 0.29550	 0.31031	 0.32484	 0.33875	 0.35839	 0.38745	 0.42086	 0.45234	 0.47613	 0.48967	 0.49584	 0.49817	 0.49839	 0.49595	 0.49145	 0.48540	 0.47848	 0.47079	 0.46456	 0.46061	 0.45729	 0.45366	 0.45031	 0.44761	 0.44389	 0.43826	 0.43144	 0.42538	 0.41905	 0.41354	 0.40981	 0.40697	 0.40622	 0.40673	 0.40819	 0.40866	 0.40685	 0.39945	 0.38712	 0.37182	 0.35530	 0.33997	 0.32496	 0.31153	 0.29980	 0.28955	 0.28084
23 	 0.19050	 0.19061	 0.19437	 0.20404	 0.22147	 0.24328	 0.26259	 0.27662	 0.28734	 0.29533	 0.29863	 0.29582	 0.28906	 0.28135	 0.27468	 0.26918	 0.26535	 0.26251	 0.25937	 0.25677	 0.25645	 0.25991	 0.26821	 0.28064	 0.29509	 0.30994	 0.32447	 0.33839	 0.35805	 0.38713	 0.42048	 0.45194	 0.47570	 0.48918	 0.49536	 0.49763	 0.49780	 0.49538	 0.49087	 0.48478	 0.47781	 0.47011	 0.46392	 0.46001	 0.45665	 0.45303	 0.44969	 0.44702	 0.44329	 0.43766	 0.43087	 0.42480	 0.41851	 0.41296	 0.40915	 0.40633	 0.40564	 0.40619	 0.40758	 0.40814	 0.40657	 0.39919	 0.38679	 0.37172	 0.35548	 0.33968	 0.32480	 0.31126	 0.29960	 0.28880	 0.27998
28 	 0.19094	 0.19105	 0.19482	 0.20447	 0.22186	 0.24366	 0.26297	 0.27702	 0.28771	 0.29579	 0.29911	 0.29627	 0.28947	 0.28176	 0.27513	 0.26960	 0.26580	 0.26303	 0.25983	 0.25720	 0.25687	 0.26039	 0.26869	 0.28107	 0.29550	 0.31041	 0.32494	 0.33889	 0.35852	 0.38763	 0.42101	 0.45256	 0.47636	 0.48983	 0.49592	 0.49818	 0.49839	 0.49595	 0.49140	 0.48537	 0.47838	 0.47067	 0.46443	 0.46052	 0.45718	 0.45359	 0.45027	 0.44751	 0.44372	 0.43811	 0.43139	 0.42531	 0.41901	 0.41349	 0.40966	 0.40681	 0.40610	 0.40663	 0.40820	 0.40873	 0.40708	 0.39972	 0.38711	 0.37178	 0.35526	 0.33997	 0.32525	 0.31183	 0.30025	 0.28988	 0.28107
33 	 0.19075	 0.19088	 0.19467	 0.20433	 0.22173	 0.24348	 0.26278	 0.27684	 0.28753	 0.29554	 0.29887	 0.29609	 0.28934	 0.28165	 0.27499	 0.26946	 0.26561	 0.26281	 0.25966	 0.25702	 0.25673	 0.26024	 0.26850	 0.28085	 0.29529	 0.31015	 0.32467	 0.33859	 0.35820	 0.38729	 0.42068	 0.45213	 0.47599	 0.48960	 0.49576	 0.49803	 0.49823	 0.49580	 0.49131	 0.48523	 0.47829	 0.47062	 0.46435	 0.46045	 0.45715	 0.45352	 0.45015	 0.44746	 0.44371	 0.43810	 0.43129	 0.42521	 0.41891	 0.41338	 0.40958	 0.40676	 0.40601	 0.40657	 0.40801	 0.40854	 0.40688	 0.39954	 0.38726	 0.37197	 0.35553	 0.34026	 0.32550	 0.31202	 0.30023	 0.28967	 0.28084
38 	 0.19088	 0.19093	 0.19465	 0.20435	 0.22172	 0.24341	 0.26275	 0.27688	 0.28753	 0.29553	 0.29892	 0.29611	 0.28932	 0.28157	 0.27492	 0.26940	 0.26562	 0.26280	 0.25965	 0.25705	 0.25669	 0.26016	 0.26837	 0.28081	 0.29525	 0.31011	 0.32462	 0.33855	 0.35814	 0.38718	 0.42057	 0.45198	 0.47579	 0.48932	 0.49553	 0.49782	 0.49806	 0.49562	 0.49109	 0.48506	 0.47807	 0.47040	 0.46426	 0.46038	 0.45701	 0.45335	 0.44999	 0.44731	 0.44359	 0.43797	 0.43119	 0.42514	 0.41883	 0.41331	 0.40945	 0.40657	 0.40585	 0.40638	 0.40786	 0.40835	 0.40667	 0.39938	 0.38695	 0.37190	 0.35541	 0.33983	 0.32546	 0.31148	 0.30024	 0.28917	 0.28076
43 	 0.19093	 0.19103	 0.19480	 0.20440	 0.22177	 0.24349	 0.26281	 0.27687	 0.28758	 0.29557	 0.29895	 0.29617	 0.28932	 0.28156	 0.27490	 0.26936	 0.26554	 0.26275	 0.25957	 0.25696	 0.25663	 0.26011	 0.26832	 0.28072	 0.29519	 0.31008	 0.32473	 0.33863	 0.35831	 0.38743	 0.42079	 0.45227	 0.47609	 0.48957	 0.49568	 0.49790	 0.49805	 0.49561	 0.49106	 0.48498	 0.47802	 0.47037	 0.46417	 0.46025	 0.45696	 0.45332	 0.44997	 0.44725	 0.44351	 0.43788	 0.43111	 0.42507	 0.41873	 0.41315	 0.40932	 0.40650	 0.40576	 0.40627	 0.40784	 0.40838	 0.40669	 0.39941	 0.38700	 0.37181	 0.35554	 0.34007	 0.32541	 0.31203	 0.30020	 0.28960	 0.28166
48 	 0.19078	 0.19088	 0.19471	 0.20436	 0.22168	 0.24342	 0.26275	 0.27682	 0.28744	 0.29545	 0.29881	 0.29606	 0.28924	 0.28148	 0.27477	 0.26928	 0.26543	 0.26265	 0.25947	 0.25684	 0.25650	 0.25998	 0.26823	 0.28064	 0.29513	 0.31001	 0.32454	 0.33851	 0.35823	 0.38736	 0.42067	 0.45211	 0.47581	 0.48929	 0.49526	 0.49748	 0.49762	 0.49510	 0.49054	 0.48437	 0.47742	 0.46980	 0.46364	 0.45974	 0.45639	 0.45276	 0.44940	 0.44674	 0.44305	 0.43733	 0.43053	 0.42454	 0.41825	 0.41267	 0.40882	 0.40602	 0.40538	 0.40595	 0.40745	 0.40800	 0.40649	 0.39935	 0.38704	 0.37179	 0.35566	 0.34044	 0.32522	 0.31218	 0.30065	 0.28990	 0.28201
4 	 0.19423	 0.19417	 0.19738	 0.20605	 0.22156	 0.24119	 0.25910	 0.27261	 0.28306	 0.29071	 0.29373	 0.29083	 0.28410	 0.27644	 0.26985	 0.26434	 0.26052	 0.25774	 0.25448	 0.25168	 0.25108	 0.25411	 0.26166	 0.27326	 0.28708	 0.30167	 0.31607	 0.32970	 0.34853	 0.37626	 0.40810	 0.43858	 0.46228	 0.47620	 0.48293	 0.48592	 0.48673	 0.48501	 0.48134	 0.47605	 0.46997	 0.46303	 0.45730	 0.45380	 0.45086	 0.44771	 0.44479	 0.44246	 0.43887	 0.43343	 0.42673	 0.42070	 0.41435	 0.40874	 0.40489	 0.40200	 0.40127	 0.40230	 0.40457	 0.40558	 0.40426	 0.39723	 0.38545	 0.37089	 0.35486	 0.33977	 0.32583	 0.31216	 0.30099	 0.29091	 0.28210
9 	 0.19467	 0.19457	 0.19781	 0.20646	 0.22211	 0.24181	 0.25976	 0.27322	 0.28366	 0.29128	 0.29423	 0.29134	 0.28458	 0.27693	 0.27034	 0.26483	 0.26094	 0.25812	 0.25489	 0.25215	 0.25152	 0.25454	 0.26212	 0.27383	 0.28773	 0.30238	 0.31681	 0.33050	 0.34945	 0.37728	 0.40928	 0.43987	 0.46350	 0.47735	 0.48402	 0.48684	 0.48755	 0.48573	 0.48201	 0.47671	 0.47059	 0.46359	 0.45782	 0.45438	 0.45151	 0.44830	 0.44535	 0.44301	 0.43947	 0.43394	 0.42723	 0.42120	 0.41483	 0.40927	 0.40535	 0.40245	 0.40176	 0.40284	 0.40515	 0.40625	 0.40497	 0.39808	 0.38622	 0.37146	 0.35536	 0.34025	 0.32576	 0.31295	 0.30172	 0.29152	 0.28327
14 	 0.19362	 0.19346	 0.19668	 0.20536	 0.22104	 0.24077	 0.25864	 0.27204	 0.28245	 0.29005	 0.29303	 0.29016	 0.28339	 0.27573	 0.26913	 0.26365	 0.25981	 0.25692	 0.25371	 0.25097	 0.25035	 0.25335	 0.26093	 0.27263	 0.28652	 0.30118	 0.31564	 0.32932	 0.34825	 0.37612	 0.40812	 0.43871	 0.46233	 0.47607	 0.48259	 0.48534	 0.48598	 0.48415	 0.48032	 0.47496	 0.46882	 0.46180	 0.45604	 0.45257	 0.44967	 0.44650	 0.44354	 0.44114	 0.43765	 0.43212	 0.42539	 0.41934	 0.41305	 0.40751	 0.40364	 0.40071	 0.40004	 0.40107	 0.40334	 0.40446	 0.40326	 0.39640	 0.38457	 0.37000	 0.35425	 0.33917	 0.32492	 0.31199	 0.30066	 0.29050	 0.28237
19 	 0.19369	 0.19351	 0.19677	 0.20551	 0.22118	 0.24092	 0.25881	 0.27227	 0.28263	 0.29026	 0.29327	 0.29036	 0.28357	 0.27585	 0.26921	 0.26368	 0.25985	 0.25703	 0.25379	 0.25102	 0.25041	 0.25348	 0.26107	 0.27271	 0.28660	 0.30132	 0.31579	 0.32949	 0.34850	 0.37638	 0.40845	 0.43906	 0.46271	 0.47642	 0.48291	 0.48556	 0.48623	 0.48435	 0.48051	 0.47518	 0.46900	 0.46194	 0.45617	 0.45268	 0.44975	 0.44660	 0.44368	 0.44131	 0.43777	 0.43222	 0.42543	 0.41940	 0.41309	 0.40755	 0.40364	 0.40068	 0.40004	 0.40119	 0.40357	 0.40467	 0.40353	 0.39668	 0.38481	 0.37036	 0.35476	 0.33984	 0.32585	 0.31241	 0.30065	 0.29047	 0.28246
24 	 0.19322	 0.19309	 0.19632	 0.20509	 0.22077	 0.24048	 0.25835	 0.27176	 0.28216	 0.28973	 0.29269	 0.28986	 0.28311	 0.27537	 0.26873	 0.26325	 0.25940	 0.25654	 0.25325	 0.25047	 0.24986	 0.25295	 0.26055	 0.27218	 0.28611	 0.30075	 0.31524	 0.32902	 0.34806	 0.37599	 0.40807	 0.43871	 0.46233	 0.47598	 0.48243	 0.48511	 0.48569	 0.48378	 0.47992	 0.47458	 0.46840	 0.46133	 0.45562	 0.45212	 0.44917	 0.44599	 0.44307	 0.44072	 0.43716	 0.43156	 0.42483	 0.41879	 0.41247	 0.40689	 0.40298	 0.40007	 0.39948	 0.40059	 0.40295	 0.40410	 0.40291	 0.39613	 0.38430	 0.36981	 0.35391	 0.33910	 0.32477	 0.31159	 0.30055	 0.29019	 0.28177
29 	 0.19356	 0.19338	 0.19666	 0.20538	 0.22105	 0.24070	 0.25850	 0.27181	 0.28213	 0.28973	 0.29270	 0.28982	 0.28307	 0.27539	 0.26875	 0.26323	 0.25939	 0.25654	 0.25330	 0.25050	 0.24990	 0.25294	 0.26052	 0.27221	 0.28607	 0.30072	 0.31519	 0.32891	 0.34793	 0.37585	 0.40786	 0.43842	 0.46203	 0.47563	 0.48198	 0.48467	 0.48520	 0.48324	 0.47933	 0.47397	 0.46779	 0.46075	 0.45502	 0.45151	 0.44857	 0.44540	 0.44246	 0.44007	 0.43656	 0.43095	 0.42420	 0.41822	 0.41191	 0.40636	 0.40248	 0.39954	 0.39896	 0.40003	 0.40245	 0.40364	 0.40245	 0.39562	 0.38393	 0.36968	 0.35421	 0.33903	 0.32500	 0.31182	 0.30083	 0.28989	 0.28198
34 	 0.19387	 0.19373	 0.19695	 0.20567	 0.22133	 0.24102	 0.25888	 0.27218	 0.28250	 0.29002	 0.29302	 0.29013	 0.28338	 0.27573	 0.26909	 0.26357	 0.25964	 0.25686	 0.25367	 0.25089	 0.25026	 0.25325	 0.26080	 0.27250	 0.28639	 0.30106	 0.31552	 0.32921	 0.34823	 0.37611	 0.40813	 0.43867	 0.46229	 0.47591	 0.48231	 0.48495	 0.48555	 0.48363	 0.47973	 0.47441	 0.46822	 0.46114	 0.45538	 0.45188	 0.44890	 0.44574	 0.44283	 0.44043	 0.43691	 0.43134	 0.42463	 0.41861	 0.41229	 0.40674	 0.40280	 0.39989	 0.39932	 0.40042	 0.40284	 0.40404	 0.40294	 0.39628	 0.38437	 0.36992	 0.35424	 0.33958	 0.32510	 0.31208	 0.30086	 0.29003	 0.28166
39 	 0.19289	 0.19280	 0.19603	 0.20469	 0.22038	 0.23997	 0.25779	 0.27118	 0.28151	 0.28909	 0.29216	 0.28925	 0.28247	 0.27476	 0.26814	 0.26263	 0.25880	 0.25600	 0.25272	 0.24995	 0.24930	 0.25231	 0.25987	 0.27147	 0.28534	 0.29995	 0.31435	 0.32801	 0.34697	 0.37483	 0.40678	 0.43726	 0.46078	 0.47446	 0.48088	 0.48355	 0.48425	 0.48236	 0.47848	 0.47313	 0.46702	 0.46000	 0.45430	 0.45083	 0.44786	 0.44466	 0.44173	 0.43939	 0.43585	 0.43030	 0.42357	 0.41761	 0.41133	 0.40567	 0.40171	 0.39880	 0.39821	 0.39932	 0.40168	 0.40276	 0.40152	 0.39495	 0.38342	 0.36891	 0.35291	 0.33836	 0.32447	 0.31113	 0.29986	 0.28948	 0.28158
44 	 0.19286	 0.19275	 0.19608	 0.20475	 0.22025	 0.23984	 0.25759	 0.27091	 0.28118	 0.28875	 0.29177	 0.28892	 0.28213	 0.27443	 0.26785	 0.26233	 0.25845	 0.25565	 0.25241	 0.24963	 0.24898	 0.25203	 0.25956	 0.27112	 0.28492	 0.29947	 0.31385	 0.32750	 0.34653	 0.37429	 0.40610	 0.43656	 0.46007	 0.47367	 0.48007	 0.48277	 0.48335	 0.48145	 0.47759	 0.47225	 0.46604	 0.45904	 0.45334	 0.44985	 0.44689	 0.44373	 0.44083	 0.43852	 0.43498	 0.42940	 0.42269	 0.41672	 0.41040	 0.40479	 0.40088	 0.39797	 0.39738	 0.39843	 0.40071	 0.40183	 0.40074	 0.39419	 0.38257	 0.36842	 0.35279	 0.33802	 0.32363	 0.31110	 0.29948	 0.28923	 0.28156
49 	 0.19255	 0.19243	 0.19566	 0.20430	 0.21990	 0.23947	 0.25723	 0.27045	 0.28070	 0.28826	 0.29128	 0.28843	 0.28167	 0.27394	 0.26740	 0.26193	 0.25810	 0.25526	 0.25200	 0.24923	 0.24856	 0.25156	 0.25909	 0.27064	 0.28445	 0.29905	 0.31342	 0.32703	 0.34601	 0.37376	 0.40553	 0.43589	 0.45939	 0.47299	 0.47933	 0.48190	 0.48252	 0.48054	 0.47662	 0.47128	 0.46512	 0.45813	 0.45244	 0.44893	 0.44598	 0.44286	 0.43994	 0.43761	 0.43409	 0.42850	 0.42176	 0.41582	 0.40951	 0.40392	 0.40005	 0.39715	 0.39660	 0.39768	 0.40002	 0.40123	 0.40008	 0.39355	 0.38205	 0.36785	 0.35220	 0.33741	 0.32343	 0.31061	 0.29911	 0.28894	 0.28086
5 	 0.23592	 0.23476	 0.23628	 0.24206	 0.25381	 0.26950	 0.28367	 0.29425	 0.30261	 0.30860	 0.31018	 0.30609	 0.29875	 0.29115	 0.28478	 0.27941	 0.27547	 0.27248	 0.26918	 0.26648	 0.26581	 0.26860	 0.27552	 0.28616	 0.29851	 0.31136	 0.32410	 0.33702	 0.35617	 0.38472	 0.41719	 0.44717	 0.46918	 0.48154	 0.48730	 0.48960	 0.48967	 0.48703	 0.48246	 0.47660	 0.47009	 0.46286	 0.45701	 0.45344	 0.45018	 0.44667	 0.44349	 0.44087	 0.43715	 0.43158	 0.42513	 0.41949	 0.41348	 0.40805	 0.40418	 0.40114	 0.40006	 0.40068	 0.40318	 0.40609	 0.40853	 0.40665	 0.39997	 0.39037	 0.37908	 0.36841	 0.35854	 0.34904	 0.34174	 0.33349	 0.32751
10 	 0.23653	 0.23541	 0.23686	 0.24262	 0.25445	 0.27011	 0.28427	 0.29470	 0.30291	 0.30884	 0.31041	 0.30632	 0.29898	 0.29137	 0.28503	 0.27964	 0.27568	 0.27270	 0.26937	 0.26657	 0.26595	 0.26877	 0.27572	 0.28630	 0.29867	 0.31155	 0.32432	 0.33722	 0.35639	 0.38505	 0.41764	 0.44769	 0.46967	 0.48186	 0.48746	 0.48962	 0.48952	 0.48676	 0.48217	 0.47624	 0.46967	 0.46252	 0.45670	 0.45305	 0.44990	 0.44654	 0.44338	 0.44077	 0.43705	 0.43142	 0.42497	 0.41934	 0.41331	 0.40789	 0.40402	 0.40094	 0.39992	 0.40066	 0.40345	 0.40649	 0.40891	 0.40708	 0.40061	 0.39061	 0.37921	 0.36893	 0.35869	 0.34968	 0.34236	 0.33367	 0.32732
15 	 0.23592	 0.23476	 0.23622	 0.24203	 0.25390	 0.26965	 0.28380	 0.29431	 0.30256	 0.30843	 0.30999	 0.30589	 0.29856	 0.29096	 0.28458	 0.27915	 0.27523	 0.27219	 0.26892	 0.26612	 0.26546	 0.26832	 0.27529	 0.28591	 0.29834	 0.31117	 0.32398	 0.33694	 0.35619	 0.38491	 0.41758	 0.44769	 0.46973	 0.48194	 0.48745	 0.48952	 0.48940	 0.48667	 0.48199	 0.47608	 0.46952	 0.46230	 0.45654	 0.45295	 0.44975	 0.44634	 0.44321	 0.44057	 0.43679	 0.43126	 0.42478	 0.41911	 0.41307	 0.40769	 0.40376	 0.40070	 0.39971	 0.40045	 0.40320	 0.40626	 0.40865	 0.40693	 0.40049	 0.39045	 0.37892	 0.36869	 0.35892	 0.34898	 0.34140	 0.33373	 0.32767
20 	 0.23638	 0.23521	 0.23671	 0.24255	 0.25439	 0.27005	 0.28427	 0.29476	 0.30290	 0.30881	 0.31041	 0.30635	 0.29900	 0.29136	 0.28497	 0.27960	 0.27569	 0.27265	 0.26935	 0.26658	 0.26594	 0.26875	 0.27570	 0.28634	 0.29879	 0.31172	 0.32451	 0.33753	 0.35676	 0.38534	 0.41775	 0.44759	 0.46945	 0.48156	 0.48696	 0.48893	 0.48882	 0.48608	 0.48144	 0.47549	 0.46890	 0.46168	 0.45594	 0.45234	 0.44909	 0.44564	 0.44252	 0.43990	 0.43616	 0.43054	 0.42407	 0.41849	 0.41245	 0.40706	 0.40319	 0.40015	 0.39917	 0.39988	 0.40256	 0.40557	 0.40817	 0.40646	 0.39989	 0.38984	 0.37857	 0.36845	 0.35854	 0.34911	 0.34167	 0.33335	 0.32786
25 	 0.23643	 0.23531	 0.23677	 0.24250	 0.25430	 0.26979	 0.28377	 0.29411	 0.30226	 0.30807	 0.30966	 0.30557	 0.29818	 0.29061	 0.28425	 0.27883	 0.27493	 0.27187	 0.26854	 0.26575	 0.26511	 0.26793	 0.27481	 0.28530	 0.29768	 0.31046	 0.32316	 0.33610	 0.35525	 0.38369	 0.41598	 0.44573	 0.46738	 0.47927	 0.48453	 0.48646	 0.48627	 0.48343	 0.47878	 0.47285	 0.46627	 0.45907	 0.45331	 0.44977	 0.44668	 0.44325	 0.44012	 0.43759	 0.43391	 0.42828	 0.42179	 0.41620	 0.41027	 0.40488	 0.40103	 0.39804	 0.39705	 0.39784	 0.40067	 0.40384	 0.40640	 0.40478	 0.39834	 0.38904	 0.37811	 0.36801	 0.35787	 0.34870	 0.34147	 0.33340	 0.32749
30 	 0.23634	 0.23518	 0.23668	 0.24250	 0.25427	 0.26991	 0.28400	 0.29435	 0.30256	 0.30846	 0.31007	 0.30592	 0.29857	 0.29098	 0.28457	 0.27919	 0.27520	 0.27213	 0.26887	 0.26612	 0.26542	 0.26825	 0.27516	 0.28572	 0.29811	 0.31100	 0.32387	 0.33684	 0.35604	 0.38467	 0.41718	 0.44711	 0.46901	 0.48108	 0.48647	 0.48841	 0.48819	 0.48539	 0.48075	 0.47480	 0.46825	 0.46109	 0.45534	 0.45176	 0.44858	 0.44517	 0.44203	 0.43946	 0.43576	 0.43015	 0.42366	 0.41803	 0.41204	 0.40659	 0.40271	 0.39968	 0.39869	 0.39946	 0.40236	 0.40557	 0.40809	 0.40628	 0.39958	 0.38958	 0.37833	 0.36856	 0.35863	 0.34902	 0.34193	 0.33347	 0.32764
35 	 0.23635	 0.23527	 0.23674	 0.24254	 0.25427	 0.26986	 0.28393	 0.29434	 0.30251	 0.30843	 0.31001	 0.30592	 0.29859	 0.29097	 0.28454	 0.27913	 0.27518	 0.27210	 0.26882	 0.26606	 0.26535	 0.26814	 0.27505	 0.28558	 0.29799	 0.31085	 0.32368	 0.33663	 0.35584	 0.38441	 0.41688	 0.44683	 0.46877	 0.48086	 0.48628	 0.48830	 0.48815	 0.48533	 0.48073	 0.47482	 0.46824	 0.46104	 0.45528	 0.45172	 0.44858	 0.44517	 0.44204	 0.43948	 0.43570	 0.43009	 0.42361	 0.41799	 0.41201	 0.40655	 0.40273	 0.39970	 0.39870	 0.39945	 0.40232	 0.40542	 0.40800	 0.40628	 0.39988	 0.39000	 0.37868	 0.36843	 0.35867	 0.34925	 0.34173	 0.33361	 0.32743
40 	 0.23665	 0.23547	 0.23688	 0.24264	 0.25438	 0.26994	 0.28400	 0.29445	 0.30259	 0.30849	 0.31011	 0.30596	 0.29857	 0.29096	 0.28456	 0.27918	 0.27528	 0.27227	 0.26894	 0.26612	 0.26544	 0.26822	 0.27508	 0.28555	 0.29786	 0.31064	 0.32336	 0.33624	 0.35533	 0.38378	 0.41603	 0.44571	 0.46754	 0.47965	 0.48514	 0.48713	 0.48708	 0.48435	 0.47976	 0.47387	 0.46732	 0.46017	 0.45444	 0.45092	 0.44772	 0.44437	 0.44123	 0.43866	 0.43501	 0.42939	 0.42298	 0.41739	 0.41142	 0.40599	 0.40212	 0.39909	 0.39813	 0.39889	 0.40164	 0.40466	 0.40724	 0.40559	 0.39923	 0.38951	 0.37825	 0.36844	 0.35838	 0.34932	 0.34151	 0.33353	 0.32807
45 	 0.23678	 0.23561	 0.23703	 0.24278	 0.25445	 0.26993	 0.28388	 0.29425	 0.30237	 0.30824	 0.30981	 0.30570	 0.29835	 0.29074	 0.28437	 0.27891	 0.27504	 0.27203	 0.26866	 0.26588	 0.26518	 0.26794	 0.27479	 0.28521	 0.29751	 0.31031	 0.32298	 0.33584	 0.35496	 0.38334	 0.41554	 0.44513	 0.46684	 0.47885	 0.48426	 0.48616	 0.48603	 0.48326	 0.47864	 0.47275	 0.46617	 0.45903	 0.45336	 0.44989	 0.44665	 0.44326	 0.44015	 0.43759	 0.43396	 0.42830	 0.42181	 0.41629	 0.41035	 0.40488	 0.40102	 0.39799	 0.39708	 0.39787	 0.40066	 0.40374	 0.40635	 0.40469	 0.39847	 0.38876	 0.37772	 0.36781	 0.35829	 0.34891	 0.34149	 0.33334	 0.32751
50 	 0.23671	 0.23558	 0.23705	 0.24283	 0.25451	 0.26997	 0.28395	 0.29426	 0.30238	 0.30827	 0.30990	 0.30584	 0.29841	 0.29074	 0.28439	 0.27900	 0.27507	 0.27204	 0.26871	 0.26587	 0.26518	 0.26794	 0.27479	 0.28532	 0.29764	 0.31043	 0.32312	 0.33601	 0.35518	 0.38359	 0.41576	 0.44546	 0.46720	 0.47916	 0.48450	 0.48643	 0.48624	 0.48337	 0.47869	 0.47278	 0.46623	 0.45914	 0.45346	 0.44988	 0.44670	 0.44337	 0.44026	 0.43771	 0.43400	 0.42833	 0.42186	 0.41635	 0.41044	 0.40503	 0.40113	 0.39809	 0.39715	 0.39798	 0.40081	 0.40395	 0.40665	 0.40511	 0.39861	 0.38911	 0.37815	 0.36812	 0.35831	 0.34903	 0.34152	 0.33330	 0.32805
