1 	 0.19333	 0.19341	 0.19660	 0.20532	 0.22100	 0.24079	 0.25894	 0.27263	 0.28321	 0.29119	 0.29470	 0.29154	 0.28398	 0.27682	 0.26992	 0.26482	 0.26216	 0.25950	 0.25574	 0.25298	 0.25241	 0.25518	 0.26198	 0.27362	 0.28766	 0.30204	 0.31581	 0.32928	 0.34731	 0.37364	 0.40366	 0.43173	 0.45320	 0.46578	 0.47203	 0.47477	 0.47570	 0.47392	 0.46945	 0.46406	 0.45872	 0.45271	 0.44748	 0.44457	 0.44213	 0.43895	 0.43686	 0.43596	 0.43318	 0.42775	 0.42100	 0.41543	 0.40971	 0.40471	 0.40093	 0.39825	 0.39731	 0.39802	 0.40015	 0.40080	 0.39893	 0.39149	 0.37921	 0.36353	 0.34696	 0.33226	 0.31855	 0.30578	 0.29395	 0.28403	 0.27597
6 	 0.19346	 0.19359	 0.19683	 0.20553	 0.22123	 0.24101	 0.25913	 0.27270	 0.28320	 0.29111	 0.29462	 0.29141	 0.28389	 0.27673	 0.26977	 0.26476	 0.26213	 0.25940	 0.25569	 0.25293	 0.25233	 0.25523	 0.26196	 0.27365	 0.28770	 0.30202	 0.31577	 0.32923	 0.34736	 0.37372	 0.40369	 0.43156	 0.45287	 0.46525	 0.47133	 0.47390	 0.47477	 0.47276	 0.46819	 0.46272	 0.45743	 0.45137	 0.44613	 0.44323	 0.44082	 0.43766	 0.43556	 0.43470	 0.43185	 0.42640	 0.41968	 0.41414	 0.40843	 0.40354	 0.39967	 0.39712	 0.39622	 0.39707	 0.39907	 0.39961	 0.39785	 0.39068	 0.37849	 0.36276	 0.34646	 0.33198	 0.31822	 0.30513	 0.29402	 0.28354	 0.27576
11 	 0.19369	 0.19379	 0.19696	 0.20566	 0.22147	 0.24120	 0.25931	 0.27288	 0.28345	 0.29134	 0.29486	 0.29170	 0.28406	 0.27698	 0.26998	 0.26494	 0.26228	 0.25953	 0.25587	 0.25309	 0.25250	 0.25535	 0.26210	 0.27379	 0.28782	 0.30224	 0.31605	 0.32965	 0.34781	 0.37420	 0.40425	 0.43228	 0.45366	 0.46612	 0.47216	 0.47475	 0.47556	 0.47362	 0.46904	 0.46362	 0.45821	 0.45222	 0.44693	 0.44394	 0.44156	 0.43835	 0.43627	 0.43543	 0.43255	 0.42701	 0.42029	 0.41475	 0.40900	 0.40402	 0.40021	 0.39758	 0.39669	 0.39748	 0.39975	 0.40014	 0.39846	 0.39147	 0.37929	 0.36328	 0.34686	 0.33199	 0.31844	 0.30545	 0.29463	 0.28454	 0.27657
16 	 0.19339	 0.19345	 0.19670	 0.20540	 0.22127	 0.24107	 0.25912	 0.27273	 0.28327	 0.29122	 0.29474	 0.29149	 0.28388	 0.27672	 0.26980	 0.26469	 0.26205	 0.25927	 0.25563	 0.25282	 0.25226	 0.25510	 0.26199	 0.27364	 0.28769	 0.30209	 0.31593	 0.32953	 0.34770	 0.37415	 0.40431	 0.43230	 0.45370	 0.46602	 0.47200	 0.47461	 0.47538	 0.47341	 0.46878	 0.46332	 0.45793	 0.45194	 0.44662	 0.44366	 0.44125	 0.43810	 0.43601	 0.43513	 0.43227	 0.42678	 0.42006	 0.41453	 0.40878	 0.40390	 0.39995	 0.39740	 0.39652	 0.39732	 0.39948	 0.40008	 0.39838	 0.39121	 0.37880	 0.36306	 0.34706	 0.33190	 0.31842	 0.30559	 0.29429	 0.28418	 0.27591
21 	 0.19363	 0.19369	 0.19690	 0.20565	 0.22148	 0.24126	 0.25941	 0.27293	 0.28347	 0.29150	 0.29500	 0.29176	 0.28414	 0.27701	 0.26999	 0.26487	 0.26222	 0.25949	 0.25584	 0.25302	 0.25246	 0.25536	 0.26215	 0.27384	 0.28794	 0.30231	 0.31612	 0.32970	 0.34792	 0.37436	 0.40450	 0.43259	 0.45394	 0.46629	 0.47225	 0.47484	 0.47558	 0.47362	 0.46898	 0.46352	 0.45816	 0.45212	 0.44685	 0.44389	 0.44143	 0.43826	 0.43615	 0.43534	 0.43241	 0.42687	 0.42009	 0.41463	 0.40888	 0.40394	 0.40020	 0.39750	 0.39661	 0.39745	 0.39954	 0.40017	 0.39841	 0.39121	 0.37877	 0.36312	 0.34668	 0.33193	 0.31838	 0.30562	 0.29458	 0.28440	 0.27677
26 	 0.19412	 0.19430	 0.19738	 0.20617	 0.22192	 0.24183	 0.25988	 0.27340	 0.28393	 0.29183	 0.29542	 0.29217	 0.28457	 0.27740	 0.27038	 0.26526	 0.26261	 0.25988	 0.25623	 0.25343	 0.25291	 0.25574	 0.26249	 0.27429	 0.28840	 0.30274	 0.31654	 0.33012	 0.34829	 0.37470	 0.40487	 0.43295	 0.45432	 0.46666	 0.47265	 0.47517	 0.47587	 0.47387	 0.46927	 0.46385	 0.45845	 0.45238	 0.44704	 0.44407	 0.44163	 0.43847	 0.43646	 0.43564	 0.43271	 0.42717	 0.42028	 0.41487	 0.40915	 0.40423	 0.40036	 0.39776	 0.39683	 0.39761	 0.39984	 0.40047	 0.39870	 0.39163	 0.37916	 0.36364	 0.34748	 0.33234	 0.31860	 0.30548	 0.29505	 0.28482	 0.27675
31 	 0.19384	 0.19391	 0.19703	 0.20579	 0.22166	 0.24146	 0.25956	 0.27318	 0.28379	 0.29162	 0.29523	 0.29197	 0.28439	 0.27725	 0.27013	 0.26506	 0.26242	 0.25971	 0.25606	 0.25322	 0.25268	 0.25551	 0.26229	 0.27406	 0.28811	 0.30250	 0.31630	 0.32991	 0.34806	 0.37451	 0.40468	 0.43269	 0.45406	 0.46648	 0.47250	 0.47510	 0.47582	 0.47382	 0.46925	 0.46386	 0.45848	 0.45241	 0.44712	 0.44415	 0.44173	 0.43861	 0.43661	 0.43576	 0.43281	 0.42728	 0.42040	 0.41501	 0.40930	 0.40434	 0.40054	 0.39788	 0.39697	 0.39775	 0.39983	 0.40042	 0.39874	 0.39160	 0.37908	 0.36334	 0.34720	 0.33228	 0.31855	 0.30514	 0.29463	 0.28424	 0.27646
36 	 0.19408	 0.19422	 0.19730	 0.20607	 0.22182	 0.24171	 0.25971	 0.27325	 0.28384	 0.29167	 0.29530	 0.29210	 0.28442	 0.27721	 0.27017	 0.26513	 0.26251	 0.25977	 0.25607	 0.25324	 0.25268	 0.25560	 0.26239	 0.27405	 0.28818	 0.30250	 0.31633	 0.32990	 0.34809	 0.37448	 0.40466	 0.43274	 0.45408	 0.46642	 0.47241	 0.47495	 0.47565	 0.47369	 0.46904	 0.46361	 0.45824	 0.45214	 0.44685	 0.44389	 0.44147	 0.43829	 0.43626	 0.43543	 0.43252	 0.42695	 0.42007	 0.41464	 0.40893	 0.40396	 0.40009	 0.39749	 0.39660	 0.39740	 0.39957	 0.40027	 0.39857	 0.39151	 0.37902	 0.36327	 0.34736	 0.33261	 0.31893	 0.30575	 0.29495	 0.28464	 0.27676
41 	 0.19410	 0.19427	 0.19737	 0.20612	 0.22193	 0.24173	 0.25971	 0.27330	 0.28385	 0.29167	 0.29531	 0.29203	 0.28444	 0.27738	 0.27022	 0.26510	 0.26250	 0.25972	 0.25607	 0.25325	 0.25275	 0.25561	 0.26239	 0.27407	 0.28813	 0.30247	 0.31624	 0.32989	 0.34808	 0.37447	 0.40459	 0.43260	 0.45399	 0.46634	 0.47233	 0.47477	 0.47547	 0.47356	 0.46895	 0.46356	 0.45810	 0.45205	 0.44673	 0.44377	 0.44134	 0.43820	 0.43620	 0.43536	 0.43240	 0.42672	 0.41990	 0.41457	 0.40879	 0.40389	 0.39999	 0.39742	 0.39649	 0.39722	 0.39944	 0.40002	 0.39840	 0.39145	 0.37915	 0.36350	 0.34690	 0.33240	 0.31867	 0.30504	 0.29531	 0.28476	 0.27685
46 	 0.19347	 0.19361	 0.19673	 0.20556	 0.22131	 0.24119	 0.25921	 0.27273	 0.28320	 0.29110	 0.29474	 0.29139	 0.28380	 0.27668	 0.26965	 0.26453	 0.26193	 0.25918	 0.25551	 0.25264	 0.25214	 0.25502	 0.26178	 0.27351	 0.28755	 0.30192	 0.31574	 0.32937	 0.34753	 0.37397	 0.40410	 0.43215	 0.45335	 0.46570	 0.47162	 0.47409	 0.47476	 0.47278	 0.46813	 0.46271	 0.45734	 0.45118	 0.44596	 0.44300	 0.44055	 0.43746	 0.43543	 0.43456	 0.43157	 0.42601	 0.41917	 0.41377	 0.40808	 0.40319	 0.39922	 0.39665	 0.39578	 0.39654	 0.39868	 0.39955	 0.39776	 0.39072	 0.37853	 0.36294	 0.34642	 0.33171	 0.31839	 0.30524	 0.29422	 0.28420	 0.27640
2 	 0.23636	 0.23526	 0.23623	 0.24137	 0.25131	 0.26431	 0.27604	 0.28444	 0.29015	 0.29379	 0.29451	 0.29048	 0.28388	 0.27853	 0.27262	 0.26795	 0.26528	 0.26276	 0.25972	 0.25773	 0.25767	 0.26056	 0.26653	 0.27612	 0.28706	 0.29788	 0.30847	 0.32062	 0.34018	 0.36987	 0.40312	 0.43205	 0.45214	 0.46316	 0.46831	 0.47016	 0.47010	 0.46675	 0.46031	 0.45278	 0.44550	 0.43756	 0.43060	 0.42605	 0.42199	 0.41709	 0.41354	 0.41151	 0.40783	 0.40169	 0.39472	 0.38903	 0.38345	 0.37875	 0.37514	 0.37288	 0.37287	 0.37463	 0.37804	 0.38132	 0.38603	 0.38973	 0.39076	 0.38732	 0.37999	 0.37309	 0.36534	 0.35654	 0.34978	 0.34342	 0.33806
7 	 0.23748	 0.23633	 0.23729	 0.24241	 0.25251	 0.26543	 0.27720	 0.28548	 0.29114	 0.29459	 0.29546	 0.29137	 0.28481	 0.27933	 0.27339	 0.26864	 0.26605	 0.26351	 0.26041	 0.25841	 0.25834	 0.26123	 0.26730	 0.27685	 0.28790	 0.29872	 0.30941	 0.32160	 0.34120	 0.37092	 0.40431	 0.43324	 0.45341	 0.46433	 0.46924	 0.47090	 0.47087	 0.46742	 0.46092	 0.45340	 0.44603	 0.43803	 0.43109	 0.42652	 0.42253	 0.41767	 0.41401	 0.41202	 0.40833	 0.40214	 0.39515	 0.38943	 0.38384	 0.37921	 0.37551	 0.37335	 0.37334	 0.37519	 0.37857	 0.38215	 0.38672	 0.39046	 0.39163	 0.38793	 0.38107	 0.37367	 0.36593	 0.35713	 0.34999	 0.34445	 0.33863
12 	 0.23848	 0.23738	 0.23832	 0.24349	 0.25353	 0.26638	 0.27811	 0.28635	 0.29196	 0.29544	 0.29624	 0.29216	 0.28561	 0.28012	 0.27413	 0.26943	 0.26676	 0.26423	 0.26108	 0.25911	 0.25906	 0.26197	 0.26792	 0.27753	 0.28849	 0.29932	 0.31004	 0.32226	 0.34185	 0.37158	 0.40499	 0.43398	 0.45406	 0.46493	 0.46977	 0.47137	 0.47128	 0.46772	 0.46122	 0.45361	 0.44624	 0.43830	 0.43131	 0.42677	 0.42272	 0.41791	 0.41430	 0.41229	 0.40852	 0.40232	 0.39541	 0.38964	 0.38403	 0.37939	 0.37565	 0.37354	 0.37355	 0.37543	 0.37890	 0.38252	 0.38737	 0.39101	 0.39220	 0.38883	 0.38148	 0.37459	 0.36691	 0.35853	 0.35193	 0.34545	 0.33994
17 	 0.23769	 0.23653	 0.23752	 0.24257	 0.25254	 0.26542	 0.27705	 0.28516	 0.29079	 0.29422	 0.29496	 0.29089	 0.28438	 0.27891	 0.27290	 0.26819	 0.26556	 0.26301	 0.25992	 0.25787	 0.25783	 0.26071	 0.26662	 0.27621	 0.28708	 0.29782	 0.30842	 0.32061	 0.34014	 0.36974	 0.40300	 0.43192	 0.45193	 0.46268	 0.46747	 0.46901	 0.46884	 0.46535	 0.45873	 0.45117	 0.44383	 0.43590	 0.42888	 0.42435	 0.42039	 0.41550	 0.41192	 0.40996	 0.40622	 0.40003	 0.39298	 0.38732	 0.38170	 0.37705	 0.37341	 0.37131	 0.37131	 0.37317	 0.37654	 0.38006	 0.38497	 0.38896	 0.38993	 0.38685	 0.37980	 0.37303	 0.36499	 0.35759	 0.34997	 0.34435	 0.33906
22 	 0.23830	 0.23715	 0.23803	 0.24324	 0.25321	 0.26617	 0.27784	 0.28611	 0.29179	 0.29516	 0.29602	 0.29193	 0.28531	 0.27984	 0.27380	 0.26907	 0.26641	 0.26379	 0.26070	 0.25863	 0.25863	 0.26153	 0.26751	 0.27709	 0.28810	 0.29891	 0.30958	 0.32180	 0.34140	 0.37107	 0.40436	 0.43335	 0.45332	 0.46414	 0.46886	 0.47046	 0.47023	 0.46666	 0.46009	 0.45260	 0.44521	 0.43727	 0.43029	 0.42576	 0.42171	 0.41690	 0.41336	 0.41141	 0.40763	 0.40138	 0.39440	 0.38872	 0.38317	 0.37847	 0.37484	 0.37270	 0.37276	 0.37458	 0.37778	 0.38164	 0.38635	 0.39033	 0.39142	 0.38826	 0.38086	 0.37437	 0.36654	 0.35857	 0.35132	 0.34505	 0.34007
27 	 0.23875	 0.23762	 0.23849	 0.24358	 0.25370	 0.26649	 0.27816	 0.28643	 0.29205	 0.29550	 0.29629	 0.29218	 0.28555	 0.28010	 0.27403	 0.26925	 0.26663	 0.26412	 0.26092	 0.25893	 0.25883	 0.26172	 0.26766	 0.27727	 0.28825	 0.29903	 0.30971	 0.32194	 0.34146	 0.37109	 0.40447	 0.43350	 0.45349	 0.46428	 0.46907	 0.47056	 0.47038	 0.46683	 0.46022	 0.45274	 0.44535	 0.43742	 0.43045	 0.42587	 0.42182	 0.41703	 0.41353	 0.41159	 0.40778	 0.40153	 0.39453	 0.38879	 0.38328	 0.37867	 0.37503	 0.37278	 0.37285	 0.37466	 0.37800	 0.38166	 0.38652	 0.39055	 0.39157	 0.38843	 0.38164	 0.37471	 0.36690	 0.35862	 0.35148	 0.34568	 0.33998
32 	 0.23832	 0.23720	 0.23812	 0.24321	 0.25331	 0.26610	 0.27784	 0.28612	 0.29178	 0.29535	 0.29608	 0.29198	 0.28532	 0.27990	 0.27375	 0.26896	 0.26637	 0.26380	 0.26064	 0.25867	 0.25852	 0.26139	 0.26735	 0.27689	 0.28789	 0.29869	 0.30930	 0.32152	 0.34102	 0.37056	 0.40379	 0.43272	 0.45269	 0.46352	 0.46836	 0.47000	 0.46987	 0.46632	 0.45982	 0.45235	 0.44488	 0.43707	 0.43009	 0.42554	 0.42160	 0.41681	 0.41326	 0.41136	 0.40763	 0.40131	 0.39427	 0.38862	 0.38305	 0.37846	 0.37483	 0.37266	 0.37270	 0.37454	 0.37787	 0.38156	 0.38641	 0.39036	 0.39132	 0.38813	 0.38073	 0.37406	 0.36658	 0.35831	 0.35129	 0.34484	 0.33966
37 	 0.23905	 0.23788	 0.23872	 0.24378	 0.25383	 0.26663	 0.27826	 0.28654	 0.29217	 0.29561	 0.29643	 0.29229	 0.28565	 0.28012	 0.27405	 0.26925	 0.26666	 0.26401	 0.26094	 0.25886	 0.25882	 0.26162	 0.26746	 0.27710	 0.28806	 0.29888	 0.30953	 0.32172	 0.34121	 0.37075	 0.40403	 0.43295	 0.45280	 0.46358	 0.46830	 0.46969	 0.46960	 0.46607	 0.45952	 0.45197	 0.44464	 0.43671	 0.42979	 0.42524	 0.42122	 0.41647	 0.41301	 0.41106	 0.40723	 0.40108	 0.39397	 0.38832	 0.38275	 0.37815	 0.37444	 0.37233	 0.37237	 0.37424	 0.37765	 0.38125	 0.38607	 0.39009	 0.39121	 0.38830	 0.38097	 0.37449	 0.36665	 0.35834	 0.35143	 0.34530	 0.33991
42 	 0.23845	 0.23735	 0.23817	 0.24328	 0.25332	 0.26615	 0.27785	 0.28611	 0.29177	 0.29525	 0.29608	 0.29190	 0.28525	 0.27973	 0.27363	 0.26886	 0.26630	 0.26363	 0.26049	 0.25838	 0.25833	 0.26121	 0.26705	 0.27668	 0.28766	 0.29844	 0.30918	 0.32134	 0.34087	 0.37038	 0.40359	 0.43242	 0.45238	 0.46308	 0.46781	 0.46925	 0.46900	 0.46552	 0.45892	 0.45143	 0.44415	 0.43622	 0.42933	 0.42480	 0.42080	 0.41611	 0.41263	 0.41067	 0.40677	 0.40059	 0.39348	 0.38794	 0.38235	 0.37771	 0.37398	 0.37196	 0.37197	 0.37378	 0.37702	 0.38092	 0.38571	 0.38969	 0.39090	 0.38746	 0.38057	 0.37391	 0.36597	 0.35827	 0.35104	 0.34494	 0.33947
47 	 0.23895	 0.23783	 0.23868	 0.24376	 0.25388	 0.26664	 0.27829	 0.28653	 0.29210	 0.29551	 0.29640	 0.29221	 0.28557	 0.28009	 0.27393	 0.26915	 0.26653	 0.26391	 0.26071	 0.25867	 0.25864	 0.26149	 0.26725	 0.27691	 0.28784	 0.29864	 0.30937	 0.32161	 0.34111	 0.37061	 0.40378	 0.43259	 0.45244	 0.46305	 0.46771	 0.46908	 0.46886	 0.46528	 0.45869	 0.45118	 0.44389	 0.43602	 0.42909	 0.42458	 0.42063	 0.41581	 0.41241	 0.41050	 0.40668	 0.40045	 0.39338	 0.38779	 0.38226	 0.37757	 0.37392	 0.37185	 0.37189	 0.37372	 0.37709	 0.38098	 0.38581	 0.38988	 0.39104	 0.38782	 0.38099	 0.37439	 0.36651	 0.35830	 0.35152	 0.34582	 0.34033
3 	 0.18135	 0.18137	 0.18503	 0.19472	 0.21217	 0.23343	 0.25238	 0.26618	 0.27667	 0.28450	 0.28810	 0.28495	 0.27742	 0.27027	 0.26321	 0.25801	 0.25528	 0.25261	 0.24893	 0.24636	 0.24616	 0.24948	 0.25684	 0.26923	 0.28364	 0.29822	 0.31230	 0.32616	 0.34534	 0.37402	 0.40717	 0.43826	 0.46182	 0.47568	 0.48261	 0.48560	 0.48661	 0.48454	 0.47943	 0.47315	 0.46660	 0.45923	 0.45284	 0.44889	 0.44553	 0.44158	 0.43868	 0.43724	 0.43394	 0.42773	 0.42015	 0.41378	 0.40741	 0.40200	 0.39767	 0.39495	 0.39405	 0.39466	 0.39670	 0.39704	 0.39519	 0.38812	 0.37606	 0.35988	 0.34379	 0.32922	 0.31570	 0.30270	 0.29210	 0.28181	 0.27365
8 	 0.18147	 0.18164	 0.18527	 0.19499	 0.21244	 0.23381	 0.25273	 0.26645	 0.27686	 0.28480	 0.28830	 0.28518	 0.27761	 0.27045	 0.26337	 0.25811	 0.25540	 0.25267	 0.24907	 0.24653	 0.24627	 0.24964	 0.25716	 0.26947	 0.28392	 0.29856	 0.31260	 0.32654	 0.34587	 0.37456	 0.40767	 0.43872	 0.46213	 0.47570	 0.48238	 0.48530	 0.48617	 0.48402	 0.47883	 0.47251	 0.46597	 0.45857	 0.45215	 0.44823	 0.44499	 0.44102	 0.43813	 0.43668	 0.43330	 0.42713	 0.41960	 0.41329	 0.40690	 0.40146	 0.39724	 0.39440	 0.39361	 0.39436	 0.39634	 0.39683	 0.39484	 0.38790	 0.37556	 0.36011	 0.34377	 0.32928	 0.31564	 0.30268	 0.29200	 0.28124	 0.27324
13 	 0.18165	 0.18177	 0.18545	 0.19525	 0.21272	 0.23402	 0.25280	 0.26648	 0.27691	 0.28459	 0.28820	 0.28503	 0.27746	 0.27037	 0.26332	 0.25809	 0.25536	 0.25272	 0.24908	 0.24648	 0.24631	 0.24963	 0.25715	 0.26942	 0.28384	 0.29842	 0.31249	 0.32637	 0.34564	 0.37431	 0.40738	 0.43828	 0.46152	 0.47507	 0.48163	 0.48444	 0.48526	 0.48306	 0.47784	 0.47154	 0.46501	 0.45760	 0.45116	 0.44724	 0.44398	 0.44007	 0.43716	 0.43570	 0.43234	 0.42622	 0.41863	 0.41242	 0.40601	 0.40056	 0.39640	 0.39368	 0.39284	 0.39359	 0.39551	 0.39609	 0.39428	 0.38733	 0.37550	 0.35939	 0.34350	 0.32900	 0.31557	 0.30278	 0.29183	 0.28123	 0.27295
18 	 0.18198	 0.18203	 0.18576	 0.19558	 0.21311	 0.23460	 0.25340	 0.26714	 0.27754	 0.28539	 0.28895	 0.28582	 0.27819	 0.27108	 0.26390	 0.25867	 0.25593	 0.25326	 0.24967	 0.24703	 0.24680	 0.25026	 0.25769	 0.27012	 0.28462	 0.29924	 0.31335	 0.32739	 0.34677	 0.37557	 0.40876	 0.43984	 0.46333	 0.47684	 0.48336	 0.48622	 0.48702	 0.48477	 0.47958	 0.47320	 0.46669	 0.45925	 0.45278	 0.44884	 0.44558	 0.44164	 0.43878	 0.43729	 0.43391	 0.42769	 0.42007	 0.41385	 0.40743	 0.40200	 0.39777	 0.39510	 0.39421	 0.39495	 0.39689	 0.39750	 0.39553	 0.38843	 0.37623	 0.36103	 0.34450	 0.32978	 0.31575	 0.30331	 0.29204	 0.28206	 0.27400
23 	 0.18170	 0.18189	 0.18552	 0.19534	 0.21283	 0.23424	 0.25306	 0.26672	 0.27711	 0.28492	 0.28854	 0.28538	 0.27772	 0.27062	 0.26347	 0.25825	 0.25550	 0.25275	 0.24920	 0.24656	 0.24640	 0.24978	 0.25726	 0.26965	 0.28414	 0.29872	 0.31271	 0.32676	 0.34611	 0.37490	 0.40803	 0.43909	 0.46226	 0.47578	 0.48225	 0.48499	 0.48572	 0.48350	 0.47829	 0.47192	 0.46530	 0.45798	 0.45150	 0.44758	 0.44430	 0.44042	 0.43757	 0.43609	 0.43269	 0.42640	 0.41886	 0.41268	 0.40626	 0.40091	 0.39663	 0.39397	 0.39310	 0.39380	 0.39575	 0.39637	 0.39466	 0.38760	 0.37549	 0.36010	 0.34379	 0.32928	 0.31581	 0.30316	 0.29180	 0.28145	 0.27354
28 	 0.18152	 0.18168	 0.18533	 0.19518	 0.21260	 0.23406	 0.25284	 0.26647	 0.27684	 0.28466	 0.28825	 0.28512	 0.27749	 0.27034	 0.26322	 0.25795	 0.25524	 0.25245	 0.24888	 0.24629	 0.24617	 0.24960	 0.25698	 0.26943	 0.28391	 0.29853	 0.31256	 0.32661	 0.34597	 0.37476	 0.40789	 0.43892	 0.46217	 0.47563	 0.48207	 0.48474	 0.48547	 0.48323	 0.47802	 0.47164	 0.46496	 0.45757	 0.45115	 0.44721	 0.44394	 0.44003	 0.43722	 0.43574	 0.43232	 0.42601	 0.41845	 0.41227	 0.40594	 0.40053	 0.39626	 0.39361	 0.39274	 0.39348	 0.39543	 0.39601	 0.39410	 0.38719	 0.37474	 0.35952	 0.34337	 0.32864	 0.31535	 0.30256	 0.29136	 0.28085	 0.27292
33 	 0.18168	 0.18184	 0.18549	 0.19527	 0.21263	 0.23408	 0.25288	 0.26651	 0.27687	 0.28478	 0.28835	 0.28523	 0.27758	 0.27051	 0.26332	 0.25814	 0.25535	 0.25263	 0.24905	 0.24643	 0.24621	 0.24963	 0.25704	 0.26942	 0.28391	 0.29850	 0.31247	 0.32646	 0.34577	 0.37453	 0.40774	 0.43876	 0.46208	 0.47571	 0.48232	 0.48508	 0.48583	 0.48369	 0.47847	 0.47212	 0.46554	 0.45808	 0.45172	 0.44772	 0.44452	 0.44054	 0.43772	 0.43622	 0.43282	 0.42657	 0.41894	 0.41277	 0.40639	 0.40098	 0.39680	 0.39399	 0.39312	 0.39387	 0.39571	 0.39632	 0.39455	 0.38745	 0.37577	 0.35941	 0.34399	 0.32920	 0.31552	 0.30278	 0.29165	 0.28187	 0.27342
38 	 0.18261	 0.18288	 0.18642	 0.19621	 0.21369	 0.23509	 0.25394	 0.26769	 0.27803	 0.28589	 0.28955	 0.28632	 0.27870	 0.27156	 0.26442	 0.25913	 0.25643	 0.25373	 0.25010	 0.24747	 0.24729	 0.25070	 0.25810	 0.27051	 0.28499	 0.29957	 0.31362	 0.32764	 0.34694	 0.37575	 0.40894	 0.43993	 0.46333	 0.47696	 0.48355	 0.48636	 0.48714	 0.48500	 0.47976	 0.47339	 0.46678	 0.45937	 0.45292	 0.44899	 0.44577	 0.44187	 0.43901	 0.43755	 0.43411	 0.42789	 0.42025	 0.41407	 0.40759	 0.40219	 0.39793	 0.39527	 0.39440	 0.39514	 0.39708	 0.39780	 0.39592	 0.38891	 0.37695	 0.36121	 0.34523	 0.33028	 0.31642	 0.30329	 0.29226	 0.28258	 0.27448
43 	 0.18195	 0.18212	 0.18569	 0.19546	 0.21294	 0.23432	 0.25306	 0.26667	 0.27705	 0.28481	 0.28840	 0.28521	 0.27761	 0.27058	 0.26337	 0.25811	 0.25537	 0.25260	 0.24902	 0.24636	 0.24620	 0.24963	 0.25708	 0.26947	 0.28392	 0.29843	 0.31246	 0.32650	 0.34585	 0.37455	 0.40773	 0.43866	 0.46186	 0.47530	 0.48178	 0.48449	 0.48518	 0.48298	 0.47769	 0.47136	 0.46470	 0.45741	 0.45097	 0.44709	 0.44382	 0.43999	 0.43711	 0.43564	 0.43219	 0.42589	 0.41830	 0.41210	 0.40572	 0.40039	 0.39610	 0.39346	 0.39256	 0.39333	 0.39541	 0.39593	 0.39427	 0.38753	 0.37547	 0.35967	 0.34386	 0.32962	 0.31615	 0.30298	 0.29192	 0.28204	 0.27424
48 	 0.18204	 0.18232	 0.18588	 0.19564	 0.21310	 0.23453	 0.25322	 0.26681	 0.27708	 0.28491	 0.28854	 0.28533	 0.27765	 0.27054	 0.26340	 0.25811	 0.25538	 0.25264	 0.24903	 0.24640	 0.24622	 0.24971	 0.25713	 0.26954	 0.28399	 0.29855	 0.31264	 0.32669	 0.34608	 0.37484	 0.40798	 0.43901	 0.46221	 0.47555	 0.48195	 0.48448	 0.48513	 0.48288	 0.47762	 0.47126	 0.46458	 0.45730	 0.45085	 0.44691	 0.44368	 0.43970	 0.43701	 0.43553	 0.43197	 0.42580	 0.41804	 0.41196	 0.40561	 0.40018	 0.39598	 0.39324	 0.39249	 0.39319	 0.39522	 0.39600	 0.39425	 0.38737	 0.37531	 0.35977	 0.34378	 0.32921	 0.31564	 0.30333	 0.29202	 0.28253	 0.27397
4 	 0.18926	 0.18919	 0.19227	 0.20096	 0.21660	 0.23616	 0.25406	 0.26745	 0.27757	 0.28504	 0.28827	 0.28507	 0.27748	 0.27042	 0.26343	 0.25817	 0.25545	 0.25270	 0.24898	 0.24621	 0.24572	 0.24864	 0.25536	 0.26701	 0.28100	 0.29544	 0.30942	 0.32317	 0.34170	 0.36912	 0.40081	 0.43083	 0.45418	 0.46827	 0.47553	 0.47884	 0.48036	 0.47881	 0.47441	 0.46881	 0.46293	 0.45621	 0.45029	 0.44689	 0.44409	 0.44051	 0.43805	 0.43691	 0.43375	 0.42781	 0.42029	 0.41403	 0.40763	 0.40211	 0.39786	 0.39491	 0.39422	 0.39552	 0.39822	 0.39945	 0.39785	 0.39133	 0.37989	 0.36392	 0.34865	 0.33381	 0.32025	 0.30711	 0.29617	 0.28631	 0.27861
9 	 0.18835	 0.18831	 0.19140	 0.20017	 0.21593	 0.23572	 0.25367	 0.26702	 0.27732	 0.28485	 0.28809	 0.28483	 0.27720	 0.26997	 0.26295	 0.25770	 0.25489	 0.25213	 0.24843	 0.24565	 0.24512	 0.24812	 0.25493	 0.26671	 0.28086	 0.29545	 0.30958	 0.32345	 0.34226	 0.36993	 0.40190	 0.43215	 0.45563	 0.46964	 0.47671	 0.48008	 0.48130	 0.47976	 0.47526	 0.46965	 0.46381	 0.45701	 0.45110	 0.44764	 0.44490	 0.44140	 0.43877	 0.43765	 0.43450	 0.42843	 0.42098	 0.41465	 0.40821	 0.40264	 0.39834	 0.39544	 0.39470	 0.39612	 0.39888	 0.39990	 0.39832	 0.39163	 0.37985	 0.36418	 0.34805	 0.33338	 0.32014	 0.30699	 0.29642	 0.28626	 0.27821
14 	 0.18667	 0.18654	 0.18970	 0.19850	 0.21415	 0.23380	 0.25166	 0.26484	 0.27502	 0.28246	 0.28569	 0.28247	 0.27488	 0.26775	 0.26074	 0.25547	 0.25265	 0.24990	 0.24624	 0.24351	 0.24300	 0.24590	 0.25270	 0.26442	 0.27848	 0.29302	 0.30705	 0.32086	 0.33955	 0.36714	 0.39901	 0.42915	 0.45248	 0.46638	 0.47340	 0.47659	 0.47795	 0.47631	 0.47171	 0.46598	 0.46009	 0.45337	 0.44744	 0.44404	 0.44124	 0.43766	 0.43516	 0.43400	 0.43075	 0.42477	 0.41727	 0.41099	 0.40453	 0.39903	 0.39469	 0.39193	 0.39122	 0.39261	 0.39529	 0.39637	 0.39456	 0.38807	 0.37655	 0.36138	 0.34526	 0.33099	 0.31751	 0.30518	 0.29395	 0.28384	 0.27610
19 	 0.18576	 0.18569	 0.18885	 0.19759	 0.21339	 0.23305	 0.25085	 0.26408	 0.27421	 0.28168	 0.28490	 0.28166	 0.27407	 0.26695	 0.25983	 0.25457	 0.25179	 0.24903	 0.24537	 0.24254	 0.24211	 0.24509	 0.25189	 0.26364	 0.27772	 0.29227	 0.30629	 0.32014	 0.33884	 0.36658	 0.39861	 0.42882	 0.45216	 0.46597	 0.47293	 0.47612	 0.47730	 0.47561	 0.47104	 0.46528	 0.45940	 0.45263	 0.44669	 0.44322	 0.44044	 0.43682	 0.43441	 0.43327	 0.43000	 0.42388	 0.41637	 0.41014	 0.40366	 0.39814	 0.39379	 0.39108	 0.39035	 0.39173	 0.39462	 0.39567	 0.39404	 0.38757	 0.37559	 0.36077	 0.34480	 0.33024	 0.31671	 0.30472	 0.29310	 0.28392	 0.27621
24 	 0.18580	 0.18563	 0.18884	 0.19760	 0.21336	 0.23310	 0.25090	 0.26410	 0.27418	 0.28163	 0.28492	 0.28167	 0.27406	 0.26695	 0.25980	 0.25454	 0.25178	 0.24896	 0.24530	 0.24252	 0.24206	 0.24501	 0.25182	 0.26363	 0.27768	 0.29226	 0.30626	 0.32016	 0.33898	 0.36669	 0.39871	 0.42895	 0.45222	 0.46607	 0.47291	 0.47609	 0.47731	 0.47553	 0.47093	 0.46518	 0.45929	 0.45253	 0.44658	 0.44313	 0.44027	 0.43666	 0.43425	 0.43316	 0.42989	 0.42373	 0.41615	 0.40996	 0.40351	 0.39808	 0.39379	 0.39091	 0.39019	 0.39154	 0.39444	 0.39552	 0.39383	 0.38717	 0.37537	 0.36092	 0.34459	 0.33064	 0.31703	 0.30449	 0.29348	 0.28386	 0.27586
29 	 0.18526	 0.18512	 0.18824	 0.19702	 0.21281	 0.23238	 0.25013	 0.26331	 0.27331	 0.28067	 0.28399	 0.28073	 0.27313	 0.26604	 0.25898	 0.25366	 0.25091	 0.24811	 0.24447	 0.24172	 0.24123	 0.24414	 0.25087	 0.26268	 0.27673	 0.29122	 0.30517	 0.31895	 0.33768	 0.36529	 0.39720	 0.42732	 0.45047	 0.46418	 0.47100	 0.47410	 0.47521	 0.47351	 0.46893	 0.46318	 0.45731	 0.45053	 0.44461	 0.44112	 0.43827	 0.43474	 0.43231	 0.43122	 0.42790	 0.42179	 0.41430	 0.40801	 0.40163	 0.39619	 0.39186	 0.38903	 0.38837	 0.38978	 0.39258	 0.39367	 0.39203	 0.38544	 0.37382	 0.35888	 0.34327	 0.32926	 0.31628	 0.30391	 0.29262	 0.28260	 0.27474
34 	 0.18538	 0.18535	 0.18849	 0.19724	 0.21296	 0.23252	 0.25025	 0.26340	 0.27337	 0.28082	 0.28413	 0.28086	 0.27329	 0.26616	 0.25910	 0.25383	 0.25106	 0.24823	 0.24460	 0.24183	 0.24139	 0.24428	 0.25099	 0.26271	 0.27676	 0.29126	 0.30521	 0.31901	 0.33769	 0.36533	 0.39721	 0.42740	 0.45060	 0.46448	 0.47144	 0.47463	 0.47579	 0.47415	 0.46957	 0.46376	 0.45790	 0.45115	 0.44520	 0.44174	 0.43892	 0.43540	 0.43291	 0.43184	 0.42852	 0.42241	 0.41479	 0.40858	 0.40211	 0.39667	 0.39224	 0.38950	 0.38884	 0.39025	 0.39297	 0.39399	 0.39237	 0.38582	 0.37444	 0.35944	 0.34389	 0.32965	 0.31660	 0.30358	 0.29255	 0.28311	 0.27494
39 	 0.18588	 0.18583	 0.18892	 0.19762	 0.21336	 0.23281	 0.25051	 0.26370	 0.27367	 0.28109	 0.28439	 0.28110	 0.27350	 0.26648	 0.25935	 0.25413	 0.25139	 0.24859	 0.24490	 0.24210	 0.24161	 0.24450	 0.25127	 0.26292	 0.27689	 0.29120	 0.30512	 0.31892	 0.33753	 0.36501	 0.39678	 0.42679	 0.44990	 0.46377	 0.47073	 0.47390	 0.47515	 0.47354	 0.46895	 0.46330	 0.45738	 0.45066	 0.44468	 0.44122	 0.43852	 0.43493	 0.43258	 0.43147	 0.42813	 0.42203	 0.41446	 0.40828	 0.40185	 0.39641	 0.39216	 0.38926	 0.38863	 0.38991	 0.39278	 0.39371	 0.39214	 0.38561	 0.37429	 0.35948	 0.34400	 0.32963	 0.31644	 0.30414	 0.29325	 0.28370	 0.27513
44 	 0.18481	 0.18477	 0.18785	 0.19665	 0.21241	 0.23188	 0.24953	 0.26267	 0.27272	 0.28010	 0.28342	 0.28013	 0.27249	 0.26554	 0.25840	 0.25308	 0.25037	 0.24751	 0.24381	 0.24102	 0.24059	 0.24355	 0.25024	 0.26197	 0.27592	 0.29034	 0.30429	 0.31802	 0.33673	 0.36424	 0.39605	 0.42606	 0.44916	 0.46294	 0.46986	 0.47288	 0.47409	 0.47239	 0.46776	 0.46210	 0.45624	 0.44952	 0.44355	 0.44010	 0.43732	 0.43376	 0.43146	 0.43034	 0.42697	 0.42089	 0.41321	 0.40706	 0.40073	 0.39527	 0.39096	 0.38813	 0.38741	 0.38873	 0.39161	 0.39279	 0.39120	 0.38463	 0.37301	 0.35823	 0.34249	 0.32861	 0.31571	 0.30347	 0.29248	 0.28271	 0.27449
49 	 0.18564	 0.18560	 0.18862	 0.19735	 0.21309	 0.23262	 0.25017	 0.26321	 0.27322	 0.28050	 0.28391	 0.28056	 0.27299	 0.26612	 0.25889	 0.25356	 0.25083	 0.24807	 0.24433	 0.24159	 0.24112	 0.24409	 0.25073	 0.26244	 0.27634	 0.29072	 0.30469	 0.31838	 0.33708	 0.36460	 0.39633	 0.42625	 0.44934	 0.46310	 0.46993	 0.47297	 0.47410	 0.47236	 0.46770	 0.46210	 0.45620	 0.44939	 0.44347	 0.44008	 0.43729	 0.43372	 0.43130	 0.43018	 0.42692	 0.42074	 0.41317	 0.40704	 0.40065	 0.39519	 0.39090	 0.38806	 0.38749	 0.38885	 0.39165	 0.39267	 0.39124	 0.38485	 0.37333	 0.35842	 0.34295	 0.32918	 0.31592	 0.30330	 0.29300	 0.28338	 0.27550
5 	 0.22663	 0.22568	 0.22703	 0.23302	 0.24493	 0.26078	 0.27573	 0.28712	 0.29573	 0.30167	 0.30369	 0.29952	 0.29153	 0.28438	 0.27739	 0.27217	 0.26926	 0.26628	 0.26255	 0.25981	 0.25926	 0.26182	 0.26803	 0.27869	 0.29122	 0.30399	 0.31649	 0.32974	 0.34878	 0.37709	 0.40934	 0.43903	 0.46085	 0.47352	 0.47988	 0.48261	 0.48324	 0.48087	 0.47574	 0.46958	 0.46334	 0.45651	 0.45062	 0.44711	 0.44403	 0.44032	 0.43750	 0.43616	 0.43283	 0.42681	 0.41987	 0.41392	 0.40784	 0.40262	 0.39840	 0.39529	 0.39407	 0.39506	 0.39817	 0.40154	 0.40402	 0.40301	 0.39781	 0.38829	 0.37615	 0.36504	 0.35377	 0.34284	 0.33423	 0.32574	 0.31948
10 	 0.22780	 0.22674	 0.22811	 0.23414	 0.24619	 0.26202	 0.27697	 0.28823	 0.29673	 0.30258	 0.30459	 0.30041	 0.29244	 0.28541	 0.27840	 0.27309	 0.27020	 0.26723	 0.26345	 0.26079	 0.26024	 0.26283	 0.26907	 0.27975	 0.29226	 0.30504	 0.31760	 0.33084	 0.34996	 0.37826	 0.41054	 0.44005	 0.46165	 0.47407	 0.48017	 0.48271	 0.48322	 0.48082	 0.47554	 0.46930	 0.46307	 0.45625	 0.45034	 0.44690	 0.44378	 0.44006	 0.43732	 0.43592	 0.43257	 0.42657	 0.41958	 0.41370	 0.40767	 0.40242	 0.39825	 0.39520	 0.39402	 0.39504	 0.39828	 0.40137	 0.40398	 0.40313	 0.39798	 0.38836	 0.37648	 0.36509	 0.35407	 0.34303	 0.33453	 0.32630	 0.32002
15 	 0.22747	 0.22652	 0.22787	 0.23386	 0.24595	 0.26173	 0.27662	 0.28777	 0.29623	 0.30204	 0.30408	 0.29996	 0.29201	 0.28495	 0.27786	 0.27266	 0.26972	 0.26672	 0.26307	 0.26033	 0.25979	 0.26240	 0.26862	 0.27924	 0.29172	 0.30447	 0.31704	 0.33027	 0.34931	 0.37754	 0.40978	 0.43914	 0.46062	 0.47289	 0.47887	 0.48133	 0.48179	 0.47928	 0.47401	 0.46779	 0.46151	 0.45474	 0.44880	 0.44530	 0.44224	 0.43850	 0.43574	 0.43444	 0.43110	 0.42510	 0.41803	 0.41223	 0.40615	 0.40100	 0.39689	 0.39379	 0.39266	 0.39371	 0.39691	 0.40011	 0.40259	 0.40182	 0.39687	 0.38765	 0.37567	 0.36476	 0.35346	 0.34269	 0.33414	 0.32600	 0.31994
20 	 0.22698	 0.22599	 0.22735	 0.23343	 0.24552	 0.26147	 0.27637	 0.28758	 0.29612	 0.30194	 0.30409	 0.29987	 0.29193	 0.28468	 0.27768	 0.27241	 0.26944	 0.26653	 0.26281	 0.26008	 0.25955	 0.26219	 0.26849	 0.27916	 0.29173	 0.30457	 0.31714	 0.33049	 0.34963	 0.37802	 0.41031	 0.43976	 0.46127	 0.47359	 0.47948	 0.48192	 0.48234	 0.47978	 0.47450	 0.46827	 0.46213	 0.45522	 0.44934	 0.44583	 0.44280	 0.43907	 0.43637	 0.43500	 0.43164	 0.42562	 0.41854	 0.41275	 0.40673	 0.40149	 0.39734	 0.39431	 0.39316	 0.39423	 0.39746	 0.40063	 0.40317	 0.40205	 0.39708	 0.38803	 0.37588	 0.36489	 0.35329	 0.34250	 0.33325	 0.32585	 0.31947
25 	 0.22726	 0.22626	 0.22757	 0.23376	 0.24585	 0.26184	 0.27672	 0.28789	 0.29634	 0.30224	 0.30430	 0.30014	 0.29215	 0.28497	 0.27791	 0.27264	 0.26972	 0.26671	 0.26300	 0.26026	 0.25977	 0.26242	 0.26867	 0.27942	 0.29195	 0.30481	 0.31742	 0.33070	 0.34985	 0.37822	 0.41041	 0.43986	 0.46121	 0.47346	 0.47929	 0.48163	 0.48198	 0.47943	 0.47415	 0.46794	 0.46174	 0.45495	 0.44906	 0.44554	 0.44245	 0.43877	 0.43611	 0.43485	 0.43141	 0.42533	 0.41830	 0.41251	 0.40650	 0.40136	 0.39719	 0.39413	 0.39302	 0.39405	 0.39734	 0.40066	 0.40331	 0.40228	 0.39717	 0.38790	 0.37605	 0.36455	 0.35373	 0.34287	 0.33387	 0.32598	 0.31953
30 	 0.22687	 0.22592	 0.22721	 0.23321	 0.24530	 0.26107	 0.27580	 0.28695	 0.29532	 0.30109	 0.30322	 0.29900	 0.29106	 0.28404	 0.27691	 0.27164	 0.26874	 0.26570	 0.26207	 0.25931	 0.25877	 0.26140	 0.26753	 0.27820	 0.29071	 0.30345	 0.31593	 0.32914	 0.34814	 0.37635	 0.40849	 0.43774	 0.45915	 0.47131	 0.47720	 0.47956	 0.47994	 0.47738	 0.47209	 0.46588	 0.45968	 0.45289	 0.44695	 0.44349	 0.44037	 0.43667	 0.43406	 0.43279	 0.42933	 0.42340	 0.41624	 0.41045	 0.40448	 0.39933	 0.39520	 0.39215	 0.39106	 0.39205	 0.39534	 0.39856	 0.40123	 0.40033	 0.39540	 0.38625	 0.37453	 0.36397	 0.35271	 0.34241	 0.33306	 0.32538	 0.31930
35 	 0.22768	 0.22663	 0.22793	 0.23394	 0.24585	 0.26168	 0.27644	 0.28761	 0.29611	 0.30186	 0.30398	 0.29972	 0.29175	 0.28468	 0.27762	 0.27236	 0.26946	 0.26643	 0.26275	 0.25998	 0.25947	 0.26198	 0.26816	 0.27880	 0.29125	 0.30402	 0.31653	 0.32973	 0.34869	 0.37683	 0.40900	 0.43832	 0.45977	 0.47209	 0.47806	 0.48046	 0.48092	 0.47849	 0.47317	 0.46700	 0.46078	 0.45394	 0.44805	 0.44451	 0.44149	 0.43783	 0.43513	 0.43388	 0.43041	 0.42447	 0.41733	 0.41152	 0.40551	 0.40040	 0.39616	 0.39315	 0.39201	 0.39306	 0.39638	 0.39964	 0.40233	 0.40149	 0.39643	 0.38763	 0.37498	 0.36454	 0.35347	 0.34262	 0.33409	 0.32622	 0.31982
40 	 0.22784	 0.22694	 0.22816	 0.23422	 0.24615	 0.26199	 0.27687	 0.28805	 0.29655	 0.30243	 0.30446	 0.30022	 0.29221	 0.28519	 0.27809	 0.27279	 0.26991	 0.26684	 0.26320	 0.26038	 0.25984	 0.26239	 0.26853	 0.27922	 0.29168	 0.30438	 0.31689	 0.33011	 0.34910	 0.37723	 0.40926	 0.43851	 0.46002	 0.47238	 0.47837	 0.48084	 0.48136	 0.47888	 0.47368	 0.46755	 0.46134	 0.45455	 0.44869	 0.44515	 0.44215	 0.43850	 0.43591	 0.43465	 0.43116	 0.42512	 0.41805	 0.41226	 0.40626	 0.40117	 0.39686	 0.39393	 0.39276	 0.39374	 0.39698	 0.40031	 0.40313	 0.40241	 0.39724	 0.38820	 0.37567	 0.36522	 0.35406	 0.34331	 0.33451	 0.32653	 0.32006
45 	 0.22773	 0.22676	 0.22799	 0.23402	 0.24601	 0.26174	 0.27649	 0.28761	 0.29605	 0.30186	 0.30391	 0.29966	 0.29171	 0.28472	 0.27750	 0.27226	 0.26941	 0.26634	 0.26264	 0.25985	 0.25932	 0.26192	 0.26803	 0.27865	 0.29113	 0.30382	 0.31630	 0.32944	 0.34848	 0.37659	 0.40858	 0.43780	 0.45917	 0.47137	 0.47726	 0.47966	 0.48004	 0.47755	 0.47230	 0.46611	 0.45993	 0.45308	 0.44724	 0.44372	 0.44067	 0.43705	 0.43446	 0.43319	 0.42968	 0.42366	 0.41649	 0.41082	 0.40483	 0.39968	 0.39552	 0.39246	 0.39137	 0.39245	 0.39575	 0.39894	 0.40174	 0.40097	 0.39599	 0.38692	 0.37536	 0.36462	 0.35369	 0.34281	 0.33383	 0.32597	 0.32031
50 	 0.22724	 0.22626	 0.22756	 0.23365	 0.24566	 0.26164	 0.27651	 0.28778	 0.29624	 0.30209	 0.30416	 0.29997	 0.29195	 0.28486	 0.27769	 0.27242	 0.26952	 0.26647	 0.26281	 0.25997	 0.25948	 0.26210	 0.26829	 0.27905	 0.29159	 0.30435	 0.31693	 0.33028	 0.34935	 0.37760	 0.40978	 0.43918	 0.46058	 0.47283	 0.47876	 0.48110	 0.48144	 0.47893	 0.47364	 0.46750	 0.46132	 0.45445	 0.44861	 0.44512	 0.44208	 0.43848	 0.43592	 0.43461	 0.43107	 0.42507	 0.41793	 0.41223	 0.40621	 0.40104	 0.39674	 0.39383	 0.39267	 0.39366	 0.39700	 0.40031	 0.40303	 0.40222	 0.39691	 0.38788	 0.37537	 0.36463	 0.35346	 0.34263	 0.33385	 0.32597	 0.31938
