11 	 0.30606	 0.30696	 0.31280	 0.32642	 0.34856	 0.37495	 0.40008	 0.41857	 0.43303	 0.44392	 0.44797	 0.44207	 0.42643	 0.40875	 0.39485	 0.38448	 0.37893	 0.37668	 0.37388	 0.37095	 0.37008	 0.37342	 0.38172	 0.39458	 0.41129	 0.43144	 0.45265	 0.47386	 0.50098	 0.53550	 0.57422	 0.61285	 0.64539	 0.66739	 0.68116	 0.68994	 0.69556	 0.69800	 0.69764	 0.69465	 0.68945	 0.68236	 0.67604	 0.67120	 0.66623	 0.66109	 0.65695	 0.65451	 0.65011	 0.64236	 0.63347	 0.62511	 0.61642	 0.60868	 0.60268	 0.59908	 0.59947	 0.60350	 0.61099	 0.61757	 0.61874	 0.60856	 0.58723	 0.56010	 0.53121	 0.50497	 0.48214	 0.46153	 0.44432	 0.43059	 0.41986
21 	 0.27714	 0.27841	 0.28483	 0.29932	 0.32253	 0.34972	 0.37537	 0.39427	 0.40904	 0.42016	 0.42429	 0.41850	 0.40290	 0.38514	 0.37116	 0.36075	 0.35524	 0.35310	 0.35040	 0.34753	 0.34669	 0.34999	 0.35808	 0.37090	 0.38765	 0.40785	 0.42912	 0.45028	 0.47703	 0.51069	 0.54831	 0.58654	 0.61898	 0.64098	 0.65471	 0.66334	 0.66903	 0.67157	 0.67144	 0.66865	 0.66344	 0.65632	 0.65001	 0.64528	 0.64033	 0.63515	 0.63097	 0.62847	 0.62411	 0.61633	 0.60732	 0.59891	 0.59016	 0.58244	 0.57650	 0.57294	 0.57345	 0.57754	 0.58512	 0.59155	 0.59220	 0.58197	 0.56092	 0.53340	 0.50453	 0.47804	 0.45588	 0.43508	 0.41828	 0.40330	 0.39244
22 	 0.27802	 0.27934	 0.28582	 0.30024	 0.32332	 0.35038	 0.37572	 0.39444	 0.40912	 0.42010	 0.42413	 0.41841	 0.40333	 0.38635	 0.37293	 0.36281	 0.35756	 0.35556	 0.35291	 0.35001	 0.34922	 0.35264	 0.36080	 0.37352	 0.39023	 0.41032	 0.43135	 0.45213	 0.47837	 0.51161	 0.54909	 0.58726	 0.62000	 0.64250	 0.65665	 0.66561	 0.67139	 0.67401	 0.67381	 0.67080	 0.66537	 0.65824	 0.65180	 0.64699	 0.64219	 0.63710	 0.63308	 0.63059	 0.62614	 0.61828	 0.60918	 0.60065	 0.59180	 0.58382	 0.57766	 0.57365	 0.57359	 0.57717	 0.58413	 0.58992	 0.59000	 0.57912	 0.55779	 0.53026	 0.50113	 0.47486	 0.45228	 0.43223	 0.41477	 0.40067	 0.38973
31 	 0.30448	 0.30540	 0.31148	 0.32569	 0.34898	 0.37632	 0.40184	 0.42036	 0.43460	 0.44522	 0.44905	 0.44321	 0.42796	 0.41067	 0.39693	 0.38643	 0.38087	 0.37863	 0.37587	 0.37307	 0.37253	 0.37640	 0.38525	 0.39881	 0.41619	 0.43655	 0.45777	 0.47899	 0.50634	 0.54163	 0.58106	 0.62019	 0.65292	 0.67473	 0.68808	 0.69642	 0.70187	 0.70409	 0.70335	 0.69982	 0.69387	 0.68610	 0.67932	 0.67431	 0.66923	 0.66394	 0.65950	 0.65667	 0.65207	 0.64413	 0.63487	 0.62623	 0.61737	 0.60952	 0.60332	 0.59923	 0.59899	 0.60233	 0.60895	 0.61469	 0.61571	 0.60621	 0.58590	 0.55997	 0.53236	 0.50698	 0.48526	 0.46510	 0.44850	 0.43440	 0.42371
41 	 0.30163	 0.30320	 0.31012	 0.32566	 0.35076	 0.37977	 0.40657	 0.42606	 0.44107	 0.45210	 0.45602	 0.45012	 0.43465	 0.41710	 0.40314	 0.39258	 0.38703	 0.38504	 0.38258	 0.37985	 0.37940	 0.38348	 0.39256	 0.40630	 0.42395	 0.44470	 0.46637	 0.48781	 0.51515	 0.54993	 0.58805	 0.62575	 0.65722	 0.67821	 0.69110	 0.69923	 0.70464	 0.70701	 0.70661	 0.70347	 0.69794	 0.69067	 0.68426	 0.67944	 0.67457	 0.66938	 0.66510	 0.66239	 0.65792	 0.65021	 0.64120	 0.63282	 0.62423	 0.61658	 0.61051	 0.60660	 0.60654	 0.60985	 0.61595	 0.62016	 0.61829	 0.60499	 0.58134	 0.55222	 0.52187	 0.49406	 0.47079	 0.44953	 0.43212	 0.41735	 0.40671
42 	 0.30410	 0.30532	 0.31147	 0.32531	 0.34766	 0.37427	 0.39968	 0.41845	 0.43331	 0.44466	 0.44891	 0.44301	 0.42677	 0.40832	 0.39413	 0.38373	 0.37824	 0.37601	 0.37340	 0.37070	 0.37014	 0.37388	 0.38242	 0.39555	 0.41267	 0.43314	 0.45484	 0.47687	 0.50514	 0.54094	 0.58027	 0.61900	 0.65080	 0.67189	 0.68473	 0.69275	 0.69789	 0.70006	 0.69963	 0.69691	 0.69188	 0.68502	 0.67878	 0.67406	 0.66911	 0.66388	 0.65964	 0.65705	 0.65264	 0.64516	 0.63647	 0.62851	 0.62034	 0.61297	 0.60725	 0.60395	 0.60490	 0.60946	 0.61734	 0.62386	 0.62467	 0.61358	 0.59051	 0.56177	 0.53167	 0.50428	 0.48072	 0.45920	 0.44124	 0.42680	 0.41582
51 	 0.32833	 0.33038	 0.33760	 0.35339	 0.37935	 0.40921	 0.43539	 0.45357	 0.46716	 0.47656	 0.47920	 0.47276	 0.45817	 0.44252	 0.43023	 0.42079	 0.41588	 0.41412	 0.41227	 0.41098	 0.41246	 0.41887	 0.43065	 0.44685	 0.46579	 0.48615	 0.50691	 0.52885	 0.55997	 0.60273	 0.64997	 0.69280	 0.72535	 0.74540	 0.75686	 0.76341	 0.76714	 0.76731	 0.76419	 0.75824	 0.75019	 0.74073	 0.73230	 0.72577	 0.71933	 0.71267	 0.70674	 0.70237	 0.69655	 0.68804	 0.67854	 0.66993	 0.66124	 0.65335	 0.64702	 0.64295	 0.64257	 0.64527	 0.65062	 0.65400	 0.65183	 0.63852	 0.61470	 0.58532	 0.55509	 0.52719	 0.50307	 0.48078	 0.46296	 0.44769	 0.43668
52 	 0.32590	 0.32811	 0.33562	 0.35237	 0.38015	 0.41233	 0.44084	 0.46082	 0.47582	 0.48641	 0.48955	 0.48288	 0.46682	 0.44925	 0.43576	 0.42557	 0.42022	 0.41825	 0.41644	 0.41510	 0.41674	 0.42368	 0.43622	 0.45366	 0.47415	 0.49615	 0.51872	 0.54257	 0.57614	 0.62209	 0.67214	 0.71703	 0.75066	 0.77110	 0.78271	 0.78917	 0.79286	 0.79301	 0.78978	 0.78390	 0.77601	 0.76654	 0.75800	 0.75127	 0.74453	 0.73753	 0.73131	 0.72678	 0.72071	 0.71196	 0.70229	 0.69337	 0.68439	 0.67636	 0.67000	 0.66598	 0.66583	 0.66906	 0.67478	 0.67806	 0.67474	 0.65870	 0.63129	 0.59898	 0.56562	 0.53462	 0.50871	 0.48533	 0.46593	 0.45035	 0.43776
61 	 0.32045	 0.32238	 0.32911	 0.34435	 0.36985	 0.40029	 0.42702	 0.44506	 0.45846	 0.46855	 0.47221	 0.46653	 0.45182	 0.43537	 0.42245	 0.41288	 0.40773	 0.40530	 0.40321	 0.40206	 0.40403	 0.41100	 0.42339	 0.44040	 0.46019	 0.48108	 0.50225	 0.52523	 0.55850	 0.60486	 0.65651	 0.70289	 0.73717	 0.75807	 0.76988	 0.77636	 0.77973	 0.77907	 0.77474	 0.76777	 0.75893	 0.74860	 0.73934	 0.73215	 0.72494	 0.71757	 0.71113	 0.70615	 0.69976	 0.69074	 0.68085	 0.67191	 0.66249	 0.65400	 0.64764	 0.64327	 0.64248	 0.64506	 0.65093	 0.65562	 0.65460	 0.64151	 0.61740	 0.58764	 0.55663	 0.52792	 0.50376	 0.48149	 0.46272	 0.44677	 0.43531
62 	 0.31429	 0.31642	 0.32344	 0.33928	 0.36587	 0.39761	 0.42551	 0.44425	 0.45812	 0.46881	 0.47293	 0.46735	 0.45212	 0.43475	 0.42115	 0.41121	 0.40601	 0.40365	 0.40150	 0.40030	 0.40230	 0.40945	 0.42206	 0.43942	 0.45966	 0.48100	 0.50266	 0.52608	 0.55968	 0.60584	 0.65654	 0.70222	 0.73593	 0.75639	 0.76785	 0.77414	 0.77750	 0.77683	 0.77250	 0.76563	 0.75695	 0.74687	 0.73795	 0.73108	 0.72414	 0.71697	 0.71071	 0.70599	 0.69986	 0.69095	 0.68113	 0.67220	 0.66296	 0.65456	 0.64828	 0.64388	 0.64306	 0.64581	 0.65172	 0.65602	 0.65412	 0.63981	 0.61442	 0.58295	 0.55078	 0.52199	 0.49661	 0.47343	 0.45423	 0.43870	 0.42687
71 	 0.30102	 0.30296	 0.30992	 0.32598	 0.35249	 0.38407	 0.41297	 0.43354	 0.44910	 0.46102	 0.46537	 0.45890	 0.44161	 0.42183	 0.40653	 0.39556	 0.38981	 0.38730	 0.38477	 0.38268	 0.38346	 0.38927	 0.40048	 0.41688	 0.43712	 0.45958	 0.48263	 0.50678	 0.53966	 0.58319	 0.63097	 0.67608	 0.71104	 0.73332	 0.74631	 0.75373	 0.75801	 0.75817	 0.75512	 0.75003	 0.74294	 0.73410	 0.72613	 0.71992	 0.71342	 0.70674	 0.70122	 0.69720	 0.69154	 0.68290	 0.67346	 0.66494	 0.65606	 0.64794	 0.64202	 0.63830	 0.63876	 0.64320	 0.65071	 0.65605	 0.65403	 0.63829	 0.61083	 0.57799	 0.54431	 0.51367	 0.48715	 0.46358	 0.44439	 0.42842	 0.41609
72 	 0.29796	 0.29977	 0.30666	 0.32244	 0.34848	 0.37938	 0.40745	 0.42728	 0.44216	 0.45347	 0.45743	 0.45109	 0.43474	 0.41607	 0.40147	 0.39091	 0.38534	 0.38281	 0.38030	 0.37813	 0.37876	 0.38430	 0.39526	 0.41114	 0.43078	 0.45249	 0.47470	 0.49779	 0.52914	 0.57083	 0.61694	 0.66066	 0.69493	 0.71704	 0.72997	 0.73729	 0.74168	 0.74203	 0.73909	 0.73405	 0.72694	 0.71807	 0.71026	 0.70428	 0.69791	 0.69135	 0.68594	 0.68206	 0.67645	 0.66785	 0.65834	 0.64982	 0.64087	 0.63265	 0.62661	 0.62259	 0.62260	 0.62655	 0.63345	 0.63852	 0.63672	 0.62222	 0.59668	 0.56541	 0.53326	 0.50350	 0.47825	 0.45591	 0.43718	 0.42145	 0.41042
81 	 0.31126	 0.31305	 0.31945	 0.33382	 0.35715	 0.38419	 0.40773	 0.42410	 0.43659	 0.44528	 0.44775	 0.44157	 0.42776	 0.41290	 0.40124	 0.39262	 0.38820	 0.38621	 0.38409	 0.38255	 0.38380	 0.38956	 0.40012	 0.41493	 0.43263	 0.45148	 0.47052	 0.49111	 0.52090	 0.56214	 0.60816	 0.64976	 0.68022	 0.69866	 0.70900	 0.71477	 0.71801	 0.71725	 0.71321	 0.70725	 0.69949	 0.69030	 0.68227	 0.67610	 0.66959	 0.66292	 0.65730	 0.65320	 0.64765	 0.63932	 0.63019	 0.62227	 0.61382	 0.60601	 0.60024	 0.59609	 0.59555	 0.59866	 0.60478	 0.60967	 0.60932	 0.59904	 0.57896	 0.55299	 0.52599	 0.50115	 0.47937	 0.45924	 0.44310	 0.42900	 0.41866
82 	 0.32799	 0.33009	 0.33717	 0.35307	 0.37932	 0.41006	 0.43691	 0.45539	 0.46935	 0.47971	 0.48325	 0.47718	 0.46192	 0.44469	 0.43129	 0.42145	 0.41640	 0.41425	 0.41212	 0.41067	 0.41222	 0.41883	 0.43062	 0.44703	 0.46650	 0.48717	 0.50830	 0.53102	 0.56349	 0.60768	 0.65586	 0.69919	 0.73099	 0.75009	 0.76073	 0.76659	 0.76997	 0.76932	 0.76534	 0.75925	 0.75128	 0.74188	 0.73378	 0.72752	 0.72092	 0.71389	 0.70797	 0.70369	 0.69789	 0.68922	 0.67976	 0.67126	 0.66234	 0.65422	 0.64820	 0.64397	 0.64343	 0.64665	 0.65266	 0.65683	 0.65473	 0.64064	 0.61610	 0.58590	 0.55471	 0.52615	 0.50128	 0.47932	 0.46128	 0.44607	 0.43465
91 	 0.36346	 0.36508	 0.37124	 0.38561	 0.40954	 0.43703	 0.45990	 0.47503	 0.48630	 0.49393	 0.49562	 0.48885	 0.47525	 0.46106	 0.45019	 0.44192	 0.43772	 0.43604	 0.43437	 0.43371	 0.43590	 0.44302	 0.45489	 0.47069	 0.48868	 0.50689	 0.52527	 0.54634	 0.57879	 0.62393	 0.67238	 0.71316	 0.74131	 0.75728	 0.76580	 0.77029	 0.77264	 0.77069	 0.76544	 0.75833	 0.74952	 0.73960	 0.73117	 0.72449	 0.71746	 0.71002	 0.70372	 0.69913	 0.69326	 0.68469	 0.67579	 0.66814	 0.66009	 0.65264	 0.64681	 0.64261	 0.64202	 0.64504	 0.65060	 0.65533	 0.65604	 0.64730	 0.62925	 0.60541	 0.58017	 0.55660	 0.53647	 0.51657	 0.50111	 0.48757	 0.47702
92 	 0.35980	 0.36093	 0.36636	 0.37913	 0.40015	 0.42407	 0.44358	 0.45599	 0.46518	 0.47119	 0.47215	 0.46560	 0.45346	 0.44124	 0.43168	 0.42428	 0.42042	 0.41867	 0.41676	 0.41584	 0.41755	 0.42377	 0.43434	 0.44843	 0.46432	 0.48044	 0.49654	 0.51516	 0.54436	 0.58564	 0.63057	 0.66870	 0.69492	 0.70967	 0.71737	 0.72133	 0.72334	 0.72115	 0.71572	 0.70840	 0.69958	 0.68959	 0.68119	 0.67472	 0.66795	 0.66085	 0.65479	 0.65036	 0.64475	 0.63640	 0.62769	 0.62029	 0.61242	 0.60506	 0.59934	 0.59501	 0.59410	 0.59662	 0.60210	 0.60752	 0.61025	 0.60604	 0.59376	 0.57546	 0.55551	 0.53747	 0.52092	 0.50510	 0.49208	 0.48037	 0.47134
101 	 0.32138	 0.32353	 0.33068	 0.34663	 0.37327	 0.40467	 0.43208	 0.45071	 0.46474	 0.47491	 0.47841	 0.47225	 0.45716	 0.44032	 0.42725	 0.41768	 0.41278	 0.41078	 0.40858	 0.40717	 0.40879	 0.41579	 0.42818	 0.44540	 0.46557	 0.48688	 0.50834	 0.53143	 0.56476	 0.61049	 0.66092	 0.70669	 0.74093	 0.76188	 0.77354	 0.77981	 0.78352	 0.78277	 0.77839	 0.77179	 0.76315	 0.75296	 0.74435	 0.73782	 0.73091	 0.72357	 0.71734	 0.71288	 0.70692	 0.69759	 0.68751	 0.67835	 0.66885	 0.66022	 0.65324	 0.64832	 0.64754	 0.65063	 0.65601	 0.65926	 0.65587	 0.64011	 0.61443	 0.58311	 0.55082	 0.52114	 0.49616	 0.47334	 0.45475	 0.43896	 0.42669
102 	 0.32966	 0.33192	 0.33930	 0.35588	 0.38399	 0.41745	 0.44694	 0.46713	 0.48222	 0.49339	 0.49731	 0.49087	 0.47441	 0.45595	 0.44181	 0.43154	 0.42627	 0.42425	 0.42218	 0.42088	 0.42285	 0.43036	 0.44361	 0.46209	 0.48373	 0.50650	 0.52957	 0.55450	 0.59044	 0.63939	 0.69237	 0.73971	 0.77434	 0.79498	 0.80627	 0.81215	 0.81559	 0.81459	 0.81015	 0.80361	 0.79509	 0.78507	 0.77658	 0.76986	 0.76293	 0.75539	 0.74894	 0.74440	 0.73830	 0.72897	 0.71907	 0.71006	 0.70083	 0.69236	 0.68548	 0.68085	 0.68053	 0.68423	 0.69024	 0.69332	 0.68892	 0.67096	 0.64178	 0.60744	 0.57242	 0.54074	 0.51357	 0.48908	 0.46903	 0.45293	 0.44011
111 	 0.38389	 0.38650	 0.39401	 0.41069	 0.43858	 0.46960	 0.49332	 0.50716	 0.51702	 0.52387	 0.52553	 0.51903	 0.50568	 0.49174	 0.48102	 0.47284	 0.46865	 0.46717	 0.46628	 0.46693	 0.47081	 0.47995	 0.49383	 0.51114	 0.52952	 0.54716	 0.56470	 0.58601	 0.62001	 0.66596	 0.71150	 0.74617	 0.76789	 0.77841	 0.78331	 0.78554	 0.78637	 0.78335	 0.77740	 0.76981	 0.76096	 0.75122	 0.74307	 0.73666	 0.72986	 0.72249	 0.71602	 0.71124	 0.70544	 0.69727	 0.68930	 0.68257	 0.67552	 0.66906	 0.66391	 0.66017	 0.65983	 0.66250	 0.66730	 0.67093	 0.67067	 0.66097	 0.64217	 0.61783	 0.59217	 0.56849	 0.54817	 0.52871	 0.51267	 0.49962	 0.48954
112 	 0.37711	 0.37942	 0.38636	 0.40194	 0.42784	 0.45670	 0.47888	 0.49173	 0.50080	 0.50709	 0.50851	 0.50213	 0.48929	 0.47607	 0.46590	 0.45815	 0.45423	 0.45272	 0.45176	 0.45229	 0.45588	 0.46452	 0.47762	 0.49403	 0.51146	 0.52829	 0.54501	 0.56553	 0.59847	 0.64325	 0.68793	 0.72236	 0.74401	 0.75455	 0.75949	 0.76172	 0.76251	 0.75929	 0.75310	 0.74537	 0.73642	 0.72654	 0.71838	 0.71192	 0.70495	 0.69763	 0.69127	 0.68651	 0.68070	 0.67237	 0.66431	 0.65773	 0.65073	 0.64424	 0.63902	 0.63522	 0.63492	 0.63766	 0.64246	 0.64649	 0.64723	 0.63956	 0.62309	 0.60070	 0.57715	 0.55558	 0.53665	 0.51869	 0.50383	 0.49120	 0.48185
121 	 0.36211	 0.36426	 0.37145	 0.38789	 0.41595	 0.44862	 0.47558	 0.49242	 0.50446	 0.51338	 0.51628	 0.50984	 0.49471	 0.47810	 0.46530	 0.45585	 0.45100	 0.44894	 0.44732	 0.44706	 0.45000	 0.45853	 0.47238	 0.49049	 0.51061	 0.53094	 0.55126	 0.57443	 0.60993	 0.65821	 0.70809	 0.74922	 0.77729	 0.79255	 0.80034	 0.80408	 0.80614	 0.80413	 0.79875	 0.79135	 0.78222	 0.77200	 0.76352	 0.75682	 0.74973	 0.74220	 0.73554	 0.73055	 0.72424	 0.71504	 0.70573	 0.69762	 0.68917	 0.68138	 0.67495	 0.67056	 0.67019	 0.67298	 0.67815	 0.68216	 0.68123	 0.66920	 0.64681	 0.61886	 0.59008	 0.56347	 0.54001	 0.51856	 0.50132	 0.48696	 0.47572
122 	 0.34926	 0.35188	 0.35969	 0.37731	 0.40728	 0.44228	 0.47117	 0.48936	 0.50239	 0.51203	 0.51529	 0.50883	 0.49333	 0.47616	 0.46300	 0.45337	 0.44850	 0.44653	 0.44521	 0.44524	 0.44871	 0.45798	 0.47286	 0.49226	 0.51383	 0.53550	 0.55689	 0.58134	 0.61866	 0.66927	 0.72137	 0.76429	 0.79365	 0.80963	 0.81787	 0.82194	 0.82419	 0.82222	 0.81683	 0.80928	 0.80001	 0.78954	 0.78083	 0.77389	 0.76654	 0.75877	 0.75192	 0.74672	 0.74016	 0.73076	 0.72112	 0.71269	 0.70400	 0.69601	 0.68932	 0.68478	 0.68432	 0.68703	 0.69192	 0.69513	 0.69238	 0.67751	 0.65195	 0.62126	 0.58985	 0.56068	 0.53528	 0.51209	 0.49339	 0.47745	 0.46538
131 	 0.29045	 0.29270	 0.30009	 0.31663	 0.34418	 0.37709	 0.40638	 0.42636	 0.44118	 0.45236	 0.45667	 0.45067	 0.43439	 0.41578	 0.40159	 0.39146	 0.38630	 0.38409	 0.38200	 0.38054	 0.38198	 0.38888	 0.40129	 0.41868	 0.43949	 0.46184	 0.48424	 0.50833	 0.54247	 0.58847	 0.63888	 0.68476	 0.71913	 0.74014	 0.75189	 0.75821	 0.76201	 0.76142	 0.75732	 0.75103	 0.74278	 0.73310	 0.72503	 0.71881	 0.71217	 0.70516	 0.69919	 0.69495	 0.68910	 0.67981	 0.67003	 0.66131	 0.65221	 0.64379	 0.63705	 0.63258	 0.63249	 0.63613	 0.64225	 0.64620	 0.64298	 0.62690	 0.60018	 0.56756	 0.53348	 0.50293	 0.47683	 0.45333	 0.43340	 0.41704	 0.40443
132 	 0.28189	 0.28424	 0.29173	 0.30804	 0.33471	 0.36609	 0.39348	 0.41205	 0.42587	 0.43597	 0.43958	 0.43374	 0.41888	 0.40224	 0.38952	 0.38032	 0.37568	 0.37369	 0.37175	 0.37034	 0.37179	 0.37858	 0.39053	 0.40713	 0.42690	 0.44803	 0.46897	 0.49145	 0.52372	 0.56766	 0.61631	 0.66087	 0.69457	 0.71536	 0.72707	 0.73353	 0.73735	 0.73685	 0.73278	 0.72651	 0.71832	 0.70860	 0.70044	 0.69417	 0.68752	 0.68066	 0.67498	 0.67081	 0.66501	 0.65576	 0.64606	 0.63750	 0.62843	 0.62007	 0.61334	 0.60858	 0.60830	 0.61177	 0.61755	 0.62134	 0.61861	 0.60429	 0.57994	 0.54936	 0.51690	 0.48798	 0.46273	 0.44051	 0.42211	 0.40656	 0.39503
141 	 0.33046	 0.33173	 0.33773	 0.35155	 0.37413	 0.40070	 0.42462	 0.44136	 0.45413	 0.46367	 0.46691	 0.46075	 0.44576	 0.42908	 0.41617	 0.40681	 0.40199	 0.39988	 0.39740	 0.39526	 0.39555	 0.40044	 0.40984	 0.42349	 0.44045	 0.45933	 0.47870	 0.49904	 0.52722	 0.56431	 0.60479	 0.64253	 0.67158	 0.68992	 0.70052	 0.70662	 0.71066	 0.71092	 0.70835	 0.70385	 0.69735	 0.68934	 0.68273	 0.67786	 0.67251	 0.66663	 0.66186	 0.65877	 0.65411	 0.64610	 0.63733	 0.62969	 0.62156	 0.61405	 0.60826	 0.60428	 0.60425	 0.60794	 0.61450	 0.62014	 0.62084	 0.61159	 0.59269	 0.56766	 0.54111	 0.51692	 0.49625	 0.47708	 0.46104	 0.44730	 0.43715
142 	 0.32797	 0.32924	 0.33517	 0.34884	 0.37103	 0.39710	 0.42035	 0.43655	 0.44898	 0.45812	 0.46117	 0.45510	 0.44075	 0.42487	 0.41257	 0.40358	 0.39901	 0.39701	 0.39460	 0.39248	 0.39273	 0.39756	 0.40677	 0.42017	 0.43683	 0.45527	 0.47410	 0.49389	 0.52133	 0.55765	 0.59752	 0.63504	 0.66413	 0.68271	 0.69358	 0.69983	 0.70396	 0.70426	 0.70164	 0.69700	 0.69039	 0.68227	 0.67555	 0.67061	 0.66529	 0.65943	 0.65469	 0.65155	 0.64680	 0.63870	 0.62987	 0.62206	 0.61378	 0.60614	 0.60026	 0.59604	 0.59584	 0.59952	 0.60608	 0.61180	 0.61298	 0.60448	 0.58634	 0.56209	 0.53648	 0.51351	 0.49346	 0.47413	 0.45889	 0.44567	 0.43523
151 	 0.28340	 0.28481	 0.29117	 0.30578	 0.32927	 0.35697	 0.38278	 0.40184	 0.41692	 0.42855	 0.43283	 0.42680	 0.41069	 0.39217	 0.37781	 0.36763	 0.36240	 0.36004	 0.35711	 0.35411	 0.35339	 0.35696	 0.36525	 0.37820	 0.39558	 0.41618	 0.43778	 0.45950	 0.48697	 0.52144	 0.56002	 0.59905	 0.63154	 0.65383	 0.66754	 0.67594	 0.68145	 0.68329	 0.68237	 0.67956	 0.67451	 0.66750	 0.66137	 0.65697	 0.65211	 0.64676	 0.64263	 0.64011	 0.63586	 0.62805	 0.61903	 0.61087	 0.60216	 0.59422	 0.58850	 0.58462	 0.58496	 0.58948	 0.59771	 0.60476	 0.60560	 0.59472	 0.57295	 0.54490	 0.51535	 0.48862	 0.46576	 0.44446	 0.42734	 0.41226	 0.40179
161 	 0.31275	 0.31327	 0.31870	 0.33210	 0.35411	 0.38025	 0.40420	 0.42151	 0.43500	 0.44510	 0.44844	 0.44218	 0.42677	 0.40927	 0.39546	 0.38536	 0.38002	 0.37757	 0.37460	 0.37166	 0.37112	 0.37501	 0.38360	 0.39664	 0.41368	 0.43339	 0.45388	 0.47461	 0.50166	 0.53643	 0.57512	 0.61296	 0.64337	 0.66345	 0.67553	 0.68284	 0.68774	 0.68896	 0.68744	 0.68405	 0.67855	 0.67126	 0.66502	 0.66054	 0.65559	 0.65015	 0.64586	 0.64314	 0.63882	 0.63112	 0.62242	 0.61461	 0.60625	 0.59864	 0.59298	 0.58906	 0.58913	 0.59325	 0.60089	 0.60811	 0.61054	 0.60313	 0.58590	 0.56218	 0.53675	 0.51342	 0.49310	 0.47533	 0.45971	 0.44579	 0.43564
171 	 0.30399	 0.30522	 0.31141	 0.32597	 0.34940	 0.37667	 0.40181	 0.42022	 0.43465	 0.44546	 0.44925	 0.44310	 0.42753	 0.40965	 0.39562	 0.38554	 0.38036	 0.37814	 0.37528	 0.37227	 0.37152	 0.37518	 0.38337	 0.39617	 0.41323	 0.43348	 0.45466	 0.47571	 0.50251	 0.53630	 0.57400	 0.61193	 0.64356	 0.66517	 0.67844	 0.68661	 0.69230	 0.69424	 0.69334	 0.69054	 0.68543	 0.67825	 0.67217	 0.66782	 0.66303	 0.65765	 0.65347	 0.65098	 0.64682	 0.63902	 0.62996	 0.62173	 0.61308	 0.60513	 0.59920	 0.59512	 0.59521	 0.59949	 0.60711	 0.61360	 0.61436	 0.60417	 0.58398	 0.55732	 0.52946	 0.50397	 0.48229	 0.46216	 0.44569	 0.43089	 0.41965
