11 	 0.29162	 0.29339	 0.29974	 0.31281	 0.33485	 0.36162	 0.38708	 0.40606	 0.42143	 0.43237	 0.43590	 0.43006	 0.41421	 0.39601	 0.38290	 0.37308	 0.36793	 0.36581	 0.36247	 0.35912	 0.35821	 0.36118	 0.36912	 0.38221	 0.39982	 0.42063	 0.44236	 0.46372	 0.49012	 0.52511	 0.56356	 0.60319	 0.63670	 0.65927	 0.67317	 0.68250	 0.68847	 0.69045	 0.69058	 0.68878	 0.68317	 0.67462	 0.66799	 0.66243	 0.65867	 0.65361	 0.64881	 0.64443	 0.64053	 0.63398	 0.62547	 0.61732	 0.60802	 0.59979	 0.59451	 0.59191	 0.59306	 0.59691	 0.60431	 0.61112	 0.61207	 0.60034	 0.57743	 0.54966	 0.52069	 0.49430	 0.47183	 0.45137	 0.43483	 0.42050	 0.40844
21 	 0.26556	 0.26692	 0.27357	 0.28780	 0.31058	 0.33769	 0.36389	 0.38332	 0.39864	 0.40984	 0.41355	 0.40815	 0.39268	 0.37411	 0.36069	 0.35096	 0.34558	 0.34356	 0.34055	 0.33731	 0.33619	 0.33905	 0.34703	 0.36018	 0.37733	 0.39843	 0.42023	 0.44176	 0.46820	 0.50212	 0.53933	 0.57776	 0.61053	 0.63309	 0.64717	 0.65606	 0.66132	 0.66370	 0.66477	 0.66322	 0.65756	 0.64876	 0.64226	 0.63691	 0.63278	 0.62813	 0.62298	 0.61910	 0.61516	 0.60871	 0.60004	 0.59204	 0.58287	 0.57491	 0.57044	 0.56734	 0.56819	 0.57210	 0.57899	 0.58502	 0.58480	 0.57168	 0.54913	 0.52259	 0.49396	 0.46865	 0.44705	 0.42709	 0.41010	 0.39661	 0.38495
22 	 0.26625	 0.26756	 0.27435	 0.28880	 0.31162	 0.33874	 0.36506	 0.38457	 0.39991	 0.41110	 0.41477	 0.40940	 0.39432	 0.37626	 0.36309	 0.35362	 0.34833	 0.34644	 0.34356	 0.34024	 0.33911	 0.34218	 0.35042	 0.36368	 0.38089	 0.40198	 0.42377	 0.44521	 0.47137	 0.50503	 0.54194	 0.58068	 0.61405	 0.63733	 0.65170	 0.66078	 0.66600	 0.66855	 0.66972	 0.66804	 0.66218	 0.65319	 0.64671	 0.64138	 0.63705	 0.63252	 0.62742	 0.62351	 0.61954	 0.61294	 0.60418	 0.59604	 0.58676	 0.57866	 0.57421	 0.57034	 0.57057	 0.57390	 0.58021	 0.58537	 0.58407	 0.57031	 0.54714	 0.52009	 0.49169	 0.46570	 0.44358	 0.42344	 0.40663	 0.39338	 0.38162
31 	 0.29363	 0.29462	 0.30104	 0.31538	 0.33823	 0.36564	 0.39167	 0.41039	 0.42492	 0.43555	 0.43892	 0.43345	 0.41843	 0.40037	 0.38719	 0.37751	 0.37187	 0.36993	 0.36673	 0.36364	 0.36281	 0.36645	 0.37552	 0.38942	 0.40703	 0.42817	 0.44986	 0.47132	 0.49835	 0.53369	 0.57227	 0.61182	 0.64508	 0.66748	 0.68091	 0.68932	 0.69419	 0.69625	 0.69691	 0.69453	 0.68806	 0.67877	 0.67193	 0.66619	 0.66143	 0.65667	 0.65131	 0.64719	 0.64305	 0.63625	 0.62733	 0.61907	 0.60985	 0.60174	 0.59731	 0.59335	 0.59324	 0.59637	 0.60266	 0.60865	 0.60980	 0.59902	 0.57819	 0.55235	 0.52440	 0.49899	 0.47701	 0.45666	 0.44041	 0.42699	 0.41509
41 	 0.29074	 0.29251	 0.29981	 0.31563	 0.34006	 0.36893	 0.39632	 0.41613	 0.43124	 0.44223	 0.44573	 0.44012	 0.42474	 0.40628	 0.39291	 0.38314	 0.37754	 0.37587	 0.37304	 0.36992	 0.36912	 0.37297	 0.38235	 0.39635	 0.41419	 0.43561	 0.45779	 0.47950	 0.50653	 0.54116	 0.57848	 0.61662	 0.64901	 0.67109	 0.68433	 0.69284	 0.69782	 0.70018	 0.70125	 0.69932	 0.69340	 0.68470	 0.67817	 0.67264	 0.66779	 0.66311	 0.65801	 0.65414	 0.65011	 0.64339	 0.63461	 0.62652	 0.61760	 0.60964	 0.60551	 0.60161	 0.60147	 0.60461	 0.61045	 0.61497	 0.61295	 0.59801	 0.57266	 0.54289	 0.51264	 0.48526	 0.46186	 0.44099	 0.42444	 0.41036	 0.39880
42 	 0.29258	 0.29406	 0.30036	 0.31427	 0.33611	 0.36316	 0.38960	 0.40888	 0.42379	 0.43522	 0.43911	 0.43339	 0.41722	 0.39790	 0.38440	 0.37464	 0.36890	 0.36714	 0.36427	 0.36125	 0.36035	 0.36388	 0.37286	 0.38636	 0.40356	 0.42473	 0.44718	 0.46932	 0.49718	 0.53279	 0.57099	 0.60995	 0.64231	 0.66426	 0.67723	 0.68544	 0.69024	 0.69242	 0.69336	 0.69156	 0.68614	 0.67797	 0.67186	 0.66642	 0.66145	 0.65665	 0.65168	 0.64813	 0.64423	 0.63763	 0.62917	 0.62155	 0.61301	 0.60532	 0.60152	 0.59813	 0.59889	 0.60324	 0.61057	 0.61723	 0.61770	 0.60466	 0.58065	 0.55098	 0.52100	 0.49371	 0.47051	 0.44931	 0.43237	 0.41806	 0.40544
51 	 0.31860	 0.32082	 0.32837	 0.34470	 0.37044	 0.40017	 0.42675	 0.44515	 0.45870	 0.46808	 0.47048	 0.46446	 0.45040	 0.43367	 0.42194	 0.41301	 0.40774	 0.40648	 0.40438	 0.40290	 0.40414	 0.41047	 0.42278	 0.43917	 0.45809	 0.47873	 0.49987	 0.52197	 0.55287	 0.59576	 0.64203	 0.68539	 0.71913	 0.74054	 0.75255	 0.75988	 0.76345	 0.76384	 0.76213	 0.75719	 0.74898	 0.73843	 0.73015	 0.72277	 0.71611	 0.70971	 0.70306	 0.69768	 0.69245	 0.68463	 0.67536	 0.66692	 0.65768	 0.64932	 0.64471	 0.64050	 0.64001	 0.64292	 0.64803	 0.65212	 0.65080	 0.63692	 0.61169	 0.58052	 0.54892	 0.51993	 0.49524	 0.47319	 0.45539	 0.44090	 0.42817
52 	 0.31364	 0.31599	 0.32388	 0.34121	 0.36878	 0.40040	 0.42883	 0.44862	 0.46333	 0.47357	 0.47617	 0.46969	 0.45426	 0.43599	 0.42342	 0.41390	 0.40829	 0.40695	 0.40487	 0.40333	 0.40467	 0.41142	 0.42440	 0.44188	 0.46209	 0.48417	 0.50679	 0.53049	 0.56355	 0.60909	 0.65799	 0.70317	 0.73806	 0.75993	 0.77205	 0.77951	 0.78323	 0.78365	 0.78179	 0.77664	 0.76851	 0.75798	 0.74952	 0.74201	 0.73494	 0.72810	 0.72126	 0.71578	 0.71028	 0.70214	 0.69242	 0.68368	 0.67422	 0.66556	 0.66074	 0.65649	 0.65638	 0.65984	 0.66571	 0.67055	 0.66853	 0.65254	 0.62421	 0.58946	 0.55507	 0.52383	 0.49732	 0.47399	 0.45411	 0.43950	 0.42706
61 	 0.30686	 0.30904	 0.31595	 0.33176	 0.35710	 0.38738	 0.41417	 0.43205	 0.44567	 0.45583	 0.45933	 0.45378	 0.43955	 0.42255	 0.41015	 0.40071	 0.39524	 0.39325	 0.39123	 0.38998	 0.39155	 0.39830	 0.41105	 0.42805	 0.44759	 0.46874	 0.49021	 0.51343	 0.54655	 0.59325	 0.64406	 0.69106	 0.72660	 0.74887	 0.76150	 0.76907	 0.77284	 0.77272	 0.76930	 0.76250	 0.75390	 0.74298	 0.73366	 0.72610	 0.71843	 0.71056	 0.70343	 0.69811	 0.69219	 0.68363	 0.67366	 0.66422	 0.65445	 0.64582	 0.64019	 0.63542	 0.63463	 0.63785	 0.64407	 0.64903	 0.64869	 0.63568	 0.61033	 0.57907	 0.54688	 0.51745	 0.49259	 0.47002	 0.45197	 0.43674	 0.42385
62 	 0.30439	 0.30691	 0.31415	 0.33065	 0.35713	 0.38842	 0.41609	 0.43444	 0.44836	 0.45899	 0.46294	 0.45737	 0.44243	 0.42501	 0.41198	 0.40225	 0.39687	 0.39478	 0.39268	 0.39144	 0.39328	 0.40015	 0.41289	 0.43013	 0.45000	 0.47137	 0.49299	 0.51639	 0.54947	 0.59559	 0.64520	 0.69081	 0.72535	 0.74683	 0.75895	 0.76621	 0.76995	 0.76985	 0.76632	 0.75949	 0.75120	 0.74069	 0.73184	 0.72472	 0.71737	 0.70963	 0.70289	 0.69799	 0.69234	 0.68387	 0.67400	 0.66449	 0.65493	 0.64652	 0.64085	 0.63623	 0.63539	 0.63866	 0.64490	 0.64964	 0.64837	 0.63415	 0.60810	 0.57539	 0.54251	 0.51294	 0.48752	 0.46461	 0.44711	 0.43178	 0.41885
71 	 0.28864	 0.29094	 0.29826	 0.31486	 0.34115	 0.37250	 0.40173	 0.42207	 0.43787	 0.44952	 0.45337	 0.44674	 0.42936	 0.40963	 0.39488	 0.38415	 0.37834	 0.37623	 0.37362	 0.37140	 0.37204	 0.37767	 0.38905	 0.40551	 0.42568	 0.44845	 0.47174	 0.49618	 0.52874	 0.57243	 0.61951	 0.66497	 0.70066	 0.72401	 0.73749	 0.74571	 0.75021	 0.75098	 0.74859	 0.74336	 0.73658	 0.72738	 0.71943	 0.71300	 0.70613	 0.69885	 0.69279	 0.68878	 0.68360	 0.67542	 0.66594	 0.65674	 0.64747	 0.63939	 0.63404	 0.63004	 0.63053	 0.63530	 0.64345	 0.64896	 0.64695	 0.63056	 0.60155	 0.56743	 0.53219	 0.50162	 0.47562	 0.45247	 0.43344	 0.41811	 0.40541
72 	 0.28613	 0.28825	 0.29557	 0.31190	 0.33768	 0.36813	 0.39651	 0.41632	 0.43141	 0.44244	 0.44600	 0.43978	 0.42345	 0.40472	 0.39059	 0.38015	 0.37458	 0.37250	 0.36984	 0.36749	 0.36803	 0.37339	 0.38428	 0.40023	 0.41974	 0.44174	 0.46419	 0.48757	 0.51865	 0.56040	 0.60561	 0.64932	 0.68394	 0.70678	 0.72013	 0.72834	 0.73305	 0.73387	 0.73160	 0.72648	 0.71973	 0.71070	 0.70293	 0.69668	 0.69001	 0.68292	 0.67707	 0.67322	 0.66824	 0.66031	 0.65076	 0.64172	 0.63248	 0.62446	 0.61900	 0.61491	 0.61506	 0.61937	 0.62700	 0.63201	 0.63003	 0.61470	 0.58769	 0.55522	 0.52284	 0.49321	 0.46855	 0.44628	 0.42771	 0.41350	 0.40104
81 	 0.30494	 0.30701	 0.31359	 0.32849	 0.35192	 0.37881	 0.40329	 0.42042	 0.43325	 0.44213	 0.44477	 0.43906	 0.42542	 0.41012	 0.39821	 0.38920	 0.38440	 0.38259	 0.38042	 0.37878	 0.37990	 0.38558	 0.39633	 0.41129	 0.42907	 0.44853	 0.46815	 0.48945	 0.51956	 0.56157	 0.60700	 0.64893	 0.68020	 0.69967	 0.71065	 0.71727	 0.72062	 0.72037	 0.71713	 0.71109	 0.70361	 0.69420	 0.68614	 0.67966	 0.67286	 0.66567	 0.65938	 0.65529	 0.65021	 0.64241	 0.63332	 0.62470	 0.61604	 0.60846	 0.60318	 0.59882	 0.59826	 0.60162	 0.60783	 0.61179	 0.61081	 0.59947	 0.57882	 0.55185	 0.52379	 0.49803	 0.47573	 0.45508	 0.43899	 0.42545	 0.41393
82 	 0.31731	 0.31979	 0.32704	 0.34360	 0.36981	 0.39979	 0.42686	 0.44556	 0.45968	 0.46981	 0.47310	 0.46710	 0.45199	 0.43492	 0.42171	 0.41198	 0.40691	 0.40502	 0.40267	 0.40120	 0.40274	 0.40910	 0.42089	 0.43724	 0.45655	 0.47730	 0.49849	 0.52150	 0.55371	 0.59818	 0.64573	 0.68951	 0.72216	 0.74251	 0.75397	 0.76094	 0.76466	 0.76475	 0.76146	 0.75538	 0.74791	 0.73832	 0.73014	 0.72348	 0.71650	 0.70905	 0.70272	 0.69838	 0.69298	 0.68482	 0.67523	 0.66614	 0.65707	 0.64912	 0.64351	 0.63912	 0.63867	 0.64230	 0.64909	 0.65361	 0.65192	 0.63756	 0.61175	 0.57929	 0.54685	 0.51738	 0.49247	 0.46938	 0.45250	 0.43737	 0.42443
91 	 0.34341	 0.34533	 0.35175	 0.36691	 0.39138	 0.41858	 0.44186	 0.45796	 0.46949	 0.47718	 0.47895	 0.47270	 0.45938	 0.44544	 0.43389	 0.42532	 0.42117	 0.41938	 0.41733	 0.41680	 0.41937	 0.42653	 0.43825	 0.45447	 0.47260	 0.49097	 0.50983	 0.53168	 0.56464	 0.61076	 0.65950	 0.70168	 0.73111	 0.74858	 0.75830	 0.76415	 0.76663	 0.76531	 0.76061	 0.75341	 0.74476	 0.73470	 0.72587	 0.71837	 0.71100	 0.70330	 0.69689	 0.69201	 0.68627	 0.67791	 0.66849	 0.66019	 0.65173	 0.64427	 0.63919	 0.63509	 0.63426	 0.63728	 0.64337	 0.64903	 0.65072	 0.64295	 0.62464	 0.59841	 0.57053	 0.54487	 0.52252	 0.50203	 0.48546	 0.47146	 0.45875
92 	 0.34350	 0.34490	 0.35044	 0.36371	 0.38509	 0.40895	 0.42900	 0.44277	 0.45232	 0.45861	 0.46008	 0.45432	 0.44283	 0.43080	 0.42040	 0.41241	 0.40846	 0.40653	 0.40427	 0.40350	 0.40559	 0.41179	 0.42233	 0.43678	 0.45293	 0.46932	 0.48602	 0.50554	 0.53543	 0.57763	 0.62256	 0.66165	 0.68891	 0.70469	 0.71331	 0.71849	 0.72048	 0.71895	 0.71405	 0.70668	 0.69796	 0.68800	 0.67924	 0.67215	 0.66513	 0.65786	 0.65159	 0.64698	 0.64160	 0.63362	 0.62456	 0.61673	 0.60861	 0.60152	 0.59663	 0.59253	 0.59115	 0.59326	 0.59851	 0.60340	 0.60618	 0.60234	 0.59050	 0.57161	 0.55003	 0.52973	 0.51122	 0.49378	 0.48020	 0.46719	 0.45605
101 	 0.30914	 0.31152	 0.31893	 0.33569	 0.36275	 0.39399	 0.42125	 0.44026	 0.45424	 0.46427	 0.46767	 0.46167	 0.44664	 0.43024	 0.41685	 0.40714	 0.40242	 0.40026	 0.39779	 0.39655	 0.39869	 0.40562	 0.41773	 0.43513	 0.45520	 0.47633	 0.49774	 0.52113	 0.55433	 0.60008	 0.65003	 0.69617	 0.73059	 0.75207	 0.76430	 0.77166	 0.77537	 0.77537	 0.77166	 0.76515	 0.75689	 0.74682	 0.73800	 0.73065	 0.72356	 0.71604	 0.71005	 0.70536	 0.69966	 0.69077	 0.68019	 0.67070	 0.66100	 0.65250	 0.64663	 0.64212	 0.64082	 0.64366	 0.64959	 0.65332	 0.65041	 0.63468	 0.60696	 0.57343	 0.54046	 0.51014	 0.48480	 0.46219	 0.44401	 0.42921	 0.41633
102 	 0.31819	 0.32067	 0.32844	 0.34607	 0.37497	 0.40806	 0.43720	 0.45742	 0.47241	 0.48317	 0.48671	 0.48008	 0.46374	 0.44589	 0.43174	 0.42159	 0.41668	 0.41462	 0.41210	 0.41102	 0.41350	 0.42106	 0.43404	 0.45249	 0.47396	 0.49629	 0.51900	 0.54399	 0.57942	 0.62812	 0.68033	 0.72802	 0.76327	 0.78485	 0.79699	 0.80436	 0.80805	 0.80794	 0.80413	 0.79772	 0.78950	 0.77966	 0.77078	 0.76323	 0.75577	 0.74816	 0.74191	 0.73704	 0.73113	 0.72217	 0.71150	 0.70209	 0.69240	 0.68399	 0.67817	 0.67384	 0.67303	 0.67664	 0.68351	 0.68835	 0.68557	 0.66842	 0.63792	 0.60034	 0.56370	 0.53111	 0.50302	 0.47961	 0.45950	 0.44426	 0.43010
111 	 0.37370	 0.37651	 0.38428	 0.40190	 0.43001	 0.45934	 0.48164	 0.49552	 0.50516	 0.51213	 0.51391	 0.50770	 0.49505	 0.48159	 0.47061	 0.46231	 0.45840	 0.45673	 0.45530	 0.45629	 0.46067	 0.46973	 0.48315	 0.50028	 0.51809	 0.53503	 0.55252	 0.57430	 0.60861	 0.65525	 0.70087	 0.73655	 0.75938	 0.77166	 0.77781	 0.78148	 0.78249	 0.78007	 0.77442	 0.76683	 0.75804	 0.74830	 0.73964	 0.73224	 0.72505	 0.71732	 0.71097	 0.70585	 0.70031	 0.69243	 0.68358	 0.67628	 0.66867	 0.66226	 0.65827	 0.65493	 0.65412	 0.65656	 0.66200	 0.66747	 0.66990	 0.66276	 0.64456	 0.61818	 0.59025	 0.56423	 0.54233	 0.52255	 0.50568	 0.49127	 0.47870
112 	 0.37130	 0.37383	 0.38123	 0.39779	 0.42466	 0.45269	 0.47401	 0.48735	 0.49643	 0.50324	 0.50495	 0.49901	 0.48663	 0.47348	 0.46271	 0.45463	 0.45076	 0.44901	 0.44761	 0.44845	 0.45264	 0.46135	 0.47443	 0.49097	 0.50824	 0.52476	 0.54173	 0.56320	 0.59703	 0.64299	 0.68806	 0.72349	 0.74612	 0.75839	 0.76445	 0.76796	 0.76892	 0.76628	 0.76053	 0.75296	 0.74407	 0.73442	 0.72562	 0.71819	 0.71083	 0.70323	 0.69694	 0.69187	 0.68624	 0.67835	 0.66968	 0.66255	 0.65498	 0.64856	 0.64473	 0.64131	 0.64028	 0.64258	 0.64781	 0.65294	 0.65545	 0.64913	 0.63230	 0.60801	 0.58156	 0.55726	 0.53614	 0.51698	 0.50126	 0.48770	 0.47517
121 	 0.34983	 0.35227	 0.36000	 0.37778	 0.40662	 0.43858	 0.46459	 0.48138	 0.49315	 0.50241	 0.50532	 0.49900	 0.48393	 0.46743	 0.45454	 0.44483	 0.44015	 0.43805	 0.43590	 0.43591	 0.43948	 0.44802	 0.46180	 0.47982	 0.49962	 0.51952	 0.53981	 0.56381	 0.59956	 0.64877	 0.69908	 0.74155	 0.77075	 0.78786	 0.79678	 0.80195	 0.80435	 0.80299	 0.79783	 0.79071	 0.78178	 0.77177	 0.76260	 0.75467	 0.74700	 0.73909	 0.73276	 0.72721	 0.72116	 0.71244	 0.70205	 0.69348	 0.68424	 0.67631	 0.67135	 0.66751	 0.66647	 0.66925	 0.67520	 0.68150	 0.68311	 0.67243	 0.64932	 0.61761	 0.58598	 0.55745	 0.53227	 0.51033	 0.49262	 0.47755	 0.46381
122 	 0.34190	 0.34483	 0.35333	 0.37244	 0.40343	 0.43729	 0.46471	 0.48249	 0.49496	 0.50467	 0.50772	 0.50136	 0.48610	 0.46938	 0.45636	 0.44664	 0.44192	 0.44006	 0.43812	 0.43835	 0.44238	 0.45167	 0.46645	 0.48554	 0.50629	 0.52712	 0.54837	 0.57330	 0.61006	 0.66073	 0.71218	 0.75545	 0.78538	 0.80315	 0.81246	 0.81772	 0.82024	 0.81884	 0.81376	 0.80664	 0.79758	 0.78750	 0.77809	 0.76992	 0.76218	 0.75415	 0.74769	 0.74203	 0.73581	 0.72704	 0.71657	 0.70782	 0.69837	 0.69020	 0.68499	 0.68098	 0.67972	 0.68225	 0.68788	 0.69336	 0.69368	 0.68045	 0.65423	 0.62023	 0.58661	 0.55607	 0.52950	 0.50571	 0.48762	 0.47190	 0.45765
131 	 0.27599	 0.27847	 0.28639	 0.30377	 0.33201	 0.36482	 0.39363	 0.41377	 0.42849	 0.44001	 0.44428	 0.43857	 0.42212	 0.40369	 0.38937	 0.37900	 0.37399	 0.37175	 0.36918	 0.36773	 0.36963	 0.37635	 0.38866	 0.40619	 0.42679	 0.44896	 0.47159	 0.49621	 0.53030	 0.57648	 0.62647	 0.67297	 0.70753	 0.72952	 0.74180	 0.74924	 0.75312	 0.75300	 0.74930	 0.74328	 0.73521	 0.72560	 0.71696	 0.70975	 0.70283	 0.69559	 0.69004	 0.68537	 0.67981	 0.67120	 0.66076	 0.65155	 0.64178	 0.63354	 0.62799	 0.62413	 0.62346	 0.62660	 0.63298	 0.63783	 0.63481	 0.61786	 0.58905	 0.55514	 0.52056	 0.49064	 0.46426	 0.44129	 0.42312	 0.40762	 0.39419
132 	 0.26855	 0.27105	 0.27907	 0.29624	 0.32418	 0.35561	 0.38299	 0.40232	 0.41631	 0.42684	 0.43067	 0.42517	 0.41023	 0.39357	 0.38022	 0.37045	 0.36586	 0.36388	 0.36149	 0.36022	 0.36220	 0.36883	 0.38067	 0.39764	 0.41749	 0.43868	 0.46018	 0.48348	 0.51606	 0.56035	 0.60870	 0.65384	 0.68740	 0.70895	 0.72109	 0.72846	 0.73236	 0.73242	 0.72889	 0.72300	 0.71509	 0.70572	 0.69708	 0.69003	 0.68330	 0.67610	 0.67064	 0.66624	 0.66082	 0.65231	 0.64197	 0.63308	 0.62360	 0.61546	 0.61008	 0.60597	 0.60483	 0.60746	 0.61314	 0.61673	 0.61267	 0.59596	 0.56914	 0.53665	 0.50453	 0.47584	 0.45098	 0.42840	 0.41113	 0.39616	 0.38317
141 	 0.32092	 0.32240	 0.32837	 0.34223	 0.36429	 0.39018	 0.41399	 0.43114	 0.44387	 0.45306	 0.45614	 0.45025	 0.43572	 0.41987	 0.40687	 0.39746	 0.39297	 0.39080	 0.38803	 0.38586	 0.38649	 0.39103	 0.39999	 0.41369	 0.43050	 0.44913	 0.46870	 0.48926	 0.51706	 0.55388	 0.59354	 0.63150	 0.66070	 0.67936	 0.69029	 0.69721	 0.70101	 0.70194	 0.69984	 0.69528	 0.68901	 0.68117	 0.67428	 0.66881	 0.66327	 0.65722	 0.65251	 0.64927	 0.64492	 0.63753	 0.62852	 0.62061	 0.61239	 0.60527	 0.60044	 0.59686	 0.59644	 0.59981	 0.60654	 0.61239	 0.61355	 0.60489	 0.58609	 0.56124	 0.53435	 0.51034	 0.48945	 0.47087	 0.45433	 0.44177	 0.43031
142 	 0.31953	 0.32109	 0.32708	 0.34099	 0.36314	 0.38885	 0.41242	 0.42941	 0.44210	 0.45117	 0.45439	 0.44873	 0.43453	 0.41902	 0.40619	 0.39686	 0.39248	 0.39037	 0.38759	 0.38548	 0.38612	 0.39073	 0.39968	 0.41329	 0.43000	 0.44848	 0.46772	 0.48816	 0.51569	 0.55227	 0.59182	 0.62988	 0.65948	 0.67859	 0.68978	 0.69684	 0.70076	 0.70181	 0.69961	 0.69495	 0.68848	 0.68045	 0.67338	 0.66784	 0.66235	 0.65642	 0.65166	 0.64838	 0.64388	 0.63640	 0.62718	 0.61906	 0.61062	 0.60341	 0.59844	 0.59473	 0.59406	 0.59721	 0.60382	 0.60917	 0.61032	 0.60206	 0.58394	 0.55972	 0.53329	 0.50944	 0.48887	 0.46946	 0.45387	 0.44074	 0.42921
151 	 0.27161	 0.27332	 0.27999	 0.29490	 0.31816	 0.34571	 0.37239	 0.39224	 0.40769	 0.41914	 0.42317	 0.41731	 0.40114	 0.38280	 0.36849	 0.35811	 0.35294	 0.35076	 0.34771	 0.34451	 0.34378	 0.34716	 0.35540	 0.36872	 0.38637	 0.40753	 0.42977	 0.45197	 0.47928	 0.51395	 0.55178	 0.59076	 0.62332	 0.64596	 0.65976	 0.66860	 0.67401	 0.67642	 0.67602	 0.67309	 0.66823	 0.66100	 0.65481	 0.65020	 0.64508	 0.63941	 0.63490	 0.63254	 0.62869	 0.62161	 0.61255	 0.60385	 0.59506	 0.58752	 0.58242	 0.57853	 0.57880	 0.58330	 0.59129	 0.59739	 0.59685	 0.58457	 0.56194	 0.53392	 0.50439	 0.47850	 0.45633	 0.43454	 0.41864	 0.40429	 0.39222
161 	 0.30350	 0.30443	 0.30997	 0.32350	 0.34518	 0.37095	 0.39574	 0.41369	 0.42757	 0.43750	 0.44080	 0.43482	 0.41932	 0.40194	 0.38801	 0.37791	 0.37261	 0.37032	 0.36713	 0.36411	 0.36358	 0.36729	 0.37568	 0.38904	 0.40629	 0.42644	 0.44743	 0.46875	 0.49581	 0.53093	 0.56915	 0.60723	 0.63822	 0.65880	 0.67124	 0.67919	 0.68405	 0.68581	 0.68486	 0.68140	 0.67612	 0.66863	 0.66231	 0.65751	 0.65230	 0.64648	 0.64191	 0.63923	 0.63543	 0.62837	 0.61947	 0.61121	 0.60285	 0.59549	 0.59060	 0.58672	 0.58670	 0.59092	 0.59874	 0.60555	 0.60785	 0.60041	 0.58311	 0.55938	 0.53339	 0.50975	 0.48874	 0.46934	 0.45363	 0.44085	 0.42914
171 	 0.29391	 0.29545	 0.30194	 0.31669	 0.33956	 0.36631	 0.39203	 0.41086	 0.42543	 0.43592	 0.43944	 0.43364	 0.41828	 0.40094	 0.38703	 0.37689	 0.37186	 0.36968	 0.36656	 0.36341	 0.36272	 0.36603	 0.37407	 0.38709	 0.40425	 0.42470	 0.44624	 0.46765	 0.49405	 0.52795	 0.56500	 0.60306	 0.63513	 0.65742	 0.67110	 0.67997	 0.68553	 0.68798	 0.68760	 0.68455	 0.67933	 0.67197	 0.66568	 0.66092	 0.65575	 0.65014	 0.64570	 0.64322	 0.63943	 0.63217	 0.62287	 0.61407	 0.60520	 0.59746	 0.59227	 0.58827	 0.58808	 0.59221	 0.59984	 0.60609	 0.60657	 0.59640	 0.57592	 0.55037	 0.52208	 0.49686	 0.47521	 0.45424	 0.43874	 0.42456	 0.41260
