11	0.274666667	0.276083333	0.282566667	0.297066667	0.320183333	0.347116667	0.372633333	0.391716667	0.406233333	0.417033333	0.4208	0.41565	0.401383333	0.384683333	0.37135	0.361683333	0.35645	0.353983333	0.351166667	0.3483	0.34785	0.351383333	0.35975	0.372583333	0.389316667	0.40935	0.43025	0.45085	0.476583333	0.50955	0.546683333	0.584983333	0.618216667	0.641466667	0.6564	0.66595	0.67225	0.675133333	0.675116667	0.672166667	0.666766667	0.659516667	0.6529	0.648183333	0.6433	0.638166667	0.63385	0.6309	0.62635	0.618733333	0.609483333	0.600716667	0.591683333	0.583716667	0.577716667	0.573333333	0.57275	0.57575	0.581816667	0.586816667	0.58635	0.575633333	0.55475	0.527716667	0.499166667	0.473033333	0.4508	0.430316667	0.413166667	0.399516667	0.3881
21	0.265966667	0.267516667	0.27425	0.289416667	0.31305	0.340316667	0.365966667	0.385133333	0.399783333	0.410666667	0.414516667	0.40945	0.39525	0.3786	0.365283333	0.355533333	0.350383333	0.347983333	0.345183333	0.342266667	0.341666667	0.344983333	0.353083333	0.365583333	0.38205	0.4019	0.422666667	0.442933333	0.467866667	0.499266667	0.534366667	0.570916667	0.603016667	0.625766667	0.64055	0.650033333	0.6564	0.659333333	0.65955	0.6569	0.65175	0.64465	0.638266667	0.633816667	0.62925	0.624333333	0.620233333	0.617433333	0.613066667	0.6056	0.596466667	0.5879	0.579	0.571116667	0.565216667	0.5608	0.560066667	0.56285	0.5686	0.573116667	0.572433333	0.561566667	0.54105	0.5145	0.486433333	0.460583333	0.438816667	0.418666667	0.401633333	0.3876	0.37695
22	0.260283333	0.26185	0.26855	0.28355	0.306783333	0.333516667	0.358533333	0.37715	0.391366667	0.40185	0.405583333	0.400683333	0.38705	0.371033333	0.358133333	0.348716667	0.3437	0.341316667	0.3386	0.335716667	0.335116667	0.338366667	0.346316667	0.358533333	0.374666667	0.394083333	0.414333333	0.434116667	0.45855	0.4896	0.524533333	0.560833333	0.592816667	0.615533333	0.630283333	0.639666667	0.645983333	0.649016667	0.649166667	0.646333333	0.641	0.633766667	0.627316667	0.622883333	0.6183	0.6134	0.6093	0.606483333	0.602083333	0.5946	0.585416667	0.576816667	0.567783333	0.559783333	0.553833333	0.549316667	0.5484	0.550916667	0.5564	0.560766667	0.560133333	0.549816667	0.5303	0.504783333	0.477433333	0.4526	0.431316667	0.411633333	0.394883333	0.381433333	0.37085
41	0.28205	0.283716667	0.290583333	0.30585	0.329816667	0.357566667	0.383566667	0.402783333	0.4173	0.428016667	0.431766667	0.4265	0.4122	0.395516667	0.382166667	0.37245	0.367283333	0.364966667	0.362316667	0.359633333	0.35935	0.3631	0.371716667	0.384783333	0.401666667	0.4217	0.442633333	0.463183333	0.488716667	0.52125	0.557666667	0.59495	0.626933333	0.649133333	0.66345	0.67265	0.678866667	0.681716667	0.681833333	0.679016667	0.67375	0.66645	0.659983333	0.6555	0.65085	0.645716667	0.6415	0.6385	0.63405	0.626583333	0.617433333	0.6089	0.599983333	0.5922	0.586366667	0.582	0.581316667	0.584183333	0.589916667	0.594116667	0.592683333	0.581033333	0.559116667	0.531333333	0.502016667	0.475533333	0.453033333	0.432316667	0.41505	0.401216667	0.390233333
42	0.294133333	0.295783333	0.302383333	0.317166667	0.340516667	0.367533333	0.39295	0.411616667	0.425766667	0.436266667	0.439916667	0.434666667	0.4206	0.404216667	0.391016667	0.381433333	0.37635	0.373966667	0.3713	0.3686	0.368333333	0.371966667	0.380416667	0.393166667	0.40965	0.429166667	0.449616667	0.469816667	0.495066667	0.5271	0.56285	0.599133333	0.6299	0.651066667	0.664816667	0.673566667	0.679483333	0.682116667	0.682033333	0.679233333	0.6741	0.667033333	0.6607	0.6563	0.651733333	0.646766667	0.6426	0.63975	0.6354	0.6281	0.619233333	0.611016667	0.60235	0.594783333	0.589166667	0.58495	0.584366667	0.58715	0.592766667	0.597033333	0.596	0.5851	0.5644	0.537583333	0.509616667	0.484166667	0.462366667	0.44235	0.425816667	0.41225	0.401433333
51	0.313783333	0.316166667	0.323983333	0.341416667	0.369066667	0.4006	0.42865	0.448633333	0.4633	0.4737	0.476733333	0.4707	0.456016667	0.439416667	0.426383333	0.416866667	0.4118	0.4098	0.407866667	0.4065	0.40825	0.41485	0.426966667	0.443616667	0.463116667	0.4842	0.505583333	0.527966667	0.558766667	0.600733333	0.646633333	0.689633333	0.723283333	0.744783333	0.757916667	0.765983333	0.770783333	0.771783333	0.769466667	0.764316667	0.757033333	0.74805	0.739983333	0.7338	0.727433333	0.7208	0.715066667	0.710633333	0.7049	0.696566667	0.686966667	0.678216667	0.6691	0.660983333	0.654983333	0.65055	0.649816667	0.652466667	0.657666667	0.660733333	0.657366667	0.642766667	0.617133333	0.5857	0.552916667	0.523283333	0.498133333	0.4755	0.456583333	0.44065	0.42825
52	0.307566667	0.309866667	0.3176	0.334683333	0.3619	0.393066667	0.421066667	0.441133333	0.456	0.466516667	0.4696	0.463433333	0.448416667	0.43165	0.418483333	0.4089	0.4038	0.40175	0.399733333	0.39825	0.399866667	0.406266667	0.418166667	0.434666667	0.454183333	0.47535	0.496966667	0.519616667	0.55075	0.593116667	0.639533333	0.6831	0.71705	0.73875	0.752016667	0.760133333	0.764983333	0.766033333	0.763816667	0.75865	0.751383333	0.742483333	0.734383333	0.728166667	0.721683333	0.714983333	0.70915	0.704716667	0.698916667	0.690483333	0.68085	0.672033333	0.662766667	0.654633333	0.648566667	0.6441	0.6435	0.646333333	0.65185	0.655466667	0.652766667	0.6386	0.613316667	0.581883333	0.549216667	0.51965	0.494483333	0.4719	0.452916667	0.437383333	0.424433333
61	0.31495	0.316	0.32155	0.33515	0.357983333	0.3851	0.409166667	0.425633333	0.437666667	0.446866667	0.45005	0.444983333	0.431616667	0.41615	0.40385	0.394616667	0.389283333	0.38655	0.384166667	0.382616667	0.38405	0.3899	0.400933333	0.416	0.4335	0.452316667	0.47165	0.492333333	0.521716667	0.562533333	0.60745	0.64915	0.681066667	0.700966667	0.712916667	0.719983333	0.723966667	0.72405	0.720733333	0.7147	0.706733333	0.697333333	0.68895	0.682566667	0.6762	0.6696	0.66375	0.659166667	0.653383333	0.645116667	0.635666667	0.627133333	0.6182	0.610283333	0.60435	0.599866667	0.598716667	0.600966667	0.606316667	0.611066667	0.61165	0.603933333	0.586983333	0.563916667	0.538883333	0.516083333	0.4965	0.47805	0.4621	0.448516667	0.43715
62	0.307683333	0.30955	0.3164	0.3321	0.35795	0.3885	0.415733333	0.434466667	0.4484	0.459133333	0.46325	0.458166667	0.443716667	0.4271	0.414	0.404416667	0.399083333	0.396533333	0.3944	0.393083333	0.394933333	0.40155	0.41365	0.430183333	0.449366667	0.47	0.491116667	0.513633333	0.544983333	0.588216667	0.635816667	0.680383333	0.715	0.736933333	0.750116667	0.757966667	0.762433333	0.7629	0.75975	0.753716667	0.74565	0.736	0.7274	0.720933333	0.71435	0.70755	0.701566667	0.69695	0.691016667	0.6825	0.67265	0.663583333	0.65425	0.645983333	0.639783333	0.635183333	0.634133333	0.636583333	0.641966667	0.646083333	0.644316667	0.631633333	0.607866667	0.577983333	0.546483333	0.518383333	0.494283333	0.472283333	0.453833333	0.438583333	0.426066667
71	0.27685	0.278533333	0.285366667	0.300866667	0.325966667	0.355733333	0.383716667	0.404083333	0.419433333	0.43085	0.434716667	0.42855	0.412483333	0.39425	0.379916667	0.369566667	0.364	0.361566667	0.359066667	0.35685	0.357416667	0.362483333	0.372966667	0.38815	0.4071	0.42875	0.4512	0.474283333	0.50435	0.5439	0.58785	0.630983333	0.666383333	0.690133333	0.7049	0.713983333	0.719583333	0.721283333	0.71985	0.715733333	0.709333333	0.70105	0.693516667	0.6878	0.681766667	0.675516667	0.670316667	0.666533333	0.661133333	0.652933333	0.643466667	0.63475	0.6257	0.61765	0.611783333	0.6077	0.60775	0.611733333	0.618916667	0.624483333	0.6231	0.609766667	0.584433333	0.552666667	0.5193	0.490033333	0.46455	0.441683333	0.4227	0.407416667	0.3949
72	0.283316667	0.28525	0.292666667	0.3093	0.336033333	0.367316667	0.3962	0.416983333	0.432583333	0.4442	0.448116667	0.4419	0.425583333	0.407016667	0.3925	0.381966667	0.3763	0.3738	0.3713	0.369166667	0.369966667	0.37545	0.3865	0.402283333	0.42175	0.4438	0.466466667	0.489783333	0.52045	0.561033333	0.605883333	0.649583333	0.6851	0.708733333	0.723333333	0.73225	0.737716667	0.73915	0.737583333	0.733216667	0.726566667	0.71815	0.7104	0.7045	0.698333333	0.691983333	0.686616667	0.682583333	0.677066667	0.6688	0.6592	0.650466667	0.641316667	0.63325	0.62725	0.62315	0.62315	0.62695	0.63385	0.639033333	0.637033333	0.622683333	0.59635	0.563616667	0.529383333	0.498933333	0.473166667	0.449966667	0.430483333	0.414933333	0.402266667
81	0.299766667	0.301833333	0.309033333	0.325233333	0.351366667	0.38175	0.40925	0.428933333	0.443633333	0.45435	0.457966667	0.4524	0.437583333	0.420816667	0.407666667	0.3981	0.39295	0.390683333	0.388566667	0.387133333	0.388666667	0.394883333	0.406583333	0.422733333	0.44185	0.462666667	0.483983333	0.506483333	0.537483333	0.579883333	0.62645	0.670033333	0.70415	0.725783333	0.739016667	0.747066667	0.751816667	0.752716667	0.750133333	0.7447	0.73725	0.7282	0.720083333	0.713766667	0.70735	0.700716667	0.694933333	0.690566667	0.684866667	0.6765	0.666783333	0.658	0.64885	0.6407	0.634616667	0.630116667	0.629183333	0.63185	0.6374	0.64125	0.6385	0.624633333	0.59965	0.568666667	0.53605	0.506883333	0.481916667	0.459466667	0.440766667	0.425616667	0.412966667
82	0.293366667	0.2956	0.3032	0.320116667	0.34735	0.378833333	0.4071	0.427283333	0.44235	0.4534	0.4572	0.451516667	0.436433333	0.419283333	0.405833333	0.396	0.390716667	0.388383333	0.386266667	0.3848	0.3865	0.393116667	0.405216667	0.421916667	0.44155	0.462916667	0.484716667	0.507833333	0.539716667	0.583516667	0.631616667	0.676716667	0.711833333	0.73425	0.74775	0.75595	0.76075	0.7616	0.758766667	0.753116667	0.745333333	0.735966667	0.7275	0.720983333	0.71425	0.707283333	0.70135	0.6967	0.69075	0.68215	0.672216667	0.663066667	0.653633333	0.645233333	0.63895	0.634266667	0.63335	0.63605	0.641733333	0.6456	0.642783333	0.6282	0.602116667	0.5699	0.536033333	0.506	0.48015	0.456933333	0.4377	0.421933333	0.409383333
101	0.301866667	0.3042	0.31195	0.3295	0.3579	0.391216667	0.42135	0.4428	0.458933333	0.470933333	0.475233333	0.46925	0.4531	0.434666667	0.420366667	0.410133333	0.4046	0.4021	0.399916667	0.3985	0.400433333	0.407516667	0.42045	0.438283333	0.45925	0.4819	0.505083333	0.529616667	0.563366667	0.609383333	0.659883333	0.7073	0.744366667	0.768016667	0.782266667	0.7909	0.795933333	0.7969	0.7943	0.788666667	0.780916667	0.771483333	0.7628	0.756016667	0.749083333	0.7419	0.735666667	0.730883333	0.72465	0.715666667	0.705416667	0.695916667	0.686033333	0.677233333	0.6707	0.66585	0.665166667	0.668266667	0.6744	0.678566667	0.6751	0.65825	0.6285	0.592133333	0.555016667	0.522266667	0.4943	0.469566667	0.448783333	0.432133333	0.4186
102	0.310183333	0.3124	0.319916667	0.336866667	0.364666667	0.397466667	0.4275	0.448883333	0.465	0.47705	0.481433333	0.4754	0.459116667	0.4406	0.426233333	0.416033333	0.4105	0.408016667	0.4058	0.404383333	0.406183333	0.413166667	0.42605	0.44385	0.464866667	0.48765	0.511	0.535716667	0.56955	0.61565	0.666316667	0.714083333	0.75135	0.775116667	0.789383333	0.798033333	0.803216667	0.804233333	0.801783333	0.796316667	0.788666667	0.779316667	0.770766667	0.764183333	0.757366667	0.750316667	0.744133333	0.739416667	0.733283333	0.72435	0.71415	0.704666667	0.694833333	0.686066667	0.6795	0.674716667	0.674016667	0.677016667	0.683083333	0.687266667	0.683883333	0.666766667	0.636766667	0.6003	0.563166667	0.529916667	0.502016667	0.477166667	0.456316667	0.439416667	0.425983333
121	0.35025	0.350816667	0.356116667	0.36975	0.393	0.419866667	0.442233333	0.456633333	0.466733333	0.474066667	0.475783333	0.46995	0.4569	0.4423	0.4306	0.421666667	0.416383333	0.413616667	0.411483333	0.410633333	0.413083333	0.420116667	0.4321	0.447683333	0.46475	0.482133333	0.499833333	0.5199	0.54975	0.59085	0.633366667	0.669416667	0.694833333	0.709383333	0.7178	0.72275	0.725233333	0.724283333	0.7205	0.714333333	0.706566667	0.697666667	0.68975	0.683783333	0.677516667	0.67095	0.66505	0.660516667	0.655	0.647366667	0.63895	0.631433333	0.623533333	0.616616667	0.611483333	0.607433333	0.606266667	0.608033333	0.612483333	0.61655	0.6178	0.612833333	0.600283333	0.583116667	0.5639	0.54595	0.530366667	0.514983333	0.500983333	0.48905	0.478266667
122	0.34375	0.344433333	0.3499	0.363816667	0.387433333	0.4146	0.436983333	0.45135	0.4615	0.468883333	0.470633333	0.4648	0.451716667	0.437083333	0.425366667	0.416416667	0.4111	0.408383333	0.406466667	0.405866667	0.408533333	0.415816667	0.428183333	0.44425	0.4617	0.479416667	0.497516667	0.518033333	0.548533333	0.5906	0.634116667	0.6711	0.697083333	0.712	0.720533333	0.72545	0.727916667	0.726816667	0.72275	0.71625	0.70815	0.698916667	0.69075	0.6845	0.678133333	0.671366667	0.665233333	0.660533333	0.654866667	0.647016667	0.63835	0.6306	0.62255	0.61555	0.610316667	0.606166667	0.605	0.606783333	0.611333333	0.615383333	0.616416667	0.61115	0.59815	0.5805	0.560583333	0.542266667	0.526216667	0.51045	0.496116667	0.483966667	0.47315
131	0.269083333	0.271416667	0.279233333	0.296466667	0.323966667	0.355866667	0.38455	0.404816667	0.419866667	0.431316667	0.435483333	0.43005	0.415083333	0.397783333	0.384033333	0.3741	0.368766667	0.366366667	0.364133333	0.3625	0.363933333	0.370133333	0.38195	0.39845	0.418216667	0.440016667	0.4624	0.485583333	0.516716667	0.559116667	0.606483333	0.6521	0.68865	0.712416667	0.72675	0.735333333	0.7404	0.7414	0.73875	0.733216667	0.725483333	0.716116667	0.707583333	0.7012	0.694733333	0.688066667	0.682283333	0.677916667	0.672116667	0.6634	0.653233333	0.643816667	0.634066667	0.625466667	0.619016667	0.614233333	0.613333333	0.61615	0.6221	0.626316667	0.62365	0.608933333	0.582216667	0.549083333	0.514816667	0.484033333	0.4578	0.434066667	0.41455	0.399133333	0.38575
132	0.276333333	0.278933333	0.287116667	0.305083333	0.333666667	0.3667	0.396083333	0.4166	0.431816667	0.443333333	0.4475	0.442066667	0.427033333	0.409766667	0.3961	0.38625	0.381033333	0.378716667	0.376616667	0.3753	0.377216667	0.384033333	0.3965	0.413683333	0.4339	0.455866667	0.4783	0.501816667	0.533783333	0.577616667	0.626166667	0.672166667	0.708383333	0.731716667	0.7458	0.7543	0.759233333	0.76015	0.75735	0.75155	0.7436	0.734033333	0.725416667	0.71885	0.712216667	0.705316667	0.699383333	0.694833333	0.6889	0.6802	0.670066667	0.660616667	0.650916667	0.642266667	0.635883333	0.63105	0.629983333	0.632666667	0.638383333	0.642166667	0.6388	0.6231	0.5952	0.5611	0.52565	0.494183333	0.467366667	0.443233333	0.423233333	0.407233333	0.394183333
142	0.298716667	0.300083333	0.306033333	0.319433333	0.340883333	0.365833333	0.388766667	0.40525	0.417516667	0.426533333	0.429583333	0.4249	0.412583333	0.398266667	0.38665	0.378066667	0.373333333	0.371033333	0.368616667	0.366583333	0.36685	0.370933333	0.379833333	0.392583333	0.408216667	0.426016667	0.444483333	0.46335	0.488333333	0.521933333	0.559533333	0.596566667	0.627016667	0.6473	0.659983333	0.667783333	0.672716667	0.674333333	0.672833333	0.668433333	0.6618	0.6537	0.646533333	0.641466667	0.636316667	0.630783333	0.625966667	0.622533333	0.617716667	0.610116667	0.600983333	0.592516667	0.58375	0.576066667	0.5703	0.56575	0.564433333	0.566383333	0.571033333	0.5748	0.574466667	0.565866667	0.548783333	0.5261	0.501966667	0.479266667	0.460033333	0.442233333	0.426883333	0.4145	0.404033333
151	0.262533333	0.263916667	0.270433333	0.28495	0.307566667	0.33355	0.358066667	0.376483333	0.390516667	0.400916667	0.4045	0.399616667	0.385933333	0.369933333	0.357016667	0.347583333	0.342616667	0.340233333	0.337433333	0.334483333	0.333666667	0.336616667	0.3443	0.356166667	0.372016667	0.391416667	0.411766667	0.431533333	0.45575	0.486483333	0.520933333	0.55705	0.5891	0.61195	0.626633333	0.63605	0.642416667	0.645416667	0.645683333	0.642983333	0.637766667	0.630716667	0.624283333	0.6198	0.615166667	0.61025	0.606183333	0.603483333	0.599166667	0.5917	0.582433333	0.573683333	0.564616667	0.556716667	0.550766667	0.546283333	0.545416667	0.548133333	0.553933333	0.558716667	0.5585	0.5488	0.5301	0.5055	0.4792	0.45475	0.433833333	0.414566667	0.398383333	0.385233333	0.374316667
161	0.302816667	0.303983333	0.3103	0.325033333	0.348866667	0.376933333	0.4035	0.423216667	0.438283333	0.4495	0.453316667	0.44755	0.431983333	0.414033333	0.399883333	0.389633333	0.384133333	0.3815	0.378633333	0.375866667	0.375483333	0.379333333	0.388383333	0.401933333	0.419533333	0.440483333	0.4623	0.483966667	0.511166667	0.545966667	0.58465	0.623816667	0.6568	0.67935	0.693733333	0.70285	0.708883333	0.711383333	0.7112	0.70835	0.703083333	0.696	0.689433333	0.684666667	0.679566667	0.674166667	0.669783333	0.66685	0.662333333	0.6548	0.6457	0.637233333	0.628416667	0.620616667	0.614916667	0.610766667	0.61055	0.614183333	0.62105	0.626633333	0.62645	0.615933333	0.59485	0.567716667	0.5388	0.51295	0.49045	0.469633333	0.452333333	0.438466667	0.426216667
