11	0.188648648	0.191005461	0.197812674	0.212963761	0.236930771	0.264549862	0.290955918	0.31021775	0.325774666	0.338178957	0.342970031	0.338854418	0.323302685	0.304222021	0.289797197	0.280636408	0.276029284	0.274573531	0.272880052	0.27017792	0.270139286	0.274744901	0.283749522	0.297863692	0.316951607	0.339276994	0.361861552	0.38270134	0.406551509	0.436889473	0.474091147	0.516789082	0.556151768	0.584515598	0.603422568	0.61523485	0.622033305	0.625434211	0.62668043	0.624450641	0.620324067	0.615352429	0.608884065	0.603417413	0.598444488	0.593617669	0.590479189	0.588087472	0.584116599	0.576905146	0.567655708	0.558874022	0.550649355	0.543443543	0.53690333	0.5337709	0.534500216	0.538467005	0.546068758	0.55045995	0.541498009	0.519292002	0.489134949	0.45715231	0.426891113	0.400998061	0.376837135	0.357329021	0.338936257	0.324471671	0.312283971
21	0.181954808	0.184308205	0.191274905	0.206275357	0.229293288	0.254919121	0.278977927	0.296496964	0.310399118	0.321188493	0.324869863	0.321250477	0.308122975	0.291725451	0.279064427	0.270859885	0.266718848	0.265477818	0.263970204	0.261261984	0.261101324	0.265197535	0.273312456	0.28606309	0.303368091	0.323591349	0.343859291	0.36213798	0.382645732	0.409096828	0.442280675	0.481012379	0.517615911	0.544491916	0.562653311	0.57414575	0.581045166	0.584768454	0.586224952	0.583965707	0.579679719	0.574533735	0.568177931	0.562927494	0.558210648	0.553706419	0.550577013	0.548166955	0.544418198	0.537403845	0.528263641	0.519380463	0.511240209	0.504133714	0.497443011	0.493914519	0.49391922	0.496787419	0.503090926	0.506893305	0.499622318	0.481159216	0.456113315	0.429026254	0.403229544	0.380676036	0.359640834	0.342259997	0.326864104	0.314084213	0.30188562
22	0.176590446	0.17900564	0.185831872	0.200617583	0.223396844	0.248936374	0.272961981	0.290293905	0.304102584	0.31509154	0.319169118	0.315854325	0.302565712	0.285794694	0.273031349	0.264755344	0.260642565	0.259340528	0.257813981	0.255209536	0.255013367	0.259144531	0.267207181	0.279811154	0.296812769	0.316817697	0.336994699	0.355272265	0.375891686	0.402216487	0.435111554	0.473555404	0.509950455	0.536839945	0.555083014	0.566702595	0.573596816	0.577303823	0.578640383	0.576262467	0.571954439	0.566770896	0.560421487	0.555246053	0.550667631	0.546203478	0.543208659	0.540817768	0.53713667	0.53016233	0.521001628	0.512331346	0.504261354	0.497131965	0.490621931	0.487143901	0.487144537	0.490181993	0.496725538	0.501112137	0.494113575	0.47577899	0.450102856	0.422522463	0.396662249	0.373390117	0.35238493	0.334908385	0.31812423	0.305739529	0.294460402
41	0.19770946	0.200253189	0.207379044	0.222901691	0.247003589	0.273965358	0.298960164	0.316801055	0.330808966	0.341751631	0.345699738	0.342226047	0.328904985	0.311972038	0.298893288	0.290256743	0.285957549	0.284601016	0.282974934	0.28037099	0.280376438	0.284957677	0.293735312	0.307311853	0.325283148	0.346006088	0.366667552	0.385325463	0.406451655	0.433682089	0.467509174	0.506404087	0.542618436	0.569107237	0.587037763	0.598582343	0.605454114	0.609140259	0.610540214	0.608164731	0.603794977	0.598588344	0.592179218	0.586849763	0.582206544	0.577735096	0.57461269	0.572135832	0.568403506	0.561416355	0.552389572	0.543415308	0.535270501	0.528170426	0.521543451	0.517996462	0.51772383	0.520302436	0.526026037	0.528730199	0.520033435	0.499550445	0.472506188	0.443587019	0.416695447	0.392615815	0.370611337	0.352660522	0.336376359	0.323024127	0.311310418
42	0.206511733	0.209089114	0.216162107	0.231907348	0.256620015	0.28495644	0.31170788	0.330900147	0.346343103	0.35856829	0.363008621	0.358834478	0.343184088	0.323897882	0.309246581	0.299907831	0.295206027	0.293722114	0.292064096	0.289466152	0.28956266	0.294223416	0.303311689	0.317519366	0.336527368	0.358643214	0.380889472	0.401442899	0.425094465	0.454786338	0.490891032	0.531285228	0.567963561	0.594334626	0.612162352	0.623607787	0.630440665	0.633900316	0.635345368	0.633484252	0.629679634	0.625012706	0.618845091	0.613662156	0.608877281	0.604222685	0.601083069	0.598703723	0.594943153	0.588047087	0.579190109	0.570719335	0.562954936	0.556120093	0.549803982	0.546922518	0.547876597	0.551830583	0.559202327	0.563033543	0.553434121	0.530617669	0.50035728	0.468643599	0.438187135	0.412068682	0.388466434	0.369201331	0.35179161	0.336688676	0.324732684
51	0.23183701	0.235302725	0.243827438	0.262540061	0.291864902	0.324070394	0.352212281	0.371475796	0.38625696	0.397432883	0.400719158	0.395991873	0.381127103	0.36331152	0.34973675	0.340932303	0.336570968	0.335495818	0.334683292	0.333478031	0.335696659	0.343367373	0.356145595	0.374154003	0.395842039	0.418810214	0.441088426	0.462558457	0.490331751	0.528029929	0.572322182	0.617592253	0.654984441	0.679702694	0.695726088	0.705705745	0.711084787	0.712846103	0.71198942	0.707451329	0.701292152	0.694596026	0.68677482	0.679996159	0.673747913	0.667686182	0.663007859	0.659136097	0.654087766	0.646127393	0.636674134	0.627612286	0.619314118	0.612006938	0.605292005	0.601581695	0.601547563	0.604209841	0.609514517	0.610232479	0.597078698	0.571074347	0.537990975	0.5035203	0.471067489	0.443070801	0.417496046	0.396800372	0.378947548	0.36280354	0.35024913
52	0.218835953	0.22230849	0.230774545	0.249419794	0.278936943	0.311742921	0.3407654	0.360772661	0.376344304	0.38824374	0.391785058	0.386641345	0.370684219	0.351729164	0.337475783	0.328223363	0.323699384	0.322543554	0.321635285	0.32035639	0.322594183	0.33034192	0.343383548	0.361894446	0.384407339	0.408453225	0.431934592	0.454766723	0.484379383	0.524454017	0.571683816	0.619624101	0.658895043	0.684619601	0.701099511	0.71124203	0.716646775	0.718416438	0.717449169	0.712778504	0.706487132	0.699431695	0.691265614	0.684080214	0.677278236	0.670722685	0.665832562	0.661643529	0.656303499	0.648017181	0.638157877	0.628707203	0.620021724	0.61242815	0.605465525	0.601832888	0.602148761	0.605377038	0.611463587	0.612631395	0.599159621	0.571748843	0.536952132	0.501305713	0.46698599	0.438218482	0.411671488	0.389747207	0.370630665	0.354529243	0.340992184
61	0.233310522	0.235498153	0.241957661	0.257195075	0.282640417	0.311779469	0.337044769	0.353717605	0.366661937	0.377116447	0.380782928	0.376645631	0.362323427	0.344784469	0.331421155	0.322758803	0.318099383	0.316351383	0.315094414	0.313749006	0.31589531	0.32325394	0.335551269	0.352882074	0.373508581	0.395142957	0.416196337	0.436842197	0.464369034	0.502322019	0.547096537	0.59208985	0.628418425	0.651894295	0.666918634	0.67602971	0.680606949	0.681635836	0.679932812	0.67467872	0.668029234	0.660961845	0.653003517	0.64612955	0.639821354	0.633776965	0.629115475	0.625170734	0.620078049	0.612198318	0.60300535	0.594334714	0.586306624	0.579211326	0.572616489	0.569184814	0.56913981	0.571900304	0.57810667	0.581449961	0.573562364	0.553832602	0.527179785	0.498424408	0.471020711	0.44630142	0.424348171	0.406602967	0.389450749	0.375260049	0.363175128
62	0.21700204	0.21987181	0.227161292	0.243676474	0.270566216	0.301224817	0.327761896	0.345377896	0.359035002	0.370170368	0.374404414	0.370727499	0.356707903	0.339435048	0.326213716	0.317646776	0.313196021	0.31163993	0.310525718	0.309389004	0.311689029	0.319304503	0.331978646	0.34973951	0.370911943	0.393207764	0.414851863	0.435949215	0.464080115	0.503005277	0.549730154	0.597305048	0.63624192	0.661779433	0.678010727	0.687831919	0.692869488	0.693930053	0.692102589	0.686352601	0.679046549	0.671303261	0.662690583	0.655332467	0.648631916	0.642272189	0.637409713	0.633072353	0.627646147	0.619353869	0.609366819	0.599867023	0.591121867	0.583441692	0.576397314	0.572379492	0.571913313	0.574223561	0.579898739	0.582263969	0.572293667	0.549765481	0.51985623	0.487883585	0.457568712	0.431746428	0.407575076	0.387713459	0.370037771	0.354860018	0.342257041
71	0.178582204	0.181263615	0.188447128	0.204527985	0.23015498	0.259537271	0.286547272	0.305527244	0.320502278	0.332286699	0.336357993	0.331803657	0.3162309	0.297359872	0.283124894	0.273943314	0.269247319	0.267770041	0.266462861	0.264461377	0.265470774	0.271472942	0.282231537	0.298244308	0.318635053	0.341324528	0.36388877	0.385340301	0.411778398	0.446833529	0.488920704	0.534379787	0.574005561	0.601191573	0.618970109	0.629877231	0.635802294	0.638120453	0.637939239	0.63423691	0.628807845	0.622700346	0.615174882	0.608607762	0.602595173	0.596797789	0.592637341	0.589289099	0.584557104	0.576796722	0.567362678	0.558459266	0.550309201	0.543077557	0.536416183	0.53331108	0.534084173	0.538026667	0.545328889	0.549062721	0.53899803	0.515804834	0.484969594	0.452143111	0.421830509	0.394949156	0.370167207	0.350048623	0.331808231	0.316713973	0.304006984
72	0.200391815	0.203273709	0.210904053	0.227680375	0.254222815	0.283904101	0.310862831	0.329558654	0.344159159	0.355548568	0.359330669	0.354991283	0.340159325	0.321948303	0.30811432	0.299077636	0.29444787	0.292994711	0.291654346	0.289742208	0.29093032	0.297066521	0.308010134	0.324219108	0.344534167	0.366975474	0.389032886	0.409798107	0.435564293	0.4700354	0.51171993	0.556453586	0.595340226	0.622034858	0.639405915	0.650082902	0.655883251	0.658114362	0.657744964	0.65367118	0.647816022	0.64137265	0.633780678	0.627287188	0.621359137	0.615684588	0.611470979	0.607961084	0.603192445	0.595415476	0.585936896	0.576851989	0.568588388	0.561330215	0.554527203	0.551076398	0.551228369	0.55443412	0.560803267	0.563273871	0.552857125	0.529677935	0.499217435	0.467234561	0.436656006	0.409938083	0.385823735	0.365670446	0.348298941	0.333916318	0.321556655
81	0.208535429	0.211317655	0.218416578	0.234297671	0.25963548	0.287751609	0.312652542	0.329979933	0.343266315	0.353574312	0.356754494	0.352762225	0.339415108	0.323171868	0.310738793	0.3026668	0.298524775	0.297276772	0.296175781	0.294814083	0.296611324	0.303393357	0.314853437	0.33109111	0.350755437	0.371816225	0.392340143	0.412048475	0.437988746	0.47392607	0.51721404	0.561948622	0.599168482	0.623771772	0.639593073	0.649385822	0.654654212	0.656421052	0.655443688	0.650540597	0.644034738	0.637022124	0.62907284	0.622228851	0.615859883	0.609749314	0.605154539	0.60126557	0.596286992	0.588413028	0.578900582	0.56977111	0.561327992	0.553942892	0.547038248	0.543121862	0.542619466	0.544976482	0.550521688	0.55253678	0.543069449	0.521885657	0.493918094	0.464334841	0.436235768	0.411474867	0.388859672	0.370050135	0.353486235	0.339036518	0.326982534
82	0.212084256	0.215218992	0.223066695	0.240386722	0.267858566	0.298226887	0.324987054	0.34370322	0.358133196	0.369094319	0.372630798	0.368530203	0.354423022	0.337253209	0.324190321	0.315704236	0.311419448	0.310209761	0.309182633	0.307888178	0.309993362	0.317299785	0.32957332	0.347072266	0.368131246	0.390589427	0.412402236	0.433586252	0.461526716	0.500289165	0.547001799	0.594904279	0.634585833	0.660683244	0.677475517	0.687704547	0.693132813	0.694707573	0.693331311	0.6880333	0.680965393	0.673454485	0.664951011	0.657624618	0.65088797	0.644430932	0.639391008	0.63516711	0.62974835	0.62132588	0.611247445	0.601629874	0.59276954	0.584951521	0.577709506	0.573593071	0.57318239	0.575610198	0.581131699	0.582701063	0.57099837	0.54656094	0.515020632	0.481922104	0.450501354	0.422604995	0.397907566	0.377802679	0.358679801	0.344289111	0.331257491
101	0.217878274	0.221021275	0.228923659	0.246422958	0.274730675	0.306493598	0.33443686	0.353552337	0.368370811	0.380070246	0.384230872	0.380135335	0.365465134	0.347444891	0.333777485	0.324924426	0.3202959	0.318787051	0.317588933	0.316302788	0.318530425	0.326204583	0.339073346	0.357239785	0.379020666	0.401999694	0.424316906	0.44599462	0.47435375	0.513294161	0.559787297	0.607268956	0.646624214	0.672690861	0.68955354	0.699979675	0.705579445	0.707316557	0.706220648	0.701188285	0.694402665	0.687093074	0.678785223	0.671703291	0.665272533	0.659076056	0.654148418	0.64997441	0.644624244	0.636413879	0.626395763	0.616872363	0.60807451	0.600198564	0.592880115	0.588867211	0.588345305	0.590659906	0.595971673	0.597041614	0.584628185	0.5589277	0.526010829	0.491358245	0.458942682	0.430545262	0.404870471	0.384141234	0.364983949	0.349563466	0.336670967
102	0.22428349	0.227532756	0.235576491	0.253634524	0.282915409	0.316068925	0.345656212	0.36609036	0.382051828	0.394488961	0.398766915	0.394049978	0.37801708	0.358752374	0.344248915	0.334828347	0.3299527	0.328457744	0.327245594	0.325895554	0.32814599	0.335957633	0.349218367	0.368111169	0.390925569	0.415203165	0.438923642	0.462049432	0.49217831	0.533232319	0.58191476	0.631680846	0.672748443	0.699813183	0.717310224	0.728097063	0.73399156	0.735829921	0.734822464	0.729889889	0.723191531	0.715947964	0.707437773	0.700085153	0.693233642	0.686668485	0.681537614	0.677209208	0.671693155	0.663147288	0.652942217	0.643035279	0.633935995	0.625910257	0.618535928	0.61440475	0.614213806	0.616973508	0.622643444	0.623619835	0.609666027	0.581196581	0.545200069	0.50767988	0.472924037	0.442812533	0.415737451	0.393714303	0.374258306	0.35753867	0.344595194
121	0.278939035	0.280435848	0.285848678	0.299721584	0.323158925	0.349204357	0.370280824	0.383373205	0.39314409	0.400908213	0.402908467	0.398536259	0.3861381	0.3712658	0.359704092	0.351845189	0.347471587	0.345728185	0.344758743	0.344094955	0.346986589	0.354908877	0.367235807	0.383844118	0.402367531	0.420886069	0.43865723	0.45690207	0.483000934	0.519033327	0.5601162	0.598606894	0.628225673	0.646806615	0.65887619	0.666389613	0.66992125	0.670058557	0.667905767	0.662201716	0.655237712	0.648248706	0.640408644	0.633639916	0.627526843	0.621504902	0.616801966	0.61273086	0.607890731	0.600705137	0.592238027	0.584421957	0.577284384	0.571073585	0.565126089	0.561863345	0.561391454	0.563109602	0.568532535	0.572656142	0.569208363	0.557302385	0.539684641	0.520023893	0.500761742	0.483214337	0.467215301	0.453274977	0.440061245	0.427936173	0.418028093
122	0.282708062	0.284155291	0.289464706	0.303369552	0.326934771	0.352809657	0.373709854	0.386484147	0.395876738	0.403406854	0.405266943	0.400743329	0.388130549	0.373034067	0.361255735	0.353320539	0.348803713	0.346885775	0.345735164	0.345094699	0.347897814	0.355678603	0.36790691	0.384312129	0.402566029	0.420761989	0.438157111	0.455995091	0.48139158	0.516163389	0.555148176	0.591564837	0.619267425	0.636641708	0.647868808	0.654719468	0.657965336	0.658140363	0.656044517	0.650524617	0.64397149	0.63750737	0.630081609	0.623673419	0.617839479	0.612174914	0.607571941	0.603724954	0.599076946	0.592084974	0.584083749	0.576554595	0.569666327	0.563725873	0.557980461	0.554837703	0.554351555	0.556116782	0.561454674	0.565851201	0.563108966	0.552022202	0.535548501	0.517250105	0.498953348	0.482981058	0.467811962	0.455144278	0.442396573	0.430844838	0.421031022
131	0.183498546	0.186849032	0.195195354	0.213169309	0.241575954	0.273570373	0.30185726	0.321298084	0.336478556	0.348575144	0.352829175	0.348705088	0.333646778	0.315206979	0.301151246	0.292095241	0.287460719	0.286056561	0.284785829	0.283156099	0.284873734	0.291905249	0.303947693	0.32135948	0.342828768	0.366057604	0.388823839	0.410607307	0.43824323	0.475612178	0.520724489	0.568410423	0.608882296	0.63604901	0.653496116	0.664135351	0.669892078	0.671759838	0.670748997	0.665849357	0.659222823	0.652114961	0.643893922	0.636904476	0.630494689	0.624363382	0.619674714	0.615756964	0.610499037	0.602251107	0.592266908	0.582553483	0.573681388	0.565825574	0.558643446	0.55467121	0.55445173	0.55724347	0.563130778	0.564890427	0.552923152	0.527361358	0.494301344	0.459767716	0.427337637	0.399136909	0.373370565	0.352095211	0.333877827	0.318022387	0.304943971
132	0.188397128	0.192040393	0.200855763	0.219798728	0.249575063	0.282768396	0.311634707	0.331161145	0.346255418	0.358247774	0.362575054	0.358641232	0.344036072	0.326005838	0.312243884	0.303271923	0.298792805	0.297504316	0.296459031	0.295201924	0.297556606	0.305285617	0.318272175	0.33661963	0.358572214	0.381973334	0.40473375	0.426741697	0.455075828	0.49381145	0.540282249	0.58832428	0.628492409	0.655314969	0.672541156	0.68312447	0.688854699	0.690443012	0.68911199	0.683899819	0.676925751	0.669508319	0.661059458	0.653833328	0.647342876	0.641073357	0.636343969	0.632199987	0.62687757	0.618612927	0.608578266	0.598863044	0.589890719	0.581925273	0.574737565	0.570636417	0.570216951	0.572634832	0.578033251	0.579042858	0.565807621	0.538622956	0.504026961	0.468304277	0.434766071	0.405789268	0.379399973	0.357870348	0.338042084	0.32219716	0.309343623
142	0.208404252	0.210641981	0.216976312	0.23114726	0.25356852	0.278969437	0.30234634	0.318934528	0.331877142	0.342093536	0.345561515	0.341919516	0.328810912	0.312632767	0.30031049	0.292310211	0.288324999	0.28699298	0.285718049	0.283626759	0.284378683	0.289596995	0.298901185	0.312820254	0.330446124	0.350120355	0.369667594	0.387989577	0.410500268	0.44049718	0.477245917	0.517430001	0.552930221	0.577773148	0.59422598	0.604511845	0.610473542	0.613121622	0.613302218	0.609694154	0.604303416	0.598342253	0.591394266	0.585532078	0.580346453	0.575319696	0.571558604	0.568534398	0.564289307	0.557060869	0.547998241	0.539234475	0.531273537	0.524280765	0.517707117	0.51410442	0.513900031	0.516501539	0.522405729	0.525932699	0.518703486	0.50048107	0.47564739	0.44887177	0.423499146	0.40095346	0.380257536	0.363104752	0.347857063	0.334010635	0.322943692
151	0.168939702	0.171191455	0.177791937	0.192231563	0.214635614	0.240031086	0.26438308	0.282191302	0.296612592	0.308063347	0.312100618	0.308397017	0.294406057	0.277017485	0.263834302	0.255266408	0.251015197	0.249674415	0.247975615	0.245143612	0.244780943	0.248545095	0.256337576	0.268843725	0.28602675	0.306523634	0.327306541	0.34618638	0.367318618	0.393854002	0.426890916	0.465765681	0.502755686	0.530235862	0.548986778	0.560954723	0.568121544	0.571944605	0.573664166	0.57177193	0.567818589	0.563005188	0.556763848	0.551645852	0.547126208	0.5427216	0.539715138	0.537458532	0.533739583	0.526723145	0.517636224	0.508866755	0.500799469	0.49368101	0.487086792	0.483810257	0.484126868	0.487627441	0.494755921	0.499317717	0.492672493	0.473992251	0.448416799	0.420766831	0.394466255	0.371379774	0.349996598	0.332404161	0.316973266	0.302415756	0.291523472
161	0.201997126	0.203494058	0.209174521	0.222504607	0.2440257	0.269006979	0.292707222	0.30974422	0.32336239	0.33423194	0.338006667	0.333945533	0.319418873	0.301615846	0.288103039	0.279218743	0.274650472	0.272984478	0.271122243	0.2683896	0.268264163	0.272633096	0.281183228	0.294458021	0.31212148	0.332710982	0.353428495	0.372690703	0.395262721	0.424247402	0.460003566	0.500394174	0.537177709	0.563400026	0.580946049	0.592059547	0.59865933	0.601993099	0.603144916	0.600737239	0.596448683	0.591443386	0.585050466	0.579625606	0.574647677	0.569859156	0.566642581	0.564072053	0.560297217	0.553276843	0.544450143	0.535954956	0.528100873	0.521241705	0.514943958	0.511839424	0.512368382	0.516078061	0.523776819	0.529222906	0.524264351	0.507785101	0.484517481	0.458777014	0.433953359	0.41276231	0.392246479	0.375710352	0.360562574	0.347275876	0.336121019
