11	0.173464453	0.174778591	0.180729522	0.19418479	0.217217862	0.244819587	0.271465232	0.291911015	0.307617691	0.320324454	0.326326374	0.322186202	0.306048448	0.287200586	0.273249723	0.263897893	0.259452382	0.257851566	0.256182423	0.253749087	0.25399852	0.258532002	0.267286435	0.281305862	0.300571118	0.323795781	0.346981941	0.36802436	0.391210696	0.421709429	0.460501046	0.503613933	0.542850212	0.571487789	0.588600188	0.598910111	0.60595627	0.609636948	0.609778735	0.607283736	0.602560283	0.59721524	0.591346218	0.585368921	0.579602247	0.575098921	0.571787452	0.568593276	0.564636908	0.558204697	0.54918985	0.538866397	0.530350122	0.523170526	0.517969598	0.516060884	0.516847032	0.520939278	0.527568898	0.530958341	0.522792021	0.501000277	0.470142365	0.436556269	0.404945994	0.377463551	0.354073481	0.334096608	0.316519569	0.302097319	0.289719096
21	0.16687188	0.168233804	0.174234236	0.187434126	0.20952166	0.235001133	0.259065476	0.277376293	0.291318719	0.302149446	0.306806962	0.303081409	0.28953292	0.273703337	0.261753303	0.253437219	0.249534817	0.248229387	0.246676641	0.244299831	0.244345085	0.248354868	0.256092003	0.268658861	0.286005796	0.306869743	0.327464762	0.345551588	0.365067616	0.391320413	0.425799823	0.464545655	0.500633716	0.52758923	0.543817442	0.553769732	0.560812615	0.564743414	0.56511887	0.562647803	0.557842774	0.552430531	0.546770212	0.541019836	0.53557119	0.531421377	0.528297142	0.525097343	0.521358877	0.51514467	0.506165455	0.495903714	0.487393708	0.480273234	0.475101149	0.472967368	0.472821068	0.475678801	0.48090958	0.483576349	0.477089807	0.459665193	0.434367574	0.406353116	0.37977727	0.356598484	0.336001436	0.317903618	0.30278827	0.289825565	0.279033445
22	0.161096359	0.162560568	0.168319841	0.181367226	0.203269078	0.228837556	0.252938492	0.271216748	0.285132196	0.296322602	0.301558454	0.298013458	0.284175442	0.267893508	0.255719099	0.247269713	0.243276047	0.241832427	0.240255951	0.237942497	0.238096757	0.24210193	0.249815423	0.262320235	0.279437151	0.300163882	0.320807697	0.339118034	0.358937423	0.385313328	0.419725293	0.458591374	0.494868262	0.522042813	0.53854507	0.548702308	0.555780533	0.559778648	0.560126113	0.557535087	0.552640749	0.547180864	0.541434263	0.535659874	0.530211625	0.526044535	0.522996201	0.519843387	0.516105204	0.509908049	0.501015462	0.490813839	0.482187305	0.475110599	0.470060342	0.46793207	0.467989993	0.470998225	0.476539686	0.479865307	0.473936233	0.456183547	0.430092786	0.401393568	0.373864125	0.349949238	0.328875087	0.31109617	0.295420543	0.282290869	0.27163265
41	0.182024633	0.183481201	0.189595397	0.203290319	0.226415811	0.253336523	0.278489421	0.297301464	0.311453923	0.322600702	0.327564765	0.323932642	0.310059426	0.293642143	0.281178185	0.272443702	0.268296051	0.266837325	0.265260224	0.262905387	0.263135142	0.267555448	0.276041914	0.289461026	0.307658355	0.329118029	0.350193169	0.368846662	0.389151689	0.416372094	0.451785194	0.491112266	0.527200034	0.553885265	0.570108985	0.580172736	0.587266248	0.591315457	0.591700867	0.589056091	0.584045469	0.578502835	0.572667782	0.56683315	0.561336436	0.55708961	0.55388938	0.550581776	0.546838691	0.540588214	0.531585638	0.521272066	0.512681916	0.50547619	0.500297957	0.497976382	0.497729703	0.500388509	0.505092472	0.506974097	0.499084545	0.479467472	0.451715196	0.421592563	0.39338524	0.368894871	0.347552452	0.32937309	0.313366966	0.300155167	0.288641979
42	0.192211966	0.193784647	0.19983316	0.213705337	0.237450461	0.265760386	0.292828528	0.313369106	0.329105037	0.341623993	0.347256083	0.342893017	0.326621644	0.307516088	0.293366036	0.283717557	0.279178822	0.277570983	0.275955685	0.273614879	0.27391986	0.27850459	0.287352001	0.30146133	0.320708056	0.343775665	0.366732464	0.387616149	0.41072397	0.440790649	0.478606425	0.519588808	0.556291882	0.582984005	0.599073767	0.609037608	0.615953599	0.619744535	0.620322152	0.61822846	0.613899301	0.608911208	0.603335373	0.597564465	0.59192386	0.587443184	0.584218151	0.581010482	0.577126113	0.570859206	0.562130258	0.552249108	0.54403516	0.53714541	0.532343397	0.530714496	0.531622811	0.5356911	0.542107749	0.545040605	0.536293333	0.514285569	0.48318867	0.449412619	0.418076542	0.390834688	0.36753383	0.34733111	0.330370084	0.315886671	0.304022551
51	0.218111774	0.220512413	0.227876197	0.244415342	0.272538713	0.304779637	0.333381775	0.353749235	0.368663859	0.379965054	0.384383662	0.379563464	0.364212453	0.346846526	0.33391071	0.324921465	0.320703315	0.319515307	0.318786485	0.317865512	0.320326971	0.327862572	0.340277885	0.358061537	0.379883414	0.403601242	0.426308386	0.448017469	0.474818817	0.512454316	0.558014186	0.602987823	0.639780295	0.664702674	0.678976062	0.687486746	0.692972217	0.695023144	0.693172438	0.688396931	0.681608767	0.674547598	0.667340143	0.660048744	0.652969781	0.647197013	0.642471615	0.637798657	0.632814675	0.625703508	0.616295308	0.60573977	0.597029171	0.589700156	0.584290295	0.581988645	0.581907192	0.584567359	0.588902975	0.588831213	0.57649796	0.551182644	0.517532161	0.482045559	0.44889916	0.420527706	0.395513869	0.374639897	0.356537027	0.341636279	0.328750302
52	0.204912996	0.207327007	0.21461898	0.231171684	0.259418483	0.292140781	0.321650404	0.342739536	0.35833995	0.370238691	0.375048654	0.369861459	0.353517798	0.335055067	0.321471849	0.312131097	0.307696877	0.30647183	0.305658163	0.304602039	0.307078232	0.31477723	0.327452468	0.34577948	0.368465125	0.393160147	0.417038246	0.440081388	0.468589972	0.508618891	0.55676282	0.604210225	0.642742172	0.668515552	0.683104213	0.691617821	0.697206951	0.699151162	0.697063515	0.692140367	0.6852285	0.677898678	0.670347746	0.662680579	0.65516563	0.648948426	0.643941079	0.639002781	0.633750577	0.626252078	0.616371552	0.605567115	0.596548648	0.588863191	0.58322401	0.580859229	0.581098265	0.584372633	0.589338198	0.589654429	0.577032644	0.550868231	0.515458298	0.478429161	0.443590126	0.414108754	0.388617305	0.366688942	0.347879739	0.331959168	0.31894712
61	0.221369663	0.222540287	0.227996386	0.241378734	0.265598935	0.294643522	0.320453424	0.338086348	0.35103275	0.361563055	0.366274175	0.362023931	0.347158384	0.33009492	0.317385719	0.308620885	0.304059217	0.302278577	0.301109778	0.30009739	0.302484123	0.309720966	0.32165464	0.338725287	0.359515124	0.38180538	0.403290723	0.424156039	0.450555039	0.488358155	0.533902534	0.578268586	0.613923566	0.637506816	0.650619823	0.658215264	0.663081004	0.66432636	0.661727941	0.656334562	0.649187164	0.641896986	0.634622597	0.627310747	0.620294849	0.614656562	0.609997725	0.605289277	0.600323006	0.593405604	0.584419647	0.574343225	0.565823607	0.558749568	0.553663547	0.551545102	0.551513043	0.554206005	0.559204307	0.561698357	0.554630533	0.535990496	0.508775504	0.478960262	0.450388645	0.425654912	0.404293528	0.385608974	0.36879356	0.355122734	0.342720655
62	0.202503648	0.204363158	0.21054941	0.225170304	0.250945322	0.281527806	0.308849583	0.327534054	0.341302026	0.352573886	0.357906644	0.354079159	0.3395678	0.322641154	0.309954249	0.301213277	0.296911914	0.295289645	0.294212486	0.293283241	0.295925299	0.303498816	0.315828959	0.333491682	0.354933307	0.377982781	0.400222219	0.421761246	0.448895041	0.488073006	0.536070009	0.583398851	0.621777697	0.64733744	0.661755313	0.670013576	0.675159351	0.676552181	0.673522338	0.667514745	0.659713134	0.651789093	0.643843613	0.635973549	0.628548108	0.622458375	0.617473689	0.612405848	0.607072031	0.599620275	0.589846779	0.578965624	0.569758107	0.562016836	0.556353802	0.553705116	0.553270244	0.5557129	0.560376877	0.561866597	0.552463513	0.530510252	0.499943439	0.467087664	0.435765197	0.40880133	0.385367404	0.365032645	0.347870349	0.3326851	0.319920078
71	0.162494554	0.164086787	0.170275037	0.184556698	0.209194798	0.238240152	0.265472687	0.285536643	0.300577379	0.312459127	0.31772963	0.313143628	0.29707819	0.278687301	0.265155151	0.255961611	0.251496561	0.249948628	0.248623249	0.246844892	0.248094771	0.254050286	0.264483282	0.280306918	0.300866287	0.324299659	0.347287983	0.368894186	0.394356442	0.429382126	0.472847376	0.518289507	0.557406446	0.584791353	0.600618942	0.609989542	0.616170991	0.618723883	0.617388465	0.613417986	0.607444618	0.600947937	0.594046875	0.586962857	0.580158701	0.574629492	0.570365051	0.56617584	0.561544972	0.554644013	0.545366853	0.535059515	0.526337977	0.519057827	0.513845526	0.511954857	0.512747569	0.516741288	0.522958444	0.525755566	0.516760643	0.494506586	0.463137049	0.429169155	0.396962205	0.369496384	0.345492376	0.325201357	0.3076453	0.293072673	0.280326662
72	0.184926239	0.186795222	0.193222703	0.208086665	0.233458701	0.262986606	0.290104705	0.309885387	0.324472786	0.335927892	0.340890237	0.336347954	0.321010446	0.303372095	0.290294009	0.281169238	0.276811359	0.275268937	0.273977711	0.27230507	0.273671281	0.279780077	0.29039025	0.306290817	0.326808133	0.349938327	0.372439321	0.393353688	0.418100423	0.452469801	0.495395118	0.54006773	0.578649344	0.605579807	0.621126291	0.630229732	0.636239057	0.638676778	0.637097659	0.632742503	0.626409028	0.619704587	0.612706993	0.605680707	0.598950995	0.593582997	0.589372568	0.585092225	0.580399077	0.573398025	0.564023162	0.553494014	0.544691566	0.537379774	0.532076632	0.529930447	0.530179333	0.533325199	0.538611618	0.540350499	0.530528794	0.508288593	0.477415696	0.444144832	0.413018887	0.385463085	0.362019786	0.341609167	0.325212979	0.309903643	0.297406838
81	0.1925975	0.19435709	0.200268245	0.214156777	0.238101205	0.265759175	0.290493847	0.308552444	0.321855136	0.33195977	0.33608027	0.3319574	0.318278809	0.302720389	0.291189317	0.283181187	0.279329506	0.277994431	0.276966709	0.275816041	0.277805939	0.284452656	0.295394519	0.311257993	0.330975933	0.352499278	0.373271862	0.393052016	0.417601758	0.453204942	0.497210759	0.541568505	0.578249852	0.603008702	0.617027749	0.625249763	0.630824426	0.632791761	0.630590667	0.625466225	0.618466718	0.611260396	0.604004853	0.596619028	0.589550746	0.583884668	0.579186047	0.57452952	0.569666219	0.5626624	0.553218262	0.542626806	0.533801269	0.526403355	0.520880062	0.518341283	0.517772252	0.520047596	0.524442171	0.525554183	0.516690589	0.496974253	0.469346401	0.439157963	0.410434084	0.385329202	0.363596992	0.344732736	0.328796276	0.314889857	0.303345262
82	0.198745725	0.20086683	0.207609477	0.22292718	0.249237232	0.279650763	0.306789669	0.326443955	0.341011037	0.352079923	0.35672788	0.352408352	0.337845406	0.321171226	0.308784017	0.300198523	0.296088456	0.294826542	0.293926607	0.292855273	0.295256364	0.302462446	0.31440496	0.33161936	0.352828877	0.375963548	0.398303439	0.41971821	0.446554602	0.485356707	0.533004406	0.580579099	0.619671307	0.645939141	0.660843467	0.669542499	0.675119439	0.676941493	0.674467368	0.66895145	0.661485708	0.653704183	0.645828029	0.637968996	0.630444626	0.624255405	0.619199318	0.614090067	0.608785006	0.6012496	0.59128685	0.580200319	0.570902278	0.563028602	0.557227675	0.554501756	0.554011658	0.556478773	0.560991933	0.561668381	0.550863159	0.527421349	0.495381039	0.461028847	0.428858711	0.400798491	0.376788274	0.356074789	0.338674284	0.322790081	0.310731157
101	0.206515981	0.208668707	0.215409543	0.231060092	0.258181667	0.289981111	0.318478762	0.338592393	0.353538256	0.365304811	0.370572337	0.366378769	0.351337234	0.333873517	0.320926907	0.31192316	0.307517747	0.305912785	0.304829438	0.30374629	0.306239506	0.313835283	0.32628024	0.344143849	0.366027428	0.389690803	0.4124042	0.434311422	0.461470563	0.50002296	0.547174943	0.593893735	0.632311251	0.658196031	0.672998244	0.681748003	0.687424527	0.689487338	0.687326146	0.682107005	0.67494184	0.667459281	0.659719029	0.652255009	0.645116932	0.639281349	0.634410169	0.629455894	0.624320831	0.616986867	0.607188762	0.596265806	0.587048873	0.579298365	0.57355193	0.570779784	0.570215346	0.572404795	0.57642233	0.576452961	0.564733386	0.539834376	0.506339994	0.470733044	0.437828049	0.40835009	0.383543821	0.362577952	0.344142955	0.32908442	0.31616687
102	0.211389059	0.213587647	0.220422426	0.236379381	0.264043754	0.296861884	0.326764418	0.348031533	0.363936066	0.376447053	0.381852524	0.377124951	0.360791144	0.342055632	0.328206237	0.318666009	0.314042805	0.312408893	0.31127579	0.310123035	0.312623292	0.320327889	0.333129165	0.351667357	0.374492659	0.399301878	0.423442585	0.446730479	0.475643448	0.516526589	0.566046169	0.615210978	0.655481666	0.6824404	0.697825909	0.706879352	0.712651346	0.714735989	0.712583423	0.707448295	0.700261611	0.692651811	0.684819144	0.676979997	0.669399783	0.663258527	0.658136601	0.653049691	0.647628391	0.640022441	0.629920243	0.618690356	0.60932124	0.601285055	0.59530186	0.592569939	0.592393758	0.595263114	0.600019546	0.600374413	0.587564634	0.560469649	0.524207612	0.486199027	0.450439791	0.419815083	0.394001077	0.371666378	0.353162677	0.337295859	0.323672375
121	0.268793208	0.269367661	0.273742303	0.285749061	0.307868567	0.333908501	0.355510693	0.369348448	0.379071168	0.386790507	0.389609083	0.385005304	0.372124275	0.35774996	0.346928457	0.339071704	0.334894947	0.333043074	0.332151297	0.331786596	0.33482153	0.342564657	0.354432962	0.370639929	0.38929558	0.40836989	0.426613018	0.445080802	0.469807012	0.505584314	0.54744759	0.585441534	0.614410292	0.63319958	0.643666232	0.649725618	0.653491753	0.654009138	0.65074011	0.644914068	0.637549225	0.630389699	0.623250262	0.61616664	0.609373977	0.603830916	0.599008754	0.594259383	0.589632899	0.583386857	0.575256711	0.566266632	0.558528876	0.552283124	0.547797912	0.545962097	0.545344465	0.547255923	0.551576351	0.55457588	0.551799048	0.540906619	0.523241023	0.502826891	0.48287363	0.464613675	0.448660886	0.434411976	0.421562201	0.40922957	0.399171611
122	0.275820658	0.276203519	0.280447298	0.292536414	0.314930974	0.340880395	0.362139975	0.3756345	0.385023282	0.392471408	0.395177096	0.390471318	0.377305537	0.362701081	0.351675767	0.343654338	0.339334622	0.337326871	0.336283693	0.335862369	0.338820006	0.346470557	0.358209372	0.374195924	0.392462663	0.411241226	0.42914818	0.4472121	0.471218643	0.505627093	0.545260949	0.581009084	0.608138774	0.62558517	0.635178534	0.640726414	0.644197426	0.644692142	0.641688584	0.636198783	0.62927745	0.622541348	0.615801887	0.609041091	0.602546391	0.597299051	0.592818576	0.588210623	0.583920859	0.577976336	0.57019084	0.561419636	0.553846758	0.547866289	0.543644173	0.541907105	0.541367681	0.543164295	0.547452709	0.550715557	0.548718588	0.538981632	0.522522555	0.503397452	0.484386893	0.467554022	0.452367042	0.438805994	0.426562081	0.415959606	0.406239198
131	0.168705348	0.170864458	0.178021912	0.19402456	0.22144933	0.253391122	0.282375292	0.302897422	0.318214838	0.330527902	0.336124476	0.331783364	0.316176145	0.298099747	0.284669943	0.275352948	0.27093101	0.269386911	0.268197364	0.266871297	0.268812895	0.275803283	0.287602287	0.304834791	0.326501999	0.350552992	0.373987136	0.396104079	0.422839583	0.460375766	0.506933617	0.55454826	0.594566032	0.621858468	0.637493081	0.646630224	0.652527096	0.65465381	0.652565159	0.647492228	0.640427305	0.632983839	0.625255367	0.617692369	0.610468215	0.604659321	0.599957847	0.595157571	0.589986646	0.58254807	0.572538183	0.561357895	0.552035273	0.544174556	0.538407815	0.535996986	0.535777431	0.538509064	0.54331101	0.544222312	0.533106188	0.508401599	0.474380146	0.438346218	0.404561348	0.375350851	0.350576379	0.329229849	0.311379364	0.296183014	0.283029339
132	0.172069916	0.174582864	0.182098554	0.198923109	0.227525936	0.260530585	0.289732976	0.310269573	0.325435421	0.33755238	0.343067084	0.338887258	0.323867082	0.306423924	0.293459735	0.284505681	0.28022423	0.278786753	0.277892425	0.276962284	0.279511143	0.2871853	0.299712212	0.317779368	0.339966638	0.364032827	0.387290325	0.409494885	0.436681821	0.475344071	0.522886291	0.570642727	0.610188654	0.636971969	0.652239794	0.661234492	0.666939108	0.668889631	0.666355071	0.660830988	0.653491838	0.645766051	0.637767255	0.630009212	0.622779262	0.616924714	0.612064573	0.607123935	0.601880799	0.594427288	0.584413969	0.573202293	0.563954472	0.556093254	0.550237776	0.54758189	0.546999973	0.549402909	0.553684383	0.553633108	0.54126458	0.515190602	0.480259007	0.443325306	0.409041606	0.37947929	0.354251852	0.332393254	0.313927746	0.298648439	0.284913013
142	0.1928029	0.194037769	0.199307327	0.211856788	0.233513559	0.258807582	0.282262406	0.299733795	0.312892127	0.323261207	0.32770385	0.323724257	0.310172541	0.294549581	0.282901101	0.27488423	0.271020715	0.269556459	0.268276534	0.266639205	0.267554666	0.27258797	0.281571173	0.295299639	0.313225711	0.333738683	0.353766017	0.372226006	0.393654695	0.4236186	0.461824091	0.502299009	0.537755267	0.562862981	0.577647013	0.586603219	0.592706833	0.595686016	0.594791671	0.591027103	0.585223512	0.579010059	0.572492957	0.566131347	0.560143748	0.555387975	0.551609891	0.547677119	0.543536937	0.537054678	0.528043157	0.517795451	0.509162624	0.502112988	0.496980029	0.494814932	0.494426201	0.497013694	0.502022539	0.504409554	0.497593538	0.480238027	0.454799485	0.426898828	0.400585975	0.377411851	0.357169959	0.339690791	0.324344318	0.311299335	0.299934918
151	0.153441225	0.154625494	0.160075126	0.172890146	0.194526014	0.219735064	0.243803935	0.262556516	0.276993138	0.28855046	0.293725385	0.289892671	0.275552428	0.25875355	0.246240374	0.237609126	0.233475636	0.231892723	0.230247484	0.227884086	0.227688874	0.231368353	0.238754542	0.251036963	0.268269959	0.289475073	0.310696226	0.329500471	0.349467433	0.37578533	0.410245528	0.449487026	0.486387982	0.513956117	0.530838626	0.54135042	0.54870194	0.552928106	0.553563419	0.551443863	0.547009041	0.541828959	0.536051484	0.530287869	0.524906499	0.520826267	0.517846035	0.514685583	0.511110587	0.504964136	0.496109689	0.485811235	0.477086485	0.470073553	0.464988455	0.463045834	0.463292455	0.466719599	0.472776482	0.476398684	0.470668661	0.453079001	0.42703651	0.398149112	0.37048483	0.346762502	0.325963892	0.308013099	0.292235762	0.278948338	0.267721126
161	0.18699228	0.187336663	0.191812782	0.203400617	0.223784197	0.24817011	0.271437451	0.288996031	0.302497995	0.313357601	0.318171981	0.313809045	0.299069057	0.282056451	0.269370302	0.26057631	0.256209301	0.254373232	0.252593556	0.250179001	0.250234373	0.254419637	0.262492201	0.275498709	0.293158444	0.314235532	0.335241181	0.354319021	0.375480708	0.403978953	0.440984762	0.481374219	0.517707236	0.544015065	0.559667729	0.569218416	0.576001742	0.579667859	0.579637286	0.577071483	0.572366678	0.567033169	0.561230762	0.555266489	0.549584015	0.545173879	0.541955986	0.538628846	0.534930949	0.528885222	0.520217118	0.510280371	0.501810153	0.494968198	0.490120648	0.488495395	0.489058602	0.49270464	0.499242949	0.503718122	0.49966186	0.484651048	0.461478059	0.435328706	0.41028593	0.387973533	0.368606238	0.351632972	0.336701557	0.324126218	0.312757169
