11	0.167393234	0.169487007	0.175951577	0.191678398	0.21620773	0.243566395	0.270406108	0.289212667	0.304823938	0.315935485	0.320425326	0.316408949	0.299386155	0.281005161	0.267726456	0.259226925	0.25501943	0.25381702	0.251072137	0.248278951	0.248542339	0.252849589	0.262624987	0.277779725	0.297058993	0.319619725	0.342308735	0.364093964	0.38857068	0.418774817	0.457084003	0.501250176	0.539672532	0.567397577	0.585503538	0.596799648	0.602922993	0.605868554	0.606938155	0.605045197	0.600618809	0.594779182	0.588017177	0.582264995	0.576935905	0.572338448	0.568029143	0.564319381	0.560379919	0.553947818	0.544668432	0.535341241	0.526481892	0.518983539	0.513690723	0.510464235	0.511902244	0.517570628	0.5256501	0.531360812	0.525066537	0.502564575	0.474220128	0.442152396	0.411657678	0.383627947	0.357957378	0.337568565	0.318639539	0.303174998	0.289429169
21	0.157712172	0.159870858	0.166451792	0.181974888	0.205412272	0.230612277	0.255028888	0.272203187	0.286082315	0.295492882	0.298975505	0.295457215	0.281049896	0.265326855	0.253717913	0.246106093	0.242373072	0.241498328	0.238832181	0.236103747	0.236159877	0.240137606	0.24887284	0.26261549	0.280034651	0.300307167	0.320556034	0.339650453	0.360652198	0.38698775	0.421247202	0.461252019	0.496721419	0.522648932	0.539933548	0.550933486	0.5571024	0.56024473	0.5615892	0.559813151	0.555180165	0.549238932	0.542591068	0.537058719	0.532069411	0.527779269	0.52366758	0.520005922	0.516322952	0.510037155	0.500898334	0.49162447	0.482771965	0.475404043	0.469994433	0.466545537	0.467221091	0.47178128	0.478730847	0.484139054	0.479707748	0.461758564	0.438172685	0.411353898	0.385126094	0.361631799	0.338981715	0.320091278	0.303527533	0.289208479	0.276662516
22	0.155319753	0.15745119	0.163921477	0.179399903	0.202681	0.227993182	0.25259967	0.269581661	0.283530308	0.293249024	0.297140171	0.293924228	0.279071987	0.262959134	0.251101858	0.243374933	0.239639592	0.23861333	0.235925663	0.233271265	0.233336162	0.237242745	0.246000646	0.259670555	0.276940412	0.297166688	0.317448111	0.336746964	0.357977882	0.384291596	0.418257141	0.458218052	0.493814212	0.519954872	0.537423523	0.548450281	0.554603373	0.557795309	0.559081892	0.557131808	0.552480557	0.546500298	0.539791961	0.534355237	0.52935946	0.525146235	0.521060761	0.517424212	0.513855683	0.507546683	0.498377325	0.489170813	0.480358925	0.473057364	0.467667336	0.464341601	0.465177209	0.46986702	0.477034659	0.482741791	0.478504737	0.460316975	0.436239798	0.408613027	0.382000286	0.357911694	0.335105655	0.316246472	0.299405863	0.285390502	0.272009885
41	0.172907763	0.175178759	0.181901961	0.198118378	0.222629481	0.249186495	0.274707002	0.292108267	0.306332125	0.31612498	0.319898641	0.316498723	0.301578561	0.285136555	0.272936564	0.264965168	0.260959425	0.259959557	0.257319229	0.254650699	0.254925602	0.259182687	0.268692819	0.283259399	0.301463122	0.322551853	0.343393125	0.363179579	0.385071735	0.412419491	0.447652678	0.488055106	0.52356001	0.549363638	0.566602052	0.577578061	0.583758933	0.587004449	0.588325055	0.586357963	0.581713437	0.575727735	0.568958267	0.563458103	0.55831233	0.553957349	0.549710796	0.545961117	0.542229456	0.535929571	0.52673384	0.517465192	0.508543135	0.501250018	0.495824609	0.492357409	0.492855409	0.497243823	0.503651902	0.508002067	0.501659011	0.481370354	0.455626811	0.426863748	0.398769391	0.373650038	0.349826203	0.330780233	0.313862761	0.299200154	0.285974846
42	0.172902872	0.175148305	0.181689222	0.197872911	0.223095386	0.251838728	0.280104108	0.299504473	0.315884263	0.327875101	0.332898884	0.328718105	0.309859659	0.289655142	0.275118519	0.265872473	0.261394433	0.259925115	0.257222151	0.254511484	0.254811045	0.259556499	0.269757764	0.285510794	0.305541045	0.329137979	0.352995289	0.376337101	0.402724591	0.434730639	0.474082714	0.518584163	0.556582904	0.583515593	0.601140615	0.612205848	0.618194882	0.621056207	0.622293924	0.620706152	0.616537791	0.6109842	0.604359215	0.598681865	0.593298387	0.588371247	0.583938687	0.580083023	0.576182097	0.569674072	0.56059089	0.551475401	0.542863577	0.535598247	0.530385063	0.52781778	0.529885226	0.536049083	0.544792115	0.550716666	0.543500397	0.518880353	0.487462702	0.453267103	0.420452051	0.391593878	0.364835499	0.342396092	0.323673296	0.306975723	0.293271392
51	0.21084809	0.214032581	0.221924134	0.241316837	0.270869405	0.302247536	0.330619805	0.34914147	0.363751648	0.373412487	0.376523943	0.371959143	0.355807565	0.338771811	0.32630183	0.318205125	0.314223768	0.313534886	0.311745916	0.310477354	0.31279984	0.32027075	0.333701164	0.352546427	0.374431827	0.397437641	0.419609085	0.442200232	0.47039932	0.508049382	0.553168886	0.598767369	0.634565142	0.658408801	0.673530759	0.682825757	0.687408749	0.68859983	0.687722939	0.683487713	0.677118627	0.669642154	0.661544194	0.654616538	0.648061371	0.642192438	0.636502467	0.63147261	0.62653382	0.61946813	0.60993444	0.60058304	0.591595474	0.584126466	0.578575035	0.575019165	0.575648714	0.580023676	0.585833674	0.588167944	0.577811708	0.551749509	0.520538855	0.486476034	0.454155974	0.425459271	0.397566242	0.37595634	0.356613306	0.340494261	0.325392202
52	0.198026198	0.201136806	0.209046508	0.228549142	0.258614693	0.290879373	0.320405821	0.339867735	0.3553903	0.365754908	0.369093832	0.364083019	0.346530378	0.328303108	0.315024813	0.30645874	0.302231475	0.301501618	0.299551894	0.298217257	0.300608695	0.30824362	0.322093827	0.34163698	0.364427136	0.38876954	0.412397101	0.436583644	0.466950927	0.507324787	0.555678886	0.604030416	0.641736075	0.666589401	0.682149595	0.69162277	0.696229258	0.697289766	0.696223668	0.69187526	0.685236616	0.677499976	0.669051901	0.661659154	0.654515636	0.648195578	0.642274218	0.637037308	0.631785768	0.624270321	0.61422601	0.604375289	0.595074222	0.587184394	0.581426312	0.577929727	0.57896854	0.583851914	0.590361827	0.593006415	0.582070088	0.554608664	0.52152659	0.48535674	0.451156139	0.420211659	0.3919978	0.369250807	0.349298355	0.33145976	0.317193233
61	0.216257894	0.218142174	0.224138022	0.240177474	0.266170068	0.294720897	0.320412114	0.336444367	0.349349739	0.358468623	0.361968915	0.357971896	0.342207676	0.325384485	0.313070443	0.305004765	0.300760272	0.299338473	0.297059345	0.295698255	0.298050154	0.305298837	0.318273924	0.336418251	0.357174507	0.378859663	0.399794608	0.421695857	0.44977046	0.487561775	0.532867346	0.577876597	0.612376713	0.634834858	0.648742957	0.657314916	0.661175882	0.661616389	0.659865755	0.654971876	0.648092174	0.64035715	0.632139119	0.62521136	0.618633531	0.612854062	0.607227479	0.602186654	0.597379483	0.590424899	0.581155105	0.572059174	0.56348782	0.556147505	0.550813587	0.547472096	0.54811026	0.552479487	0.559090844	0.564128483	0.558916427	0.53953989	0.514676711	0.486152677	0.458453547	0.433504878	0.409456315	0.38970654	0.37257781	0.357413416	0.343610829
62	0.194755164	0.197304373	0.204078271	0.221430185	0.249067332	0.279226885	0.306269276	0.323392168	0.337107221	0.347000777	0.351087994	0.347428632	0.331817714	0.315039094	0.302766831	0.294850345	0.29066391	0.289416671	0.287278885	0.286151357	0.288694306	0.296205421	0.309714428	0.328522761	0.350085723	0.372656478	0.394466391	0.41714909	0.446135015	0.485577128	0.533419369	0.581461396	0.618882569	0.64345553	0.658744628	0.667814812	0.671881143	0.672335849	0.670386361	0.664971102	0.657412901	0.648983707	0.640064859	0.632480596	0.625480357	0.619365124	0.613392488	0.607878573	0.602545984	0.595090147	0.585157302	0.575270063	0.565851124	0.557938579	0.552071788	0.548227111	0.548573464	0.552632673	0.55893187	0.56289329	0.555338164	0.532759841	0.504201191	0.472189439	0.441678192	0.413908593	0.388659994	0.367236633	0.348214831	0.33221163	0.318321311
71	0.155296782	0.157614281	0.164388649	0.181126945	0.20712339	0.235811765	0.263071313	0.28137584	0.296232123	0.306553651	0.310418419	0.306048913	0.289065405	0.271075953	0.257996709	0.24953924	0.245314199	0.244247801	0.241816387	0.239727523	0.240928038	0.246696062	0.258113336	0.27505502	0.29558423	0.318332088	0.340779293	0.363211824	0.390158231	0.425136103	0.468223724	0.514517313	0.552798685	0.579127279	0.595995346	0.606255298	0.611498814	0.61330396	0.613000005	0.60966694	0.603946723	0.596958495	0.589190118	0.582374779	0.575993947	0.570442777	0.565232691	0.560588062	0.555997624	0.548969184	0.539568233	0.530243767	0.521363691	0.513842058	0.508557431	0.505450734	0.506893504	0.512583751	0.520384227	0.5254501	0.518397573	0.495469314	0.46640413	0.433974001	0.4026126	0.374526769	0.349004284	0.327440591	0.308669217	0.292862409	0.277745334
72	0.17696353	0.179550717	0.186570291	0.204141425	0.231058236	0.260316504	0.287682519	0.305724939	0.320286523	0.330274377	0.333995276	0.329685789	0.313356497	0.295886245	0.283065632	0.274744112	0.270473558	0.269420353	0.266982381	0.265007351	0.266354235	0.27241303	0.28415385	0.301282352	0.321828717	0.344396124	0.366514644	0.388533443	0.414910198	0.449576329	0.492374429	0.538184047	0.575951223	0.601996081	0.618641557	0.628737315	0.633747388	0.63534867	0.634757387	0.631035036	0.624849293	0.617531848	0.609621064	0.602849867	0.59648487	0.591020507	0.585777576	0.581097672	0.576421058	0.569336024	0.55969046	0.550141572	0.541189547	0.533566404	0.528028103	0.524557848	0.52552185	0.530393351	0.5373143	0.541538686	0.533905509	0.510902236	0.482170433	0.449931454	0.419093823	0.391524707	0.365704906	0.344461772	0.32583777	0.310184287	0.29537066
81	0.187554517	0.189996694	0.196566135	0.21299529	0.238718571	0.266047831	0.291084085	0.307762863	0.320952163	0.32967283	0.332688013	0.328873637	0.314230094	0.298901108	0.287680388	0.280317734	0.276612269	0.27562052	0.273574009	0.272083019	0.274044374	0.280510605	0.292611388	0.309696954	0.329458312	0.350499374	0.370835605	0.391747245	0.418170797	0.454021805	0.49808994	0.543329072	0.578998705	0.602677505	0.617841049	0.627151634	0.631573249	0.632727646	0.631642088	0.627038453	0.620237743	0.612555329	0.604305546	0.597106516	0.590502467	0.584776841	0.579189728	0.574114934	0.56941116	0.56218955	0.552591878	0.543089306	0.53402142	0.5263247	0.520620988	0.516628039	0.516843216	0.520921219	0.526898125	0.530570147	0.523722157	0.503467425	0.477620035	0.448609338	0.420266116	0.394627578	0.370445898	0.350388278	0.332698168	0.318046224	0.304384723
82	0.190517009	0.193387204	0.200800373	0.218785567	0.246637569	0.276462088	0.303610935	0.321753342	0.336097105	0.345677199	0.349062683	0.34499197	0.329441406	0.313038055	0.301044437	0.293253503	0.289310812	0.288486027	0.286473145	0.285183452	0.287455171	0.294592801	0.307638883	0.325997792	0.347223556	0.36975029	0.39154879	0.413941413	0.442353609	0.481104365	0.528565343	0.576775666	0.614766044	0.640029833	0.655891653	0.665495081	0.670101983	0.671077976	0.669601105	0.664749498	0.657430142	0.649177221	0.640382069	0.632974852	0.625897698	0.619619948	0.613660648	0.608325532	0.603131975	0.595510541	0.585407246	0.575451173	0.565834195	0.557722331	0.551722961	0.547760951	0.548019972	0.552132325	0.558143731	0.561264771	0.552217783	0.527950046	0.498202824	0.465531494	0.433592659	0.405086954	0.378619509	0.356930131	0.337822752	0.321823187	0.306982116
101	0.200408868	0.203283806	0.210660748	0.229008212	0.257658818	0.288753202	0.316868904	0.335247552	0.3498493	0.360009308	0.363910897	0.360067775	0.344102877	0.327065316	0.314563406	0.306449957	0.302183648	0.301049179	0.298924047	0.297569265	0.299962294	0.307467366	0.321026644	0.339958967	0.361754591	0.384695302	0.406800255	0.429426342	0.458029331	0.496597052	0.543357105	0.590668366	0.627997964	0.652862736	0.668573844	0.678208909	0.682954459	0.684117977	0.682879434	0.678255848	0.671194886	0.663245305	0.654784285	0.647690677	0.641049694	0.635069365	0.629203114	0.624024168	0.61903114	0.611647118	0.601706569	0.591867186	0.582538075	0.574572618	0.568530668	0.564569531	0.564656254	0.568532726	0.574066196	0.576539336	0.566811794	0.541363725	0.510082807	0.476310616	0.443752478	0.413944995	0.387238696	0.36557872	0.34569019	0.329242285	0.314730151
102	0.205297141	0.208145293	0.215695474	0.23435266	0.263877172	0.296152088	0.325809913	0.345448926	0.361075206	0.371962701	0.376021984	0.371575379	0.354136505	0.335633456	0.32220936	0.313529482	0.308951523	0.30792976	0.305722687	0.304272994	0.306656582	0.314284844	0.328197136	0.34785924	0.370748338	0.395096353	0.4187078	0.442922912	0.473453186	0.514427658	0.563784449	0.613603039	0.652738908	0.678777657	0.695135013	0.705118803	0.710031354	0.711219045	0.710015662	0.705477612	0.698549644	0.690502662	0.681916667	0.674471951	0.667317038	0.660940288	0.654857797	0.649476098	0.644105055	0.636469007	0.626326835	0.616315526	0.6065218	0.598307497	0.59212414	0.58825806	0.588750262	0.593324376	0.59962178	0.602207845	0.591237456	0.562959051	0.529490027	0.492750532	0.457626907	0.426370491	0.397581473	0.374800688	0.354665011	0.337467204	0.322493664
121	0.262752499	0.263951575	0.268878551	0.283414461	0.307341019	0.332639008	0.354005128	0.366597006	0.376287741	0.382839161	0.384636665	0.380471565	0.366959174	0.352731406	0.342131669	0.335078937	0.330960095	0.32962519	0.327647169	0.326958406	0.330018551	0.337695621	0.350673314	0.367989451	0.386700501	0.405317698	0.423051171	0.44260468	0.469138058	0.505209252	0.546535826	0.585091996	0.613206466	0.630813713	0.642183282	0.649365914	0.65211087	0.651742276	0.649386073	0.643918074	0.636839128	0.629200456	0.621182955	0.614257652	0.607834107	0.602111507	0.596289617	0.590948191	0.586398958	0.580096387	0.57185227	0.563824245	0.556054897	0.549605262	0.544894479	0.541599765	0.541777972	0.545306071	0.551092959	0.556915056	0.556040698	0.54510099	0.529596279	0.510153927	0.490539374	0.472497854	0.454267389	0.439283916	0.425028431	0.412359794	0.400992358
122	0.266956495	0.268025178	0.272771038	0.287324743	0.311203461	0.336312776	0.35736504	0.36950509	0.378852781	0.385121871	0.38678875	0.382584411	0.36891314	0.354590304	0.343853884	0.336647395	0.33252332	0.330922417	0.32883115	0.328036146	0.330902372	0.338458698	0.351257596	0.36828436	0.38666248	0.404782448	0.422084857	0.441034844	0.466683976	0.501244237	0.540449975	0.576772457	0.602977424	0.619192873	0.629503513	0.636152798	0.638831031	0.638484029	0.636342794	0.631342496	0.624605731	0.617401141	0.609794849	0.603458782	0.597386359	0.591958614	0.586471532	0.581454636	0.577190975	0.571153601	0.563078507	0.555235664	0.547769418	0.541625264	0.537206396	0.534146059	0.53448271	0.537851551	0.543594882	0.549702773	0.549581902	0.539145083	0.52462801	0.506687534	0.488482394	0.472029802	0.454535231	0.440805189	0.427039577	0.41540437	0.403641461
131	0.161926745	0.164880443	0.172646865	0.191562152	0.220639792	0.252139276	0.28095707	0.299926627	0.315100781	0.325845472	0.330010723	0.326018981	0.309315193	0.291457006	0.278394534	0.269956795	0.265708039	0.264573202	0.262338881	0.260691129	0.262567358	0.269537833	0.282464753	0.300907038	0.322629037	0.346156775	0.369063119	0.392185086	0.420598739	0.458346491	0.504864047	0.553441066	0.592666358	0.619129915	0.635757522	0.645844736	0.650737383	0.652029532	0.650939799	0.646479453	0.63950768	0.631500492	0.622905968	0.615602319	0.608784961	0.602817178	0.597109971	0.592029642	0.586956934	0.57933217	0.569156655	0.559016501	0.549367183	0.541203497	0.535245167	0.53142104	0.531848804	0.536406919	0.542675344	0.546105928	0.536762783	0.511107933	0.479454299	0.444482825	0.411495973	0.381535045	0.354484566	0.332436792	0.313205613	0.296111623	0.281681486
132	0.164732383	0.167956441	0.176088238	0.195795063	0.226093159	0.258436341	0.287571079	0.306363047	0.321275485	0.331804922	0.335929958	0.332136019	0.316096079	0.29886137	0.286236026	0.277987529	0.273892939	0.273018748	0.270990196	0.269695398	0.272182375	0.279831149	0.293614268	0.31282475	0.334958292	0.358508125	0.381264848	0.40444331	0.433306884	0.472196901	0.519583263	0.56811346	0.606767109	0.63270336	0.649012838	0.658879752	0.663588603	0.664639883	0.663231159	0.658270853	0.651094535	0.642841773	0.634124157	0.626650915	0.619808346	0.613799382	0.607857908	0.602492224	0.597435225	0.589771621	0.579586938	0.569483073	0.559945769	0.551864038	0.545817623	0.541822442	0.541991368	0.546013341	0.551733823	0.554223461	0.54372233	0.516794215	0.484441084	0.448891374	0.415041431	0.384700227	0.356852906	0.333877646	0.314077475	0.297438197	0.28179413
142	0.186871437	0.188783767	0.194590444	0.209336727	0.232170742	0.257089772	0.280767389	0.296793701	0.309727634	0.318565031	0.321840707	0.318342456	0.303996934	0.288605685	0.277343714	0.270091394	0.266376616	0.265344008	0.262997393	0.260941212	0.261878929	0.266872841	0.276883829	0.29168024	0.309478989	0.32927126	0.34883029	0.36818565	0.391153285	0.421117833	0.458883375	0.500140849	0.534728166	0.558929238	0.574703665	0.584689042	0.589879661	0.592026179	0.592124774	0.588899502	0.583253512	0.576530897	0.569204366	0.563139786	0.557554897	0.552685562	0.547821183	0.543527456	0.539404902	0.532748975	0.523479049	0.514337783	0.505589487	0.498146137	0.492776181	0.489207912	0.489619414	0.493833889	0.50022063	0.505288411	0.500705735	0.482952633	0.459948112	0.433758048	0.408025673	0.384678334	0.361994286	0.343718149	0.327453337	0.313485275	0.300943613
151	0.144891515	0.146747322	0.152919327	0.167887774	0.190812255	0.215795271	0.240446505	0.25780728	0.272126257	0.282175054	0.286086908	0.28263747	0.2672799	0.250597946	0.238397289	0.230518711	0.226699145	0.22560212	0.222799826	0.219943185	0.219738549	0.223412432	0.231888352	0.245312699	0.262616602	0.283123377	0.303942278	0.323650007	0.345164378	0.371541245	0.40557385	0.445940906	0.482058036	0.50876208	0.526748211	0.538129131	0.544567217	0.547997432	0.549716166	0.548237779	0.543965596	0.538225903	0.531680476	0.526376448	0.521405374	0.517103594	0.512947858	0.509451443	0.5058518	0.499493748	0.490292694	0.481016675	0.472022738	0.464747743	0.459505525	0.456304347	0.457251494	0.462343198	0.469987734	0.476135174	0.472065333	0.453978615	0.429813754	0.402536867	0.375890146	0.351547751	0.329116324	0.309851212	0.292874429	0.278375284	0.265261808
161	0.181237592	0.182396813	0.187557199	0.201367379	0.223281072	0.247736475	0.271569791	0.28794068	0.301417685	0.310837636	0.314457255	0.310581982	0.294773938	0.277832575	0.265434554	0.257336445	0.253051481	0.251727374	0.248802049	0.246022696	0.246196657	0.250274017	0.259433616	0.273593731	0.291368703	0.311900831	0.332579933	0.352553031	0.375388799	0.404176298	0.44065934	0.48221454	0.517844399	0.543155807	0.559949136	0.570541446	0.576306004	0.579165915	0.580218808	0.578178374	0.573615084	0.567665038	0.561018756	0.555262111	0.549981274	0.54547068	0.541144133	0.537479538	0.533884423	0.527447654	0.518484796	0.509501383	0.500955686	0.493844486	0.488793334	0.48568855	0.486900952	0.492341529	0.500387285	0.507691976	0.50567597	0.490472748	0.468940105	0.444009894	0.419496707	0.397000396	0.375351349	0.358024123	0.341730275	0.327896365	0.31373997
