11	0.1622	0.159766667	0.162033333	0.17135	0.191333333	0.222133333	0.2556	0.279083333	0.30015	0.323516667	0.339983333	0.33465	0.300766667	0.259866667	0.23045	0.212116667	0.20155	0.195566667	0.19095	0.187233333	0.18595	0.1884	0.195816667	0.20865	0.227183333	0.252683333	0.28325	0.3178	0.3612	0.404733333	0.448283333	0.496466667	0.537383333	0.565216667	0.581733333	0.590383333	0.59465	0.594533333	0.591266667	0.58625	0.57975	0.571983333	0.564266667	0.5574	0.550066667	0.543016667	0.538366667	0.5352	0.5298	0.522283333	0.51465	0.5086	0.5027	0.498716667	0.498916667	0.504966667	0.519416667	0.539233333	0.568633333	0.610683333	0.65385	0.6725	0.65855	0.622283333	0.581583333	0.551166667	0.525483333	0.5019	0.48025	0.462133333	0.44645
12	0.159483333	0.157083333	0.159316667	0.168566667	0.1884	0.219	0.252216667	0.2754	0.2963	0.31955	0.336016667	0.330683333	0.297016667	0.256233333	0.226966667	0.208766667	0.198166667	0.192183333	0.187566667	0.183916667	0.182616667	0.185033333	0.192316667	0.205033333	0.2233	0.2485	0.278816667	0.313133333	0.35625	0.39945	0.442516667	0.490233333	0.530633333	0.557983333	0.574233333	0.5826	0.586683333	0.58645	0.583	0.577833333	0.571233333	0.56345	0.555716667	0.5489	0.5416	0.53465	0.530066667	0.526933333	0.52155	0.514083333	0.506466667	0.500483333	0.49465	0.490783333	0.4911	0.49715	0.511666667	0.531566667	0.5609	0.603016667	0.646633333	0.66575	0.652216667	0.616483333	0.5761	0.546016667	0.520866667	0.4977	0.476333333	0.45845	0.4429
21	0.153266667	0.151216667	0.154	0.164033333	0.18465	0.2155	0.248766667	0.272183333	0.292966667	0.315316667	0.3306	0.3251	0.292516667	0.25315	0.224733333	0.206933333	0.196816667	0.191283333	0.186916667	0.1833	0.18195	0.184333333	0.1914	0.2037	0.221733333	0.24685	0.276816667	0.310366667	0.352033333	0.393383333	0.434416667	0.479783333	0.518	0.543766667	0.559366667	0.567733333	0.572166667	0.572766667	0.570783333	0.567333333	0.5621	0.55535	0.548083333	0.541233333	0.533733333	0.5264	0.52155	0.518533333	0.51335	0.506033333	0.49855	0.49275	0.487216667	0.483533333	0.4838	0.489616667	0.503966667	0.523716667	0.552166667	0.591566667	0.630666667	0.646116667	0.632033333	0.597816667	0.55895	0.529716667	0.504483333	0.481833333	0.461366667	0.44335	0.428383333
31	0.169566667	0.16715	0.169333333	0.178616667	0.198183333	0.228133333	0.2609	0.284133333	0.304866667	0.3273	0.3427	0.33705	0.3037	0.26345	0.234333333	0.216133333	0.2056	0.199766667	0.195133333	0.1912	0.189533333	0.1915	0.198083333	0.209983333	0.227766667	0.252866667	0.283166667	0.317216667	0.359333333	0.400233333	0.4403	0.4848	0.52255	0.548266667	0.56385	0.572233333	0.5768	0.577616667	0.576	0.57295	0.5681	0.561533333	0.5544	0.54765	0.5402	0.533016667	0.528383333	0.525483333	0.52035	0.513083333	0.505666667	0.500016667	0.494583333	0.491016667	0.491283333	0.497233333	0.51205	0.532716667	0.5625	0.603233333	0.64345	0.659333333	0.644833333	0.609966667	0.570783333	0.541233333	0.516066667	0.4933	0.47275	0.4554	0.440466667
41	0.1833	0.18035	0.1817	0.189683333	0.207333333	0.235016667	0.265816667	0.287866667	0.307666667	0.3293	0.344316667	0.338816667	0.3065	0.267466667	0.239333333	0.221733333	0.211566667	0.205733333	0.201216667	0.197333333	0.195766667	0.19775	0.2043	0.21615	0.233566667	0.25805	0.287533333	0.320733333	0.362333333	0.404033333	0.44565	0.4918	0.531066667	0.557916667	0.5741	0.582816667	0.58745	0.587966667	0.585683333	0.581783333	0.576283333	0.569283333	0.56205	0.55535	0.548066667	0.541083333	0.536583333	0.53375	0.528683333	0.52155	0.5142	0.5085	0.503016667	0.499433333	0.499716667	0.50565	0.519933333	0.53945	0.567883333	0.60775	0.6487	0.6676	0.65705	0.625566667	0.589516667	0.562583333	0.539366667	0.517833333	0.497933333	0.480316667	0.465716667
51	0.184466667	0.181616667	0.183366667	0.1922	0.2116	0.241766667	0.275183333	0.299016667	0.320433333	0.344116667	0.36085	0.355466667	0.320783333	0.2787	0.2484	0.22945	0.218533333	0.212266667	0.20745	0.20345	0.201783333	0.20385	0.210783333	0.2233	0.2418	0.26775	0.29915	0.33455	0.378566667	0.421783333	0.464383333	0.51185	0.55215	0.579616667	0.595966667	0.604533333	0.608983333	0.6093	0.606833333	0.602733333	0.597	0.5898	0.582366667	0.5756	0.568233333	0.561183333	0.556683333	0.553833333	0.548666667	0.541283333	0.533733333	0.5279	0.522366667	0.518783333	0.519383333	0.525883333	0.541216667	0.562116667	0.592683333	0.635616667	0.6791	0.6984	0.685766667	0.65075	0.61085	0.581633333	0.55655	0.533033333	0.511216667	0.492783333	0.477383333
61	0.189883333	0.186966667	0.188566667	0.196783333	0.215233333	0.2441	0.276283333	0.29945	0.3203	0.3433	0.359533333	0.354283333	0.3206	0.27985	0.250633333	0.232483333	0.222016667	0.216066667	0.211483333	0.207733333	0.206333333	0.208466667	0.215433333	0.22785	0.245983333	0.2712	0.301716667	0.336316667	0.379783333	0.4234	0.466983333	0.51525	0.556016667	0.583716667	0.600183333	0.608916667	0.6135	0.6139	0.611316667	0.607033333	0.601066667	0.593633333	0.585966667	0.578983333	0.571416667	0.564166667	0.559383333	0.556316667	0.551083333	0.54365	0.53605	0.530183333	0.524583333	0.521	0.521516667	0.527866667	0.542883333	0.563316667	0.593216667	0.635383333	0.678683333	0.699183333	0.688733333	0.6556	0.617166667	0.588983333	0.5647	0.541533333	0.519666667	0.501883333	0.487
71	0.1862	0.183416667	0.18525	0.19415	0.213616667	0.243816667	0.277216667	0.301116667	0.322516667	0.34595	0.362383333	0.356983333	0.322683333	0.281166667	0.251166667	0.232483333	0.22175	0.215633333	0.210866667	0.206916667	0.20525	0.207283333	0.214233333	0.2267	0.2452	0.2711	0.302366667	0.33755	0.381016667	0.423683333	0.465883333	0.512983333	0.5533	0.58115	0.597933333	0.606916667	0.6117	0.612483333	0.610383333	0.606666667	0.6013	0.594266667	0.586916667	0.58025	0.572966667	0.566066667	0.561616667	0.55885	0.553666667	0.54635	0.5388	0.532866667	0.527166667	0.523416667	0.523716667	0.529833333	0.54475	0.565166667	0.595083333	0.636933333	0.678783333	0.696583333	0.683183333	0.64815	0.608616667	0.57895	0.553633333	0.53	0.508266667	0.489083333	0.47395
81	0.183316667	0.18055	0.182066667	0.190233333	0.208166667	0.2361	0.267033333	0.289266667	0.3092	0.330716667	0.345466667	0.339966667	0.307866667	0.269366667	0.241633333	0.2243	0.2143	0.2087	0.204383333	0.200616667	0.1992	0.201466667	0.20835	0.220516667	0.238333333	0.262966667	0.2924	0.32555	0.367133333	0.409583333	0.452433333	0.49975	0.539966667	0.567616667	0.58445	0.593683333	0.598633333	0.599466667	0.597333333	0.593533333	0.588066667	0.58105	0.57365	0.566883333	0.559466667	0.552333333	0.547733333	0.54475	0.539583333	0.532333333	0.52485	0.519016667	0.513333333	0.509416667	0.509433333	0.5149	0.5287	0.547833333	0.575966667	0.615183333	0.655	0.67305	0.661966667	0.630133333	0.593616667	0.566216667	0.542216667	0.520333333	0.499766667	0.482033333	0.466533333
82	0.179366667	0.1766	0.178	0.185916667	0.203283333	0.230583333	0.260833333	0.282566667	0.3022	0.3234	0.33795	0.3324	0.300783333	0.26285	0.235566667	0.21855	0.208666667	0.203216667	0.1989	0.195166667	0.193716667	0.195883333	0.202583333	0.21445	0.231883333	0.25605	0.284966667	0.31765	0.35875	0.400583333	0.442816667	0.489483333	0.52925	0.5565	0.573116667	0.582216667	0.587133333	0.587866667	0.5857	0.58185	0.576383333	0.5694	0.56205	0.55535	0.548016667	0.541016667	0.536483333	0.533566667	0.528516667	0.52135	0.513933333	0.508166667	0.502583333	0.4987	0.49875	0.504233333	0.518	0.537133333	0.565066667	0.60415	0.6441	0.662116667	0.6511	0.619733333	0.583583333	0.556283333	0.532716667	0.51135	0.49155	0.474216667	0.458883333
91	0.172616667	0.170066667	0.1721	0.180583333	0.199183333	0.228466667	0.260616667	0.28295	0.3032	0.326233333	0.34275	0.337666667	0.303966667	0.2631	0.233716667	0.215516667	0.204816667	0.198666667	0.193966667	0.190183333	0.18865	0.190633333	0.197183333	0.208966667	0.226333333	0.25065	0.280233333	0.314266667	0.3572	0.39975	0.441933333	0.488733333	0.528033333	0.554283333	0.569533333	0.577183333	0.58065	0.57985	0.57575	0.569983333	0.562916667	0.554833333	0.5469	0.540083333	0.53275	0.525683333	0.520933333	0.517716667	0.5123	0.505016667	0.497683333	0.492	0.4866	0.48325	0.484166667	0.491083333	0.50635	0.5264	0.5556	0.59835	0.643733333	0.665116667	0.654116667	0.620633333	0.582233333	0.553983333	0.530683333	0.508933333	0.48875	0.471383333	0.456133333
92	0.171533333	0.168983333	0.170916667	0.179366667	0.1977	0.22665	0.258433333	0.2804	0.3004	0.323183333	0.339416667	0.334316667	0.301116667	0.260816667	0.23185	0.213866667	0.2033	0.1972	0.192583333	0.188816667	0.187333333	0.1893	0.195783333	0.20755	0.224766667	0.248816667	0.278033333	0.311616667	0.354016667	0.396283333	0.438216667	0.484683333	0.5237	0.549683333	0.56485	0.572466667	0.57595	0.5752	0.571166667	0.56545	0.55845	0.550383333	0.542583333	0.5358	0.528433333	0.5214	0.516716667	0.513516667	0.508216667	0.500966667	0.49365	0.487966667	0.482633333	0.47925	0.480166667	0.486933333	0.502	0.521666667	0.550566667	0.592883333	0.637783333	0.659	0.648233333	0.615283333	0.577366667	0.549733333	0.52655	0.50515	0.485316667	0.468	0.453266667
101	0.190516667	0.187916667	0.189566667	0.197883333	0.21625	0.244766667	0.276566667	0.29945	0.320016667	0.342366667	0.357883333	0.352516667	0.319683333	0.280033333	0.2515	0.2337	0.2235	0.217766667	0.213366667	0.209633333	0.208066667	0.2102	0.217	0.22905	0.246883333	0.271616667	0.3015	0.3353	0.377566667	0.419966667	0.4622	0.50875	0.548066667	0.57495	0.5912	0.600066667	0.60495	0.6057	0.603633333	0.599916667	0.594533333	0.5876	0.580266667	0.5735	0.56605	0.558933333	0.554366667	0.551466667	0.546266667	0.53905	0.5316	0.525733333	0.520166667	0.516366667	0.5165	0.522116667	0.536266667	0.555916667	0.584583333	0.624383333	0.664283333	0.6819	0.670183333	0.6378	0.600833333	0.572833333	0.548666667	0.52605	0.50565	0.486933333	0.47205
102	0.190466667	0.187833333	0.189483333	0.197783333	0.2161	0.244566667	0.276333333	0.299366667	0.320083333	0.342466667	0.357983333	0.35255	0.319716667	0.280066667	0.2516	0.2339	0.223766667	0.21815	0.21375	0.210016667	0.2085	0.210666667	0.21745	0.229633333	0.24755	0.272466667	0.30245	0.3363	0.378666667	0.42135	0.46405	0.511133333	0.551116667	0.578566667	0.595333333	0.604583333	0.60965	0.6106	0.6087	0.605066667	0.599733333	0.592866667	0.585516667	0.578733333	0.571283333	0.56415	0.559566667	0.556716667	0.5515	0.5442	0.536616667	0.5307	0.525066667	0.5212	0.521133333	0.526566667	0.5407	0.560433333	0.589266667	0.62935	0.66945	0.686966667	0.674916667	0.642016667	0.604566667	0.575766667	0.551233333	0.528366667	0.507116667	0.488483333	0.473316667
111	0.189083333	0.18635	0.187916667	0.196066667	0.214166667	0.242416667	0.27365	0.295816667	0.315616667	0.337133333	0.35165	0.345933333	0.313933333	0.275466667	0.247716667	0.230233333	0.220166667	0.214516667	0.210016667	0.2061	0.20445	0.206466667	0.21315	0.225133333	0.242933333	0.267566667	0.297	0.330016667	0.371216667	0.412866667	0.4548	0.501266667	0.541133333	0.56895	0.5862	0.595766667	0.600983333	0.601983333	0.600083333	0.5964	0.591016667	0.5841	0.576816667	0.570166667	0.562933333	0.55605	0.551666667	0.548866667	0.543683333	0.5364	0.528783333	0.522716667	0.51685	0.512633333	0.51235	0.517516667	0.531033333	0.549833333	0.577666667	0.616416667	0.654733333	0.671033333	0.658783333	0.62705	0.5909	0.563383333	0.539716667	0.517766667	0.497516667	0.480216667	0.464616667
112	0.18765	0.185	0.186516667	0.19445	0.211983333	0.239316667	0.269683333	0.291283333	0.310616667	0.331533333	0.345616667	0.339916667	0.308766667	0.2715	0.244566667	0.227633333	0.2179	0.212483333	0.208083333	0.20425	0.2027	0.204733333	0.211283333	0.223066667	0.24055	0.264683333	0.293433333	0.325683333	0.3661	0.407216667	0.448783333	0.4948	0.534383333	0.562116667	0.5794	0.58905	0.59435	0.59535	0.59355	0.59	0.584783333	0.577983333	0.57075	0.564166667	0.557016667	0.550233333	0.545916667	0.543166667	0.538033333	0.530816667	0.523233333	0.51725	0.5114	0.5072	0.506733333	0.51165	0.524716667	0.54325	0.570616667	0.60855	0.646416667	0.6624	0.650216667	0.618916667	0.583233333	0.555883333	0.53245	0.510883333	0.49105	0.473733333	0.458833333
121	0.162533333	0.160183333	0.16245	0.17135	0.190383333	0.219533333	0.251316667	0.273566667	0.293333333	0.314916667	0.329716667	0.324	0.291966667	0.253433333	0.22565	0.208166667	0.1982	0.192733333	0.188416667	0.184816667	0.183583333	0.185983333	0.193	0.205333333	0.223383333	0.247933333	0.2771	0.310083333	0.351633333	0.394016667	0.437	0.4842	0.523766667	0.550366667	0.566533333	0.575266667	0.579766667	0.580066667	0.577166667	0.572766667	0.56685	0.55955	0.55185	0.544716667	0.537033333	0.529666667	0.524816667	0.5217	0.51635	0.509116667	0.501683333	0.495916667	0.490483333	0.486933333	0.487333333	0.493283333	0.507366667	0.526233333	0.553616667	0.592583333	0.632733333	0.650483333	0.63905	0.607483333	0.570883333	0.543466667	0.520033333	0.498433333	0.478533333	0.460966667	0.446466667
122	0.160716667	0.15835	0.16065	0.169483333	0.188433333	0.217533333	0.249333333	0.2716	0.291466667	0.313183333	0.328066667	0.322416667	0.290166667	0.25145	0.223533333	0.206083333	0.1961	0.190583333	0.186266667	0.1827	0.181466667	0.183833333	0.190766667	0.203066667	0.221	0.24555	0.274783333	0.307883333	0.34955	0.392016667	0.435016667	0.482383333	0.5221	0.54885	0.565116667	0.5739	0.578483333	0.57875	0.5759	0.571466667	0.565533333	0.558183333	0.550483333	0.5433	0.535533333	0.5281	0.523233333	0.5201	0.5147	0.50745	0.5	0.494133333	0.488683333	0.485133333	0.48555	0.491616667	0.505933333	0.52505	0.552883333	0.5926	0.6336	0.651766667	0.640283333	0.608266667	0.571083333	0.543333333	0.5197	0.497816667	0.477866667	0.460416667	0.445633333
131	0.1856	0.182716667	0.184016667	0.1915	0.208316667	0.234883333	0.264516667	0.28575	0.3048	0.325516667	0.339466667	0.333666667	0.30245	0.26515	0.238283333	0.221366667	0.211616667	0.206216667	0.201766667	0.19785	0.196283333	0.198166667	0.204466667	0.2161	0.233433333	0.257383333	0.285983333	0.31815	0.358466667	0.399416667	0.4409	0.487	0.526333333	0.5535	0.5704	0.579716667	0.584783333	0.585633333	0.5837	0.580216667	0.5751	0.568366667	0.561183333	0.554566667	0.54735	0.540516667	0.536216667	0.533566667	0.5286	0.521583333	0.51415	0.508366667	0.502816667	0.499	0.4991	0.504516667	0.518133333	0.537033333	0.564583333	0.6032	0.642583333	0.66025	0.649466667	0.619266667	0.58425	0.557766667	0.535183333	0.514433333	0.495183333	0.47775	0.463283333
132	0.186	0.183033333	0.1842	0.1916	0.208166667	0.234366667	0.263633333	0.284533333	0.303366667	0.323833333	0.3376	0.331833333	0.3009	0.263916667	0.237233333	0.220416667	0.2107	0.20525	0.2008	0.196916667	0.195333333	0.1972	0.203383333	0.2149	0.231966667	0.255633333	0.283983333	0.31585	0.35585	0.39645	0.437583333	0.483166667	0.52195	0.548616667	0.565166667	0.574266667	0.579133333	0.57985	0.577816667	0.5743	0.569066667	0.56235	0.555233333	0.548633333	0.541483333	0.534733333	0.530483333	0.527883333	0.522866667	0.515866667	0.5085	0.502733333	0.497233333	0.493566667	0.493616667	0.49905	0.512583333	0.531166667	0.558433333	0.59675	0.636033333	0.6536	0.6436	0.61455	0.5805	0.55485	0.53295	0.5127	0.494016667	0.477383333	0.462933333
141	0.209416667	0.2045	0.204116667	0.2105	0.2273	0.2554	0.286916667	0.308283333	0.32755	0.349933333	0.365733333	0.3595	0.324083333	0.28125	0.250116667	0.23045	0.2188	0.212066667	0.207033333	0.202983333	0.20145	0.203566667	0.210383333	0.22285	0.241166667	0.2665	0.29735	0.3329	0.377883333	0.422833333	0.4671	0.5151	0.554316667	0.58005	0.594983333	0.6026	0.6061	0.605283333	0.601183333	0.59545	0.588316667	0.58	0.571533333	0.563833333	0.555583333	0.547783333	0.542566667	0.539066667	0.53335	0.5259	0.51855	0.513066667	0.50795	0.50505	0.506733333	0.514716667	0.53125	0.5523	0.582966667	0.627683333	0.675833333	0.702783333	0.699666667	0.6748	0.644616667	0.6241	0.605916667	0.588383333	0.572933333	0.559816667	0.54815
151	0.231016667	0.226116667	0.225066667	0.2293	0.241833333	0.263683333	0.288833333	0.30625	0.322083333	0.3398	0.351116667	0.344166667	0.314466667	0.280133333	0.255783333	0.240633333	0.232083333	0.227383333	0.223766667	0.2207	0.219666667	0.221816667	0.227916667	0.238833333	0.254833333	0.276883333	0.30345	0.334216667	0.374433333	0.418383333	0.464633333	0.514533333	0.555583333	0.582766667	0.598933333	0.607633333	0.612083333	0.61205	0.608633333	0.603616667	0.597033333	0.589133333	0.580733333	0.572733333	0.5642	0.556133333	0.5508	0.547333333	0.541616667	0.534116667	0.526566667	0.520666667	0.515133333	0.511666667	0.512433333	0.5191	0.533633333	0.552566667	0.580466667	0.62075	0.664616667	0.6904	0.69	0.67025	0.645566667	0.628666667	0.613666667	0.599283333	0.586033333	0.575283333	0.5647
161	0.2182	0.212566667	0.211483333	0.21685	0.2325	0.259466667	0.289966667	0.31045	0.32915	0.35095	0.366183333	0.359483333	0.3242	0.281833333	0.251016667	0.23145	0.21985	0.213116667	0.207966667	0.203716667	0.201966667	0.203916667	0.210633333	0.223016667	0.24135	0.266833333	0.29765	0.333133333	0.377833333	0.422566667	0.466966667	0.515383333	0.555316667	0.581966667	0.5977	0.605783333	0.6098	0.609466667	0.605833333	0.600566667	0.593733333	0.58575	0.577483333	0.569783333	0.561533333	0.5538	0.548766667	0.5454	0.53975	0.532416667	0.525	0.51935	0.5142	0.511233333	0.512866667	0.520883333	0.53755	0.559033333	0.590783333	0.63725	0.687416667	0.71545	0.712416667	0.687216667	0.656683333	0.636066667	0.618033333	0.60105	0.586266667	0.573666667	0.5623
171	0.2122	0.2074	0.2074	0.214866667	0.2337	0.26465	0.299016667	0.322316667	0.343283333	0.367666667	0.384933333	0.378633333	0.340933333	0.295316667	0.261933333	0.241166667	0.228916667	0.2216	0.216216667	0.212233333	0.210766667	0.21325	0.221166667	0.234733333	0.254266667	0.28185	0.315316667	0.3538	0.40175	0.44935	0.4961	0.547216667	0.58985	0.617816667	0.6336	0.64155	0.645333333	0.644533333	0.640516667	0.6348	0.627433333	0.618883333	0.610266667	0.602433333	0.594083333	0.585933333	0.58035	0.576733333	0.571016667	0.5631	0.555283333	0.549116667	0.543383333	0.540016667	0.541666667	0.5499	0.567316667	0.590033333	0.623866667	0.67235	0.723366667	0.749166667	0.74095	0.709083333	0.672816667	0.646816667	0.624266667	0.603116667	0.584833333	0.568383333	0.556433333
181	0.209566667	0.204783333	0.20445	0.210716667	0.226933333	0.254016667	0.284266667	0.30455	0.32275	0.343816667	0.358266667	0.3519	0.31805	0.27745	0.247866667	0.22945	0.218633333	0.212266667	0.2076	0.204116667	0.202816667	0.204983333	0.212066667	0.2241	0.241633333	0.266416667	0.296566667	0.331316667	0.375066667	0.4198	0.464733333	0.513283333	0.552883333	0.578533333	0.592866667	0.6	0.6033	0.602266667	0.59825	0.59265	0.585466667	0.577166667	0.5688	0.561083333	0.552833333	0.544933333	0.539433333	0.535866667	0.530366667	0.5228	0.51535	0.509616667	0.504283333	0.501233333	0.502966667	0.5107	0.52665	0.546883333	0.576783333	0.619633333	0.665466667	0.691783333	0.688783333	0.6639	0.635533333	0.616	0.598983333	0.581433333	0.566566667	0.553416667	0.54305
191	0.211416667	0.206433333	0.206083333	0.21305	0.230916667	0.26045	0.293033333	0.3149	0.334383333	0.356966667	0.37275	0.36665	0.331316667	0.28815	0.256216667	0.2361	0.224083333	0.216883333	0.21155	0.207633333	0.206033333	0.2083	0.215916667	0.229016667	0.24795	0.274516667	0.306733333	0.343483333	0.389066667	0.434616667	0.479683333	0.528766667	0.569383333	0.595816667	0.610666667	0.617983333	0.621183333	0.620083333	0.615933333	0.610116667	0.602716667	0.5942	0.585733333	0.578233333	0.570333333	0.562783333	0.557433333	0.553966667	0.548566667	0.54095	0.533416667	0.527516667	0.522	0.51875	0.520183333	0.527633333	0.54345	0.56385	0.593683333	0.635833333	0.67985	0.703733333	0.699683333	0.6747	0.646116667	0.625783333	0.607266667	0.589016667	0.573883333	0.5598	0.548966667
201	0.205716667	0.200183333	0.1992	0.204883333	0.220683333	0.247533333	0.2774	0.2974	0.315333333	0.336466667	0.351183333	0.3449	0.310916667	0.270166667	0.2404	0.221683333	0.210516667	0.2039	0.19895	0.195366667	0.194266667	0.19685	0.204666667	0.21765	0.235933333	0.2612	0.291583333	0.326683333	0.371566667	0.418766667	0.46685	0.518083333	0.55935	0.585516667	0.599883333	0.606733333	0.6096	0.6077	0.602433333	0.595366667	0.586966667	0.577666667	0.568616667	0.560433333	0.55185	0.543733333	0.537916667	0.533966667	0.528166667	0.52035	0.512816667	0.506983333	0.50145	0.49825	0.499816667	0.5074	0.523133333	0.54305	0.57275	0.616183333	0.663783333	0.691866667	0.6901	0.665883333	0.63755	0.618283333	0.601866667	0.58485	0.570716667	0.5578	0.5482
211	0.20635	0.20085	0.1999	0.205466667	0.220916667	0.247233333	0.276566667	0.29615	0.3138	0.334516667	0.349066667	0.34305	0.3097	0.269283333	0.239616667	0.220866667	0.209616667	0.2028	0.197716667	0.193916667	0.19255	0.194766667	0.202016667	0.214383333	0.232233333	0.2571	0.2871	0.3216	0.3652	0.41035	0.456183333	0.505733333	0.546033333	0.571616667	0.58555	0.592066667	0.594616667	0.59255	0.587133333	0.580083333	0.571866667	0.56285	0.554083333	0.546416667	0.538566667	0.531066667	0.525733333	0.522183333	0.516766667	0.509383333	0.5022	0.496766667	0.491616667	0.488816667	0.49085	0.498883333	0.514633333	0.533916667	0.561983333	0.60305	0.648666667	0.67605	0.675733333	0.654033333	0.628333333	0.61115	0.596583333	0.580716667	0.56735	0.5556	0.545933333
221	0.2234	0.21835	0.218	0.225183333	0.243766667	0.274716667	0.3093	0.33275	0.353916667	0.378833333	0.396566667	0.390133333	0.351333333	0.304433333	0.2701	0.248683333	0.236033333	0.228433333	0.222766667	0.21855	0.216966667	0.21925	0.22705	0.24055	0.260166667	0.2882	0.3223	0.361483333	0.410233333	0.45805	0.504766667	0.555883333	0.598366667	0.62605	0.641433333	0.648916667	0.6523	0.651266667	0.647183333	0.641333333	0.633883333	0.625283333	0.6166	0.6086	0.600083333	0.592	0.5864	0.582783333	0.577	0.569	0.561233333	0.5552	0.549666667	0.546583333	0.5486	0.557466667	0.575683333	0.599316667	0.6342	0.6843	0.73725	0.76445	0.756566667	0.72435	0.688416667	0.6621	0.639633333	0.619216667	0.6018	0.58535	0.574066667
231	0.222866667	0.21715	0.215816667	0.2214	0.237016667	0.263116667	0.292266667	0.312116667	0.329766667	0.34955	0.362533333	0.355466667	0.322333333	0.282933333	0.253933333	0.235633333	0.224983333	0.218733333	0.21395	0.210233333	0.208916667	0.211416667	0.21915	0.23205	0.250583333	0.276166667	0.306466667	0.341016667	0.384483333	0.430216667	0.476966667	0.5271	0.568216667	0.594983333	0.610266667	0.6183	0.62235	0.622	0.61885	0.614166667	0.607733333	0.5998	0.591416667	0.583483333	0.574983333	0.566766667	0.561083333	0.557433333	0.5518	0.543933333	0.536183333	0.53015	0.524566667	0.521116667	0.522183333	0.52905	0.5443	0.5645	0.594133333	0.635483333	0.6791	0.704066667	0.701933333	0.679233333	0.652866667	0.6346	0.618083333	0.60165	0.58855	0.575916667	0.5662
241	0.203083333	0.19865	0.1992	0.2074	0.22715	0.259183333	0.29435	0.317983333	0.3392	0.363966667	0.381616667	0.375433333	0.3376	0.291783333	0.25835	0.237583333	0.225316667	0.218116667	0.21285	0.2091	0.207866667	0.2106	0.218866667	0.232716667	0.252416667	0.279983333	0.313283333	0.351833333	0.400233333	0.448666667	0.49655	0.54845	0.591233333	0.618783333	0.634116667	0.641516667	0.644733333	0.643333333	0.638566667	0.632	0.62395	0.6149	0.606033333	0.597916667	0.58925	0.580983333	0.575133333	0.571266667	0.56535	0.5573	0.54945	0.543316667	0.537583333	0.534283333	0.535966667	0.544333333	0.561616667	0.584083333	0.617666667	0.666083333	0.717483333	0.7432	0.7344	0.70125	0.663916667	0.637333333	0.614283333	0.59205	0.57315	0.5562	0.54335
251	0.200466667	0.195616667	0.195383333	0.202033333	0.2192	0.247666667	0.279016667	0.2999	0.318583333	0.340566667	0.355866667	0.349466667	0.3145	0.272433333	0.241683333	0.2224	0.211	0.204283333	0.1993	0.1956	0.194316667	0.196783333	0.204333333	0.217033333	0.235216667	0.2608	0.29175	0.327416667	0.372333333	0.417983333	0.46355	0.512616667	0.552416667	0.577883333	0.591933333	0.59875	0.6017	0.60025	0.59565	0.589433333	0.581833333	0.573166667	0.564533333	0.5567	0.548366667	0.5403	0.534683333	0.53105	0.52545	0.517783333	0.510333333	0.504633333	0.499333333	0.496366667	0.49825	0.5065	0.522966667	0.543883333	0.575016667	0.6202	0.66905	0.696733333	0.692983333	0.666083333	0.635366667	0.614483333	0.59645	0.577833333	0.5622	0.548366667	0.537633333
261	0.199866667	0.195066667	0.194816667	0.20155	0.218716667	0.247183333	0.27855	0.299466667	0.31825	0.3402	0.355533333	0.34915	0.31425	0.272116667	0.241283333	0.222016667	0.2105	0.203716667	0.198716667	0.194983333	0.193666667	0.196033333	0.2035	0.216116667	0.234333333	0.259883333	0.29085	0.326516667	0.371383333	0.416833333	0.462166667	0.510966667	0.55065	0.57615	0.5903	0.597183333	0.600233333	0.598766667	0.594333333	0.588266667	0.5807	0.572116667	0.563566667	0.555783333	0.5475	0.5395	0.53395	0.530333333	0.524783333	0.517116667	0.509683333	0.504033333	0.4987	0.4957	0.4976	0.50585	0.522466667	0.543583333	0.574816667	0.620166667	0.669266667	0.697133333	0.693233333	0.665833333	0.634783333	0.61375	0.595916667	0.577033333	0.560833333	0.5471	0.536183333
271	0.227533333	0.2226	0.222316667	0.229483333	0.24795	0.278783333	0.313183333	0.336516667	0.357583333	0.3823	0.4	0.393616667	0.355133333	0.3086	0.27455	0.253283333	0.240683333	0.233133333	0.227516667	0.223316667	0.221783333	0.224166667	0.232016667	0.245516667	0.265166667	0.29295	0.3269	0.365916667	0.4145	0.462516667	0.509733333	0.561283333	0.604016667	0.631666667	0.647016667	0.654516667	0.657883333	0.656733333	0.65245	0.646416667	0.638933333	0.630183333	0.621383333	0.6134	0.604966667	0.596833333	0.591233333	0.587533333	0.58175	0.573766667	0.565966667	0.55995	0.554316667	0.551183333	0.5531	0.561733333	0.5796	0.602883333	0.637133333	0.68635	0.7383	0.764983333	0.757216667	0.72565	0.6902	0.664433333	0.642166667	0.621783333	0.604183333	0.588283333	0.57645
281	0.208516667	0.2037	0.203433333	0.210383333	0.22805	0.257383333	0.290166667	0.312616667	0.332816667	0.35635	0.37305	0.3668	0.330116667	0.2858	0.253466667	0.23335	0.221466667	0.214383333	0.209133333	0.20525	0.203766667	0.2061	0.213716667	0.22675	0.24565	0.272083333	0.3043	0.3415	0.388116667	0.434716667	0.48085	0.531166667	0.572633333	0.5994	0.61425	0.621383333	0.624533333	0.6233	0.618983333	0.613133333	0.6058	0.597283333	0.5886	0.580633333	0.572183333	0.5641	0.558466667	0.5548	0.54915	0.5413	0.533666667	0.527766667	0.522383333	0.5193	0.52105	0.52915	0.546233333	0.56835	0.601116667	0.648416667	0.69905	0.7261	0.720566667	0.690666667	0.655983333	0.632133333	0.611583333	0.5912	0.574016667	0.558683333	0.547283333
291	0.2046	0.201266667	0.202133333	0.209316667	0.225733333	0.252	0.281166667	0.30165	0.319883333	0.339916667	0.353416667	0.347333333	0.31605	0.278916667	0.252083333	0.235383333	0.225783333	0.220233333	0.215983333	0.21265	0.211416667	0.21365	0.220583333	0.232266667	0.249216667	0.272866667	0.301283333	0.333733333	0.374783333	0.417783333	0.461866667	0.509833333	0.549883333	0.576583333	0.592033333	0.6002	0.6043	0.604066667	0.600983333	0.596366667	0.590116667	0.582466667	0.57435	0.566683333	0.558366667	0.550383333	0.544783333	0.541233333	0.53565	0.527783333	0.519983333	0.5138	0.507866667	0.5039	0.504166667	0.510066667	0.524366667	0.54365	0.57215	0.612116667	0.653466667	0.674566667	0.66685	0.63775	0.605233333	0.5814	0.561066667	0.54065	0.521816667	0.506366667	0.493883333
292	0.20975	0.206333333	0.207116667	0.2141	0.2304	0.256466667	0.28545	0.305716667	0.32375	0.343783333	0.357233333	0.351133333	0.319833333	0.28265	0.2557	0.238983333	0.22935	0.223833333	0.219516667	0.216116667	0.214766667	0.216933333	0.223783333	0.23535	0.252166667	0.275733333	0.304	0.33635	0.377366667	0.420166667	0.463866667	0.51135	0.550733333	0.576733333	0.59165	0.5993	0.603033333	0.6025	0.599233333	0.59455	0.58825	0.580583333	0.572516667	0.5648	0.55655	0.548533333	0.543	0.539416667	0.533866667	0.526116667	0.51835	0.512216667	0.5064	0.502616667	0.502966667	0.50895	0.523233333	0.54255	0.57115	0.611083333	0.65265	0.673983333	0.66665	0.6382	0.6062	0.583033333	0.563233333	0.543033333	0.524933333	0.509733333	0.49765
