11	0.099581949	0.098079707	0.100171634	0.108301475	0.126738117	0.156248257	0.187889319	0.208704317	0.228116956	0.251902901	0.266083691	0.262363568	0.228106429	0.186918665	0.160612333	0.144526381	0.135212391	0.130228446	0.12587175	0.122321327	0.121374808	0.12376819	0.130060138	0.142595611	0.160160135	0.184491459	0.212643528	0.24417194	0.282663993	0.321105427	0.361015658	0.411621701	0.452403311	0.482203695	0.50086959	0.510956305	0.515103759	0.515637677	0.513640554	0.509662956	0.503764221	0.496587437	0.488788442	0.481377235	0.474475243	0.468876225	0.464751822	0.461617813	0.455699774	0.448396917	0.440923453	0.434805149	0.429228084	0.425108235	0.424307036	0.432581574	0.446883332	0.464951763	0.49425528	0.535013458	0.567284346	0.575979633	0.557655016	0.523708704	0.489450231	0.464503112	0.442466117	0.420414949	0.400714958	0.384342224	0.368310772
12	0.099193235	0.097742604	0.099888463	0.108030588	0.126564014	0.155832751	0.187365538	0.207844727	0.226937688	0.250563459	0.264454333	0.260731274	0.226743917	0.186148936	0.160087395	0.144139409	0.134919386	0.129887362	0.12552902	0.121981697	0.121018149	0.123547463	0.129525316	0.142193427	0.159630637	0.183842934	0.211866696	0.24311288	0.281180846	0.319329985	0.359027583	0.40903945	0.449318349	0.478421124	0.49630302	0.505813666	0.509580418	0.509826146	0.507715582	0.503576158	0.497639822	0.490595916	0.483018529	0.475622604	0.468787587	0.463108019	0.459092558	0.455868041	0.449884902	0.442859101	0.435347062	0.429241163	0.423766899	0.419677534	0.419088569	0.427370119	0.441640721	0.459538601	0.48858026	0.528689205	0.560349499	0.568747759	0.550600626	0.516874257	0.483692535	0.458916873	0.43677887	0.415255721	0.395339369	0.379989725	0.363948717
21	0.091057844	0.090088545	0.092898384	0.101883121	0.121307013	0.150635155	0.182028249	0.202641894	0.221540296	0.243929198	0.256358652	0.252351378	0.220630662	0.182496006	0.15790809	0.14275098	0.134065813	0.1297493	0.12581221	0.122151265	0.121023614	0.123874463	0.129660617	0.141873084	0.159070866	0.183176268	0.21047615	0.240325357	0.27602796	0.311592208	0.348767898	0.396022885	0.434053167	0.461544612	0.478491731	0.487840725	0.491736168	0.492724784	0.491775106	0.48929147	0.484882811	0.478908941	0.471689014	0.464055496	0.457373454	0.451637711	0.447645836	0.444405069	0.438564595	0.431933118	0.424962209	0.418682761	0.413314085	0.409133702	0.407959083	0.415728099	0.429256341	0.44667805	0.474299732	0.509464599	0.535099792	0.539369457	0.520285989	0.488474272	0.456386422	0.432219543	0.410355002	0.389649162	0.370333512	0.355224534	0.340527839
31	0.10594769	0.104727691	0.106890156	0.114761016	0.132817836	0.161291406	0.192468492	0.21266293	0.231764962	0.254528602	0.267699156	0.263522684	0.230297757	0.190339099	0.164577244	0.14879617	0.139537834	0.134866322	0.130508753	0.12671789	0.125195469	0.12759711	0.132958322	0.144509059	0.161454376	0.185761783	0.213688128	0.244571958	0.281400211	0.317317124	0.354102853	0.401425659	0.439437572	0.467006517	0.483951328	0.493248194	0.497224938	0.497945715	0.496996387	0.494841638	0.490944934	0.484914806	0.477661882	0.469888292	0.463250538	0.457662381	0.453692979	0.450206227	0.444442036	0.43805591	0.431438327	0.425289039	0.419949823	0.416054155	0.415293806	0.423669423	0.438570873	0.457756619	0.487660871	0.526102026	0.555241309	0.561079685	0.541621259	0.508991476	0.475816643	0.451908615	0.429905493	0.408455793	0.389655918	0.374254681	0.359819532
41	0.119668955	0.117100513	0.118191503	0.12541346	0.141125164	0.167710491	0.197335548	0.21670375	0.234421308	0.256070337	0.268936685	0.265213595	0.233043271	0.193195161	0.168432683	0.153883309	0.144520025	0.13966452	0.135687649	0.132564829	0.131321166	0.132890892	0.138835683	0.150553675	0.167093477	0.190571439	0.21735376	0.247729167	0.284827857	0.321306639	0.358872525	0.406769266	0.445201905	0.473878373	0.492149659	0.501863716	0.505149968	0.505293349	0.504194606	0.501513278	0.497210974	0.489810748	0.482840076	0.475388664	0.468368438	0.463545876	0.458894052	0.45525083	0.449802482	0.443701293	0.437241783	0.431344603	0.425820652	0.421709673	0.421919711	0.429557589	0.444405774	0.462706969	0.490563113	0.529244223	0.5606682	0.569701835	0.554562747	0.525536128	0.495229438	0.473602791	0.453310692	0.43369586	0.41622325	0.40156863	0.38677399
51	0.123687632	0.121221202	0.122891193	0.131149068	0.148485719	0.177473332	0.209735735	0.230708656	0.249912487	0.273385356	0.287711727	0.28419425	0.250171487	0.207683569	0.181168418	0.165583134	0.155521458	0.150385902	0.146158886	0.142917298	0.141518165	0.143345922	0.149786571	0.162181279	0.179485597	0.204205192	0.232743231	0.264841902	0.303852355	0.341148753	0.378843163	0.42751109	0.466619011	0.495848766	0.514014815	0.523651626	0.526726007	0.526940783	0.52586582	0.523033952	0.518398898	0.511066558	0.504102278	0.496555339	0.48935389	0.484593305	0.480043143	0.476527054	0.471111527	0.464775851	0.458129456	0.452035149	0.446373148	0.442259118	0.442593966	0.450447886	0.465820896	0.484897261	0.513663037	0.553426673	0.585061742	0.592102007	0.574036656	0.542084467	0.510130684	0.485914544	0.464185166	0.442921754	0.424277476	0.408362787	0.392878832
61	0.128380583	0.12585375	0.127376269	0.135175229	0.151657693	0.179693743	0.211183896	0.231951782	0.25078838	0.273926444	0.288219988	0.284979218	0.251005645	0.208779989	0.1827021	0.167457304	0.15745306	0.152688937	0.148736852	0.145579925	0.144380927	0.146541859	0.153296902	0.165746409	0.182996819	0.207540072	0.236020203	0.268079876	0.307642542	0.346329011	0.385978262	0.436600519	0.477099442	0.507118773	0.525661371	0.535607733	0.538895235	0.539167929	0.537804811	0.534507875	0.529641808	0.522148874	0.514857528	0.506922893	0.498983924	0.493935821	0.489291187	0.485760057	0.480185947	0.47348396	0.466749387	0.460588125	0.455063863	0.450951714	0.451540329	0.459384838	0.474790525	0.494018243	0.523038557	0.5639803	0.597728904	0.607644724	0.591834125	0.561089108	0.528958043	0.505967085	0.484027924	0.462464632	0.443273503	0.427784543	0.411942508
71	0.121304779	0.119010289	0.120821994	0.129344911	0.146854312	0.17646212	0.209466993	0.231051072	0.250588457	0.274615445	0.28935725	0.286039457	0.251247335	0.207704243	0.180844319	0.16500635	0.154588241	0.149693295	0.145524126	0.142047797	0.140694018	0.142678734	0.149468202	0.161866637	0.179330492	0.204510059	0.233801559	0.266280099	0.306018909	0.343707431	0.381639191	0.431039638	0.470776795	0.500625211	0.519024257	0.528929134	0.532268102	0.532697715	0.531721809	0.528862186	0.524509609	0.517519751	0.510521868	0.502843075	0.495009527	0.48995383	0.485517108	0.482337542	0.476871922	0.470178685	0.463442963	0.457331	0.45179374	0.447663345	0.448123891	0.456016611	0.471502434	0.4911695	0.520674296	0.561343879	0.593604327	0.600786385	0.581825238	0.547894092	0.514432887	0.489347349	0.466607422	0.44421503	0.425114686	0.408678909	0.392947171
81	0.120276929	0.117909283	0.119352592	0.127204529	0.143498162	0.170875366	0.201543369	0.221756849	0.239735918	0.261787443	0.274966562	0.271336841	0.23877968	0.198130275	0.173254894	0.158463797	0.148716745	0.144323624	0.14041578	0.137285759	0.136106357	0.138251595	0.145036709	0.157080584	0.173969634	0.197966171	0.225804367	0.256585294	0.294534779	0.331866148	0.370737227	0.420293188	0.460047574	0.489838826	0.508284146	0.518336584	0.521899617	0.522418747	0.521320417	0.51823261	0.513866473	0.507008103	0.499808025	0.491980487	0.483828736	0.47850206	0.473905071	0.47058742	0.464991292	0.458299409	0.451604201	0.445499144	0.439965527	0.435710887	0.435886094	0.443056445	0.457550871	0.476288325	0.504392955	0.543352423	0.574595961	0.582622551	0.566120276	0.535341757	0.503175858	0.479926545	0.458668654	0.437877683	0.419340772	0.403683754	0.388844552
82	0.120821564	0.118556909	0.119922934	0.12760106	0.143613143	0.170586073	0.200738468	0.220544517	0.238482396	0.260198798	0.273097993	0.269508305	0.237319501	0.197399529	0.17296366	0.158496454	0.148928445	0.144547302	0.140843868	0.137863365	0.136655654	0.138870492	0.145701314	0.157716234	0.174502373	0.198324723	0.225849309	0.256229342	0.294023551	0.331350914	0.370652693	0.420453413	0.460424822	0.490265979	0.508614109	0.518628856	0.522157553	0.522649997	0.52143467	0.518174381	0.513849276	0.506997867	0.499803996	0.492012968	0.483906844	0.478525367	0.4738547	0.470578449	0.465074831	0.458246775	0.451556693	0.445532715	0.439888713	0.435557538	0.435711539	0.442833264	0.457160904	0.475774943	0.503810914	0.542503439	0.573457569	0.581580532	0.565132087	0.533927541	0.50252444	0.478948226	0.457169992	0.436840264	0.417619986	0.40209937	0.387514606
91	0.105757202	0.103756891	0.105507811	0.113752256	0.130492919	0.159101196	0.1906153	0.210591225	0.228646373	0.252083116	0.266754541	0.263683848	0.229830615	0.187344674	0.161387981	0.145958969	0.135668223	0.130680082	0.126665801	0.123628414	0.122291419	0.124211341	0.130881212	0.142614119	0.159060006	0.18260586	0.210275544	0.241473915	0.280474056	0.318022426	0.356456918	0.40603325	0.445216551	0.474023454	0.491159543	0.499846619	0.502172758	0.5014362	0.498413887	0.493238824	0.487536017	0.47973029	0.472059618	0.464269977	0.456150043	0.450831734	0.446121786	0.442597505	0.436850898	0.430130806	0.423544448	0.417590063	0.412163868	0.408366644	0.40918568	0.417597328	0.433183062	0.452278687	0.481099263	0.523028127	0.558688078	0.569827646	0.553659514	0.521518277	0.488501141	0.465235026	0.444119182	0.422661073	0.404196092	0.388833656	0.373947512
92	0.10568918	0.103609099	0.105336209	0.113439187	0.130149281	0.158443395	0.189707224	0.209444582	0.227593863	0.250787028	0.265453977	0.262287917	0.228647068	0.186277422	0.160370577	0.144949146	0.134665952	0.129644487	0.125692845	0.122765711	0.121457695	0.123318802	0.129850856	0.14156703	0.157817332	0.181272541	0.208801553	0.239863735	0.278767639	0.316236547	0.354555204	0.404015992	0.442877751	0.471609987	0.488684428	0.497295877	0.499661834	0.498848267	0.495781193	0.490482497	0.484891313	0.477271012	0.469702257	0.462005079	0.453791825	0.448455393	0.4437296	0.44032906	0.434673104	0.427830228	0.421341009	0.415399175	0.410088136	0.406258126	0.406989343	0.415375749	0.43092334	0.450121563	0.479105808	0.521120067	0.556497788	0.567506302	0.551165728	0.519098562	0.4864221	0.462954976	0.442032839	0.421310745	0.402610006	0.387031717	0.372425053
101	0.125393358	0.123346351	0.124981051	0.133402898	0.150597927	0.179050732	0.210736091	0.231724755	0.250704216	0.273656091	0.287462647	0.28396237	0.250677941	0.209070375	0.183500968	0.168206374	0.158280338	0.153715865	0.150010522	0.146936556	0.145662407	0.147836973	0.154772525	0.167191948	0.184397328	0.20896741	0.237377362	0.268922584	0.30789977	0.345945989	0.385037459	0.434559766	0.474301394	0.504040144	0.522353611	0.53233214	0.536077468	0.536901122	0.535774819	0.532465327	0.528630722	0.522025962	0.514893476	0.50726047	0.498876521	0.493267768	0.488592151	0.485451897	0.479962548	0.473089037	0.466334791	0.459984173	0.454398128	0.450126863	0.449957383	0.456967973	0.47157097	0.490947175	0.519593809	0.558676515	0.589139826	0.596139578	0.578690594	0.546375062	0.514004216	0.48954339	0.467488767	0.445006899	0.426106105	0.40994796	0.39450817
102	0.122232312	0.120241196	0.121917992	0.130489048	0.147904664	0.176522701	0.208373502	0.229598172	0.248882906	0.272186018	0.286317048	0.282786205	0.248851612	0.206435868	0.180434439	0.164731761	0.154771613	0.150070357	0.146373241	0.143324222	0.142019009	0.144285686	0.151234746	0.163568669	0.180951071	0.205826057	0.23456938	0.266696745	0.306342853	0.345079837	0.384741528	0.434822408	0.474884388	0.504934578	0.523465266	0.533617534	0.537390457	0.538167499	0.536768422	0.533239216	0.529496409	0.522941337	0.515756431	0.508288447	0.499794674	0.493856002	0.489253215	0.486343332	0.480785001	0.473830735	0.466828919	0.460433463	0.454827331	0.45068223	0.450539882	0.45778135	0.472805852	0.492792538	0.522424751	0.562329445	0.593564311	0.600923197	0.582628014	0.548883289	0.515462497	0.490661371	0.467499564	0.445273017	0.424686183	0.408294617	0.392813326
111	0.125226353	0.123138374	0.1245472	0.132579179	0.148969308	0.176451399	0.207115225	0.226944803	0.245016824	0.266918563	0.279906088	0.276058812	0.243651596	0.20355009	0.178347304	0.163124854	0.153568871	0.148787692	0.144855672	0.141709435	0.140301266	0.142214516	0.148721684	0.16058008	0.177337158	0.201292443	0.228865925	0.259406916	0.297047228	0.33380767	0.371795103	0.420345446	0.459890906	0.49013002	0.509360578	0.52002633	0.524342667	0.525273546	0.523837172	0.520241257	0.516669495	0.510480861	0.503457811	0.496386715	0.48826353	0.482392468	0.477948505	0.4754393	0.469936175	0.462890475	0.456014371	0.449341074	0.443506485	0.438980025	0.438048834	0.444572844	0.458418765	0.477185201	0.505256356	0.543003323	0.572382029	0.579360787	0.562433992	0.53142508	0.500039085	0.47627537	0.455084428	0.43433979	0.415601087	0.400270458	0.385372714
112	0.122943241	0.120975398	0.122462104	0.130666765	0.147119385	0.174528504	0.205112953	0.224888872	0.243032739	0.264739206	0.277624067	0.27356881	0.241360103	0.201631663	0.176674888	0.161650608	0.152216882	0.147541673	0.143730302	0.140579397	0.139304044	0.141329234	0.147877286	0.159862997	0.17684958	0.200848913	0.2283204	0.258905488	0.296461517	0.333333614	0.371730601	0.420566772	0.460180951	0.490417827	0.509499294	0.520084196	0.524355955	0.525283993	0.523752679	0.520110682	0.516584239	0.510446584	0.503462853	0.496416963	0.488283304	0.482480006	0.478043841	0.475537245	0.470091675	0.463024893	0.4561238	0.449494357	0.443731587	0.439385531	0.438373472	0.44492413	0.458828505	0.47767293	0.506029097	0.543956523	0.572909298	0.57921333	0.561403688	0.529727021	0.498173722	0.474400544	0.452347878	0.430973956	0.411985784	0.397201795	0.382230139
121	0.098962011	0.097190438	0.099182013	0.107977649	0.124989131	0.152889904	0.183609823	0.203144319	0.220962876	0.242576624	0.255585673	0.251656807	0.219488731	0.180019329	0.155046189	0.140108109	0.130825932	0.126161531	0.122559217	0.119736654	0.118852955	0.121178029	0.127974343	0.140099299	0.157078593	0.180923243	0.208030075	0.23849703	0.276178183	0.313906663	0.353553824	0.403408161	0.442670935	0.471738336	0.489636021	0.499236708	0.502823008	0.502829346	0.500147273	0.495490253	0.491258606	0.484621012	0.477174774	0.469612059	0.460968439	0.454626042	0.449862548	0.447082706	0.441426295	0.434303957	0.427547445	0.421138879	0.415793673	0.412056459	0.411713677	0.419199784	0.433679352	0.452369095	0.480372902	0.518809045	0.5499451	0.558893444	0.54282506	0.512409995	0.480719586	0.457399234	0.436304721	0.415543773	0.396690216	0.382070239	0.366735203
122	0.094938883	0.093290769	0.095345316	0.104412755	0.122112655	0.150580661	0.182116983	0.202163098	0.220501665	0.242713123	0.256156879	0.252296543	0.219290941	0.17907883	0.153458284	0.138138048	0.128778737	0.12401583	0.120316608	0.117496271	0.116643748	0.119042259	0.125807866	0.138048004	0.155244781	0.179391844	0.206999545	0.237962429	0.276384778	0.314566139	0.354347846	0.404684678	0.444408772	0.473909715	0.492204241	0.502029371	0.505639161	0.505673837	0.502885535	0.498234689	0.493958174	0.487382865	0.479847483	0.472277419	0.463540955	0.456982905	0.452385272	0.449721465	0.443920727	0.436733617	0.429766273	0.423202076	0.417719411	0.413953046	0.413659728	0.421178817	0.435971481	0.455114009	0.483915388	0.522881938	0.554580051	0.563481775	0.546398468	0.5146247	0.482206946	0.458551363	0.43648661	0.415789912	0.395733438	0.380918121	0.365474586
131	0.115713483	0.113509351	0.114835048	0.122552856	0.138136414	0.164526142	0.194137391	0.213258807	0.230802503	0.25213162	0.264853427	0.260839476	0.228758448	0.189740333	0.164754436	0.149897172	0.140771937	0.135948063	0.132108937	0.12902688	0.127915052	0.129818897	0.135983825	0.14744615	0.164076956	0.187593079	0.214491261	0.244648394	0.281789002	0.318334387	0.356377995	0.404950689	0.444042857	0.47363796	0.492212207	0.502442711	0.506352927	0.506842993	0.504743176	0.500807095	0.497266855	0.491273177	0.484272349	0.477346181	0.469249076	0.463318381	0.459088101	0.456889078	0.451601777	0.44466535	0.43782785	0.431222075	0.42578078	0.421953996	0.421332894	0.428521632	0.442833476	0.461891687	0.490741384	0.529292356	0.560381102	0.569135034	0.553431609	0.522956313	0.492044965	0.469515364	0.448742338	0.427862407	0.41003855	0.395024451	0.380161859
132	0.118948274	0.116716716	0.11775807	0.125537771	0.141267163	0.167598279	0.197329469	0.21660569	0.234341892	0.255871686	0.268804406	0.264736825	0.232352514	0.193389897	0.168166218	0.153218036	0.14434571	0.13956147	0.135614622	0.132547205	0.131579344	0.133622257	0.13974819	0.151350987	0.168045677	0.191480747	0.218540828	0.248915367	0.286219751	0.323055583	0.361405812	0.410284249	0.449674345	0.479499682	0.498378232	0.508729188	0.512696163	0.513357591	0.511132781	0.507111996	0.503552842	0.497529419	0.490718657	0.483884497	0.475808327	0.469768692	0.465919369	0.463802547	0.458467139	0.451520548	0.444465207	0.437844955	0.432382586	0.428577738	0.427967065	0.435257588	0.449538771	0.468517482	0.49749945	0.536387555	0.567561573	0.576711337	0.560972915	0.530479396	0.499581028	0.476655614	0.456288312	0.435118117	0.417341406	0.401690907	0.386701248
141	0.143504334	0.139439511	0.138995223	0.145378656	0.160850281	0.188307578	0.219300011	0.238299771	0.255864711	0.278831673	0.293225909	0.28887242	0.252555527	0.208400253	0.179525552	0.162215747	0.151598338	0.145773219	0.141077242	0.137964217	0.137012371	0.139170228	0.145688998	0.158076707	0.175673587	0.200307992	0.229136665	0.262495666	0.304391678	0.345311091	0.38684208	0.437986417	0.47662183	0.504428214	0.52102301	0.529459347	0.531943431	0.53079915	0.526391592	0.520179221	0.514681255	0.507302293	0.499213746	0.491292604	0.482166274	0.475288822	0.470400614	0.467584791	0.461656459	0.4543293	0.447329484	0.440918826	0.435936893	0.433073642	0.43405084	0.44383865	0.461089396	0.482420875	0.514675303	0.560704106	0.602265114	0.62201165	0.615179762	0.591784381	0.566858955	0.550523455	0.535391355	0.519489601	0.504772874	0.492460658	0.479657992
151	0.146369871	0.141424525	0.139977445	0.144962876	0.157961604	0.181511416	0.208247466	0.224447652	0.239310633	0.257862609	0.268163403	0.262486604	0.230859885	0.193340236	0.168782406	0.153943137	0.144925607	0.140132205	0.13607922	0.133119729	0.132362743	0.134882128	0.141450896	0.153699831	0.171012962	0.194428113	0.220901433	0.25088488	0.289106058	0.329171537	0.373079531	0.425683183	0.465884529	0.494656295	0.512122259	0.521540095	0.52472628	0.524230655	0.520392814	0.514895293	0.509877078	0.502796173	0.494704616	0.486505646	0.477166756	0.470193745	0.46515003	0.462340801	0.456387503	0.4490055	0.441723956	0.43503036	0.429756354	0.426263691	0.426400366	0.434846392	0.450131396	0.469343201	0.499017546	0.540816984	0.578931153	0.598812336	0.595979657	0.577154028	0.557793418	0.545113287	0.533281342	0.521134505	0.507903242	0.498708905	0.487418081
161	0.15324584	0.148620912	0.147330887	0.152700234	0.167037929	0.193344214	0.223336697	0.241494575	0.258343587	0.280685521	0.294455562	0.289797078	0.253906339	0.210405414	0.181905901	0.164718595	0.154296524	0.148374013	0.143612869	0.140224277	0.139179289	0.141153263	0.147211293	0.15939785	0.176691538	0.200932523	0.229481508	0.262346506	0.303475855	0.343182694	0.383567632	0.434069149	0.472808713	0.501269073	0.518732354	0.527800702	0.530819876	0.530393479	0.526614185	0.521109172	0.516045955	0.5090982	0.501240437	0.493485899	0.484612177	0.477976173	0.473511665	0.470971383	0.465118756	0.457905187	0.45094266	0.444658245	0.439788767	0.436749162	0.437411978	0.447193134	0.464346422	0.485628682	0.518390725	0.565412622	0.608396505	0.628983966	0.622613122	0.599354793	0.574333069	0.558823717	0.544066828	0.528714339	0.51474948	0.503187836	0.490574444
171	0.15219976	0.148426134	0.148280978	0.155571488	0.172785171	0.202989327	0.23666204	0.257306292	0.276389771	0.301085487	0.316516533	0.312157054	0.274218733	0.227960877	0.197615436	0.179461657	0.168511648	0.162368893	0.157452068	0.154097038	0.153288146	0.15569994	0.162607493	0.176044062	0.19489506	0.221041895	0.251779285	0.286978712	0.330916149	0.373270294	0.415939143	0.468955246	0.50968601	0.539515516	0.557752014	0.567264752	0.570369535	0.569839879	0.565858302	0.560063272	0.554676016	0.547342883	0.539214401	0.53122626	0.522288163	0.515503844	0.51094255	0.508237097	0.502114845	0.494504527	0.487102155	0.48028236	0.474850183	0.471352052	0.471646022	0.481420578	0.498868932	0.520751126	0.554595813	0.602241983	0.64298553	0.658957687	0.646397351	0.617601485	0.587304941	0.566968934	0.54787487	0.528540427	0.510783687	0.497263417	0.4824575
181	0.140563124	0.136467867	0.13592613	0.142316651	0.157607282	0.184598543	0.214523505	0.232611711	0.249243541	0.270791419	0.283760666	0.279008425	0.244507235	0.203044654	0.175632368	0.159214924	0.149333216	0.143777072	0.139172002	0.136178651	0.135576352	0.137934758	0.144278523	0.156774625	0.174269443	0.198432386	0.226554183	0.258692633	0.299093857	0.339136894	0.380951169	0.43213407	0.471185528	0.49940657	0.51657658	0.525393982	0.528275019	0.527630222	0.523653538	0.517859592	0.512485449	0.505279487	0.497332071	0.489472707	0.480550244	0.473948509	0.469326235	0.466592879	0.460595368	0.453122892	0.445978032	0.439443501	0.434345377	0.431133771	0.431595169	0.440906194	0.457086264	0.47715811	0.50821559	0.552332558	0.591812193	0.610233193	0.603568964	0.580475144	0.556052648	0.540489652	0.525756996	0.510155791	0.49534972	0.483223464	0.4704917
191	0.145022067	0.140958111	0.140453865	0.147081796	0.163324475	0.191662338	0.223035659	0.242109127	0.2597165	0.282282378	0.296349851	0.2920414	0.256621172	0.213469573	0.184586825	0.167172259	0.156722674	0.150703113	0.145882805	0.142622105	0.141854337	0.144205557	0.150648717	0.163535537	0.18158756	0.206558648	0.235819511	0.269243477	0.31079909	0.351066219	0.392241685	0.443227871	0.482027278	0.510360059	0.527661874	0.536618872	0.539371355	0.53871183	0.534547513	0.528600434	0.523041735	0.515904481	0.508026979	0.500413786	0.491993748	0.485761065	0.481553397	0.478960387	0.473110344	0.465794869	0.458628364	0.452154048	0.446994855	0.443674967	0.443939324	0.452951262	0.468733998	0.488468761	0.51890767	0.561123332	0.59762037	0.613534577	0.605909913	0.583549485	0.559610554	0.543411997	0.527934489	0.512552283	0.497079242	0.484677862	0.472117764
201	0.140378524	0.135796278	0.134595866	0.139995853	0.154075947	0.179632462	0.208094818	0.225322987	0.241129111	0.262028394	0.274819746	0.270285762	0.236579966	0.196192026	0.169517405	0.153549502	0.143961973	0.138391212	0.133862181	0.13108444	0.130719359	0.133387017	0.139943543	0.152664264	0.170073597	0.193600366	0.220977709	0.252687439	0.293515936	0.335164103	0.379588437	0.433078321	0.472975977	0.501212618	0.51818956	0.526762468	0.529152707	0.527774259	0.522453545	0.515295054	0.508714306	0.50073832	0.492120807	0.483784499	0.474714881	0.468013537	0.463338733	0.460188496	0.453971929	0.446285756	0.439041258	0.432500563	0.427255824	0.423954569	0.424239532	0.433268138	0.448759749	0.467980993	0.498228343	0.542269916	0.582915107	0.603577098	0.598880492	0.577915042	0.555110324	0.541460317	0.528158352	0.513505709	0.499978448	0.488867455	0.476590098
211	0.13663069	0.132157889	0.131149324	0.136595442	0.150640218	0.175931428	0.204264087	0.2214065	0.23702177	0.257858889	0.270911552	0.26661805	0.233118814	0.192690572	0.165887071	0.149704357	0.140016916	0.13420335	0.129586532	0.126615932	0.126041535	0.128309868	0.134294984	0.146409246	0.16335277	0.186593069	0.213642097	0.244920214	0.284707726	0.324352074	0.366448613	0.418195475	0.457051772	0.484524449	0.500930994	0.509016737	0.510947029	0.509339753	0.50390744	0.496701384	0.490259585	0.482676331	0.474430638	0.466522507	0.458063213	0.451931758	0.447701834	0.444926937	0.439138326	0.431840554	0.424855775	0.418775454	0.413977922	0.411140927	0.412099688	0.421782305	0.43755413	0.456229132	0.485045785	0.527248028	0.566770211	0.587107149	0.583781151	0.564399154	0.543586327	0.530181465	0.517823069	0.504709227	0.491715626	0.48101639	0.469365337
221	0.155865613	0.151514662	0.151016342	0.157634341	0.17409628	0.203253827	0.235802098	0.255997816	0.274449966	0.29872758	0.314185945	0.30981835	0.271706227	0.225811412	0.19557701	0.177441326	0.16660813	0.160273597	0.155298691	0.151944464	0.151185145	0.153495535	0.159958281	0.17309576	0.191535209	0.217336082	0.247630816	0.282597003	0.3264148	0.368353925	0.410678784	0.463456823	0.503474211	0.532666541	0.550315982	0.55931412	0.562047388	0.561356248	0.557173496	0.551246774	0.545689448	0.538649673	0.530451128	0.522325121	0.513337207	0.506649674	0.502357638	0.499641735	0.493575701	0.485903908	0.478416032	0.471926196	0.466797474	0.463588406	0.464469254	0.474625147	0.492261711	0.514309167	0.548372297	0.596875198	0.638946863	0.65681479	0.645755932	0.618048473	0.589428362	0.56978628	0.551837807	0.534152616	0.517285766	0.503225846	0.489123797
231	0.157938941	0.152772527	0.151220442	0.156277979	0.169967155	0.194064869	0.221086755	0.237950692	0.253039366	0.271922188	0.282607013	0.277150316	0.245021541	0.20701937	0.181670348	0.166407317	0.157455916	0.152364683	0.148078585	0.14518743	0.144773023	0.147395504	0.153886019	0.166563105	0.184245008	0.207987402	0.234918459	0.265538893	0.304481589	0.344640259	0.388361919	0.440710946	0.480625652	0.509609971	0.527505514	0.537233136	0.540855021	0.540864145	0.537523565	0.532598029	0.527803326	0.521224422	0.513200164	0.505047512	0.49606618	0.489264459	0.484835263	0.482069159	0.476030206	0.46837534	0.460773619	0.454075568	0.448702185	0.44503339	0.444879169	0.453016195	0.467520809	0.486433144	0.515797095	0.556243046	0.592531533	0.610526575	0.606438713	0.587804196	0.567433371	0.554929522	0.542404242	0.528843769	0.516191073	0.505157166	0.494189176
241	0.139334274	0.135769365	0.136001279	0.143637851	0.161461424	0.19177721	0.225145988	0.245790034	0.264460114	0.288951513	0.304517463	0.300339388	0.262699463	0.217286171	0.187405206	0.169614816	0.159090196	0.153000465	0.148206665	0.145265763	0.14485171	0.147635284	0.154581974	0.168127954	0.186837646	0.212538695	0.242524279	0.277266738	0.321338242	0.364341337	0.408330556	0.462375799	0.502963629	0.532337629	0.550059809	0.559069493	0.561751941	0.560691626	0.555917443	0.549412047	0.543237652	0.5355645	0.527055844	0.518617113	0.509539489	0.502661943	0.498181627	0.495093718	0.488725076	0.480790817	0.473159501	0.466481444	0.460987239	0.457562374	0.458081102	0.467804983	0.484825209	0.506088096	0.539150651	0.586483524	0.627426541	0.643582734	0.6311536	0.601073812	0.570774866	0.550473423	0.531346667	0.511043599	0.49385629	0.478912319	0.464197346
251	0.131097618	0.127104003	0.126871172	0.133239336	0.148753024	0.175850998	0.205555107	0.223679609	0.239991016	0.261656307	0.274983362	0.270461054	0.23600859	0.194756987	0.167351271	0.151048225	0.141368478	0.135768909	0.131258024	0.128430806	0.128042624	0.130524449	0.136877564	0.149329667	0.16667801	0.19043979	0.218056441	0.250046306	0.290598104	0.330700575	0.372812358	0.424105462	0.462626899	0.490469347	0.507287454	0.515903287	0.51843401	0.517386139	0.512803319	0.506478049	0.500659798	0.493459199	0.485270269	0.477203608	0.468394752	0.461901768	0.457562231	0.454704195	0.448593761	0.441011025	0.43379329	0.427402544	0.422246115	0.419120529	0.419801369	0.429343009	0.445351875	0.465091492	0.49598802	0.540616849	0.580973238	0.599873193	0.5926923	0.56891491	0.543963236	0.528562833	0.513445557	0.497219469	0.482682686	0.469908316	0.456747384
261	0.131842079	0.127762943	0.127481405	0.133940406	0.149662023	0.176798569	0.206549791	0.224703142	0.241085337	0.262960684	0.276493877	0.271876877	0.237103452	0.195440897	0.167776759	0.151179597	0.141486594	0.135634986	0.131169154	0.128297446	0.127907025	0.130320713	0.136587896	0.149077088	0.166430272	0.19030591	0.218124182	0.250426016	0.291358658	0.331615399	0.373633347	0.424847963	0.46318685	0.490829215	0.507438846	0.515834652	0.518317011	0.517280748	0.512569499	0.506364962	0.500558756	0.493324913	0.485204672	0.477159836	0.46838119	0.461906996	0.457745669	0.454800715	0.448762198	0.441134695	0.433805086	0.427585754	0.422439315	0.419167978	0.420172464	0.430000904	0.446228425	0.466288875	0.497692116	0.543174319	0.584031755	0.603090383	0.59576055	0.571404665	0.546621312	0.530455885	0.51498187	0.499748638	0.483659916	0.472179117	0.458573743
271	0.161761008	0.157399596	0.157067864	0.163933434	0.180778525	0.210385294	0.24337972	0.263859664	0.282485452	0.307256593	0.322866616	0.318602995	0.2801614	0.233610722	0.203040216	0.184689752	0.17379637	0.167340024	0.162300583	0.158994328	0.158223656	0.160574207	0.167367281	0.180537618	0.199245264	0.225399055	0.25598711	0.291521904	0.335943157	0.378526777	0.421434558	0.474962412	0.515648117	0.545562813	0.563763411	0.573156981	0.576262807	0.575634568	0.571481558	0.5657	0.560163442	0.552985973	0.544656693	0.536402977	0.527504002	0.520833034	0.516726676	0.513881919	0.507751489	0.499884532	0.492387382	0.485751747	0.480275328	0.476885433	0.47770712	0.48799295	0.505445403	0.527109009	0.560572963	0.608943787	0.650385277	0.667265812	0.655673649	0.62756292	0.598172051	0.578333282	0.559931175	0.541299214	0.525104572	0.510507175	0.495945294
281	0.144293563	0.140150472	0.139857065	0.146347932	0.162411716	0.19034561	0.221503439	0.241060652	0.258728941	0.282042417	0.296734776	0.292458277	0.255804927	0.211812631	0.182897235	0.165674578	0.155422352	0.149403675	0.144611356	0.141532211	0.140820529	0.14318558	0.149780344	0.162397609	0.180325678	0.205210009	0.234141434	0.26776923	0.310108192	0.351373308	0.393808299	0.446294983	0.485933487	0.514814386	0.532216184	0.541179317	0.543968504	0.543041233	0.538625058	0.532781876	0.527213718	0.52017235	0.511834944	0.503574682	0.494606525	0.488056885	0.483867488	0.480993582	0.474884936	0.467204695	0.459790968	0.453329754	0.448035707	0.444731039	0.44529817	0.455036124	0.471681839	0.492464914	0.524522338	0.571120408	0.612268814	0.630579162	0.621411025	0.594736189	0.567286246	0.549045257	0.532263739	0.514983619	0.498231883	0.485756072	0.471586917
291	0.141784374	0.139030999	0.139807589	0.146716067	0.161890544	0.186850385	0.214762599	0.232809249	0.248696699	0.2686143	0.280538964	0.276104239	0.244594637	0.207372185	0.183040719	0.168734784	0.160554332	0.155901744	0.152020756	0.149374549	0.148793129	0.150995899	0.156955916	0.16828109	0.184451334	0.206668012	0.232105919	0.261497376	0.298813385	0.336393735	0.37675944	0.426250228	0.464553905	0.492808948	0.510284006	0.519698432	0.523005149	0.522718563	0.519329948	0.514556366	0.509982224	0.503745846	0.495861241	0.487789377	0.479005371	0.472445383	0.468277606	0.465463114	0.459423566	0.451614466	0.444017502	0.437251111	0.431646285	0.427636011	0.426872053	0.434504589	0.448508348	0.466992026	0.495560339	0.535267755	0.568546369	0.580718941	0.568969999	0.54272346	0.514789877	0.496052598	0.478500105	0.460094512	0.444737244	0.43130915	0.417502456
292	0.153301872	0.150406999	0.150871237	0.157145501	0.171215921	0.194399036	0.220399937	0.23723612	0.251985613	0.270581871	0.281416893	0.277047154	0.247267821	0.212228871	0.189353606	0.175761337	0.167918259	0.16338122	0.159617594	0.156939469	0.156298919	0.158337608	0.163887053	0.174748701	0.190129924	0.21126145	0.235283364	0.262953335	0.298407372	0.334326068	0.373447243	0.421136904	0.458109058	0.485438061	0.502394301	0.511565702	0.514604029	0.514291129	0.511055668	0.506419748	0.501852526	0.495689158	0.48808093	0.480306592	0.471816222	0.465609964	0.461532868	0.458773142	0.452821965	0.445267862	0.437772732	0.431142648	0.425565024	0.421339492	0.420590845	0.427367463	0.440278307	0.457547759	0.484359089	0.521423716	0.552752856	0.565027246	0.55514952	0.531515769	0.50689711	0.490175731	0.474056646	0.457613793	0.442353837	0.430662629	0.418006794
