1	0.134443049	0.132070975	0.132631072	0.138649304	0.154470915	0.181867981	0.214591654	0.239920638	0.259066804	0.282007026	0.299265084	0.301093261	0.273370999	0.230721979	0.199485253	0.179950618	0.168089947	0.161482072	0.157140683	0.153286102	0.151251124	0.151965737	0.157361913	0.168374262	0.184757217	0.20860351	0.237443763	0.269018647	0.306261816	0.343051875	0.379610455	0.425040898	0.465098904	0.494829895	0.513367627	0.522790664	0.527394753	0.528456854	0.526800384	0.524176857	0.519629364	0.513075283	0.505361855	0.497181602	0.488397219	0.48089674	0.476190696	0.472642283	0.467433624	0.46039921	0.452811675	0.445160093	0.438685334	0.434804565	0.434358415	0.439928378	0.453261835	0.471705092	0.497785678	0.533181977	0.566312773	0.58018422	0.565351391	0.534923404	0.500821673	0.472502117	0.449199293	0.426221804	0.405815454	0.388358568	0.372513284
6	0.135524877	0.132900766	0.133383346	0.139432636	0.155436194	0.183012998	0.216055013	0.241180792	0.260188305	0.283106933	0.300387718	0.30213602	0.274261055	0.231606916	0.200488726	0.180921656	0.168865769	0.162190216	0.157766117	0.153823575	0.151899538	0.152685251	0.157810552	0.168776891	0.185482973	0.209406281	0.238491525	0.270424451	0.307797045	0.344952339	0.382125397	0.427727102	0.467679043	0.496659457	0.514781627	0.524207629	0.528426267	0.529602671	0.528223537	0.525366003	0.520601781	0.513923372	0.505952914	0.497595448	0.488893326	0.481230608	0.47650405	0.472850286	0.467588628	0.461012141	0.453553896	0.445880064	0.439253528	0.435241288	0.43472748	0.440783172	0.454413729	0.473027975	0.499587611	0.535100889	0.569057184	0.58335776	0.568211498	0.537694791	0.502848283	0.47456026	0.45167247	0.428282991	0.407933461	0.39036189	0.374944992
11	0.1361713	0.133502042	0.134149862	0.140328435	0.156380791	0.18371611	0.216591479	0.241757694	0.260920056	0.283861916	0.301150869	0.30296864	0.27493528	0.232251512	0.201166219	0.181587045	0.169552799	0.162875596	0.158379589	0.154375264	0.152433053	0.153327402	0.158458605	0.169349987	0.186214846	0.210156216	0.239386046	0.271474139	0.30893252	0.346249141	0.383346326	0.428808966	0.468907285	0.498012869	0.515983186	0.525212175	0.529315409	0.530391173	0.529042408	0.526176955	0.521249802	0.514396795	0.506267317	0.497940613	0.489449117	0.48193302	0.477110419	0.473236903	0.467855694	0.461159072	0.453529514	0.446003618	0.439642395	0.435609511	0.434952865	0.441005381	0.454919129	0.473725383	0.500386788	0.535968301	0.570019987	0.584500402	0.569778921	0.538788972	0.503690023	0.475115913	0.451955593	0.428822639	0.408612187	0.390964157	0.376105472
16	0.136979364	0.134402925	0.135110307	0.141341107	0.157327844	0.184762182	0.217523012	0.242601261	0.261821152	0.284918609	0.302154052	0.303913777	0.275810533	0.233052827	0.202001179	0.18248595	0.170449364	0.163594027	0.159097061	0.154988299	0.153105039	0.154182785	0.159279339	0.170152213	0.187099983	0.211206827	0.240546353	0.272661696	0.310047176	0.347537662	0.384949321	0.430602112	0.470499616	0.499530269	0.517484636	0.526518544	0.530148729	0.531015202	0.529551367	0.526752537	0.52197049	0.515166719	0.506850262	0.498482422	0.489827257	0.482264615	0.477392358	0.473361941	0.467960307	0.461293203	0.453697711	0.446376002	0.440002736	0.436018028	0.435585476	0.441683971	0.45560473	0.474347939	0.501104492	0.536950131	0.571289929	0.586094254	0.57121615	0.540082525	0.505220304	0.477132999	0.453668802	0.430145773	0.409758234	0.392453171	0.37691693
21	0.137443068	0.134911727	0.135426062	0.141687379	0.157761007	0.185236279	0.217978702	0.243067922	0.262275093	0.285424494	0.302695893	0.304465078	0.276275101	0.23334028	0.202119613	0.182656839	0.170731297	0.163806726	0.159199438	0.155153556	0.153359901	0.154410153	0.1595193	0.170422742	0.187531732	0.211645818	0.240855372	0.272972724	0.310480337	0.348054036	0.385598022	0.431374899	0.47130777	0.500465333	0.518436178	0.527351135	0.531040821	0.531667664	0.52988438	0.527057492	0.52232478	0.515547287	0.507254584	0.498987629	0.490309569	0.482513604	0.477610846	0.473597144	0.468193725	0.4615232	0.453916366	0.446647593	0.440178884	0.436081151	0.435840157	0.441829793	0.455771479	0.474818861	0.501883233	0.53817794	0.572795586	0.587337274	0.572435013	0.54105707	0.50576994	0.476812577	0.453699401	0.431107532	0.409637337	0.39264465	0.377522199
26	0.1374339	0.134873598	0.135350853	0.141662118	0.157749139	0.185251417	0.217925669	0.243016189	0.26214469	0.285426147	0.302730087	0.304403666	0.276256903	0.233170555	0.201832693	0.182397769	0.170566901	0.163772623	0.159183094	0.155145746	0.153312448	0.154350694	0.159456682	0.170308352	0.187455699	0.211533403	0.240696537	0.272852206	0.310495402	0.348083474	0.385700411	0.431473437	0.471339982	0.500492509	0.51842019	0.527290206	0.53107509	0.531515564	0.529555336	0.526836885	0.522095111	0.515190363	0.506973307	0.498754722	0.490104267	0.482302262	0.477391491	0.473395362	0.46811352	0.461402058	0.453745692	0.446429427	0.43993325	0.435792293	0.43546018	0.441466728	0.455483125	0.474700641	0.501944647	0.538345407	0.572873848	0.587216103	0.572475497	0.540978718	0.505544765	0.476979628	0.453827765	0.431183233	0.410462698	0.392457414	0.377491134
31	0.137519775	0.13500545	0.13554775	0.141701778	0.157814689	0.185347811	0.218111538	0.243188521	0.262341618	0.285566513	0.30294558	0.304651309	0.276353984	0.233192565	0.201832747	0.182428178	0.170652732	0.163856907	0.15925669	0.155183832	0.15330796	0.154349605	0.159403885	0.17029921	0.187521929	0.21158836	0.240725506	0.272927077	0.310701875	0.348339537	0.385985724	0.431868099	0.471727785	0.500974951	0.518781135	0.527548893	0.531378054	0.531679482	0.529559909	0.526800914	0.522025841	0.515121754	0.507031912	0.498875285	0.490191916	0.48221812	0.477318113	0.473501234	0.46827013	0.461467701	0.453732833	0.446422945	0.439955792	0.435790147	0.435444264	0.441351792	0.455400034	0.474894372	0.502225925	0.538609923	0.573056634	0.587566381	0.572862732	0.54162724	0.506189859	0.477629845	0.454242949	0.431322983	0.41001031	0.392756171	0.377550643
36	0.138230508	0.13574548	0.136307033	0.142572368	0.158617435	0.186092516	0.218921122	0.243998958	0.263132427	0.286343441	0.30375081	0.305392839	0.277039354	0.233791432	0.202507455	0.183067705	0.171258846	0.164498293	0.159837878	0.155743957	0.153835383	0.154873971	0.159961201	0.17089047	0.188085407	0.212188033	0.241331451	0.273536296	0.311440711	0.349081418	0.386689952	0.432634876	0.472522201	0.501689202	0.519549234	0.528290291	0.532142906	0.532362174	0.530201994	0.527417722	0.52252813	0.515647915	0.507681728	0.499530709	0.490860809	0.482837706	0.477998447	0.474159798	0.468871918	0.461942935	0.454256729	0.446966988	0.440576453	0.436444626	0.435988225	0.441897877	0.456109466	0.475714329	0.503091553	0.539532831	0.574122001	0.588740977	0.573821306	0.542713964	0.507230205	0.478879487	0.455225776	0.431892967	0.410858257	0.393515971	0.378582573
41	0.138153772	0.135619752	0.136172031	0.142344104	0.158404806	0.185964237	0.218720476	0.243746955	0.262882404	0.286056229	0.303492511	0.305161582	0.276766352	0.233387377	0.202129978	0.182708001	0.170877981	0.164135889	0.159531855	0.155418422	0.153474662	0.154547457	0.159600447	0.170477123	0.18773558	0.211864799	0.24093616	0.273190463	0.311180964	0.348948744	0.386574969	0.43249127	0.472407856	0.501529693	0.519227923	0.5277723	0.531575695	0.531667959	0.529430009	0.526659884	0.521786539	0.514848547	0.506836886	0.498708094	0.490009879	0.482004559	0.47710323	0.473263268	0.46801624	0.46104889	0.453363082	0.446116227	0.439736938	0.435607038	0.435131165	0.441047801	0.455402431	0.475180167	0.502651426	0.539215395	0.574068392	0.58861583	0.57377116	0.542548506	0.50715556	0.478311454	0.454575274	0.431436806	0.410943744	0.393735625	0.378695191
46	0.138754624	0.136173659	0.136715491	0.142923525	0.158981088	0.186503051	0.219307043	0.244359842	0.263506782	0.28674227	0.304188467	0.305771428	0.277217287	0.233825314	0.202512182	0.183122883	0.171351187	0.164565774	0.159989503	0.15580662	0.153790753	0.154869188	0.159870359	0.170830702	0.188106899	0.212280737	0.241475827	0.273799629	0.31193306	0.349831068	0.387512021	0.433534353	0.473453548	0.502469115	0.52003188	0.528459898	0.532059021	0.532072976	0.529784728	0.526874149	0.521926668	0.514987278	0.507032557	0.498847356	0.490043977	0.482019791	0.477189755	0.47334171	0.468041241	0.461084545	0.453391772	0.446137749	0.439799927	0.435652828	0.435199147	0.441193738	0.455665456	0.475628472	0.503194191	0.53991084	0.574950222	0.589694255	0.574794224	0.543544073	0.507845987	0.479205251	0.455456768	0.432595954	0.411598179	0.394594069	0.379894921
2	0.131910209	0.129220751	0.129581008	0.135087955	0.149718897	0.176004338	0.207690223	0.231611222	0.249515748	0.272327974	0.290228445	0.292784342	0.265643712	0.223381581	0.192586272	0.173577031	0.161795731	0.154982174	0.150504743	0.14682024	0.144948281	0.145673686	0.150889378	0.161659914	0.177365681	0.199925178	0.227361557	0.257980138	0.294848487	0.332269376	0.370273568	0.417405835	0.458557099	0.488369108	0.506448239	0.514963249	0.518206314	0.517576393	0.513482647	0.507956446	0.501063587	0.492970619	0.484426066	0.475856146	0.467065877	0.459811788	0.455135544	0.451212244	0.445786861	0.438824348	0.431315389	0.423742333	0.417261137	0.413672439	0.413856856	0.420237062	0.433896829	0.451514323	0.476756057	0.514002937	0.553008991	0.574672782	0.565918683	0.538678404	0.505999172	0.480712244	0.460514685	0.440166452	0.420608258	0.40431851	0.390284525
7	0.13289504	0.129929302	0.130103783	0.135620421	0.150362616	0.176620915	0.208557319	0.232234908	0.249908679	0.272668735	0.290513227	0.292969822	0.265810885	0.223784562	0.193178675	0.174042511	0.162129775	0.155205317	0.150658906	0.146991177	0.145225991	0.14596982	0.150962698	0.161681894	0.177648989	0.200205054	0.227792752	0.258706345	0.295664387	0.333339018	0.371853682	0.419021632	0.460002417	0.489071175	0.506559016	0.51489383	0.517780493	0.517189935	0.513262768	0.507473913	0.500296977	0.492024777	0.483203988	0.474569211	0.466118878	0.458669394	0.453806068	0.449831021	0.444383889	0.437709887	0.430379899	0.422784189	0.416144669	0.412399021	0.412553175	0.419340055	0.43324635	0.450845718	0.476281094	0.513350441	0.552611752	0.574663168	0.56554779	0.538139546	0.506083885	0.481319149	0.461270462	0.440815106	0.420882198	0.404953511	0.391114276
12	0.133561961	0.130625829	0.13103037	0.136597381	0.151294521	0.177318394	0.208995226	0.232757665	0.250581021	0.273242079	0.291093468	0.293626852	0.266367111	0.22432171	0.193815192	0.174687987	0.162739859	0.155817153	0.151285528	0.147515132	0.145693162	0.146535286	0.151522003	0.162088108	0.178239557	0.200824661	0.228528707	0.259544401	0.296510508	0.334231048	0.372667421	0.419756349	0.460700146	0.489920171	0.507341703	0.515519845	0.518082281	0.517250016	0.513390195	0.507721005	0.500408114	0.492002553	0.483008353	0.474391124	0.466054263	0.458719911	0.453786638	0.449590461	0.443959578	0.43726141	0.429796392	0.422383847	0.416064894	0.412301465	0.412370782	0.4191454	0.43319698	0.450918294	0.476379116	0.513307663	0.552631182	0.574951435	0.566036936	0.538546695	0.506354499	0.481216517	0.461245869	0.441082351	0.421432046	0.405098403	0.39048583
17	0.134128	0.131280287	0.131681369	0.137203628	0.151913477	0.177941331	0.209403242	0.233041297	0.250906652	0.27360782	0.291443118	0.294039193	0.266678578	0.224535347	0.194127149	0.175153917	0.163292131	0.156159815	0.151536712	0.147627096	0.145917985	0.146940142	0.151821688	0.16245525	0.178664297	0.201328791	0.22911481	0.260086277	0.296937547	0.334750169	0.373452726	0.420623058	0.461370036	0.490501666	0.507753745	0.515652455	0.517947947	0.517016652	0.512947874	0.507234913	0.500065875	0.491674641	0.482535128	0.473867697	0.465400011	0.458073877	0.453163638	0.448780871	0.44311117	0.436472083	0.429106367	0.421845128	0.415494519	0.411787363	0.41197342	0.418746945	0.432806983	0.45054821	0.476177459	0.513510668	0.552948412	0.575029353	0.566651193	0.539082864	0.506739661	0.481554186	0.462280351	0.441582354	0.422401786	0.406511113	0.392383878
22	0.13415078	0.131378321	0.131618948	0.137222552	0.151986087	0.178075253	0.209442103	0.232988728	0.250827232	0.273591356	0.291324945	0.293834144	0.266529889	0.224405991	0.19381509	0.174853773	0.163092149	0.155934431	0.151326204	0.147506138	0.145811803	0.146858567	0.15179318	0.162410425	0.178718713	0.201422562	0.229044192	0.259986502	0.296873492	0.334703105	0.373471069	0.420744052	0.461460233	0.490556074	0.507814219	0.515606024	0.517949339	0.516751367	0.512357982	0.506679922	0.499524952	0.491115084	0.482028684	0.473544981	0.465019865	0.457544894	0.452597466	0.448221419	0.442595591	0.435995432	0.428553197	0.421380195	0.414958981	0.411203098	0.411577484	0.418231336	0.432201197	0.450100359	0.475938596	0.513338655	0.552699812	0.574874321	0.566239366	0.538641956	0.50643948	0.481409886	0.461291968	0.44094165	0.421709127	0.406112695	0.391865324
27	0.134520347	0.131681629	0.131940291	0.137508991	0.152262497	0.178516726	0.209847767	0.233339148	0.251106878	0.273910216	0.291698	0.294140511	0.266802822	0.224549666	0.19391147	0.174921374	0.163329103	0.156361333	0.151620009	0.147789321	0.14607692	0.147106651	0.152034917	0.162612814	0.178972508	0.201621719	0.229155038	0.260098141	0.297129812	0.335009641	0.373708706	0.420967107	0.461591063	0.49075794	0.50800666	0.515789743	0.518255532	0.516843509	0.512314241	0.50665405	0.499492628	0.491012351	0.482033279	0.473637009	0.465154475	0.457571616	0.452632776	0.448366064	0.442802656	0.436138167	0.4286269	0.42143621	0.415005069	0.411191981	0.411550403	0.418129838	0.432206761	0.450311031	0.476200659	0.513605804	0.553083042	0.575115791	0.566414521	0.538718054	0.506523297	0.481823313	0.462262398	0.442227482	0.422722273	0.406539241	0.392483445
32	0.134781017	0.13191992	0.132145446	0.137698233	0.152430223	0.17858727	0.209923913	0.233401051	0.251157166	0.273887056	0.291698342	0.294175843	0.266864964	0.224489504	0.193812508	0.174915022	0.163336338	0.156343813	0.151663681	0.147767862	0.145991872	0.147028826	0.151946572	0.16253788	0.178929056	0.201520892	0.229032212	0.259951692	0.297074453	0.334907497	0.373670411	0.421006537	0.461620443	0.490785553	0.507974671	0.515572116	0.518046213	0.516447977	0.511756562	0.506098635	0.498909027	0.490383747	0.481513227	0.47316626	0.464711658	0.457095956	0.452118597	0.447923811	0.442487792	0.43572259	0.428143442	0.420901237	0.414565367	0.410684285	0.410975556	0.417610242	0.431675377	0.449877204	0.47575475	0.513147732	0.552568268	0.574398555	0.56597841	0.538651261	0.506555088	0.481759537	0.462172207	0.441428978	0.422574936	0.406687041	0.391871377
37	0.134933891	0.132039993	0.132279635	0.137764961	0.15252642	0.178662932	0.210005893	0.233438011	0.251160641	0.273912267	0.291734634	0.294167477	0.266768152	0.224342244	0.193780767	0.174909279	0.163298595	0.156399451	0.151702258	0.147785262	0.146004415	0.147023028	0.151916563	0.16248275	0.17887615	0.201471101	0.228947082	0.259874416	0.29706048	0.334855648	0.373560574	0.420819901	0.461400978	0.490538313	0.507679947	0.515288568	0.517745406	0.516082772	0.51134916	0.505589319	0.498333247	0.489879385	0.481099246	0.47274055	0.464289855	0.456624102	0.451723771	0.447535763	0.442160146	0.435387593	0.427782484	0.420574926	0.41426733	0.410351599	0.410508394	0.417103985	0.43130398	0.449658632	0.475566315	0.512816178	0.552225952	0.574133073	0.565535548	0.538281836	0.506418535	0.48144709	0.46211555	0.441369223	0.422297491	0.406277417	0.39242191
42	0.135253514	0.132381404	0.132644579	0.138155294	0.152871368	0.178969046	0.210278428	0.233680774	0.251335389	0.274055258	0.291881073	0.294314068	0.266888386	0.224449417	0.193829551	0.174990341	0.163470999	0.156500478	0.151732586	0.147887186	0.146084624	0.147093663	0.151993473	0.162528728	0.178923616	0.201574126	0.229043633	0.260014056	0.297287277	0.335191642	0.373910619	0.421185595	0.461723022	0.490749064	0.507695349	0.515112699	0.517527309	0.515718241	0.510856392	0.505102285	0.497830605	0.48932575	0.480537366	0.472176304	0.463748977	0.456055374	0.451151203	0.44701888	0.44157857	0.434756787	0.42716101	0.419969317	0.413702135	0.409850992	0.409958918	0.416540562	0.430800089	0.449229632	0.475233689	0.512605225	0.552108542	0.573989778	0.565738983	0.53854939	0.506246536	0.481865674	0.462066502	0.441411245	0.422581379	0.407234943	0.392320222
47	0.135306745	0.132447535	0.132677504	0.138074291	0.152763237	0.178822627	0.210086421	0.233472764	0.251190382	0.273849225	0.291616378	0.294010432	0.266510368	0.224063855	0.193513099	0.174707007	0.163113712	0.156223256	0.151570696	0.147599912	0.145702755	0.146663398	0.151530849	0.162024671	0.178415621	0.201067995	0.228488059	0.259404026	0.296648251	0.334563191	0.373324413	0.420545114	0.46114594	0.490194268	0.507168697	0.514455692	0.51678405	0.51497594	0.510084663	0.504235777	0.49697092	0.488429895	0.479702093	0.471388671	0.463001258	0.455346003	0.4504506	0.446334487	0.44096109	0.434021866	0.426472852	0.419397832	0.413154584	0.409327176	0.409471444	0.41610252	0.430438596	0.448941873	0.475031082	0.512442151	0.551870436	0.573885804	0.565542593	0.538511229	0.50648377	0.481906119	0.462249522	0.441921746	0.423023837	0.407215025	0.392955961
3	0.171464367	0.165672639	0.162942543	0.165293935	0.17650641	0.198808188	0.226356469	0.246931515	0.261943894	0.280770057	0.294408797	0.294059033	0.267741761	0.228655698	0.200027436	0.18181193	0.170475208	0.164115182	0.159785531	0.156031711	0.154221332	0.155284828	0.161041171	0.172471232	0.189016592	0.212125396	0.239386739	0.26919611	0.305575235	0.345190122	0.388235029	0.439267738	0.482803021	0.513793411	0.532522637	0.541733755	0.545796037	0.54568628	0.541937681	0.536923334	0.530258227	0.52190865	0.512731079	0.503184564	0.493223125	0.48487971	0.479392656	0.474980531	0.469142199	0.461797314	0.45394005	0.446027069	0.439268956	0.435570185	0.435674878	0.442034588	0.455432142	0.472757796	0.49790781	0.534999276	0.575660905	0.603335973	0.604795999	0.58936286	0.569351476	0.55562114	0.545217326	0.533248966	0.520395608	0.508905918	0.499489728
8	0.172941412	0.166879752	0.164026401	0.166374445	0.177669847	0.199901891	0.227689838	0.247908602	0.262694682	0.281441051	0.294980041	0.294554291	0.268239797	0.229380765	0.200906066	0.182679715	0.171196154	0.164672733	0.16031331	0.156551609	0.154822841	0.155893786	0.16141191	0.172866655	0.189682104	0.212769838	0.240178364	0.270263959	0.306801981	0.346804305	0.390402022	0.441552593	0.484933537	0.515040214	0.533048106	0.542069064	0.545657471	0.545512555	0.54193461	0.536580115	0.529584366	0.521087057	0.511551833	0.501898056	0.492106925	0.483586377	0.477983266	0.473500598	0.467690302	0.46075285	0.452903953	0.444943169	0.438103481	0.434211104	0.434398539	0.441195712	0.45482442	0.472186457	0.497464182	0.534395036	0.575432776	0.603470378	0.604692221	0.589453762	0.569567202	0.555450776	0.546064039	0.533139153	0.520485798	0.509628367	0.499622627
13	0.173376968	0.167292671	0.164658355	0.167062562	0.178238292	0.20028643	0.227876551	0.248077583	0.262918505	0.281674057	0.295155472	0.294801896	0.268416691	0.229530577	0.20115852	0.182970903	0.171493834	0.164977584	0.160582679	0.156709169	0.154966741	0.15617725	0.16171715	0.172978665	0.189938568	0.21311177	0.240632008	0.270824154	0.307310009	0.347412996	0.391061955	0.442116961	0.485437144	0.515595358	0.533445	0.542215646	0.545585624	0.545224546	0.541617875	0.536284634	0.529151585	0.520499176	0.51080438	0.50113854	0.491557209	0.483129503	0.477434301	0.472803012	0.466791935	0.45962608	0.451695299	0.444005601	0.43753253	0.433592177	0.433568238	0.440343429	0.454114952	0.471465387	0.496839347	0.533580034	0.574677743	0.602874731	0.604268566	0.588868563	0.568818132	0.555455921	0.545132595	0.532392448	0.52074138	0.510330459	0.499976069
18	0.173543754	0.167596834	0.164850919	0.167255926	0.178471819	0.200506066	0.227798618	0.247992486	0.262816756	0.281608884	0.295008872	0.294640141	0.268277854	0.229407909	0.201052221	0.183014619	0.171621656	0.164869572	0.160395304	0.156482082	0.154832123	0.156141603	0.16160807	0.17289549	0.189935884	0.213172289	0.240659509	0.270845696	0.307236299	0.34737085	0.391202693	0.442284534	0.485358904	0.515424981	0.533144734	0.541732145	0.544850368	0.544382558	0.540614487	0.535267866	0.52831246	0.519696868	0.509821753	0.500152972	0.490481562	0.482068681	0.476337207	0.471543259	0.465559539	0.458492212	0.450628692	0.443050811	0.436542062	0.432599253	0.432736667	0.439461572	0.453269849	0.470700893	0.496131615	0.533111496	0.574300264	0.602286584	0.603758876	0.588598428	0.568874602	0.555092141	0.544862155	0.532744225	0.520208202	0.509293039	0.50033329
23	0.173676926	0.167720709	0.164845963	0.167309691	0.178633435	0.200803845	0.228060302	0.248124039	0.262907629	0.281651874	0.295012047	0.294585226	0.268151352	0.229265139	0.200834765	0.182738334	0.171500497	0.164759848	0.16024907	0.156379844	0.154776526	0.156198031	0.161644417	0.172902608	0.190027818	0.213194513	0.240628091	0.270704511	0.30712418	0.347256201	0.391086425	0.442203001	0.485151525	0.515254473	0.533067776	0.541567181	0.544608219	0.543909951	0.539965341	0.53466219	0.527755604	0.519146978	0.509335864	0.499776004	0.490090485	0.481540509	0.475868201	0.471066695	0.465028965	0.45801195	0.450170313	0.442644514	0.43601302	0.432027663	0.432405284	0.439054185	0.452749934	0.47026456	0.495797727	0.532992618	0.574133387	0.602098	0.603829312	0.588334532	0.568193634	0.554889908	0.544937755	0.532236449	0.519563292	0.508991218	0.49922677
28	0.173883088	0.167909266	0.165036714	0.167507472	0.178803981	0.200953387	0.228177532	0.248204405	0.262987526	0.28185503	0.295240231	0.294706668	0.268292514	0.229279965	0.200817532	0.18280784	0.171568639	0.164935068	0.160357892	0.15645352	0.154841645	0.156243546	0.161738427	0.172959752	0.190117902	0.213254068	0.240573977	0.270652173	0.307195881	0.347311702	0.39107613	0.442184961	0.485102092	0.515241115	0.532995409	0.541470239	0.544676152	0.543718999	0.539603135	0.534341593	0.527375124	0.518700827	0.509081999	0.49962251	0.489987409	0.481329376	0.475576085	0.47092213	0.465032101	0.457920662	0.449972374	0.442445592	0.43576702	0.431738687	0.432035704	0.438656253	0.452427722	0.470159605	0.495818073	0.532856511	0.57384237	0.601774873	0.603686738	0.588371826	0.568331112	0.554729886	0.545494634	0.532584554	0.520263368	0.509279205	0.499465856
33	0.174604663	0.168635397	0.165755564	0.168134097	0.179414701	0.201534308	0.2287303	0.248680729	0.263435872	0.282259133	0.295725321	0.295220724	0.268718647	0.229619764	0.201158757	0.183118182	0.171916135	0.165332324	0.16083205	0.156909929	0.155154798	0.156554695	0.162091054	0.173315757	0.190453398	0.21354985	0.240821377	0.270935114	0.307564831	0.347732498	0.391545925	0.442679172	0.485540989	0.515646926	0.533274187	0.541600528	0.544834672	0.543763725	0.539483623	0.534225318	0.527207051	0.518517069	0.508945926	0.499516597	0.489895633	0.481154881	0.475463093	0.470892191	0.465038189	0.457847658	0.449885033	0.442371282	0.435793475	0.431631874	0.431739268	0.438321178	0.452239965	0.470158227	0.495888884	0.532989037	0.574057257	0.601837608	0.603682648	0.588550149	0.568817252	0.555257073	0.545640592	0.532980756	0.520857292	0.510459356	0.501004416
38	0.17422304	0.168247503	0.165384983	0.167773246	0.179008625	0.201062251	0.228240399	0.248206768	0.262867697	0.281675456	0.295134907	0.294591695	0.268085017	0.228944129	0.200554119	0.182648959	0.171451987	0.164846448	0.160315282	0.156391301	0.154636228	0.155953054	0.161356936	0.172576634	0.189695585	0.212734287	0.239947781	0.269972778	0.306574835	0.346680066	0.39033646	0.44142772	0.484345416	0.514504175	0.532112133	0.540405563	0.543642573	0.542561565	0.538304139	0.533040665	0.525935133	0.517319244	0.507942587	0.498620628	0.489110216	0.480412362	0.474701866	0.470138874	0.464390807	0.457100075	0.449131208	0.441654124	0.435083178	0.431006351	0.43111071	0.437632661	0.451564403	0.469581547	0.49535416	0.532362438	0.573154716	0.600951976	0.602755536	0.587654187	0.56778082	0.554295743	0.545185158	0.532882698	0.520284556	0.509433993	0.500043223
43	0.174878063	0.16883861	0.165964681	0.168284487	0.179572579	0.201641574	0.228785252	0.248658882	0.263377466	0.282141485	0.295555987	0.29500051	0.268437132	0.22929539	0.200860437	0.182860422	0.171642714	0.165078919	0.160575992	0.156608548	0.154866138	0.156216177	0.161621237	0.172911288	0.190125637	0.213263308	0.240442711	0.270487907	0.307311606	0.347603938	0.39146266	0.442449138	0.485276739	0.515201699	0.532677628	0.540763251	0.543842189	0.542546471	0.538163248	0.53283555	0.525634862	0.516926979	0.507510902	0.498137734	0.488449405	0.479709032	0.474049313	0.469521388	0.463777291	0.456410158	0.448418437	0.441032653	0.434497053	0.430413545	0.430454583	0.436968073	0.451032778	0.469185804	0.49497914	0.532037587	0.573278411	0.601251699	0.603029249	0.588414076	0.568215144	0.554613139	0.546043508	0.533301934	0.521221444	0.511136681	0.500948343
48	0.17515648	0.169073005	0.166158442	0.1684943	0.179730032	0.201713034	0.228819355	0.248625288	0.263258059	0.281918987	0.295341942	0.294806677	0.268188787	0.229055242	0.200693347	0.182759418	0.171585236	0.164984601	0.160455751	0.156497854	0.15474342	0.156057893	0.161436716	0.172637644	0.18979889	0.212867377	0.240080322	0.270191072	0.306993961	0.347268874	0.391104571	0.442252261	0.485091877	0.514872446	0.532093222	0.539973974	0.542947204	0.541551981	0.537027499	0.531636104	0.524493906	0.515807313	0.506478843	0.497114412	0.487505689	0.478827993	0.473156628	0.468627274	0.462847478	0.455411015	0.447468106	0.440110516	0.433689382	0.429695091	0.429707021	0.436235295	0.450384027	0.468611127	0.494483441	0.531609505	0.572588806	0.600399282	0.602558978	0.587676819	0.567658228	0.555045788	0.545711494	0.532919356	0.521207309	0.510414182	0.500944771
4	0.17181495	0.166634302	0.164471625	0.167559066	0.179962192	0.204270979	0.234278929	0.256249268	0.272250923	0.293253778	0.309189093	0.310207774	0.282561505	0.2402578	0.209194715	0.189561265	0.177208894	0.170080108	0.165436897	0.161593043	0.159645244	0.160441263	0.165958939	0.177261196	0.193659187	0.216932337	0.24508165	0.276441847	0.314255439	0.353535341	0.394106518	0.442566847	0.483860544	0.513226997	0.530949579	0.539452934	0.542893814	0.542597802	0.538796242	0.533532176	0.526765259	0.518458711	0.509519496	0.500501252	0.49113842	0.48320451	0.477982308	0.473711618	0.468097785	0.460983576	0.453360994	0.44569553	0.439189293	0.435731842	0.436245329	0.443289271	0.457475975	0.475507865	0.501958164	0.541110516	0.583444824	0.610672019	0.609014862	0.59100367	0.567545554	0.550591673	0.53833311	0.524132397	0.509592956	0.497103448	0.485637544
9	0.172393096	0.166902967	0.164645633	0.167762241	0.180314935	0.204613898	0.234742347	0.256518584	0.272403809	0.293362881	0.309290229	0.310274947	0.282521974	0.240323718	0.209370817	0.189621687	0.177228502	0.170043283	0.165235675	0.16137147	0.159557564	0.160450555	0.165795984	0.177073637	0.193786376	0.217124798	0.245404767	0.277019666	0.315031696	0.354604361	0.39566136	0.444185033	0.485346451	0.514031821	0.531096574	0.539307019	0.542463631	0.542110832	0.538433153	0.532891957	0.525772012	0.517346793	0.508166891	0.499058332	0.489860713	0.481767679	0.476509639	0.472183589	0.466510834	0.459654044	0.45211335	0.44449991	0.43793726	0.434303524	0.434807688	0.44228475	0.456791773	0.474929152	0.501637654	0.540705835	0.583496252	0.611301739	0.610028565	0.591201557	0.567274603	0.550527901	0.53891478	0.523426821	0.508591563	0.496725187	0.486217739
14	0.173237338	0.167776223	0.165722519	0.168877013	0.181414757	0.205475181	0.235272992	0.257146364	0.273145924	0.294107564	0.310008885	0.311066192	0.283206846	0.240980504	0.210100049	0.190461482	0.178033815	0.170791136	0.1659713	0.161904398	0.160111488	0.16113283	0.166469421	0.177659505	0.194513611	0.217869893	0.246282179	0.278058104	0.316045537	0.355806207	0.396868685	0.445311749	0.486477727	0.51520429	0.532107172	0.540227509	0.543094105	0.542510549	0.538852613	0.533429986	0.526179399	0.51756911	0.508165621	0.499005494	0.489960275	0.481949309	0.476552156	0.472106857	0.466217752	0.459266216	0.451672073	0.444280345	0.438005672	0.434329506	0.434685767	0.442106474	0.456878229	0.475169388	0.50192242	0.541037629	0.584058814	0.612012601	0.610623371	0.591682608	0.567774153	0.551557137	0.539729188	0.524223935	0.509751277	0.497732722	0.486356806
19	0.173815272	0.168457418	0.166380945	0.169519822	0.181968911	0.206093065	0.235829075	0.257606149	0.273547025	0.294650143	0.310602294	0.311644813	0.283588331	0.241285221	0.210404844	0.190809654	0.178453186	0.170979244	0.166159894	0.162086836	0.160389868	0.161529453	0.166838075	0.177979673	0.194919512	0.218450541	0.247012023	0.278713809	0.316657451	0.356597816	0.397980192	0.446540038	0.48754629	0.516215981	0.53300899	0.540807097	0.543276038	0.542516969	0.538674213	0.533139679	0.526065326	0.517533762	0.508033877	0.49879688	0.489703328	0.481703856	0.476198309	0.471508377	0.465629855	0.458754507	0.451161169	0.443911246	0.437633678	0.434041962	0.434639519	0.442047599	0.456863671	0.475238516	0.502118711	0.541547692	0.584807438	0.61274965	0.611511073	0.59259083	0.568608336	0.552046121	0.53974058	0.524356803	0.51007698	0.497772292	0.487723756
24	0.174161801	0.168856247	0.166620697	0.169873146	0.182386143	0.206572611	0.236174842	0.257853814	0.273876107	0.294959036	0.310826694	0.311750137	0.283790845	0.241464093	0.210407655	0.190811245	0.17859134	0.171147016	0.166293898	0.162309151	0.160642124	0.161792493	0.167086851	0.178283601	0.195352087	0.218798281	0.247246471	0.27894659	0.316989915	0.356949785	0.398442104	0.447174677	0.48812461	0.516897404	0.533759446	0.541482464	0.544008545	0.543001042	0.538885815	0.53340343	0.526337395	0.517700348	0.508241544	0.499153921	0.489930328	0.481766771	0.476283454	0.471613839	0.465712735	0.458884186	0.451285063	0.444001785	0.437602696	0.434015356	0.434761847	0.442075941	0.456796242	0.475396341	0.502546171	0.542185693	0.585385816	0.613023702	0.611969323	0.592760048	0.569006343	0.552001002	0.540469561	0.524741254	0.510176093	0.498174131	0.487847142
29	0.173594037	0.168317906	0.166147104	0.169347464	0.181841224	0.206068793	0.235686562	0.257277591	0.273212515	0.294334146	0.310300722	0.311192942	0.283204287	0.240738697	0.209660927	0.190176143	0.177978356	0.170651918	0.165754003	0.161732661	0.160032628	0.161177119	0.166469702	0.177627297	0.194708995	0.218148488	0.24641485	0.278105175	0.316214169	0.356082971	0.397499553	0.446149305	0.487002509	0.515842913	0.53268966	0.540355278	0.543115457	0.541917733	0.537703122	0.532315334	0.525118777	0.516488795	0.507241237	0.498231768	0.489120056	0.480811369	0.475347369	0.470752293	0.465024525	0.458060317	0.450349029	0.443110003	0.436699835	0.433038356	0.43374047	0.440972478	0.455727569	0.474555053	0.501802031	0.541337229	0.584378537	0.611981896	0.611024051	0.591877193	0.567898986	0.55125891	0.538903187	0.524441214	0.509335277	0.496919735	0.486316013
34	0.174132783	0.168819105	0.166637229	0.169740948	0.182248625	0.206452683	0.236077294	0.257689266	0.27360784	0.294668742	0.310611714	0.311500464	0.283508589	0.240925179	0.20987998	0.19037888	0.178219408	0.170896176	0.165967236	0.161917541	0.160157195	0.161313962	0.16660531	0.177807092	0.194859837	0.218271365	0.246612379	0.278237431	0.316460563	0.356371733	0.397786297	0.446504598	0.487360767	0.516207236	0.533022684	0.540667748	0.543407878	0.54211251	0.537759246	0.532297963	0.525133713	0.516440528	0.507215441	0.498337365	0.489158896	0.480818506	0.475366954	0.470858334	0.465184824	0.458246886	0.450495785	0.443192817	0.436833821	0.433083847	0.433707333	0.440951074	0.455776994	0.474724192	0.502054048	0.541546924	0.584709847	0.612594505	0.611373972	0.592187579	0.568529381	0.551975231	0.53947543	0.525042492	0.510060834	0.498499738	0.48782631
39	0.174065635	0.168712523	0.166495642	0.169546836	0.18205048	0.20623783	0.235862069	0.257471777	0.27334778	0.294478141	0.310412109	0.311262144	0.283193564	0.240576521	0.209532879	0.190072372	0.177983461	0.170659502	0.165772904	0.161674869	0.159800098	0.160952459	0.166203974	0.177325476	0.194347085	0.217680307	0.245943848	0.277626798	0.31588328	0.35577921	0.397157702	0.445897192	0.486854557	0.515668838	0.532424156	0.540018523	0.542742472	0.541373082	0.536986801	0.53159089	0.524384532	0.515796449	0.50670852	0.497877933	0.488766343	0.48045919	0.475028723	0.470541256	0.464909174	0.457824253	0.450047943	0.44280144	0.436514852	0.432842876	0.433428412	0.440608142	0.455504395	0.474550742	0.502024799	0.541670432	0.584780035	0.612299339	0.611278446	0.592208419	0.567808111	0.55099647	0.539079938	0.524147827	0.509453038	0.496832811	0.485332639
44	0.175104417	0.169771942	0.167530201	0.170619388	0.183084031	0.20722439	0.236758143	0.258298949	0.274126974	0.295107896	0.311068415	0.311886763	0.283758878	0.241214658	0.210271931	0.190849686	0.178720498	0.171445714	0.166600227	0.162536217	0.160681312	0.161786949	0.167052164	0.178172356	0.195254198	0.218670188	0.246928936	0.278647795	0.317005559	0.356919182	0.398302676	0.446944604	0.48778917	0.51647327	0.53309763	0.540518048	0.543169742	0.541701927	0.53718787	0.53170964	0.524436003	0.51576345	0.506668148	0.497779181	0.488560825	0.480170853	0.474799237	0.470373888	0.46461988	0.457523462	0.449837801	0.442647819	0.436383314	0.432613603	0.43310633	0.440346694	0.455344326	0.474439314	0.501749597	0.541297574	0.584453038	0.612073031	0.610968139	0.592022436	0.568039766	0.551940758	0.540146912	0.524950114	0.510556066	0.497905451	0.487136841
49	0.174519829	0.169210522	0.167024411	0.170127541	0.1825604	0.206655192	0.236146968	0.257633507	0.273503365	0.294523969	0.31048797	0.311338426	0.283164072	0.240522649	0.209572182	0.190158259	0.178068873	0.170759302	0.165916163	0.161881398	0.159944968	0.161091118	0.166356136	0.177474699	0.194569517	0.218032969	0.246306098	0.278093007	0.316565596	0.356614278	0.398088202	0.446760004	0.487570005	0.516115685	0.532546581	0.539752689	0.542211768	0.540672331	0.536085037	0.530525854	0.523229145	0.514514623	0.505451452	0.496565803	0.487288048	0.478958581	0.47357421	0.46914658	0.463421586	0.4562129	0.448540848	0.441448683	0.435191664	0.431413418	0.431840578	0.439162419	0.454332675	0.473555698	0.500858094	0.540550496	0.583852104	0.611748082	0.610806563	0.591866497	0.567987753	0.551204613	0.53953163	0.524304173	0.509966557	0.497641684	0.487193089
5	0.186724647	0.181376165	0.179237081	0.182870602	0.19679079	0.224156285	0.258189686	0.283379374	0.301933078	0.326438763	0.345612637	0.347690148	0.316374382	0.267957477	0.232378566	0.209962699	0.195907634	0.187738646	0.182346867	0.177906523	0.175632113	0.176322152	0.182220698	0.194455585	0.212401773	0.238105954	0.269628859	0.305044219	0.347453906	0.390250852	0.43288678	0.484300747	0.528389111	0.559927206	0.57902469	0.588026352	0.591652682	0.591266324	0.587236374	0.581703433	0.574505809	0.565776358	0.556390845	0.546867267	0.536949828	0.5285168	0.523102544	0.518702211	0.512751158	0.505420754	0.497483842	0.489472091	0.482717877	0.47931923	0.480229812	0.488384211	0.504807311	0.525811729	0.556256449	0.601169088	0.649095439	0.678244458	0.673908099	0.650139463	0.620923718	0.599366956	0.582725237	0.564890923	0.547360522	0.533222942	0.520151921
10	0.188511103	0.182891129	0.18068986	0.184272265	0.198373154	0.22583301	0.25998608	0.285034557	0.303500842	0.327982275	0.347131768	0.349104115	0.317638621	0.269320205	0.233852226	0.211332705	0.197102691	0.188833974	0.183376417	0.178882065	0.176739544	0.17759333	0.183276347	0.195504075	0.213761256	0.239591796	0.271313628	0.306986292	0.349644974	0.392818258	0.436094168	0.487619825	0.531572827	0.562450727	0.58093526	0.589724914	0.592979155	0.592531772	0.5885464	0.582702784	0.575154078	0.566228484	0.556525214	0.546903885	0.537159779	0.528648871	0.523183137	0.518686716	0.512689316	0.505467941	0.497588768	0.489708723	0.482962702	0.479389033	0.480249614	0.4888247	0.505637141	0.52681721	0.557609708	0.602408372	0.650749197	0.680315516	0.675763854	0.652002174	0.62234171	0.600719858	0.584545399	0.566415732	0.548989431	0.53434785	0.521322094
15	0.189352903	0.183817627	0.181803991	0.185426767	0.199440678	0.226725272	0.260720687	0.285776499	0.304271717	0.328882125	0.348068405	0.350141361	0.31861744	0.270130046	0.234686215	0.212189369	0.198013937	0.189627206	0.184128918	0.179536072	0.177391226	0.178359034	0.184039344	0.196117558	0.214554356	0.240481073	0.27233978	0.308152567	0.350790505	0.394082635	0.437326197	0.488782307	0.532674885	0.563713842	0.582004284	0.590588325	0.593568245	0.592977509	0.589068989	0.58332458	0.575710823	0.56664045	0.556700887	0.5470595	0.537478495	0.528971681	0.523443105	0.518819846	0.512661041	0.505407387	0.497412179	0.489647664	0.483211643	0.47964212	0.480433175	0.488972683	0.506006682	0.527249985	0.558039087	0.602768433	0.65119346	0.681023637	0.676840305	0.652487464	0.622942224	0.601555507	0.585540303	0.56775695	0.550083972	0.535506587	0.522503283
20	0.190479127	0.185012732	0.182979327	0.186662422	0.200788371	0.228048693	0.261833155	0.286803639	0.305344566	0.329957758	0.349032395	0.351090264	0.319418906	0.270996643	0.235576926	0.2131756	0.199035365	0.190469453	0.184933187	0.180274514	0.178196071	0.179302592	0.184930768	0.197085886	0.215637849	0.241714563	0.273643875	0.309509691	0.352163981	0.395726262	0.439402011	0.491023695	0.534875004	0.565749244	0.583837598	0.592012613	0.594597395	0.593681157	0.589506361	0.583695798	0.576217527	0.56715882	0.55708792	0.547347138	0.537672717	0.529147773	0.523526315	0.518747567	0.512504741	0.505327942	0.497377999	0.489822614	0.483400558	0.479781476	0.480732084	0.489373558	0.506385029	0.52775973	0.558829114	0.60388	0.652410345	0.682149329	0.677175693	0.652903744	0.623707865	0.601973208	0.585820145	0.568040943	0.550543705	0.536358802	0.523059459
25	0.190676167	0.185207524	0.183068206	0.186750193	0.200858352	0.228301824	0.262056081	0.286972559	0.305535442	0.330191054	0.34923348	0.351230081	0.31958722	0.271018503	0.235433361	0.213034158	0.199048728	0.190479058	0.184867065	0.180311998	0.178287529	0.179374397	0.185060198	0.197172749	0.215781162	0.241817431	0.273649663	0.309435695	0.352084582	0.395593343	0.439144895	0.490718124	0.534452541	0.565467218	0.583663971	0.591861226	0.594598706	0.593478393	0.589070634	0.58342622	0.575966904	0.566903688	0.556921135	0.547372551	0.537684013	0.529078155	0.523484512	0.51869661	0.512469743	0.50530456	0.497379125	0.489848564	0.48330529	0.479711071	0.480812997	0.489320407	0.506301977	0.527713659	0.5589129	0.604183275	0.652615496	0.681984321	0.677474503	0.653090912	0.623520496	0.601960291	0.585987586	0.567757339	0.550316163	0.536602484	0.523381773
30	0.190815167	0.185322141	0.183111815	0.18678661	0.200984201	0.228392208	0.262067453	0.286991072	0.305570232	0.330245434	0.349386795	0.351300221	0.319638748	0.270967753	0.235310248	0.212901607	0.19901185	0.190508927	0.184839728	0.180232665	0.1781655	0.179301943	0.18492036	0.197045303	0.215740331	0.241683398	0.273393221	0.309218143	0.352033795	0.395529618	0.439095362	0.490750279	0.534367974	0.565395587	0.583609037	0.591771357	0.594536599	0.593228033	0.588661669	0.582978725	0.575502108	0.566354291	0.556514967	0.547043114	0.53735429	0.528635155	0.52301121	0.518352905	0.512350392	0.505074202	0.497005319	0.489457539	0.482958999	0.479260432	0.480327231	0.488799302	0.505735237	0.52749849	0.558784757	0.603992932	0.652511715	0.681755763	0.677328554	0.653298736	0.623950174	0.60264151	0.58631239	0.568583694	0.551246621	0.536965326	0.523866321
35	0.191685024	0.186103941	0.183966002	0.187677807	0.201811394	0.229188855	0.262875437	0.287759899	0.306247213	0.330926478	0.350122952	0.352037076	0.320273847	0.271501569	0.235845819	0.213499437	0.199574513	0.191113742	0.185430848	0.180799496	0.178659823	0.179778167	0.18540059	0.197577594	0.216312802	0.24225178	0.273943613	0.309798423	0.352756226	0.396301656	0.439990782	0.491637274	0.535305861	0.566230523	0.58421108	0.592185328	0.594937389	0.593426273	0.588658677	0.582875065	0.575347106	0.566164492	0.556482976	0.547082572	0.537294265	0.528519804	0.522897046	0.518298612	0.512352171	0.504996805	0.496929054	0.489407556	0.482894266	0.479209572	0.480257543	0.488746695	0.505870337	0.527745729	0.559140741	0.604338528	0.65283222	0.682371707	0.677668302	0.653754269	0.624333287	0.602865072	0.586933758	0.56863105	0.551125473	0.536931144	0.524485412
40	0.191880667	0.186371142	0.184219687	0.18783077	0.201947547	0.229355352	0.263113563	0.288002613	0.306463852	0.331034755	0.350229161	0.352148676	0.320332225	0.271484672	0.235812208	0.213595548	0.199686946	0.191312342	0.185641231	0.180941729	0.178779391	0.179836842	0.185473233	0.197624842	0.216274851	0.242231707	0.274000542	0.30980996	0.352842025	0.396346003	0.439817245	0.491395247	0.535033955	0.565973583	0.584019896	0.591940338	0.594788134	0.593239724	0.588471983	0.58270579	0.575128502	0.566017964	0.55638166	0.547029258	0.537296559	0.528502742	0.522926377	0.518370923	0.512379571	0.504931939	0.496942829	0.489456869	0.482929674	0.479207344	0.480129209	0.488611719	0.505800592	0.527813172	0.55921415	0.604408975	0.652820384	0.68236265	0.677930034	0.653733065	0.624708813	0.603488977	0.587828469	0.569752975	0.551986827	0.538158582	0.525370622
45	0.191992418	0.186462906	0.184317727	0.187908647	0.202010748	0.229439795	0.263204576	0.288039358	0.306518571	0.331141894	0.350311805	0.352281553	0.32038928	0.271489394	0.235868466	0.21353913	0.19960733	0.191204328	0.18557718	0.180899901	0.178651865	0.179699533	0.185394136	0.197526323	0.216240219	0.242248583	0.273907815	0.309849667	0.352966771	0.396548736	0.440122935	0.491712537	0.535303109	0.566147491	0.584046901	0.591846856	0.59459676	0.593027655	0.588168297	0.58236266	0.574766768	0.565641407	0.555969532	0.546605437	0.536877629	0.528058359	0.522533357	0.518006898	0.512010877	0.50450184	0.496458015	0.489021503	0.482603819	0.478931169	0.479823111	0.488308153	0.50559269	0.527649495	0.559043036	0.604338971	0.652939632	0.68244452	0.678204997	0.653994458	0.624690436	0.60284409	0.5878808	0.570096563	0.552246281	0.538330526	0.52495299
50	0.192707722	0.187186991	0.184951042	0.188470527	0.202552816	0.229921159	0.263600416	0.288340422	0.306799024	0.331443911	0.350658225	0.35251354	0.320545084	0.271640367	0.23598087	0.2136951	0.199807637	0.191382435	0.18578496	0.181066607	0.178789857	0.179865189	0.185403039	0.197506831	0.216226409	0.242256812	0.274071418	0.310004519	0.353185208	0.396915607	0.440636038	0.492434899	0.536122855	0.566738875	0.584425437	0.592008583	0.594491646	0.592783004	0.587882714	0.581951824	0.57433553	0.565228964	0.555591373	0.546197266	0.536469511	0.527676249	0.522138311	0.517577805	0.511619088	0.504104218	0.496051331	0.488675338	0.48235507	0.478702962	0.47960471	0.488112591	0.50554751	0.52787434	0.559361497	0.604766461	0.653214533	0.682493376	0.67808131	0.65412456	0.624837994	0.603740904	0.587916933	0.569697143	0.552100855	0.537947354	0.526120786
