1	0.108601379	0.107256643	0.108847938	0.117276826	0.136012739	0.165226338	0.197578226	0.219114764	0.239065304	0.26229546	0.276217811	0.272795707	0.238615307	0.19644506	0.168933207	0.152384862	0.142817215	0.137977552	0.134963859	0.131233653	0.129649181	0.131407345	0.137297502	0.14895797	0.166351424	0.191154132	0.219955936	0.251192904	0.289606084	0.326727719	0.363184056	0.409829649	0.447891716	0.477075533	0.495198717	0.505426495	0.510758582	0.511775817	0.511290335	0.509465077	0.50550132	0.499222004	0.492091384	0.485793375	0.478695251	0.472747838	0.468244571	0.464698354	0.459706904	0.452894647	0.446245982	0.440285332	0.435251468	0.431699685	0.431052476	0.438899858	0.454006006	0.472861708	0.500835509	0.54054696	0.568701545	0.572324693	0.550953992	0.516799709	0.482144172	0.456608148	0.433078155	0.410059414	0.390190254	0.374864877	0.35922688
6	0.10970666	0.108219209	0.11020258	0.11903135	0.137800169	0.167600066	0.199514538	0.220968173	0.240727574	0.264096661	0.278083944	0.273878172	0.23916391	0.197112712	0.17047798	0.153932681	0.144262316	0.13941603	0.135399064	0.131700175	0.130373178	0.131876175	0.137729731	0.149816322	0.167970953	0.192002679	0.220348513	0.252234283	0.291453532	0.328676441	0.365443204	0.413084354	0.450859148	0.479243995	0.49735389	0.507217609	0.512247006	0.513231296	0.512853152	0.511380379	0.507004401	0.500612984	0.493423479	0.486353762	0.479574801	0.47407698	0.470167775	0.466570199	0.460988451	0.453768989	0.44744926	0.441775524	0.437030303	0.433568067	0.432458676	0.441289336	0.456064754	0.474444202	0.503542524	0.543410212	0.571757688	0.575456457	0.554026966	0.519145193	0.484490331	0.458929609	0.43546812	0.412099211	0.392604385	0.376589085	0.360604202
11	0.109664159	0.108742339	0.111175782	0.119361655	0.138099666	0.167628297	0.200331146	0.221231814	0.241116237	0.264394145	0.278271201	0.274241751	0.239463557	0.197577026	0.170932705	0.154773352	0.145157006	0.140411307	0.136112551	0.132256952	0.130759236	0.132715672	0.138341463	0.149825542	0.167487248	0.19281079	0.221954358	0.254007667	0.292132332	0.328745215	0.36548102	0.413171429	0.451524951	0.479873192	0.497361587	0.507524369	0.512066576	0.512741049	0.512037305	0.510415748	0.506914442	0.50097201	0.494040325	0.486323829	0.479560297	0.473955165	0.469998564	0.46643553	0.460842795	0.454185971	0.447745428	0.441296775	0.435818672	0.43199081	0.430860084	0.440093393	0.455504571	0.475187019	0.505532273	0.545077512	0.573727739	0.577413016	0.555304141	0.51999483	0.484959759	0.459098966	0.435726966	0.413066544	0.392569064	0.376996538	0.361102402
16	0.111159228	0.109462533	0.111554452	0.120134917	0.138831881	0.168706572	0.20115025	0.222353074	0.242181433	0.265504797	0.279369629	0.275431974	0.240695775	0.198022976	0.171505687	0.155687478	0.145849519	0.140831046	0.136606498	0.133261818	0.131991224	0.133645653	0.139486942	0.151578348	0.169201964	0.194353065	0.222986817	0.2552378	0.294099711	0.330987759	0.367847241	0.415384086	0.453092424	0.481160123	0.499241408	0.509329106	0.513044364	0.513553182	0.51285795	0.511209399	0.507800657	0.500977251	0.494128815	0.486463758	0.47950138	0.474522832	0.469858203	0.465973669	0.460280089	0.453755767	0.447753189	0.441746539	0.43595755	0.431908518	0.431504541	0.440266814	0.456341556	0.476264715	0.506305905	0.546097928	0.575921114	0.579047048	0.556745307	0.521938558	0.486486332	0.460948434	0.43754344	0.414450312	0.394294395	0.378225682	0.362544226
21	0.111607736	0.109739453	0.111856468	0.120720687	0.139027342	0.16874318	0.20167396	0.223022775	0.242450447	0.265815808	0.279706089	0.275863876	0.24140538	0.198563885	0.17168597	0.155878651	0.145829314	0.140992236	0.13676738	0.133554057	0.132042408	0.133828627	0.140269888	0.152502234	0.16962725	0.194735302	0.223714953	0.256013242	0.295324045	0.332043327	0.368564566	0.415901323	0.453660499	0.482126743	0.500041903	0.509737805	0.513079305	0.513714238	0.513583085	0.511945142	0.508174974	0.501550527	0.494912149	0.487326306	0.479690931	0.474609924	0.469897543	0.466476383	0.460896642	0.45438794	0.448009565	0.441983092	0.436450189	0.432273676	0.432668495	0.440586145	0.456340634	0.476495299	0.506478436	0.546530051	0.576159251	0.579435485	0.5576584	0.522363491	0.487010823	0.460746998	0.437124405	0.41445826	0.395030065	0.378601313	0.362860361
26	0.111626353	0.10986383	0.112003218	0.120874031	0.13912302	0.168837761	0.201851239	0.223330534	0.242573366	0.265934559	0.280031744	0.276248332	0.24181121	0.198547524	0.171801956	0.15587757	0.145654462	0.140970574	0.136752096	0.133429261	0.131876125	0.133773972	0.140346899	0.152441904	0.169595642	0.194682472	0.22383663	0.256189466	0.295565274	0.332148439	0.368553235	0.416002845	0.453830584	0.4824425	0.500138205	0.50987077	0.513136315	0.513992247	0.513861454	0.511964973	0.508410853	0.502019773	0.495462615	0.487868723	0.479866618	0.474653999	0.470048167	0.466756233	0.461237515	0.45448974	0.448088841	0.442200692	0.436713395	0.432534685	0.432973267	0.440758167	0.456371417	0.47663549	0.506467595	0.546647961	0.576225923	0.579792075	0.557713394	0.522444694	0.487301106	0.461280783	0.43759231	0.414681193	0.394518049	0.378678273	0.363173025
31	0.112214568	0.110519013	0.112649753	0.121475752	0.139808534	0.169519727	0.202407641	0.223853432	0.243129838	0.266592537	0.280661243	0.276822251	0.242384772	0.198899682	0.172300136	0.156361289	0.145916359	0.141082882	0.137027892	0.133779811	0.132043584	0.134048253	0.14071283	0.152846783	0.17000031	0.195008256	0.224232478	0.256639485	0.296106075	0.332835925	0.369387814	0.416924433	0.454737414	0.483217816	0.500675847	0.510125854	0.513577715	0.514456031	0.514216121	0.512021074	0.508477988	0.502395886	0.495819284	0.488249103	0.479886663	0.474475134	0.469866949	0.466768261	0.461313718	0.454543768	0.448201192	0.44214721	0.436721781	0.432553366	0.433045971	0.440729739	0.456374338	0.476808967	0.50683509	0.547175303	0.577018253	0.580947047	0.55901562	0.523267129	0.488289015	0.462316176	0.438318469	0.415155043	0.395121888	0.379299966	0.363849721
36	0.112780698	0.111125435	0.113270423	0.122161148	0.140609462	0.170128425	0.203110399	0.224430567	0.243683057	0.267204143	0.281298136	0.277433073	0.242974193	0.199537871	0.17292025	0.156863578	0.146344999	0.14148028	0.137560316	0.134328822	0.132594377	0.134548202	0.141252427	0.15314898	0.170394277	0.19549818	0.224678624	0.257166607	0.296482261	0.333200947	0.369815461	0.41728762	0.454943612	0.483435378	0.50098526	0.510480543	0.513952428	0.514927093	0.514575677	0.512201184	0.508921974	0.503034878	0.496376255	0.488905667	0.480471396	0.474771874	0.470267534	0.467344193	0.461916318	0.455089775	0.448750096	0.442657139	0.43733501	0.433204918	0.433436692	0.441151156	0.45680515	0.477267406	0.507717835	0.547966227	0.577997246	0.581811269	0.559956805	0.524326605	0.489070937	0.462938242	0.438693619	0.416185884	0.395847499	0.380243944	0.364419576
41	0.112823397	0.1112556	0.11332177	0.12232963	0.140882659	0.17043489	0.203264578	0.2245032	0.243900651	0.267416954	0.281582203	0.27761687	0.242999733	0.199715611	0.173012646	0.156807167	0.146318299	0.141404525	0.137569325	0.134332369	0.132581116	0.134563304	0.141176331	0.153141701	0.17034794	0.195495997	0.224777976	0.257280998	0.296752253	0.333618867	0.370452738	0.418033496	0.455544698	0.483893405	0.501353924	0.510699081	0.51410829	0.515088363	0.514471669	0.511951024	0.508826235	0.503031497	0.496245598	0.488918441	0.480397475	0.474460117	0.470035165	0.467200564	0.461821932	0.454876072	0.448529023	0.442313084	0.437033641	0.433094982	0.433157349	0.440923519	0.456688017	0.477360638	0.508034302	0.548503667	0.578580282	0.58235206	0.560427873	0.52448155	0.48964286	0.462987357	0.439139576	0.416018925	0.396504466	0.380179052	0.365414158
46	0.113187814	0.111527569	0.113706519	0.1228651	0.141310811	0.170799816	0.203686867	0.224900422	0.244230569	0.267896823	0.282014082	0.27805445	0.24330221	0.200036486	0.173314588	0.156985803	0.146595066	0.14159636	0.137868368	0.134603714	0.132961612	0.134889833	0.141434608	0.153378587	0.170606213	0.195883495	0.225056918	0.257692948	0.297135658	0.334273713	0.371200138	0.418801404	0.456252601	0.484474963	0.501796506	0.511084988	0.514577317	0.515400616	0.51450634	0.511833377	0.508795966	0.503049964	0.496321767	0.489077136	0.480491639	0.47439542	0.469973228	0.467362314	0.461942924	0.454985751	0.448547632	0.442192769	0.43696177	0.433104233	0.43319018	0.440858249	0.456735124	0.477715975	0.508597255	0.549137284	0.579164736	0.58315255	0.561070312	0.525376118	0.489742527	0.463853412	0.440079987	0.417070886	0.398045847	0.381049745	0.365313135
2	0.105627937	0.103844415	0.10529959	0.113154649	0.130700451	0.159266989	0.190706954	0.210878653	0.229752836	0.253127806	0.26798041	0.265403151	0.231434958	0.189382854	0.162425094	0.146109865	0.136655564	0.131579622	0.128259768	0.124905368	0.123329236	0.124872892	0.130595968	0.14240359	0.15901023	0.182398472	0.209927847	0.240563741	0.279019479	0.316904273	0.354996411	0.403898494	0.443034448	0.47235768	0.490003443	0.499135828	0.503382788	0.50271976	0.499624426	0.494996877	0.488712223	0.480648132	0.472736134	0.466189003	0.45930783	0.453617537	0.449337933	0.445436324	0.440042824	0.432915116	0.426574863	0.420636496	0.415850281	0.412713945	0.412380706	0.421545313	0.436873773	0.454667496	0.482121697	0.524861546	0.559571696	0.570646174	0.554589137	0.522694403	0.489698957	0.46712332	0.445856942	0.424235204	0.405712695	0.39031529	0.375405218
7	0.106207814	0.104524231	0.106230423	0.114305693	0.131744241	0.160618336	0.191390028	0.211566672	0.230392766	0.253897163	0.268842987	0.265321257	0.230989667	0.189200323	0.162972073	0.146716105	0.137134362	0.131983564	0.12796313	0.124473451	0.123281688	0.124776429	0.130511668	0.142233784	0.159598378	0.18236115	0.209365304	0.240494477	0.279631671	0.31768642	0.356120962	0.405671941	0.44446648	0.472791674	0.490325971	0.499250106	0.502744778	0.501928458	0.498988317	0.494633729	0.488007559	0.480023184	0.472017582	0.464626771	0.457925066	0.452566236	0.448563152	0.444718857	0.438900908	0.431574711	0.425383209	0.419904253	0.415104062	0.411907171	0.411638913	0.421322261	0.436429983	0.454002915	0.482412235	0.524908178	0.560020376	0.571117997	0.554971428	0.523148425	0.490296787	0.467556933	0.44681239	0.425916265	0.406736624	0.391476329	0.375979166
12	0.106342103	0.105050721	0.107220714	0.11465404	0.131928936	0.160611522	0.192123176	0.211725969	0.230531263	0.254040864	0.268648802	0.265439836	0.231151324	0.189529581	0.163450416	0.147596641	0.137967793	0.1329672	0.128530576	0.124922961	0.123649174	0.125514294	0.130969446	0.14232	0.159160584	0.183138326	0.21090775	0.242031222	0.280041327	0.317436146	0.355795073	0.405411396	0.444575515	0.472829298	0.489669729	0.498835771	0.501996823	0.500828772	0.497539923	0.492939836	0.487153004	0.479617875	0.471849213	0.463859205	0.457402638	0.452195641	0.447949071	0.443859323	0.43797048	0.43130343	0.425252646	0.41903271	0.413537847	0.40995085	0.409553703	0.41958623	0.435462388	0.454308628	0.483743293	0.525743262	0.560972375	0.571873356	0.555684214	0.522973006	0.490360049	0.467536636	0.446912285	0.425158981	0.407183692	0.391838482	0.376475045
17	0.107560547	0.105556006	0.107341065	0.115191905	0.132401391	0.161273036	0.19264498	0.212425275	0.23117313	0.254536527	0.269136974	0.266034401	0.231933175	0.189693809	0.163524433	0.148114592	0.138288993	0.132973269	0.128721369	0.125685036	0.124527406	0.126038581	0.131767808	0.143713526	0.160421007	0.184191178	0.211496834	0.242692276	0.281449188	0.318971549	0.357266444	0.406479551	0.445098051	0.473214899	0.490604026	0.499581713	0.501980047	0.500785625	0.497547583	0.49306684	0.4872742	0.47896831	0.471304306	0.463489634	0.456742698	0.451906153	0.447144482	0.442848046	0.436983542	0.430594343	0.424638407	0.41877103	0.41307121	0.409210657	0.409595184	0.419082943	0.435404425	0.454372811	0.483425561	0.525633014	0.561452139	0.572090805	0.555311917	0.52357083	0.490979654	0.46801765	0.447149419	0.426093061	0.40785405	0.392585293	0.377751103
22	0.107645927	0.10556662	0.107361981	0.115477455	0.132274447	0.161052202	0.192634718	0.212597978	0.23089672	0.254220424	0.268938097	0.265870592	0.232030886	0.189521976	0.163268024	0.147895844	0.137851795	0.132754966	0.12841453	0.125507555	0.124201484	0.12588994	0.132303892	0.14413236	0.160415843	0.18407718	0.211632328	0.242993316	0.282005263	0.319362386	0.357367129	0.406490669	0.445284238	0.473645687	0.49079632	0.499385813	0.501387405	0.500278565	0.497449381	0.492780048	0.486799798	0.478724749	0.471366679	0.463552487	0.456052604	0.451271185	0.446389362	0.442490896	0.436795195	0.43037571	0.424053648	0.41828369	0.412801743	0.408824214	0.40993453	0.418653367	0.43460791	0.453651911	0.482517491	0.524599633	0.560491647	0.571365747	0.554836981	0.523150214	0.490148867	0.467590295	0.446534328	0.425779427	0.406874372	0.392016232	0.377290392
27	0.107831881	0.105813816	0.107657432	0.115722335	0.132519951	0.161209338	0.192921874	0.212869748	0.231080825	0.254417025	0.269180937	0.266265275	0.232425467	0.189755423	0.163470699	0.148030598	0.137807517	0.13281889	0.128597689	0.125504183	0.12407162	0.125930079	0.132430939	0.144133644	0.160464103	0.184080273	0.211832752	0.243103737	0.282166081	0.319428481	0.357348986	0.406423004	0.445090218	0.473588275	0.4905487	0.499039151	0.501146569	0.500036038	0.497285664	0.492538688	0.486534616	0.478757321	0.471389263	0.463626681	0.455775294	0.450815486	0.446097667	0.442410905	0.436699513	0.430066857	0.423790274	0.417957843	0.412660574	0.408784656	0.409777631	0.418359036	0.434257044	0.453328279	0.482080989	0.524330616	0.560359075	0.571278422	0.554970642	0.523330641	0.490437828	0.467909964	0.446807052	0.42581467	0.407343254	0.392523828	0.377329161
32	0.108129524	0.106210724	0.107993061	0.116010006	0.132952011	0.161489848	0.193067249	0.213020201	0.231143415	0.254487336	0.269229528	0.266164446	0.232455059	0.189631013	0.163609031	0.148128271	0.137712602	0.132610909	0.128629561	0.12566117	0.124084488	0.125967117	0.132524469	0.144224991	0.160525446	0.184091709	0.21184653	0.243168077	0.282213576	0.319484851	0.357472955	0.406663161	0.445239712	0.47363696	0.490365451	0.4987228	0.500699909	0.499846411	0.496918704	0.491848571	0.485960879	0.478458706	0.47113913	0.463380793	0.455154957	0.450124066	0.44540045	0.441928146	0.436305397	0.429650227	0.42338259	0.41746525	0.412221238	0.408422601	0.409348643	0.417850215	0.433661193	0.452809558	0.481835291	0.524052304	0.559902261	0.571110268	0.554810026	0.523048576	0.490437688	0.467412946	0.44664096	0.425581547	0.407168518	0.391399215	0.377006615
37	0.108874726	0.106869032	0.108716292	0.116836547	0.133806562	0.162217423	0.193754182	0.213553078	0.231634209	0.255114558	0.269869751	0.266808454	0.233059354	0.190433529	0.164365656	0.148733861	0.13828993	0.133167115	0.129257098	0.126272228	0.124632734	0.126556679	0.133079956	0.144717876	0.16098649	0.18464196	0.212351444	0.243579965	0.282591422	0.319922148	0.357972402	0.406899611	0.445389682	0.473636736	0.490396341	0.498668263	0.500826654	0.500011018	0.496916135	0.491613908	0.486033572	0.478635915	0.471197336	0.463639795	0.455339101	0.449978031	0.445351425	0.442135033	0.436523234	0.429720357	0.423508001	0.417481658	0.412284925	0.408490908	0.409278656	0.417846783	0.43362262	0.452926064	0.48200448	0.524176749	0.559845534	0.571173457	0.555144058	0.523387645	0.490263495	0.467611612	0.447126055	0.426382036	0.408314831	0.392891109	0.377539026
42	0.108519226	0.106567691	0.108378368	0.116562286	0.13359408	0.161963017	0.193375381	0.213143149	0.231333808	0.254669532	0.269541534	0.266403673	0.232601643	0.189960783	0.163966389	0.148202246	0.13783821	0.132685418	0.128750983	0.125778644	0.124165182	0.126021554	0.132475566	0.144159997	0.160398446	0.184107731	0.211705882	0.243146079	0.28211121	0.319545202	0.357702208	0.406723022	0.444997301	0.473137165	0.489767211	0.498036836	0.50022265	0.499264769	0.495955447	0.490462522	0.485101318	0.477756943	0.47028733	0.462843832	0.45456046	0.448880833	0.444393632	0.441301321	0.43562149	0.428840602	0.422585202	0.41643519	0.41126083	0.407680468	0.408357101	0.416811228	0.43256336	0.451969263	0.481368347	0.523457716	0.559602997	0.570888664	0.554827722	0.52292489	0.490712496	0.467621176	0.446900704	0.426438997	0.407683162	0.39342932	0.378210127
47	0.108659592	0.106732837	0.108610392	0.116915045	0.133857487	0.162184274	0.193605266	0.213274842	0.231369832	0.254861059	0.269663107	0.266486499	0.232599702	0.190147709	0.163979775	0.148180068	0.137886632	0.132616136	0.128775202	0.125901041	0.124303795	0.126093475	0.132497306	0.144101385	0.160383493	0.184148164	0.211690858	0.243112287	0.28214701	0.319631523	0.357944	0.406949038	0.44506201	0.473093037	0.489707079	0.497882388	0.500050871	0.499027767	0.495444773	0.489740803	0.48450987	0.47721953	0.46977303	0.462419014	0.454145804	0.448355343	0.443841577	0.440848484	0.435182251	0.42838996	0.422121894	0.415924284	0.410724722	0.407220499	0.407788302	0.416321292	0.432146408	0.451770537	0.481312219	0.52354373	0.559469683	0.570837242	0.554602122	0.523313633	0.490462424	0.468144113	0.447407297	0.426238603	0.408375533	0.393104529	0.378246215
3	0.141997063	0.137228427	0.135619916	0.140419419	0.154542024	0.179145277	0.206748143	0.223865005	0.239819543	0.259096822	0.26980582	0.264850854	0.232609821	0.193821391	0.168623591	0.152885338	0.143827656	0.139126728	0.135912157	0.132452507	0.130943457	0.132869638	0.139058684	0.151627939	0.169107144	0.192884154	0.220106814	0.249879521	0.287901396	0.328291917	0.37157849	0.424212467	0.465799681	0.496186699	0.514454843	0.524418456	0.529685652	0.529528354	0.526805431	0.522635045	0.516519325	0.508511756	0.499892701	0.492297265	0.484246074	0.477410182	0.472430281	0.468206201	0.462371221	0.454863139	0.44801539	0.441831931	0.436921409	0.433634353	0.433470906	0.442717664	0.458028537	0.475794028	0.503472627	0.54633497	0.584440573	0.603487665	0.5990193	0.580277414	0.558992473	0.546701626	0.534171281	0.519735383	0.506921754	0.496592054	0.484330473
8	0.143322332	0.138635564	0.137322866	0.142296352	0.156202361	0.180985585	0.20777677	0.224903104	0.240698181	0.260160338	0.270761252	0.264974451	0.232490393	0.193986564	0.169527388	0.154009688	0.144779728	0.139934006	0.136039861	0.132410125	0.131330257	0.133209057	0.139503667	0.151958077	0.17011799	0.193398203	0.220106367	0.250438998	0.289163311	0.32986877	0.373818716	0.427221831	0.468374875	0.497587706	0.515532268	0.524996835	0.529324754	0.529023654	0.52641911	0.522445042	0.515925341	0.507799646	0.4991381	0.49067401	0.482680154	0.476344695	0.471515047	0.467243721	0.461041378	0.453344129	0.446644521	0.440898561	0.43598389	0.432791033	0.432381966	0.442269176	0.457387057	0.474972683	0.503428644	0.546084102	0.584283804	0.603585928	0.599368544	0.580676768	0.559522917	0.546965443	0.534833754	0.520907925	0.508188765	0.497581211	0.485313649
13	0.143042361	0.138667354	0.137793348	0.142158948	0.155961142	0.18056298	0.207962565	0.224564572	0.24038091	0.259490972	0.270009363	0.264586193	0.23201907	0.193534529	0.16929665	0.154392043	0.14506489	0.140345066	0.136025038	0.132510522	0.131491532	0.133549233	0.139703165	0.151801682	0.16958686	0.193901009	0.221163078	0.251434024	0.289163981	0.329275723	0.373189406	0.426365987	0.467722748	0.496716457	0.514152483	0.524009588	0.527930965	0.527030354	0.523899315	0.5197407	0.514189733	0.506234515	0.497782943	0.488753185	0.481086816	0.474808002	0.469632712	0.465098099	0.458986794	0.451851711	0.445395554	0.438966616	0.433252718	0.429597654	0.429272142	0.439478083	0.455420609	0.474185528	0.503482881	0.545659477	0.584158608	0.603138039	0.598308864	0.578879457	0.558161074	0.545229712	0.533106907	0.519686962	0.506724448	0.496466346	0.484928916
18	0.143590532	0.138646455	0.137348096	0.142168854	0.155819061	0.180593733	0.207966232	0.224723429	0.240378446	0.259670171	0.270080371	0.26464384	0.232418783	0.193526739	0.169032717	0.154315484	0.144915586	0.139921452	0.135748746	0.132631248	0.131608378	0.133510107	0.139848332	0.152399292	0.169888196	0.194085462	0.220990934	0.251395363	0.289761319	0.329844303	0.373446592	0.426427881	0.467211822	0.49614291	0.514095167	0.523821608	0.526950077	0.526215677	0.523451259	0.519425902	0.513757038	0.505275043	0.497096917	0.488252814	0.480149943	0.474288953	0.468745069	0.464151171	0.45788514	0.451105408	0.444627653	0.438565361	0.432773422	0.428778298	0.429212412	0.438765237	0.454970442	0.473838159	0.502980572	0.545035898	0.5839297	0.602506097	0.597651476	0.579032939	0.558225512	0.544883465	0.532840531	0.518651454	0.506673749	0.496139198	0.484808675
23	0.14407225	0.138926268	0.137718234	0.142659585	0.15602049	0.180571465	0.208259195	0.225086975	0.240388297	0.259560582	0.270033357	0.264727815	0.232803402	0.193642652	0.169061302	0.154289809	0.144600595	0.139916859	0.135730654	0.132717724	0.131473262	0.133541189	0.140389449	0.152963415	0.170035398	0.194049889	0.221186719	0.251692295	0.290252453	0.330106278	0.37345432	0.42610959	0.467052128	0.496299542	0.513917115	0.52336634	0.526150431	0.525550255	0.523225845	0.519036488	0.513284372	0.505090819	0.49710447	0.488201109	0.479513412	0.473537071	0.468020697	0.463862364	0.457769913	0.450780184	0.444223644	0.438156501	0.43251391	0.428446955	0.429510969	0.438341782	0.454144861	0.473140072	0.501980435	0.544184009	0.583194833	0.601969764	0.597501124	0.57852063	0.558153253	0.545456465	0.533020561	0.519603693	0.50737435	0.496679718	0.485250654
28	0.143952226	0.138895235	0.13777694	0.142644525	0.155999747	0.180543898	0.208338813	0.225175399	0.24030324	0.259561665	0.27015223	0.264959201	0.232965745	0.193531824	0.169085126	0.154158099	0.144339201	0.139739717	0.135574251	0.132512821	0.131175321	0.13337177	0.140311499	0.152763792	0.169895899	0.193913483	0.221167616	0.251683841	0.290239445	0.330016834	0.373170443	0.42588539	0.466763769	0.496166595	0.513710053	0.523009689	0.525817111	0.525390241	0.523069943	0.518803545	0.513122647	0.505153679	0.497145792	0.488293747	0.479230479	0.473224209	0.467822083	0.463794241	0.45773099	0.450729737	0.444040532	0.437945323	0.432366426	0.428337293	0.429529485	0.438170676	0.453862778	0.472864967	0.501549023	0.543953024	0.582902396	0.601818884	0.597419876	0.578421491	0.557830785	0.544952326	0.532828088	0.519156273	0.506989903	0.496265139	0.484687112
33	0.14423915	0.13933724	0.138187089	0.143101753	0.156463454	0.180888734	0.208479561	0.225265898	0.240357837	0.259573188	0.270088728	0.264798018	0.232985009	0.193616183	0.169286037	0.154367399	0.144371384	0.139627511	0.135759112	0.132683799	0.131197646	0.133527963	0.14053156	0.152991194	0.170026679	0.193974471	0.221380184	0.251737784	0.290323982	0.330156007	0.373407652	0.426080941	0.466794324	0.495999662	0.513293958	0.522495556	0.525272369	0.524948519	0.522458648	0.517817742	0.512277384	0.504624783	0.496624072	0.487792554	0.47850358	0.472163821	0.466893162	0.463092234	0.457109582	0.449899711	0.44331468	0.437153981	0.431735316	0.427758139	0.428712772	0.437311296	0.452938256	0.471951659	0.500832714	0.54306206	0.581878559	0.600925699	0.596991044	0.578001949	0.557226403	0.544338561	0.531840272	0.518639264	0.506247802	0.495715202	0.48408387
38	0.144588338	0.139765014	0.138513401	0.143533162	0.15694869	0.18128014	0.20883823	0.225570125	0.240689864	0.260007614	0.270519573	0.265194186	0.233287199	0.193968709	0.16959241	0.154599596	0.14459579	0.139730233	0.135896454	0.13284585	0.131328811	0.133590151	0.140643293	0.152928318	0.17001566	0.194030203	0.221343499	0.25177732	0.290327603	0.330151147	0.373376963	0.426048926	0.466592796	0.495774372	0.513010124	0.522179631	0.525192984	0.524883773	0.522245113	0.517400398	0.512143375	0.504541128	0.496520828	0.487882386	0.478442118	0.471960144	0.466696338	0.46303664	0.457079073	0.449850223	0.443285226	0.437010842	0.431609962	0.427729084	0.428571269	0.437197049	0.452821002	0.472023602	0.501065993	0.543229082	0.58213693	0.601380909	0.597265734	0.578229907	0.558098538	0.54496607	0.532622723	0.519015785	0.507287561	0.496709759	0.485158068
43	0.144625283	0.139691134	0.138479843	0.14362518	0.157053586	0.181359537	0.208854704	0.225463642	0.240563406	0.25989223	0.270439152	0.264976912	0.233141354	0.19389812	0.169538402	0.154408689	0.144438427	0.139581414	0.135831762	0.132744537	0.13124627	0.133564207	0.140487721	0.152825279	0.169877857	0.193981818	0.221211716	0.25172152	0.290321831	0.330255611	0.373660412	0.426291838	0.466771634	0.495708836	0.512864369	0.521899448	0.524900535	0.524460419	0.521530644	0.516379909	0.511355838	0.503894653	0.495732361	0.487234506	0.477784855	0.471109822	0.465907732	0.462454105	0.456445967	0.449118901	0.442555992	0.436102281	0.430741687	0.426956473	0.427762352	0.436288105	0.4519595	0.471333565	0.500497002	0.542676586	0.581604274	0.600689447	0.596659616	0.577884151	0.557182229	0.544795148	0.532754998	0.518778169	0.50670383	0.496007506	0.484438063
48	0.145016363	0.140136503	0.138932697	0.144067906	0.157531366	0.181724873	0.209177968	0.225681159	0.240757647	0.260094994	0.270599505	0.265164308	0.233202334	0.194088294	0.169646252	0.154417673	0.144521668	0.139698819	0.135962604	0.132841463	0.131442112	0.133688919	0.140551174	0.152789483	0.169974623	0.194072625	0.221201147	0.25185965	0.290467631	0.330580903	0.374140107	0.426848423	0.467075674	0.495857143	0.512920163	0.521832057	0.524795998	0.524197871	0.520961354	0.515747533	0.510644293	0.503323572	0.495179165	0.48675357	0.47735992	0.470373309	0.465180718	0.461892157	0.455914236	0.448573903	0.4419469	0.435419338	0.430073807	0.426481305	0.42712572	0.435679487	0.451377634	0.470943239	0.500389556	0.542517658	0.581435175	0.600698636	0.596817075	0.577835393	0.557543567	0.544667271	0.532921109	0.51965754	0.506870221	0.496727068	0.485426924
4	0.1441655	0.139954547	0.138976381	0.144681662	0.159991262	0.186768447	0.216542794	0.234657662	0.251603962	0.273028698	0.285964045	0.281917257	0.247752407	0.205885432	0.178537021	0.161620372	0.15166244	0.146367614	0.142755587	0.13918065	0.137602264	0.139265169	0.14526541	0.15777036	0.175019282	0.198976259	0.227052732	0.258277252	0.297658552	0.33727904	0.377644659	0.427665661	0.466706782	0.495530066	0.512699988	0.52180518	0.526473402	0.526012934	0.523130909	0.518801381	0.51254276	0.504420397	0.49611682	0.489076456	0.481634476	0.475259432	0.470680853	0.46656701	0.460856309	0.453518167	0.44703981	0.441147504	0.436582407	0.433666328	0.433683768	0.443708346	0.459690171	0.477883108	0.506571767	0.551084914	0.589993654	0.607708544	0.600860402	0.578838102	0.555503396	0.540434563	0.52604694	0.510686606	0.495930722	0.484465477	0.47198053
9	0.144595106	0.140555225	0.139887201	0.145599491	0.160834051	0.187763988	0.216743438	0.234934884	0.252053985	0.273676029	0.286517048	0.281605843	0.24710694	0.205429539	0.17883084	0.162157618	0.15207889	0.146630503	0.142390153	0.138694538	0.137569895	0.139208517	0.145332133	0.157408065	0.175374657	0.198821365	0.226486904	0.258163813	0.298157196	0.337884997	0.378504549	0.429059046	0.467730357	0.495551309	0.512577081	0.5215044	0.525325118	0.524917285	0.522264115	0.518280781	0.511671828	0.503613375	0.495378682	0.487482253	0.480118843	0.474179769	0.469744547	0.465738282	0.459643962	0.452178259	0.445874047	0.440322572	0.435619062	0.43268911	0.432830114	0.443169165	0.459053586	0.477308699	0.507086527	0.551328898	0.590446413	0.608433246	0.601102605	0.579481811	0.555329286	0.540473045	0.526091173	0.510819071	0.496322204	0.484448027	0.471658801
14	0.143979104	0.140325261	0.139979458	0.145108352	0.160292312	0.187070914	0.216720347	0.234399956	0.25141384	0.272904034	0.28564744	0.281157353	0.246549084	0.204639891	0.178388245	0.162216904	0.152141621	0.146736372	0.142109084	0.138650594	0.137528645	0.139271573	0.14530773	0.157162238	0.174689607	0.199189634	0.227211916	0.258921144	0.298033032	0.337242193	0.377882614	0.428262166	0.467125175	0.494905531	0.511440261	0.520656776	0.524107807	0.52314723	0.519971029	0.515702334	0.510035384	0.502148283	0.494092374	0.485589569	0.478453986	0.472758003	0.467967956	0.46354275	0.457551036	0.450741083	0.44462481	0.438526213	0.433054056	0.429600594	0.429694311	0.440561997	0.457249498	0.476673812	0.507218861	0.55162618	0.591350074	0.609184559	0.601117202	0.57889414	0.554469026	0.539308566	0.525117531	0.509538397	0.495642544	0.483622365	0.471018282
19	0.144909392	0.140397683	0.139725753	0.145366788	0.160440057	0.187435229	0.21726368	0.23510794	0.252060475	0.273811708	0.286508509	0.281936235	0.247566539	0.205171048	0.178403082	0.162424623	0.152127477	0.14654201	0.142060528	0.138880946	0.137735161	0.139475816	0.145608926	0.158039927	0.17531418	0.199823387	0.227842799	0.25982103	0.299747301	0.339254126	0.379990846	0.430377325	0.468940151	0.496539171	0.513619693	0.522390471	0.525044693	0.524101179	0.521200852	0.516942367	0.511176608	0.502726723	0.494824984	0.486477109	0.478968948	0.473441985	0.468239251	0.463860121	0.457795725	0.451105592	0.44498552	0.439172531	0.433582235	0.429890627	0.430974653	0.441082276	0.458182612	0.477921928	0.508455371	0.553219548	0.59334166	0.610835046	0.60301252	0.580180314	0.555873293	0.540412126	0.526264326	0.510784807	0.496533246	0.485061343	0.47270599
24	0.144619633	0.140154904	0.139626083	0.145380362	0.160055231	0.186961299	0.21690072	0.234918218	0.251459451	0.273091093	0.285883868	0.28146131	0.247403387	0.204797445	0.178010937	0.162039048	0.151445016	0.146126425	0.141668306	0.138515939	0.13721072	0.139202958	0.145948711	0.158203652	0.175141214	0.199463138	0.227658524	0.259738168	0.299845505	0.33901907	0.37943602	0.429596103	0.468206516	0.496146519	0.51282007	0.521407125	0.523666982	0.522859776	0.520351356	0.516058714	0.510076377	0.502064202	0.49431106	0.485989802	0.477762421	0.472164977	0.466996716	0.463004255	0.457002218	0.450308102	0.44394209	0.438108645	0.432766309	0.429084886	0.430649131	0.44017517	0.456772982	0.47653338	0.506905268	0.55146259	0.591691655	0.609175909	0.601584443	0.578872106	0.554726612	0.539444804	0.524472775	0.509219668	0.495125179	0.483385767	0.470572781
29	0.144890842	0.14060893	0.1400731	0.145761341	0.160469698	0.187281548	0.217328688	0.235380658	0.251835125	0.273438463	0.286355513	0.282050839	0.247855779	0.2050751	0.178316004	0.1622173	0.151477278	0.146254069	0.141755697	0.138649479	0.137214287	0.139215893	0.14606545	0.158353514	0.175313643	0.199640377	0.228007661	0.260019602	0.300169122	0.339314648	0.379687915	0.429847408	0.468617971	0.496568996	0.513058373	0.521609701	0.523912338	0.523165401	0.520712364	0.516257509	0.510327794	0.502421878	0.494790305	0.48642749	0.477876201	0.472241416	0.467102733	0.463259233	0.45734176	0.45048957	0.444118155	0.438347783	0.433012852	0.429323995	0.430926382	0.440254861	0.456783705	0.476582804	0.507018558	0.551476776	0.591862718	0.609604337	0.601859441	0.579116208	0.555245479	0.539570713	0.525647702	0.50890791	0.496036668	0.483815811	0.471382525
34	0.145547805	0.141230836	0.140614217	0.146371378	0.1610754	0.187875115	0.217790583	0.235713324	0.252142324	0.273795719	0.286633946	0.282208954	0.248077398	0.205235103	0.178582724	0.162526533	0.151639027	0.146288515	0.142034773	0.13889542	0.137320248	0.139392787	0.146274367	0.158485205	0.175422727	0.199789215	0.228196805	0.260172479	0.300318061	0.339551474	0.380033865	0.430372507	0.468839164	0.496746501	0.513087638	0.521467112	0.523912903	0.523308582	0.520671784	0.515759225	0.510139117	0.502464542	0.494781595	0.486483772	0.477633606	0.471732845	0.466642734	0.463036438	0.457213288	0.450252513	0.44390712	0.438028125	0.432816924	0.429247488	0.430652115	0.439988247	0.456489019	0.476408925	0.506955977	0.5516656	0.591985591	0.609870287	0.602441013	0.579425009	0.555808216	0.540312918	0.525700029	0.509950462	0.496603327	0.484587221	0.471812171
39	0.145942677	0.141615897	0.141050409	0.146859209	0.161675433	0.188338395	0.218124506	0.235979844	0.252437736	0.27417903	0.287067182	0.282646594	0.248553299	0.205736621	0.179137042	0.162900321	0.151976984	0.146575727	0.142447369	0.139270214	0.137703249	0.139751641	0.146649296	0.158782757	0.175702554	0.20011044	0.228379888	0.260498675	0.300523602	0.339823136	0.380356593	0.430506128	0.468870526	0.496748741	0.513142239	0.521467901	0.523958871	0.523377273	0.520580323	0.515552957	0.510104751	0.502600551	0.494770645	0.486639496	0.47773086	0.471592743	0.466634233	0.463109323	0.457252909	0.450228437	0.443943753	0.437962431	0.43280197	0.429316622	0.430565859	0.439842576	0.456354698	0.476488468	0.507033656	0.551791468	0.592074189	0.610108715	0.60288085	0.579760468	0.555873642	0.540441063	0.525908674	0.509735643	0.496055329	0.484909951	0.472427345
44	0.146256095	0.141939569	0.14139767	0.147275938	0.162033532	0.18862373	0.218235604	0.235917991	0.25226399	0.273966935	0.286818092	0.282265106	0.248233826	0.205634863	0.179056111	0.16271909	0.151868506	0.146470793	0.142429829	0.13929821	0.137772129	0.139859433	0.146599601	0.158698197	0.175556033	0.199958557	0.228187317	0.260260185	0.300213418	0.339597053	0.380280097	0.430377897	0.468577372	0.496213326	0.512480019	0.520706925	0.5232551	0.522532401	0.519465323	0.514145362	0.508904842	0.5014891	0.493733743	0.485734141	0.47676926	0.470398602	0.465496744	0.46218988	0.456359734	0.449341063	0.442973786	0.436834835	0.431691213	0.428395483	0.429484253	0.438708528	0.45528647	0.475580772	0.506409207	0.551026302	0.591255817	0.609292108	0.60221053	0.578970332	0.555472451	0.539831634	0.525463957	0.510274137	0.495711473	0.484774705	0.472424665
49	0.145591107	0.141304781	0.140759995	0.146769069	0.161558413	0.187982013	0.217740911	0.235436178	0.251805937	0.273604233	0.286428631	0.28180172	0.247631162	0.205138612	0.178413871	0.162036863	0.151282922	0.145787778	0.141646363	0.138590858	0.137121736	0.139190495	0.145863	0.157925809	0.174954404	0.199396273	0.227601863	0.259759049	0.299923058	0.339505635	0.380309771	0.430634009	0.468782819	0.496289305	0.51247909	0.520614076	0.52308517	0.52231192	0.518941563	0.513563644	0.508316372	0.500941791	0.49309085	0.485201163	0.476160006	0.469757037	0.46484873	0.461610071	0.455811379	0.448640787	0.442277845	0.436020991	0.43097715	0.427709242	0.428823568	0.438140985	0.454730142	0.475098387	0.506340427	0.551091501	0.591430461	0.609539804	0.602122429	0.579640969	0.555638804	0.540514586	0.52596207	0.509604449	0.49672931	0.484235273	0.472041683
5	0.158207384	0.15385984	0.153039869	0.159521074	0.176777493	0.207233874	0.241093248	0.261952705	0.28157515	0.306819667	0.322650219	0.318837861	0.279795837	0.231647052	0.200454604	0.181022693	0.169612154	0.163388765	0.158997631	0.15503724	0.153147984	0.154791704	0.161133759	0.174698692	0.193609424	0.220162867	0.251582289	0.286917743	0.3309942	0.374031172	0.416222759	0.469538723	0.511513583	0.542380955	0.560719838	0.570244327	0.575037791	0.574496595	0.571344116	0.566674064	0.560056978	0.551535786	0.542728836	0.535210508	0.527168079	0.520382501	0.515611476	0.511389155	0.505318067	0.497654967	0.490844912	0.484712309	0.480004887	0.477128359	0.477372153	0.488812344	0.507211419	0.528349992	0.561653357	0.612845603	0.656569202	0.674551409	0.663310434	0.635424148	0.605374419	0.586392921	0.567848239	0.549270089	0.532012021	0.518689739	0.503755737
10	0.160105329	0.155841093	0.155357774	0.161761719	0.1789738	0.209570566	0.242734013	0.263785103	0.283600388	0.30909243	0.324793806	0.320072941	0.280641009	0.232614013	0.202014373	0.182968241	0.171314107	0.164903688	0.15993804	0.155769828	0.154332688	0.156043163	0.162456408	0.175868793	0.19534258	0.221455537	0.252632912	0.288507893	0.333387017	0.376646509	0.419315212	0.47334378	0.514890068	0.544792158	0.563065459	0.572296656	0.576105707	0.575506916	0.572616452	0.568359759	0.561338198	0.552755471	0.543987901	0.535613709	0.527676036	0.52127089	0.516603526	0.512492607	0.506116729	0.498176412	0.491583169	0.485750144	0.480876991	0.477982993	0.47838761	0.490094802	0.508465019	0.529854121	0.564245988	0.615215681	0.658937336	0.677110861	0.66577528	0.637549973	0.607672863	0.588523602	0.57062858	0.551350837	0.534284676	0.520716901	0.506096096
15	0.16026893	0.15646915	0.156321869	0.162268854	0.179315434	0.209846395	0.243702747	0.264344725	0.284162411	0.309500072	0.325190668	0.32089495	0.28130881	0.232989805	0.202583558	0.184053806	0.172403865	0.165944621	0.160689962	0.156726167	0.155348822	0.157011582	0.163404402	0.176538225	0.195702047	0.222866108	0.25434706	0.29028783	0.33432097	0.376974382	0.419539929	0.473292659	0.51507038	0.545000302	0.562961527	0.572797454	0.576390443	0.575266364	0.571873894	0.567308417	0.561403835	0.552873208	0.544453716	0.535490288	0.527863061	0.52175129	0.516693193	0.512017135	0.505776985	0.498497474	0.492065039	0.485739246	0.480102869	0.476614759	0.47708699	0.48918275	0.508509836	0.530969845	0.566054587	0.616995486	0.661309132	0.679268316	0.666797971	0.638333526	0.608247861	0.588755575	0.570516536	0.551952605	0.534544381	0.521185105	0.506945013
20	0.161689489	0.157136303	0.156609434	0.163015791	0.179974109	0.210651784	0.244549065	0.265249165	0.284985668	0.310227635	0.325885785	0.321526612	0.282359202	0.233805996	0.202986381	0.184702973	0.172888644	0.166263856	0.161252562	0.157533158	0.156060492	0.15768797	0.164350838	0.177789253	0.19673357	0.2238565	0.255288107	0.291314408	0.335961554	0.378718323	0.421173678	0.474771797	0.516189362	0.546022392	0.564322688	0.573666276	0.57644354	0.575503876	0.572430373	0.567951221	0.561882284	0.552958512	0.544642144	0.535852405	0.52770796	0.521856739	0.516513958	0.511950978	0.505573696	0.498646901	0.492047341	0.485974022	0.480319667	0.476620719	0.478034319	0.489312227	0.508778907	0.531430866	0.566341525	0.617023266	0.66166911	0.679219961	0.667246208	0.638546546	0.609320585	0.589613614	0.571240336	0.552606538	0.535530916	0.522294187	0.507399718
25	0.162049602	0.157454415	0.157042553	0.163489331	0.180132591	0.210640549	0.244877455	0.265683441	0.28506132	0.310417823	0.326083089	0.321843094	0.282797606	0.233867093	0.203073226	0.184611116	0.172511331	0.166221241	0.160996874	0.157527383	0.15590082	0.15773708	0.164965404	0.178374386	0.196882852	0.223833796	0.255606073	0.291780409	0.336697828	0.379253556	0.421352798	0.474935248	0.516391183	0.54657212	0.564544253	0.573620409	0.57605889	0.57522625	0.572502495	0.567855165	0.561616284	0.553047841	0.544994482	0.536173689	0.527344784	0.521470033	0.516012085	0.511897256	0.505665515	0.498610706	0.49183667	0.485758032	0.480248041	0.476567299	0.478341951	0.489177173	0.508243686	0.530999816	0.565772704	0.616670453	0.661186443	0.678986484	0.667303991	0.638661573	0.609210804	0.589025152	0.571083092	0.552673682	0.535752076	0.522024767	0.507696031
30	0.16241368	0.157907349	0.15750394	0.164004876	0.180664931	0.21105357	0.245330242	0.266156545	0.285372516	0.310726992	0.326500045	0.322407252	0.283346603	0.234142606	0.203445116	0.184954363	0.172677918	0.166441788	0.161320256	0.157686123	0.155955611	0.157918465	0.165142666	0.1785127	0.197098031	0.224091151	0.255967995	0.292075181	0.337005017	0.37955349	0.421708913	0.475264531	0.516638484	0.546846495	0.564584901	0.573532533	0.57591521	0.575199319	0.57249187	0.567591616	0.561364786	0.553027592	0.544962029	0.536105548	0.527029704	0.520979167	0.515655364	0.511720684	0.505480601	0.4982103	0.491553635	0.485461458	0.480008837	0.476469779	0.478269267	0.48895944	0.507849293	0.530630948	0.565523356	0.616378664	0.66101959	0.678851288	0.667227694	0.638987685	0.609406021	0.589619256	0.570897045	0.552937265	0.535507987	0.522269344	0.507878611
35	0.16326632	0.158769724	0.158350591	0.164846309	0.181698705	0.212064735	0.246110758	0.266873498	0.285986352	0.311372114	0.327114854	0.32297188	0.283925369	0.234714221	0.204109542	0.185502166	0.173041532	0.166693188	0.161899443	0.158212666	0.156373239	0.158412755	0.165711919	0.179050782	0.197692911	0.224752967	0.256617506	0.29283143	0.33779008	0.380456035	0.422890094	0.476505774	0.517780713	0.547678357	0.565095701	0.573776763	0.576124137	0.57535975	0.572329065	0.567074558	0.561128869	0.553075802	0.544833266	0.53614831	0.526641059	0.520323364	0.515048826	0.511326313	0.505237222	0.497917111	0.49120102	0.485063853	0.479716725	0.476240095	0.478005211	0.488652366	0.507631049	0.530695185	0.565651657	0.616616887	0.661411843	0.679363198	0.667803016	0.639396439	0.60948572	0.589789155	0.572114612	0.553079114	0.535905427	0.523044011	0.508825645
40	0.163294564	0.158772434	0.158343932	0.164979548	0.181821074	0.212110076	0.246170497	0.266877155	0.286027032	0.311522945	0.327288737	0.323057949	0.284021871	0.234912186	0.204291636	0.185641708	0.173222414	0.166804427	0.162008161	0.158356538	0.15645785	0.158434639	0.165737862	0.179001513	0.197614772	0.224665143	0.256523809	0.292669978	0.33756459	0.380196429	0.422502276	0.475905042	0.517032868	0.546954745	0.564564825	0.573263731	0.575898541	0.575268188	0.57220242	0.566773774	0.56106003	0.553121112	0.544878594	0.53633839	0.52680494	0.520336222	0.515174987	0.511600442	0.505448103	0.498091444	0.491438468	0.485173008	0.479877667	0.476431632	0.477939646	0.488561244	0.507545875	0.530583607	0.565782265	0.616497358	0.661135497	0.679218501	0.667660629	0.639312696	0.609496951	0.590072824	0.571933237	0.552913479	0.536232036	0.523102384	0.509065704
45	0.163784744	0.159288367	0.158849924	0.165629557	0.182316024	0.212669736	0.246590802	0.267174268	0.286395469	0.311900108	0.327782778	0.323420351	0.28426289	0.235340344	0.204630896	0.185757126	0.173355052	0.166885392	0.162160301	0.158567191	0.156716515	0.158703042	0.165801161	0.179118394	0.197721409	0.224829676	0.256641721	0.292939448	0.337818881	0.380608342	0.42301762	0.476535421	0.517474884	0.547271183	0.564740698	0.573383396	0.576058821	0.575314937	0.571841576	0.566212837	0.560672225	0.5527907	0.544535969	0.536174924	0.526652601	0.519866948	0.514734936	0.511337359	0.505247365	0.497849836	0.491039747	0.484677076	0.479468648	0.476206683	0.477635664	0.488241809	0.507194184	0.530498837	0.565967666	0.616873404	0.66153611	0.679634139	0.668197044	0.639532142	0.610339576	0.590409247	0.57242325	0.554563472	0.537264955	0.52363752	0.509245249
50	0.163841833	0.159451872	0.159072971	0.165849399	0.182585426	0.212831187	0.24675229	0.267332355	0.28651532	0.312143778	0.327890625	0.323464671	0.284315138	0.235463544	0.204701545	0.185807651	0.173464386	0.166983568	0.162223796	0.158614796	0.156798539	0.158794282	0.165911853	0.179091263	0.197801837	0.224937351	0.256738082	0.293138588	0.338066016	0.380973465	0.423591445	0.477126766	0.518037043	0.547607826	0.564989865	0.573574621	0.57618234	0.57528843	0.571687793	0.565988406	0.560467557	0.552665052	0.544342596	0.536046648	0.526404244	0.519609434	0.514557588	0.511268887	0.505098516	0.497698397	0.490866049	0.484380485	0.479207591	0.475994569	0.477410663	0.487975753	0.507073229	0.530526188	0.566139281	0.617181318	0.661782295	0.679847817	0.66838129	0.640017204	0.610348039	0.590436749	0.572487102	0.554269034	0.537764469	0.523729302	0.509431856
