1	0.131781467	0.130065018	0.132608739	0.142487625	0.162063113	0.191059019	0.222388541	0.243538349	0.263596504	0.285644725	0.300290568	0.296208467	0.263364218	0.223704674	0.195188032	0.178122585	0.168275991	0.16249229	0.157835208	0.154125604	0.152755642	0.154113254	0.160243107	0.172303549	0.18958314	0.213686944	0.242034219	0.273585357	0.311567408	0.348709925	0.386325413	0.430956292	0.470734715	0.499391818	0.517329572	0.527704523	0.53383327	0.534929586	0.5340249	0.532108449	0.52806927	0.52319437	0.516839612	0.508940832	0.501346576	0.495017761	0.49165977	0.488956143	0.484034995	0.477270459	0.469896366	0.46294042	0.458074865	0.455286574	0.45512221	0.462049326	0.476810066	0.496633992	0.526208355	0.565965994	0.593908507	0.597121728	0.576547098	0.54270836	0.508921463	0.483956335	0.460957064	0.441292303	0.421165748	0.405117751	0.389595515
6	0.132734924	0.131445005	0.134007483	0.143891514	0.163469285	0.192820577	0.224219827	0.245000857	0.265183881	0.287264847	0.302167768	0.298039693	0.264961681	0.224909304	0.196138696	0.178760088	0.169153945	0.163828903	0.159020033	0.154904954	0.153354924	0.154992969	0.16125887	0.172899975	0.190739639	0.215176156	0.243868594	0.275613723	0.313597424	0.350670139	0.388152437	0.43311691	0.473366136	0.501473412	0.519194355	0.529504094	0.535312859	0.536300226	0.535300334	0.533030491	0.529114817	0.52474758	0.518436334	0.510353638	0.502188613	0.495808399	0.492602088	0.49000608	0.48490212	0.477734545	0.470688323	0.464644233	0.459119979	0.455631107	0.455111694	0.462234121	0.477615883	0.497840913	0.528136388	0.56852081	0.596770912	0.600003039	0.579230136	0.545491396	0.511254348	0.486342351	0.463824904	0.443529538	0.423877302	0.406846951	0.392088885
11	0.133754773	0.132739292	0.135391663	0.14507866	0.164552084	0.193959363	0.225403714	0.246151519	0.266631936	0.288562371	0.303431579	0.299402203	0.265888926	0.225060517	0.19637733	0.179330329	0.169879648	0.164436525	0.159259879	0.155466113	0.154607671	0.156399971	0.16188821	0.173379764	0.191198502	0.215477325	0.244212136	0.276264829	0.314549872	0.35212049	0.389881982	0.43488101	0.474634617	0.502396391	0.520113481	0.530214011	0.535491236	0.536458527	0.535940634	0.533581318	0.52992871	0.525775601	0.518820542	0.510802195	0.502836745	0.495930205	0.492135047	0.489666781	0.48529935	0.47862274	0.471243161	0.464192172	0.459002369	0.455805819	0.455673182	0.463044324	0.478133007	0.49770505	0.528459507	0.569182483	0.597802442	0.600693526	0.579730891	0.545937036	0.511602533	0.486740714	0.464665791	0.443487602	0.424501878	0.406977284	0.392468735
16	0.134169996	0.133001086	0.135677868	0.145329812	0.164908331	0.194328373	0.225750418	0.246636507	0.267006609	0.289047429	0.304044909	0.299930978	0.266260214	0.225101771	0.196597322	0.179638558	0.169996977	0.164547683	0.15957007	0.155688157	0.154645882	0.156542897	0.162158019	0.1738242	0.191564532	0.215765693	0.244713097	0.276940893	0.315421597	0.353268282	0.391147984	0.436399216	0.476284604	0.503799923	0.521212864	0.531051308	0.536291558	0.537035197	0.536403272	0.533893227	0.530115467	0.526042038	0.518846157	0.51072236	0.502817521	0.495866656	0.492128804	0.489752662	0.485248972	0.478514849	0.47108624	0.464009337	0.458814301	0.455803649	0.455867418	0.463306554	0.478412642	0.498056508	0.529049734	0.569980757	0.598822763	0.601898068	0.580939411	0.547125311	0.512585003	0.487572766	0.46509291	0.44508975	0.425174693	0.407302551	0.393132994
21	0.134351005	0.133142773	0.135699978	0.14531782	0.164915689	0.194365841	0.225716081	0.246665104	0.26706844	0.289170109	0.304290582	0.300128396	0.266368971	0.225208468	0.196737269	0.17975511	0.169879566	0.164488589	0.159708398	0.155690458	0.154531103	0.15643512	0.162063724	0.173757819	0.191550766	0.215687899	0.244672998	0.27694116	0.315532294	0.353415476	0.391310911	0.436641973	0.4764861	0.503951321	0.521310336	0.531021003	0.536155775	0.537024946	0.536248881	0.533612273	0.529835033	0.525682901	0.518503479	0.510428993	0.502620249	0.495720148	0.491977577	0.489469194	0.484872873	0.478119891	0.470793148	0.463833064	0.458646053	0.455664989	0.455643847	0.462997783	0.478155554	0.498096436	0.5292734	0.570241895	0.599054876	0.602152147	0.581396045	0.547243539	0.513166419	0.487688176	0.465450186	0.445029686	0.425680694	0.408162945	0.393239008
26	0.134902519	0.133630866	0.136178036	0.145763601	0.165398631	0.19478165	0.226285371	0.247252951	0.267578215	0.289838585	0.304862578	0.300779599	0.267075453	0.22586575	0.197390058	0.180295591	0.170270666	0.164895048	0.160280291	0.156176523	0.154922019	0.156827446	0.162539955	0.174212106	0.192042345	0.21624935	0.245222928	0.277484799	0.316079524	0.354024353	0.39193342	0.437250121	0.477075971	0.504547251	0.522023598	0.531654532	0.536648093	0.537459744	0.536774158	0.534147712	0.530274172	0.525979925	0.518741823	0.510877942	0.503158207	0.496214065	0.49254906	0.48990979	0.485180612	0.478466498	0.471162171	0.464312259	0.459107145	0.456159507	0.456147639	0.463333595	0.478597798	0.498675818	0.529871783	0.571025236	0.600044165	0.603095026	0.582300411	0.547744943	0.514090883	0.488625732	0.466364421	0.445908185	0.4260379	0.409488947	0.3941414
31	0.134878907	0.133723915	0.136247458	0.145854974	0.165465286	0.194809324	0.226323265	0.247314469	0.267633529	0.289885424	0.304946575	0.300861835	0.267048701	0.225881267	0.197289235	0.180246002	0.170193871	0.164760652	0.1602206	0.156042233	0.154761113	0.156700549	0.162475434	0.174147821	0.191941502	0.216188075	0.245182152	0.27742112	0.316088599	0.354121097	0.392053106	0.437395538	0.477164251	0.504644968	0.522038991	0.531579989	0.536494747	0.537321667	0.536564115	0.533846334	0.529968439	0.525631835	0.518417631	0.510588868	0.502828627	0.495822415	0.492124932	0.489479653	0.484735888	0.477923759	0.470693413	0.463859189	0.458817223	0.455916011	0.45578684	0.462978359	0.478445217	0.498587579	0.53001487	0.571213225	0.600178565	0.603326527	0.582491616	0.548037933	0.513958683	0.488319885	0.466181094	0.445934759	0.425711234	0.409626806	0.394102734
36	0.135160428	0.133973512	0.136542703	0.146118535	0.165703414	0.194974136	0.226436802	0.24756968	0.267828362	0.29013862	0.30512047	0.30101079	0.26725777	0.226148331	0.197539531	0.180403697	0.170234073	0.164813119	0.160431326	0.156157625	0.154872066	0.156849439	0.162668829	0.1742565	0.192024316	0.2163313	0.245369105	0.277605163	0.316311768	0.354372786	0.39224032	0.437574294	0.477352567	0.504730958	0.522100582	0.531652182	0.536473109	0.537277388	0.536524811	0.533836686	0.529937885	0.525608411	0.518348989	0.51054555	0.502800681	0.495812827	0.492128121	0.48943221	0.484612679	0.477708945	0.470529843	0.463866511	0.458868893	0.456014507	0.455868311	0.46302947	0.478517466	0.498822576	0.530281588	0.571676194	0.600601263	0.603771161	0.582685951	0.548430682	0.514000614	0.488765085	0.46631386	0.446082839	0.426253236	0.409622078	0.394594971
41	0.135265506	0.134082124	0.136631845	0.146244383	0.165826698	0.195129793	0.226569469	0.247681438	0.267883434	0.290161122	0.305277057	0.301106735	0.26727827	0.226074229	0.197455532	0.180400529	0.170258903	0.164808961	0.160342515	0.156003744	0.154739907	0.156734609	0.162586059	0.174220721	0.192091164	0.216446424	0.245453126	0.277732466	0.316516729	0.35465285	0.392706316	0.43813362	0.47792748	0.505216336	0.522488188	0.531840999	0.536599056	0.537370022	0.536533921	0.533793783	0.52984991	0.52544629	0.518130015	0.510336813	0.502556954	0.495500922	0.491880286	0.489163024	0.484308907	0.477452614	0.470258712	0.463621927	0.458617819	0.455755046	0.45561527	0.462910337	0.478453973	0.498785264	0.530375497	0.571939739	0.601152442	0.60411453	0.58310394	0.548422312	0.513936633	0.488587476	0.466497944	0.446462049	0.426148103	0.409543765	0.394413258
46	0.13534578	0.13414851	0.136785158	0.146339889	0.165941672	0.195229997	0.226628572	0.247656312	0.26787247	0.290245037	0.305253163	0.301075936	0.267224067	0.225983083	0.197370793	0.180310229	0.170173553	0.16470726	0.160299459	0.155944331	0.15463717	0.156665461	0.162576039	0.174241449	0.192017562	0.216424471	0.245451239	0.277737118	0.316615219	0.354893381	0.393034184	0.438484692	0.478289528	0.505474433	0.522619497	0.53180445	0.5364161	0.537013272	0.536142522	0.533379149	0.529419248	0.524957124	0.517634573	0.509765204	0.502015286	0.494967622	0.491267118	0.488559033	0.483777974	0.47686141	0.469588171	0.463003523	0.45809034	0.455262987	0.455250169	0.462565617	0.478076493	0.498575957	0.530380976	0.572091493	0.601421508	0.604529991	0.583251854	0.548598698	0.5141377	0.488921737	0.46668051	0.446212123	0.427281347	0.409058452	0.394559069
2	0.129359333	0.127383417	0.129563996	0.138649168	0.157013768	0.185024419	0.215098271	0.234926962	0.254052091	0.276166684	0.291468243	0.28810959	0.255853037	0.216670917	0.188553334	0.171765117	0.161966913	0.156000885	0.151264715	0.147597689	0.146439964	0.147833006	0.153793935	0.165494386	0.182104669	0.204876063	0.231884235	0.262537939	0.300397983	0.338127777	0.377062608	0.423347705	0.464471362	0.493185924	0.510484395	0.520019106	0.52511052	0.52457422	0.521085021	0.516236675	0.509817253	0.50333012	0.496086009	0.488004108	0.480597661	0.474505471	0.471200826	0.468169432	0.462928974	0.45604156	0.448774027	0.441970074	0.437057943	0.434553152	0.434967975	0.442864769	0.45787331	0.476640847	0.505528673	0.547782367	0.581805877	0.592144441	0.57666296	0.546059987	0.514389826	0.49208759	0.472286788	0.453725499	0.43615074	0.419942319	0.405669447
7	0.129755912	0.128276475	0.130382856	0.139354416	0.1575664	0.185864757	0.216040175	0.235413375	0.254594474	0.27673447	0.292209878	0.288829982	0.256398239	0.216888702	0.188595205	0.171641786	0.162082051	0.156604333	0.151628857	0.147716417	0.146294237	0.147917532	0.154051714	0.165409086	0.182462007	0.205554943	0.232836913	0.26347225	0.301088789	0.338711521	0.37759739	0.424175728	0.465408972	0.493553137	0.510626451	0.519954388	0.52450201	0.523833139	0.520390619	0.515172594	0.508834277	0.502806789	0.495667302	0.487375015	0.479369534	0.47335397	0.470126027	0.467171427	0.461838371	0.454688028	0.447866648	0.441817268	0.436279325	0.432992011	0.433049862	0.441052193	0.456569962	0.475737233	0.505115617	0.547506802	0.581761128	0.59213174	0.576831408	0.546250632	0.514958878	0.493570414	0.473706836	0.455615332	0.437441448	0.421344988	0.407086256
12	0.130503779	0.129256816	0.131615444	0.140313783	0.158495937	0.186800692	0.216966472	0.236301703	0.255738739	0.277677029	0.293148517	0.28987864	0.256992674	0.216632885	0.188461472	0.171866109	0.16243323	0.156845899	0.151556953	0.148000444	0.147230985	0.149047463	0.154418587	0.165568723	0.182670042	0.205574678	0.232923103	0.263846981	0.301772665	0.339915922	0.379026164	0.425647665	0.466510765	0.494250118	0.511203643	0.520186079	0.524241053	0.523479389	0.520439934	0.515148153	0.509049815	0.503245735	0.495573404	0.487327615	0.479533354	0.473014789	0.469129226	0.466316117	0.461712009	0.455047153	0.447819325	0.440881194	0.435752627	0.432701748	0.433068955	0.441459418	0.456565918	0.474968903	0.504799709	0.54773321	0.58202151	0.59208677	0.57681952	0.54621076	0.515014615	0.493420643	0.473466924	0.45491034	0.437755369	0.421424276	0.407780273
17	0.130843432	0.129451129	0.131751911	0.140447793	0.158652529	0.18692498	0.216984956	0.236356892	0.255687416	0.277673073	0.293221831	0.289782218	0.256878687	0.216411826	0.188472466	0.17195021	0.162316785	0.156763771	0.151667451	0.147949623	0.147105608	0.148944477	0.154335958	0.165585729	0.182641949	0.205474555	0.23285706	0.263880916	0.301945973	0.34024957	0.379430814	0.426140468	0.466995223	0.494504278	0.511262922	0.520039833	0.52402303	0.523096405	0.51981707	0.514337611	0.508224988	0.502424519	0.494557442	0.486250946	0.478614836	0.472098268	0.468296868	0.465498131	0.460834204	0.45414146	0.446923704	0.440013019	0.434814113	0.431943489	0.432491724	0.440692028	0.455886633	0.474408672	0.504330568	0.54715334	0.581757254	0.592071156	0.577083176	0.546439171	0.515254117	0.493682141	0.474412724	0.456169682	0.437865176	0.421340368	0.407773834
22	0.131738615	0.130286679	0.132523034	0.141130398	0.159351754	0.187619538	0.217717407	0.237182516	0.256357688	0.278388189	0.294024097	0.290624849	0.257641948	0.217139194	0.189243339	0.172635525	0.162849479	0.157280365	0.152388476	0.148645619	0.147589695	0.149445736	0.154916921	0.16627533	0.183271238	0.206086362	0.233507423	0.264559726	0.302615725	0.341028079	0.38022464	0.426945572	0.467734275	0.495088474	0.511817604	0.520424137	0.524193703	0.523324908	0.520037595	0.514461951	0.508277514	0.50244937	0.494485074	0.48628954	0.478759109	0.472161574	0.468314382	0.465561639	0.46081372	0.454094373	0.446949901	0.440116313	0.434915297	0.432120436	0.432710928	0.4408077	0.455970634	0.47463178	0.504642068	0.547406065	0.582153911	0.592393964	0.577330701	0.546681012	0.515574373	0.493856068	0.474697344	0.456503288	0.438684885	0.422688145	0.408659616
27	0.131892517	0.130446714	0.132664329	0.141233014	0.159524269	0.187694732	0.21767727	0.237179679	0.256355256	0.278430256	0.294009233	0.29068457	0.257744281	0.217319414	0.189465683	0.172881679	0.162917431	0.157318939	0.152671803	0.148695145	0.14752392	0.149446266	0.155063782	0.166367922	0.183342713	0.206168173	0.233586452	0.264573927	0.30267263	0.34104344	0.380220329	0.426926743	0.467648036	0.495021155	0.511796301	0.520422796	0.524120725	0.523180022	0.519898553	0.514279535	0.507967201	0.502074083	0.494176422	0.486127555	0.478628362	0.472055095	0.468314358	0.465344298	0.460464085	0.453583403	0.44650525	0.439829153	0.434808908	0.432018006	0.432452898	0.440480123	0.455803757	0.474619601	0.504633174	0.547327937	0.581970061	0.59223737	0.577090497	0.546601524	0.515717586	0.494035281	0.474599862	0.456557557	0.438975843	0.422256336	0.408939746
32	0.131933727	0.130390883	0.132558523	0.141208061	0.159459351	0.187624022	0.217555782	0.23709335	0.256254984	0.278325152	0.293883712	0.290489681	0.257547642	0.217184918	0.189287848	0.172667978	0.162665001	0.157075642	0.15249995	0.148496494	0.147329567	0.14921883	0.154877018	0.166136012	0.183174026	0.205994579	0.233433727	0.264518271	0.302511391	0.340925487	0.380158197	0.426870956	0.467560104	0.494877772	0.511551012	0.520015007	0.523625683	0.522667186	0.519356451	0.51375376	0.50744785	0.50146333	0.493499382	0.485531139	0.478107627	0.471521846	0.467757709	0.464754357	0.459817221	0.452943401	0.445867861	0.439286778	0.434274583	0.431552096	0.43190767	0.439922072	0.455301364	0.474185796	0.504327587	0.547006426	0.58159035	0.591728127	0.576415436	0.546397451	0.515359958	0.49369962	0.474526316	0.456074951	0.438516872	0.422708934	0.408615303
37	0.132073462	0.130609796	0.132852895	0.141435654	0.159601947	0.187804812	0.217723664	0.23723259	0.256336639	0.278401082	0.293880316	0.290547613	0.257673735	0.21729304	0.189460312	0.172828473	0.162762258	0.157124691	0.152622603	0.148537999	0.147381706	0.149315452	0.154989223	0.166218264	0.183215497	0.206113245	0.233498696	0.264429292	0.302572703	0.341075454	0.380226614	0.426911836	0.46757793	0.494832077	0.511511425	0.519888885	0.523448656	0.522458895	0.519059057	0.513356747	0.506979035	0.501045467	0.493022899	0.485054686	0.477555543	0.470904789	0.467261424	0.464306832	0.459355987	0.452521078	0.445426808	0.438980589	0.433998574	0.431274858	0.431654905	0.439740473	0.45504154	0.474022107	0.504223817	0.546996451	0.581616614	0.591978565	0.576991072	0.546485607	0.515771357	0.493684596	0.474490978	0.456773074	0.438522651	0.423066115	0.40877072
42	0.132233619	0.130757997	0.132990043	0.14161656	0.159788968	0.187854412	0.217778534	0.237193774	0.256213052	0.278311484	0.293892319	0.290454459	0.257610151	0.217280512	0.189360842	0.172749141	0.162654837	0.156985288	0.15242248	0.148428578	0.147223978	0.149154844	0.154931514	0.166201333	0.183177143	0.206084806	0.233522598	0.264518276	0.302590905	0.341132363	0.380406533	0.427112007	0.467717327	0.494841364	0.511322561	0.519543874	0.52288499	0.52180169	0.518370862	0.512609796	0.506205193	0.500194871	0.492175897	0.484236642	0.476768137	0.470140552	0.466444179	0.463454575	0.458442587	0.451609991	0.444579498	0.438078014	0.433164624	0.430451001	0.430884076	0.439029086	0.454463519	0.473405977	0.503785753	0.546626294	0.581279929	0.591557592	0.57630501	0.545770653	0.514513525	0.493176754	0.47444267	0.456395043	0.438728416	0.422615318	0.409308099
47	0.131979754	0.130521422	0.132746551	0.141386219	0.159515817	0.187552636	0.217448941	0.236882415	0.255849656	0.277934325	0.293446602	0.290078238	0.257212357	0.216939113	0.189039995	0.172411268	0.162281165	0.156647849	0.152204648	0.148073934	0.146909106	0.14886739	0.154574613	0.16583159	0.18281759	0.205775206	0.233198014	0.264204498	0.302312137	0.340805621	0.380101912	0.426871353	0.467398579	0.494531585	0.510996921	0.519091054	0.522359961	0.521391086	0.517830319	0.512074218	0.505690032	0.499617993	0.491616317	0.483754181	0.476294431	0.469679937	0.465945131	0.462882039	0.45797495	0.45117394	0.444086081	0.437646357	0.432753783	0.430150298	0.43054465	0.43860246	0.454065817	0.473088598	0.503438218	0.546432222	0.581108397	0.591264569	0.57625304	0.545530898	0.514831388	0.49286952	0.47404061	0.456158081	0.437923293	0.422229373	0.408262663
3	0.168632695	0.16359534	0.16276834	0.168710167	0.183517691	0.207646884	0.23390479	0.250669936	0.266734388	0.284865848	0.295985955	0.290464267	0.259874523	0.223651207	0.197293038	0.181188637	0.171751728	0.166086321	0.161456411	0.157746644	0.156592809	0.158383001	0.164898294	0.177327079	0.194753382	0.218022738	0.244804146	0.274791273	0.31205909	0.352178665	0.396006976	0.446303809	0.489996323	0.51978143	0.537707997	0.547980447	0.553922865	0.55382315	0.550750576	0.546531346	0.540346999	0.53368674	0.525846806	0.516727516	0.508090251	0.500828902	0.496731024	0.493374895	0.487745179	0.480424803	0.472629018	0.46573025	0.460641511	0.457931219	0.458398591	0.466197044	0.48118008	0.499906369	0.528745338	0.57074528	0.60751292	0.625268517	0.620858771	0.602346774	0.582642777	0.570631577	0.559473252	0.548820488	0.536308606	0.524692819	0.514754592
8	0.169392614	0.164825869	0.164039606	0.16991096	0.184585493	0.208861055	0.235159927	0.251420526	0.267501175	0.285635507	0.296954287	0.29140544	0.260680008	0.224210051	0.19768644	0.18135684	0.172163657	0.166954588	0.162234679	0.158200215	0.156850441	0.158846329	0.165541023	0.177640098	0.195537423	0.219153885	0.24622292	0.276095649	0.313268808	0.353377516	0.397246561	0.447912772	0.491660335	0.52081939	0.538348679	0.548310344	0.553573834	0.553375962	0.550316612	0.545623281	0.539461792	0.53339303	0.525633296	0.516289533	0.507012516	0.499799939	0.495737042	0.492350784	0.48668477	0.479114377	0.471764289	0.465610861	0.459905218	0.456469201	0.456585367	0.464598792	0.480010438	0.499038187	0.528390716	0.570476107	0.607081521	0.624548723	0.620478712	0.602329615	0.582659899	0.570534042	0.559694222	0.549536858	0.536783165	0.525784928	0.5152885
13	0.170072182	0.165785687	0.165141576	0.170753841	0.185399376	0.209597802	0.235774901	0.252020719	0.268333454	0.286158832	0.297453191	0.291991825	0.260864289	0.223493161	0.197208919	0.181226935	0.172263835	0.166964071	0.161805092	0.158199367	0.157532008	0.159636795	0.16562895	0.177592323	0.195435624	0.218805078	0.24597364	0.276181344	0.313647609	0.35428016	0.398535154	0.449235421	0.49243039	0.521076005	0.538468477	0.548051325	0.552841419	0.552413795	0.549641715	0.544782395	0.538896283	0.53303715	0.524664833	0.515369975	0.506371978	0.49867316	0.493948276	0.490761344	0.485758818	0.478612949	0.4708982	0.463684176	0.458309365	0.455322935	0.455872266	0.464126583	0.479200074	0.497599788	0.527247289	0.569690893	0.606685951	0.623860806	0.619782186	0.601958108	0.581647527	0.570249946	0.559990968	0.549266559	0.536684682	0.525735801	0.515019626
18	0.170421357	0.166026313	0.16525047	0.170799294	0.185525979	0.209708947	0.235763808	0.2519807	0.268064408	0.285925488	0.297294512	0.291712621	0.260464825	0.223054957	0.197053819	0.181053891	0.171831399	0.166592349	0.161685986	0.157829709	0.157025639	0.15926625	0.165254397	0.177361301	0.195181878	0.218540192	0.245813717	0.276081785	0.313756376	0.354686546	0.399100249	0.449941494	0.493166145	0.521357688	0.538271564	0.547425379	0.551926319	0.551324801	0.548296061	0.543192253	0.537139195	0.531318494	0.522712805	0.513354712	0.504450627	0.496676509	0.491995721	0.488858495	0.483776203	0.476558781	0.468947635	0.461668897	0.456372413	0.453497598	0.454251056	0.462500243	0.477527613	0.496071384	0.525943232	0.568483073	0.60559127	0.623013832	0.618976459	0.600540451	0.581542379	0.569528079	0.559001983	0.548620781	0.536601514	0.524139967	0.515039221
23	0.170346011	0.165788525	0.164974226	0.170456243	0.185157099	0.209394613	0.235423335	0.251786061	0.267910193	0.285821133	0.297290879	0.291783649	0.260556958	0.223120715	0.197076754	0.181108007	0.171733339	0.166501373	0.161799645	0.157906751	0.156864547	0.159106553	0.165152254	0.17719843	0.194999227	0.218208919	0.245380256	0.275696648	0.31321263	0.353945943	0.398100925	0.448778314	0.49195826	0.520223084	0.537457555	0.546800294	0.551321624	0.550907209	0.548047947	0.542932862	0.537000087	0.531160765	0.522574242	0.513320046	0.504565629	0.496943693	0.4923381	0.489077398	0.483858578	0.476726332	0.469197293	0.462053158	0.456713236	0.453873502	0.454447413	0.462555935	0.477604182	0.496134062	0.525910974	0.568354697	0.605315592	0.622669408	0.61876658	0.60061673	0.580821612	0.569152494	0.558853278	0.548821559	0.536578884	0.52526187	0.515195458
28	0.170708908	0.166167849	0.165344022	0.170871795	0.185534089	0.20959747	0.235763363	0.252120949	0.268125661	0.286219648	0.29751697	0.292039538	0.260876521	0.223539937	0.197526326	0.181556195	0.171985011	0.166688679	0.162165736	0.15818326	0.157075663	0.159334868	0.165478762	0.177505841	0.195289306	0.218523372	0.245731641	0.275924621	0.313443738	0.354172552	0.398277413	0.448881485	0.491933043	0.520257814	0.537515642	0.546766989	0.551250163	0.550867189	0.548047993	0.542894728	0.536816381	0.530894852	0.522320486	0.51317796	0.504466907	0.496795243	0.492370779	0.489001207	0.48366513	0.476492864	0.469017889	0.46198696	0.456752455	0.453997127	0.454499472	0.462464248	0.477524425	0.496136808	0.525907577	0.568322765	0.60519671	0.622618568	0.618537718	0.600793486	0.581615967	0.569739587	0.559240798	0.549239052	0.535872552	0.524981217	0.515438475
33	0.170921732	0.16636361	0.165509744	0.170994774	0.185661262	0.209718486	0.235709934	0.252124738	0.268181952	0.286186674	0.29754319	0.292005303	0.26091759	0.223571435	0.19746063	0.181510432	0.171919367	0.166642203	0.162213999	0.158125182	0.157031674	0.15928283	0.165462188	0.17747537	0.19523989	0.218483152	0.245690709	0.275978477	0.313453356	0.354184591	0.398270067	0.44892707	0.491878618	0.520180233	0.53731545	0.546492734	0.550829205	0.550435384	0.5474865	0.542264683	0.536225642	0.530275426	0.521715423	0.512584913	0.503969526	0.496267779	0.491818393	0.488389276	0.483008353	0.475812241	0.468354051	0.461504136	0.456253514	0.453507414	0.454010556	0.461930888	0.477109552	0.495809899	0.525706661	0.568062359	0.605011548	0.622395699	0.618476471	0.600246971	0.58100615	0.569162347	0.55900063	0.548629951	0.536847804	0.525475625	0.515355932
38	0.171091002	0.166638127	0.165740994	0.171222449	0.185863869	0.20982635	0.235844184	0.252278676	0.268199913	0.286257407	0.297582221	0.292055106	0.261032263	0.223685729	0.197586877	0.181654549	0.172019188	0.166714316	0.162283081	0.158137462	0.157060491	0.159345231	0.165575295	0.177531057	0.195243733	0.218577675	0.245725544	0.275914855	0.313465337	0.354217173	0.398222769	0.44879087	0.49179868	0.520074298	0.537234008	0.546426056	0.550752976	0.550372165	0.54742052	0.542265228	0.536280055	0.530313184	0.521690043	0.5126486	0.50395226	0.496271318	0.491830485	0.488405852	0.483037177	0.475809419	0.468320088	0.46152737	0.456404391	0.453631473	0.454047986	0.462066339	0.477151027	0.495836046	0.525629172	0.56794622	0.604958459	0.622250891	0.618151823	0.600623287	0.581245371	0.569503163	0.558704012	0.548380042	0.536594368	0.525127976	0.51547375
43	0.171192382	0.166604156	0.16576694	0.171240278	0.185887391	0.209863207	0.235771211	0.252101543	0.267894853	0.285972556	0.297180535	0.291637639	0.260590398	0.223378882	0.197258914	0.181303994	0.171688279	0.166355251	0.161923682	0.157793044	0.156665284	0.158964732	0.165235564	0.177232821	0.19501408	0.218387835	0.245569184	0.275776099	0.313352181	0.354228788	0.398419421	0.449030142	0.491935942	0.519981925	0.536858874	0.545807692	0.549842806	0.549280055	0.546265599	0.541017621	0.534820321	0.528776059	0.520163731	0.511174372	0.502437583	0.494718839	0.490264494	0.48678953	0.481374074	0.47417186	0.46671299	0.460000358	0.454891213	0.452166458	0.452715629	0.460714511	0.475926342	0.494722501	0.524637311	0.567071533	0.604085035	0.621508731	0.617292615	0.599636224	0.580468981	0.568812187	0.558308488	0.548553905	0.536794995	0.524734647	0.515215945
48	0.171424999	0.166938728	0.166098535	0.171521973	0.186091332	0.210008102	0.235905696	0.252200635	0.268009891	0.285955532	0.29727302	0.291744725	0.260665737	0.2234123	0.197282739	0.181375851	0.171694923	0.166375804	0.162012008	0.157838414	0.156729184	0.15902964	0.165261966	0.177269467	0.195057495	0.218411852	0.245615954	0.275763034	0.313440977	0.354325561	0.398527545	0.449209039	0.492132103	0.520008135	0.536745723	0.545484494	0.549465128	0.548820531	0.545805571	0.540526708	0.534330138	0.528315529	0.519622348	0.510594482	0.501904065	0.494171537	0.489712402	0.486208697	0.480826614	0.473607204	0.46623945	0.45944571	0.45442835	0.451733422	0.452212684	0.460293954	0.475456534	0.494402816	0.524395083	0.566700061	0.603935825	0.621338586	0.617385406	0.599977401	0.580531079	0.568713633	0.55871365	0.549382711	0.536764708	0.525382225	0.515853996
4	0.16868639	0.164368705	0.164114232	0.170886456	0.18718399	0.213288165	0.24162379	0.259508629	0.276889761	0.29704476	0.310384504	0.30570542	0.273231372	0.234050487	0.205549705	0.188195329	0.178012192	0.171731844	0.166752493	0.162972869	0.161714537	0.163308803	0.169674249	0.181834189	0.199048528	0.222488076	0.250146289	0.281388626	0.320067203	0.359495248	0.40056365	0.448033815	0.489307021	0.517634509	0.534547376	0.544043933	0.549408317	0.549040865	0.545941519	0.541475481	0.535139732	0.528609109	0.521133367	0.512569763	0.50450351	0.497655028	0.493867886	0.490650144	0.485152985	0.478009462	0.470628001	0.463953632	0.459171161	0.456833724	0.457699942	0.466115511	0.481806838	0.501259541	0.531446152	0.575760731	0.613377666	0.630018359	0.622907914	0.60102859	0.578042861	0.563495547	0.550091548	0.53770682	0.523825094	0.511490856	0.500115411
9	0.169542612	0.165711774	0.165574557	0.172237257	0.188387884	0.214870438	0.243260837	0.260638568	0.278144233	0.298537893	0.312136924	0.307442124	0.27466605	0.234952594	0.20617085	0.188603541	0.178653536	0.172868554	0.167701119	0.163593939	0.162172837	0.164022062	0.170604973	0.182468372	0.200232159	0.224082794	0.251974354	0.283332067	0.321891766	0.36135722	0.402609669	0.450511843	0.491849018	0.519669576	0.536288029	0.545476001	0.550221117	0.549813222	0.546794965	0.541923636	0.535658076	0.529642	0.522242725	0.513409907	0.504610239	0.497854684	0.494148969	0.491069152	0.48556632	0.478156328	0.471136398	0.465231756	0.459763113	0.456686529	0.457145372	0.465734913	0.481961311	0.501836197	0.532677754	0.577233242	0.615017939	0.6314449	0.62429656	0.602330388	0.579466102	0.564997684	0.552010607	0.539744125	0.52482836	0.512567095	0.501331397
14	0.169813216	0.166123865	0.166102011	0.172544415	0.188614051	0.215204935	0.24355083	0.261022624	0.278703899	0.298796266	0.312495587	0.307808583	0.27461275	0.234012777	0.205471389	0.188346893	0.178503136	0.172572907	0.167137387	0.163444787	0.162640561	0.164591416	0.170371509	0.182127209	0.199848091	0.22350838	0.251552101	0.283232218	0.322236546	0.362272077	0.403777264	0.451742779	0.492696676	0.520002922	0.536448339	0.545334075	0.549616406	0.549102074	0.546273964	0.541271752	0.535265211	0.529437777	0.521447077	0.512620677	0.504153787	0.496839752	0.492529063	0.489491019	0.48467618	0.477733356	0.470403809	0.463445208	0.458431141	0.455751719	0.456710935	0.465565883	0.48141891	0.500723655	0.532075015	0.577078224	0.615490076	0.631720334	0.624304614	0.602370127	0.579481468	0.564969413	0.55153805	0.538943749	0.524847265	0.511994375	0.500206347
19	0.17018824	0.166423207	0.166301767	0.172731583	0.188957149	0.215519939	0.243873944	0.261368239	0.278910745	0.299184334	0.313041039	0.308281049	0.274816666	0.234075712	0.205622088	0.188438541	0.178319561	0.17240397	0.167068726	0.163269311	0.162377089	0.164422297	0.170251208	0.182176874	0.199880955	0.223502115	0.251760443	0.283599063	0.322854019	0.363305456	0.405127516	0.453403158	0.49453473	0.521554098	0.537731534	0.546299307	0.550427585	0.549666017	0.546669108	0.54147094	0.535373295	0.529482151	0.521247069	0.512332599	0.503947216	0.496653155	0.492386688	0.489284414	0.484277318	0.477333335	0.469997589	0.463087114	0.458027403	0.455450602	0.456501547	0.465405279	0.481417711	0.500909563	0.532567737	0.577905664	0.616607587	0.632869919	0.625335307	0.603262071	0.579794024	0.565219299	0.552258677	0.539418584	0.526240512	0.512467509	0.501693054
24	0.171345013	0.167494843	0.167363065	0.173770844	0.189925294	0.216434819	0.244782211	0.262435514	0.279931224	0.300251119	0.31405118	0.309262958	0.275868019	0.235227824	0.206879051	0.189664538	0.179354437	0.17345914	0.16838271	0.164381455	0.163305215	0.165345581	0.171356795	0.183250902	0.200988173	0.224576068	0.252766172	0.284591346	0.323803739	0.364179239	0.405860287	0.454100911	0.495048329	0.522161611	0.538444945	0.547022262	0.551080088	0.550407776	0.547411515	0.542249171	0.53612122	0.53022266	0.521967656	0.513245014	0.504977716	0.497591267	0.493366166	0.490245374	0.485135373	0.478078995	0.470784288	0.46404903	0.459057673	0.456480353	0.457386397	0.466151271	0.482185332	0.501807872	0.533441535	0.578582125	0.617259907	0.633389724	0.626328314	0.603986938	0.580755755	0.566672215	0.553362731	0.541116579	0.526671492	0.513740283	0.502660691
29	0.171078305	0.167159141	0.166978201	0.17336638	0.189551616	0.215947884	0.244337955	0.261932185	0.279479407	0.299871971	0.313632033	0.308938505	0.275575997	0.234911452	0.20649349	0.189240619	0.178853012	0.172920016	0.168065008	0.163945244	0.162772087	0.16487356	0.170890972	0.182783753	0.200399166	0.223976479	0.252220152	0.284086592	0.323209658	0.363559639	0.405070412	0.453263206	0.494258646	0.521328306	0.537741981	0.546352356	0.55031878	0.549759681	0.546841107	0.541539921	0.535324099	0.529413625	0.521111907	0.512496713	0.504304349	0.496973525	0.492725952	0.489559825	0.484398164	0.477319068	0.470053882	0.463419583	0.458466112	0.455906915	0.456841513	0.465479603	0.481543149	0.501229901	0.532835719	0.577926957	0.616561098	0.632970743	0.625635429	0.603558872	0.580578243	0.566035414	0.552883959	0.540376515	0.526138982	0.513182369	0.501953028
34	0.171520511	0.167557327	0.1674284	0.173748862	0.189801828	0.216174219	0.244451127	0.262012552	0.279418047	0.299842958	0.313517945	0.308810752	0.275533641	0.234958499	0.20659435	0.189372688	0.178887987	0.172945392	0.168134524	0.164073752	0.162937767	0.16504414	0.171042507	0.182827296	0.200436941	0.224008315	0.25222992	0.284024004	0.323162229	0.363480239	0.405039133	0.453174464	0.493996284	0.520874552	0.537147992	0.5455655	0.549361582	0.548760077	0.54575323	0.54049762	0.534253356	0.528247903	0.519941804	0.511426749	0.503282603	0.495968286	0.49170826	0.488451004	0.483220042	0.476191042	0.469017234	0.462428561	0.457518861	0.455066531	0.456013009	0.464611317	0.480669701	0.500415852	0.532180753	0.577286879	0.615827536	0.632276606	0.625285701	0.602737691	0.580087429	0.56541339	0.552413095	0.540165661	0.526608216	0.513016302	0.502413901
39	0.171291795	0.167426264	0.16727078	0.173531376	0.189621507	0.215883396	0.244044028	0.261711701	0.27902593	0.299434076	0.313121659	0.308467241	0.275190043	0.23463286	0.206222191	0.189111227	0.178625814	0.172719467	0.167979679	0.163783961	0.162584015	0.164704016	0.170796157	0.182598026	0.200190728	0.223778364	0.251921716	0.283661219	0.322874243	0.363206974	0.404757755	0.452848876	0.493761561	0.52061028	0.53689941	0.545317757	0.549090701	0.548405511	0.545395839	0.540114357	0.533848335	0.52781711	0.519438398	0.51090704	0.502698114	0.49537066	0.491192645	0.487933692	0.4827673	0.475659655	0.468460296	0.46197175	0.457111817	0.454572604	0.455501775	0.464297485	0.480362396	0.50016604	0.531891701	0.577044753	0.615652537	0.632109148	0.624897928	0.603168366	0.58008282	0.565076126	0.552269229	0.540118377	0.5267452	0.513234252	0.502587056
44	0.172634956	0.168761881	0.1685539	0.174884124	0.190903106	0.217190299	0.245352435	0.262991996	0.280284808	0.300592211	0.314276398	0.309549261	0.276291374	0.235776954	0.207344965	0.190172509	0.179669644	0.173692344	0.168992915	0.164790034	0.163597388	0.165742805	0.171861591	0.183679355	0.201294016	0.225007137	0.253144459	0.284899909	0.324180984	0.364617029	0.406287138	0.454441304	0.495152817	0.52200414	0.538113975	0.546294933	0.549920614	0.549130283	0.546056766	0.540746835	0.534500433	0.528333725	0.520008918	0.511505997	0.503299682	0.495946669	0.491719329	0.488466265	0.483248535	0.476180126	0.469021812	0.462567116	0.457719228	0.455265625	0.456194584	0.464897936	0.48106392	0.500927949	0.532678813	0.577824171	0.616446145	0.632729547	0.625528049	0.603290888	0.580262979	0.565941688	0.553131213	0.540878133	0.527311808	0.51438557	0.503143262
49	0.17141607	0.167573049	0.167448968	0.173711061	0.189667589	0.215723503	0.243799243	0.261367593	0.278651232	0.298944979	0.312591176	0.30782987	0.274695086	0.234251007	0.205928206	0.188772554	0.178325376	0.172387947	0.167677008	0.163424604	0.162273329	0.164352692	0.170481092	0.182251102	0.199821726	0.223483211	0.25158836	0.283292869	0.322468555	0.362892021	0.40452207	0.452654249	0.49335541	0.520038862	0.536007927	0.544165676	0.547736978	0.546941711	0.543837513	0.538495483	0.532243267	0.526134248	0.517715374	0.509254587	0.501095252	0.493775861	0.489510834	0.486212937	0.481019495	0.473975574	0.466787454	0.460373046	0.45556409	0.453179218	0.454057911	0.462807609	0.478964855	0.498863363	0.530743771	0.576005575	0.614603027	0.630959043	0.6236126	0.601598389	0.578139805	0.564220612	0.551171967	0.538708254	0.525619452	0.512495507	0.501665587
5	0.185153016	0.180610648	0.180506803	0.188205302	0.206438518	0.236139725	0.268529323	0.289129943	0.30924978	0.332867939	0.349099484	0.344538733	0.307466507	0.262356726	0.229698206	0.209909684	0.198096054	0.190915612	0.185221589	0.180889313	0.179320795	0.180953154	0.187691992	0.200848547	0.219693764	0.245672401	0.276742999	0.312192673	0.35558516	0.398365481	0.441470894	0.492075546	0.536472147	0.566972995	0.58519613	0.595293153	0.60091399	0.600495353	0.597141302	0.592349893	0.58565442	0.578649964	0.570605904	0.561564239	0.552979234	0.545732529	0.541829554	0.538493333	0.532745138	0.525201685	0.517448422	0.510492314	0.505466364	0.503071588	0.50422293	0.513883605	0.531986922	0.554434523	0.588987321	0.639383789	0.681581608	0.698210794	0.687494076	0.659848331	0.631296459	0.612835516	0.595770625	0.580383913	0.563521934	0.548859889	0.536646902
10	0.185558587	0.181608998	0.181634001	0.189153735	0.207421551	0.23744317	0.270001382	0.290061057	0.310443754	0.334273505	0.350717225	0.346040771	0.308652175	0.263043352	0.230014836	0.209992467	0.198536163	0.191754828	0.185902273	0.181176331	0.179505799	0.181307478	0.188244914	0.201183932	0.220503004	0.246926065	0.27822822	0.313749336	0.35722733	0.400026781	0.443250101	0.494293754	0.538587563	0.568491684	0.586498891	0.596259734	0.601083541	0.600674805	0.597385427	0.592157663	0.585521779	0.579103241	0.5712596	0.561932166	0.552603139	0.54536566	0.541511574	0.538186903	0.532373852	0.524649678	0.517237622	0.511068462	0.505373579	0.502291829	0.503008977	0.513001873	0.531693686	0.554570373	0.589860847	0.640602738	0.682899466	0.699320903	0.688083197	0.660783443	0.632625919	0.613913224	0.597114863	0.58138958	0.564586493	0.55035031	0.537628967
15	0.186039972	0.182187385	0.18234059	0.189659287	0.207922531	0.238046581	0.270613147	0.29086439	0.311390287	0.334902824	0.351461572	0.346938658	0.309017373	0.262494334	0.229760805	0.210072198	0.198643611	0.191744444	0.185597813	0.181308962	0.180212969	0.182153473	0.188372361	0.201136478	0.220462716	0.2467034	0.278255391	0.314113805	0.357839541	0.401260082	0.444816724	0.495963926	0.540080971	0.569498447	0.587309901	0.596670989	0.601199948	0.600610208	0.597645803	0.592333361	0.585982088	0.579738116	0.571208577	0.561951108	0.552942294	0.545233245	0.54065887	0.537554832	0.532417097	0.525097696	0.517395579	0.510232213	0.504943506	0.502248911	0.503478081	0.513740912	0.532051267	0.55424874	0.589974974	0.641088152	0.683623251	0.700228385	0.68874507	0.660937894	0.632888634	0.613762473	0.596956598	0.581991041	0.564913379	0.549882352	0.537066715
20	0.186775434	0.182922924	0.182987379	0.190289377	0.208698676	0.238782628	0.271252844	0.291519751	0.311882534	0.335517225	0.352225438	0.347465843	0.309380837	0.262789457	0.230215122	0.210554985	0.198920153	0.191998924	0.185994597	0.181567629	0.180304325	0.182350685	0.188634549	0.201608818	0.220981795	0.247240212	0.278862625	0.314924218	0.358931388	0.402718601	0.446523479	0.497899596	0.54194559	0.571117279	0.588466913	0.597478666	0.601732503	0.600880813	0.597640889	0.592063654	0.585613686	0.579349135	0.570606365	0.561273735	0.552317896	0.544493344	0.540036041	0.536878167	0.531644273	0.524342337	0.516681352	0.5094998	0.504243145	0.501664772	0.503043877	0.513306551	0.531762617	0.55423709	0.590262683	0.641560318	0.684468733	0.70068781	0.68940566	0.661926972	0.633132405	0.614798724	0.597654061	0.582738909	0.565520127	0.550606016	0.538126357
25	0.188606252	0.184652093	0.184611722	0.191842796	0.210072702	0.24007448	0.272533788	0.292819552	0.313146712	0.336874208	0.353484327	0.348778815	0.310791243	0.264245687	0.231757599	0.211999219	0.200199238	0.1932984	0.187592068	0.183020042	0.181576109	0.183621392	0.189976407	0.202931651	0.222218338	0.248328734	0.279916306	0.315964819	0.359871633	0.403521845	0.447150189	0.498438582	0.54236411	0.571481898	0.58907511	0.598210194	0.602399231	0.601676716	0.598521725	0.592976984	0.586439101	0.580153165	0.571342061	0.562133353	0.553358729	0.545667261	0.541262284	0.538039721	0.53266966	0.525312081	0.517677614	0.510637572	0.50548542	0.502959441	0.504242126	0.514277054	0.532635073	0.555162115	0.591141897	0.642388752	0.68510797	0.701497284	0.690648717	0.663232614	0.634899172	0.616635124	0.599984331	0.585060405	0.56769506	0.553647676	0.54048641
30	0.188915532	0.184856975	0.184808481	0.191991905	0.210180631	0.240134532	0.272557659	0.292933242	0.313209909	0.33691942	0.353552375	0.348926905	0.311018197	0.264562299	0.231971615	0.212216079	0.200241121	0.193368914	0.187769339	0.183082654	0.18159253	0.183653595	0.190068901	0.203009469	0.222292731	0.248405028	0.280018024	0.315973314	0.359858918	0.403499259	0.447115223	0.498433023	0.542332276	0.571442471	0.589005169	0.598068555	0.602204003	0.601473831	0.598239404	0.59262512	0.586061445	0.579776159	0.570901474	0.561785991	0.553079924	0.545392013	0.540961081	0.537651959	0.532196054	0.524824413	0.517275616	0.510339138	0.505195479	0.502695932	0.503967093	0.513924019	0.532327786	0.554958803	0.590972116	0.642173035	0.685105815	0.701591133	0.690683951	0.663455258	0.635251164	0.616839549	0.600123149	0.585256705	0.568011807	0.553411539	0.541291345
35	0.189188398	0.18508407	0.184988019	0.192227428	0.21043707	0.240385035	0.272826658	0.293164191	0.31338487	0.337267578	0.353801554	0.349221261	0.31120545	0.264696008	0.231993852	0.212276633	0.20022347	0.193290147	0.187854907	0.183159454	0.181603747	0.183647375	0.190086006	0.202976068	0.222289182	0.248518101	0.280240064	0.316289835	0.360175395	0.404025088	0.447696047	0.498978889	0.542913602	0.571916445	0.589387863	0.598228388	0.60212225	0.601410074	0.598101368	0.592415811	0.585784278	0.579324872	0.570528094	0.561469544	0.552815139	0.54505924	0.540669908	0.53725631	0.531777068	0.524392424	0.516791144	0.510019063	0.504932182	0.502510794	0.503766688	0.513712203	0.532345127	0.555065639	0.591164798	0.64240038	0.685039445	0.701606459	0.69066592	0.663365115	0.635495018	0.616604283	0.600233457	0.585416586	0.567957619	0.55345195	0.541255525
40	0.189290064	0.185288391	0.185217708	0.19234486	0.210578916	0.240425756	0.272826401	0.293277675	0.313421944	0.337244535	0.353868615	0.349232047	0.311282373	0.26480063	0.23214155	0.212394657	0.200323865	0.193397086	0.187924732	0.183170474	0.181631435	0.183685766	0.190175182	0.203074403	0.222383314	0.24857897	0.280272181	0.316201396	0.36020715	0.403940245	0.44753693	0.498824119	0.542640966	0.571642442	0.589175436	0.598007098	0.601935024	0.601194524	0.597907912	0.592211147	0.58562116	0.579170641	0.570292691	0.561367877	0.552639584	0.544854763	0.540504994	0.537152975	0.531646691	0.524220019	0.516791759	0.509973886	0.504943746	0.502546652	0.503673683	0.513716418	0.532316362	0.555096943	0.591251858	0.642533773	0.68531395	0.701918429	0.690812879	0.663494567	0.634726586	0.616980804	0.600439265	0.585084266	0.568533219	0.553499753	0.54109623
45	0.189663584	0.185749251	0.185713016	0.192837958	0.211086831	0.240874118	0.273304757	0.293677769	0.313769765	0.337605274	0.354116227	0.349473625	0.311554909	0.26505736	0.232354266	0.212625481	0.200572674	0.193613948	0.18818538	0.183362047	0.181835758	0.183942639	0.190484991	0.203393672	0.222675854	0.248981333	0.280661613	0.316672214	0.360668199	0.40451097	0.448234115	0.499496941	0.543286576	0.572206116	0.589587285	0.598296241	0.602095755	0.601277478	0.597904685	0.592200784	0.585598138	0.57907419	0.570228002	0.56125727	0.552552847	0.544779712	0.540449458	0.536984891	0.531471	0.524068224	0.516571264	0.509911315	0.504915424	0.502498833	0.503630068	0.513688723	0.53231171	0.555174519	0.591356025	0.642862153	0.685643113	0.702229249	0.691046358	0.663459157	0.634938496	0.616508578	0.600702456	0.585564013	0.568879375	0.554217787	0.541169752
50	0.190233593	0.186210644	0.186171423	0.193346024	0.211578588	0.241414928	0.273722163	0.293998882	0.314115292	0.33798488	0.354447557	0.349776455	0.31181693	0.265366997	0.232601035	0.212898941	0.200791003	0.193809039	0.188451174	0.183597956	0.182045532	0.184141156	0.190651866	0.203572348	0.222920362	0.249311907	0.281028469	0.317053795	0.361101364	0.405029489	0.448864866	0.500280481	0.54402258	0.57277699	0.589955175	0.598503266	0.602100571	0.601165366	0.597775869	0.591974032	0.585262016	0.578758047	0.56988774	0.560878777	0.552161524	0.544406067	0.540105391	0.536602962	0.531065155	0.523572186	0.516131043	0.509453105	0.504488653	0.502188063	0.503431514	0.51359549	0.532252831	0.555148485	0.591439495	0.642891879	0.685569016	0.702181597	0.691119669	0.663745909	0.635458493	0.617084608	0.600804149	0.585857922	0.569752924	0.554241458	0.542170991
