1	0.111119857	0.109760589	0.11177114	0.121590922	0.141911125	0.171625428	0.203196589	0.222958922	0.243613478	0.265237682	0.279746251	0.276908865	0.24046902	0.200021293	0.172647937	0.156207054	0.146861079	0.141934481	0.137200168	0.13277206	0.131222413	0.133435386	0.140591592	0.152262799	0.170170273	0.195053884	0.224404646	0.257092383	0.29603192	0.333866825	0.370914723	0.416386839	0.454747224	0.482618501	0.500521816	0.509874795	0.514937699	0.516408818	0.51554386	0.513752985	0.509481259	0.50361849	0.496392697	0.488854053	0.481608492	0.475137055	0.470602677	0.466762394	0.461927148	0.455435345	0.447832224	0.441282065	0.435299685	0.431861321	0.432462934	0.440273495	0.456330388	0.477581079	0.508268712	0.548576291	0.581761383	0.587759567	0.56690458	0.533179204	0.499231317	0.472350284	0.448254183	0.425888058	0.404981077	0.386150232	0.368667034
6	0.111575018	0.110332058	0.112214869	0.122067804	0.142692322	0.172227995	0.203605304	0.223412218	0.243763475	0.265472899	0.280302047	0.277160454	0.240433697	0.199820639	0.172388514	0.156049621	0.14663024	0.141955355	0.13700659	0.132635371	0.131200059	0.133671531	0.140718839	0.152397693	0.170050875	0.195236958	0.224850991	0.257589725	0.296523392	0.334390155	0.371707963	0.417685705	0.456158497	0.483599539	0.50087806	0.509841707	0.514428601	0.515826431	0.514874979	0.5130409	0.508946071	0.503335922	0.496126637	0.488517428	0.480925388	0.474426001	0.46980282	0.46609094	0.461317238	0.454679894	0.446889797	0.44064965	0.434848923	0.431317877	0.431994805	0.439686724	0.455850668	0.477378874	0.508447111	0.549033291	0.58292485	0.588873396	0.568511095	0.534123552	0.499861302	0.473871322	0.448464374	0.426482899	0.405558742	0.387253026	0.369385741
11	0.111824809	0.110590858	0.112578097	0.122516052	0.143220508	0.172652353	0.204138001	0.22376767	0.243984666	0.265769729	0.280619024	0.277330747	0.240575332	0.19994479	0.172673777	0.156318586	0.146657294	0.14205705	0.137003552	0.132766196	0.13134051	0.133838191	0.14073471	0.152690472	0.170359047	0.195490928	0.225284723	0.257936225	0.296839726	0.334815298	0.372243159	0.418536124	0.457202684	0.484325948	0.501441061	0.510381141	0.514617208	0.51591794	0.515117902	0.513219712	0.509220698	0.50365518	0.496562016	0.488728946	0.481082998	0.474730345	0.469903828	0.466059009	0.461460848	0.454823039	0.447209599	0.440907102	0.435169396	0.431621781	0.432149713	0.439791628	0.456093525	0.4775104	0.508843328	0.549809351	0.583535735	0.589480415	0.568824671	0.534532011	0.500043781	0.473502537	0.448831427	0.4262949	0.404623118	0.386660103	0.369002071
16	0.112523539	0.111224305	0.11333407	0.123344497	0.143940857	0.173317739	0.204904731	0.224485734	0.244669012	0.266442534	0.281224078	0.277810502	0.241079902	0.200560678	0.173334231	0.156948146	0.147137163	0.142507342	0.137507884	0.133261198	0.132013689	0.134291241	0.141205806	0.153281795	0.170998311	0.196057527	0.225814107	0.258537488	0.297520852	0.335522277	0.373278142	0.41975379	0.458489192	0.485438786	0.502419842	0.511154064	0.515292507	0.516388868	0.515442801	0.513451325	0.50953852	0.503976028	0.49684654	0.488938841	0.481265099	0.474990825	0.470010046	0.466132591	0.461475405	0.45495478	0.447375335	0.440991317	0.43536859	0.431874621	0.432467981	0.440179563	0.456446287	0.477979387	0.509520883	0.550642756	0.584697968	0.59078976	0.570294658	0.535665836	0.501471528	0.475386037	0.45069687	0.427766239	0.406926304	0.388273903	0.37147087
21	0.112948408	0.111734705	0.113812181	0.12390378	0.144503125	0.173830125	0.205332165	0.224958525	0.245083366	0.266867775	0.281617377	0.278181326	0.241483786	0.200971189	0.173688997	0.157302933	0.147429622	0.142836656	0.13778899	0.13365737	0.132367186	0.134599545	0.141529347	0.153684123	0.171393246	0.196459817	0.226189702	0.258912875	0.298014153	0.336126839	0.373905121	0.420491394	0.459285124	0.486146642	0.503030587	0.511748649	0.515727164	0.516746713	0.515775891	0.513743699	0.509771796	0.504240914	0.497064725	0.48911757	0.481459119	0.47515739	0.470060582	0.466178673	0.461517667	0.455131024	0.447533796	0.441076667	0.435408953	0.431894979	0.43259149	0.44039507	0.456753335	0.478200544	0.509860053	0.551018658	0.585165024	0.591356266	0.57045015	0.536061552	0.501916093	0.475417397	0.450826749	0.427873588	0.406756531	0.388090018	0.3704793
26	0.113075004	0.11180936	0.11394782	0.124006777	0.144594772	0.17390254	0.205453557	0.22503246	0.245173755	0.266965477	0.281702866	0.278343669	0.241643464	0.201029514	0.173767243	0.15739658	0.147534472	0.142947362	0.137819162	0.133683771	0.13238725	0.13459218	0.141489164	0.153731251	0.171482014	0.196504453	0.226240728	0.259040261	0.298155874	0.33623165	0.374095676	0.420720802	0.459500429	0.486331124	0.503211206	0.511822772	0.515689613	0.516704612	0.515787148	0.513802065	0.509700109	0.504196969	0.496967405	0.489061838	0.481356011	0.475113946	0.469988653	0.466060867	0.461456927	0.454957998	0.447407808	0.440992465	0.435347645	0.431885708	0.432540626	0.440322045	0.456727196	0.478252941	0.510094903	0.551350281	0.585439156	0.591560894	0.571014526	0.536163107	0.501863641	0.475442185	0.450718962	0.428009994	0.406773402	0.388258365	0.371206327
31	0.11330567	0.112033922	0.114163088	0.124174301	0.144836918	0.174173999	0.20567462	0.225225337	0.245433258	0.267149601	0.281998083	0.278553631	0.241701666	0.201172053	0.173916605	0.157495032	0.14753438	0.142910003	0.137812362	0.133712396	0.132433026	0.134681827	0.141496973	0.153804703	0.17153616	0.196526966	0.226230174	0.259039066	0.298227931	0.336369834	0.374398382	0.421095036	0.459869961	0.486611746	0.503326455	0.511942993	0.515779703	0.516659748	0.515648216	0.51368872	0.509660687	0.504075224	0.496823029	0.488884231	0.481138768	0.474866894	0.46975433	0.465773883	0.461263518	0.454810069	0.447267998	0.4407802	0.435162969	0.431774006	0.432466957	0.440291761	0.45681504	0.478443077	0.510297445	0.551909567	0.586251013	0.592612007	0.571673023	0.537118517	0.502738116	0.475802522	0.451764709	0.428570943	0.407670168	0.388743347	0.371485969
36	0.113524707	0.11230108	0.114511012	0.124501823	0.145102957	0.174480343	0.205987159	0.2255875	0.24567561	0.267451753	0.282242245	0.278814067	0.242002169	0.201432544	0.174200973	0.157716187	0.147797406	0.143176834	0.138087768	0.134050051	0.132729928	0.134886293	0.141745356	0.15407275	0.171827258	0.196785453	0.226517511	0.259390545	0.298657622	0.3367836	0.374880459	0.421659529	0.460470973	0.487154809	0.503939391	0.512442255	0.516156361	0.516943978	0.516001899	0.513920644	0.509929478	0.504326757	0.497107558	0.489154838	0.481372419	0.475029694	0.469867815	0.465933466	0.461338692	0.4549358	0.447444592	0.440924159	0.435325109	0.431907661	0.432641822	0.440504994	0.457050991	0.478675073	0.510667219	0.552280033	0.586660616	0.592825579	0.571932528	0.537406573	0.502447805	0.476201793	0.451723622	0.428476774	0.407646716	0.389673379	0.371128503
41	0.114028303	0.11277364	0.114947286	0.124921551	0.145602091	0.174871297	0.206371029	0.225924375	0.246097598	0.267902369	0.282638501	0.279168419	0.242205105	0.201691755	0.174453843	0.158015541	0.148005216	0.143383031	0.138333278	0.134223872	0.133018745	0.135129405	0.142034415	0.154384873	0.172214614	0.19718162	0.226903791	0.259859602	0.299216062	0.33746374	0.375778288	0.422688833	0.461520773	0.488085275	0.504643	0.513024485	0.516591867	0.517260538	0.51615069	0.514053668	0.510009016	0.504371354	0.497102099	0.489042732	0.481225569	0.474872786	0.46966224	0.465775673	0.46123573	0.454787176	0.447297951	0.44076825	0.435184549	0.431770497	0.432631629	0.440491121	0.45721555	0.47896545	0.511115947	0.552831762	0.587443859	0.593573335	0.572872687	0.537922447	0.503551848	0.477060443	0.452621887	0.429936826	0.408669263	0.389334953	0.37268369
46	0.114208113	0.112902908	0.115146308	0.125181608	0.145866541	0.175050676	0.206576509	0.226056623	0.246227506	0.268096254	0.282861679	0.279218299	0.242301231	0.201766463	0.174483046	0.158094359	0.14802158	0.14340184	0.13834194	0.134282015	0.132923432	0.135064448	0.141930202	0.154322901	0.172140777	0.197061261	0.226914624	0.259888081	0.29923054	0.337550474	0.375739966	0.422767173	0.461600925	0.488193399	0.504675063	0.513025308	0.516523484	0.51719182	0.516157688	0.514024041	0.509913465	0.504294287	0.497002707	0.488975879	0.481106921	0.474820051	0.469579632	0.465597758	0.461022182	0.454617242	0.4471002	0.440675731	0.435130406	0.431604467	0.43250267	0.440513828	0.457181419	0.479021717	0.511303125	0.553233652	0.587806798	0.594346371	0.573498704	0.53821363	0.50358028	0.476884804	0.452657153	0.429300404	0.408646484	0.389932463	0.372572479
2	0.10675478	0.105160781	0.106893282	0.115909817	0.135035101	0.163654291	0.193892506	0.212368137	0.232048468	0.253750246	0.269045997	0.266895061	0.230981108	0.190956991	0.164037651	0.147987699	0.138737846	0.133654162	0.128899427	0.124601147	0.123203796	0.125452089	0.132467977	0.143759853	0.160802788	0.184463928	0.21244981	0.244175977	0.282880208	0.321269254	0.35986738	0.406982568	0.446308845	0.474276559	0.491408466	0.499744436	0.503421703	0.503116111	0.499671104	0.494955232	0.488399129	0.480992923	0.472951254	0.465204332	0.458020291	0.45183838	0.447238413	0.443022502	0.437992288	0.431578173	0.423992775	0.417474152	0.411484145	0.408346857	0.409676053	0.418254946	0.434590665	0.454762878	0.484854768	0.527558951	0.56707176	0.580702327	0.565406516	0.534348889	0.502847259	0.47996368	0.45759341	0.437732941	0.418202952	0.400325877	0.384048074
7	0.107341085	0.105835266	0.107520125	0.116435879	0.135708273	0.16416955	0.194320144	0.212693081	0.232114106	0.25383546	0.269364127	0.266954558	0.230975123	0.190856836	0.163891524	0.147940368	0.138586713	0.133639961	0.128690714	0.124542629	0.123199263	0.125622533	0.132442848	0.143872944	0.160813162	0.184513257	0.212811337	0.244551241	0.283142371	0.321552613	0.360329432	0.407844409	0.447267674	0.47476182	0.49138038	0.49933499	0.502562535	0.502139008	0.498579862	0.493746592	0.487359879	0.480228745	0.472185007	0.464306385	0.456923158	0.450807777	0.446082437	0.441945175	0.437041303	0.430432935	0.422799335	0.416542879	0.410654226	0.407514217	0.408829405	0.41728044	0.433784539	0.453905981	0.484229358	0.527048423	0.566920068	0.580672301	0.565356554	0.534601525	0.502922327	0.479813892	0.458767729	0.43797712	0.418478098	0.400817745	0.383812283
12	0.107624659	0.106147817	0.10781427	0.116854587	0.136241843	0.164510542	0.194539915	0.212821422	0.231986392	0.253706224	0.269131776	0.266593886	0.230696235	0.190739539	0.164025797	0.148103633	0.138429372	0.133624711	0.128580748	0.124501052	0.123255562	0.12563133	0.132377304	0.144076324	0.160951698	0.184594639	0.212916614	0.24459752	0.283164009	0.321586951	0.360627449	0.408500962	0.448066289	0.475187117	0.491450311	0.499358794	0.502175153	0.501648237	0.49814138	0.493247181	0.486920648	0.479783127	0.471767817	0.463749981	0.456320387	0.450262022	0.445193255	0.441075853	0.436273218	0.429822396	0.42226966	0.416008281	0.410334709	0.407079773	0.408299693	0.416792078	0.433212418	0.453350629	0.48375685	0.526589279	0.566248625	0.580179636	0.564524312	0.533609081	0.502288208	0.479493325	0.457529326	0.437047133	0.417648565	0.400656018	0.383940004
17	0.10829496	0.106740399	0.108513567	0.117556077	0.13682109	0.165003337	0.195150229	0.213261159	0.232376301	0.25411912	0.269539558	0.266953404	0.231028511	0.191149841	0.164457624	0.148486764	0.138814636	0.133945987	0.128976159	0.12495655	0.12370385	0.125975741	0.132717087	0.144496596	0.161386266	0.184966074	0.213318442	0.244900269	0.283414803	0.321886868	0.36106601	0.408976389	0.448603457	0.475531338	0.491794561	0.499453389	0.502217943	0.501561677	0.497964116	0.493049733	0.486747574	0.479722321	0.471669843	0.46363549	0.456226073	0.450240267	0.445145059	0.440939134	0.436147896	0.429685489	0.42228802	0.415934043	0.410365306	0.407092049	0.40829825	0.416753321	0.433139943	0.453332686	0.483877057	0.526890272	0.566836008	0.580358531	0.565205951	0.534503408	0.503389838	0.480460392	0.458705129	0.438344582	0.418459294	0.401254569	0.384617836
22	0.108456691	0.106933553	0.108755273	0.117729103	0.137041619	0.165150632	0.195258101	0.213440745	0.23250631	0.254191512	0.269578986	0.266908045	0.231065114	0.191216546	0.164532311	0.148594135	0.138789211	0.133978291	0.128942421	0.124935463	0.12375469	0.125895099	0.13265092	0.144550256	0.161446537	0.185008699	0.21324313	0.244856195	0.283416723	0.321906268	0.36097563	0.408980867	0.448642418	0.475498797	0.491733676	0.499351877	0.501985001	0.501242073	0.497659476	0.492685743	0.486421461	0.479290604	0.471288797	0.463134829	0.455767784	0.449778813	0.444642895	0.440461454	0.435746381	0.429315728	0.421896746	0.415499937	0.409840617	0.406659322	0.407938128	0.416422883	0.432863936	0.452909262	0.483604305	0.52665825	0.566496343	0.580402179	0.565154696	0.534511858	0.503206735	0.480526734	0.459026165	0.438485513	0.418618718	0.401583815	0.384708833
27	0.108911675	0.107379524	0.109126205	0.118180474	0.137472272	0.165578774	0.195666096	0.213768686	0.232832964	0.254529324	0.269935938	0.26723221	0.231300166	0.191466778	0.164846232	0.14884241	0.139052077	0.134253995	0.129150397	0.125197417	0.124053538	0.126199737	0.132904481	0.144834669	0.161698764	0.185215039	0.213443172	0.245104404	0.283719644	0.322217472	0.361542474	0.409562777	0.449175984	0.475885657	0.492061731	0.499541217	0.502019613	0.501173274	0.497585296	0.492624621	0.486256606	0.479181608	0.471083674	0.462990833	0.455524693	0.449558801	0.444390248	0.44018134	0.43547775	0.429031417	0.421607137	0.415274023	0.409584194	0.40645758	0.407732625	0.41624908	0.432716838	0.452918089	0.483571947	0.526735078	0.566686311	0.580622159	0.565378782	0.534667658	0.503706663	0.481012301	0.459254274	0.439172079	0.419516174	0.402473752	0.385268064
32	0.108955954	0.107378435	0.109185356	0.11827216	0.137540755	0.165517577	0.195541392	0.21357939	0.232611004	0.254222821	0.269530136	0.266868703	0.230935931	0.191277169	0.164725853	0.148740318	0.138916412	0.134064807	0.129028432	0.125069713	0.123932669	0.126033886	0.132735225	0.144678292	0.161574374	0.185020667	0.213304487	0.244853722	0.283438759	0.32195445	0.361307444	0.409391511	0.448980248	0.475653197	0.491657493	0.499186061	0.501541377	0.500504631	0.496902628	0.491881216	0.485554105	0.478482995	0.470397281	0.462252046	0.454784416	0.448796352	0.443608752	0.439382446	0.434706779	0.428392738	0.421031273	0.414573706	0.408972747	0.405871514	0.40723168	0.415704127	0.432213458	0.452394823	0.48313624	0.526216999	0.566168633	0.580399802	0.564964686	0.534203959	0.50290772	0.480344618	0.459040121	0.438921044	0.419117223	0.402329614	0.384703696
37	0.109020401	0.107489645	0.109373209	0.118352096	0.137582419	0.165557924	0.19560748	0.213661266	0.232702715	0.254283986	0.269592948	0.266963946	0.231019692	0.191305368	0.164703203	0.148695069	0.138915793	0.13398485	0.128957842	0.125068299	0.12390413	0.125981625	0.132722499	0.14465859	0.16155198	0.184964655	0.213207176	0.244815727	0.283419462	0.321897726	0.361279187	0.40937208	0.448962316	0.475629489	0.49160742	0.498995797	0.501332406	0.500322526	0.496760528	0.491666927	0.485303067	0.478166491	0.47002163	0.461950766	0.454484341	0.44854682	0.443362515	0.43910298	0.434407531	0.428119184	0.420723394	0.414315687	0.40865442	0.405511323	0.406867878	0.415455022	0.432026962	0.452175635	0.482975473	0.526149516	0.565988815	0.580042346	0.564783402	0.534060779	0.503228697	0.48036277	0.459243874	0.43899904	0.419192117	0.401476387	0.385494044
42	0.109293532	0.107891983	0.109700576	0.118666081	0.137859463	0.165837343	0.195866888	0.213842134	0.232770697	0.254401682	0.269753228	0.266946479	0.231118413	0.191373157	0.164812873	0.148858285	0.13904919	0.134123594	0.129103965	0.1252208	0.124013144	0.126096984	0.132771122	0.144763583	0.161713468	0.185129842	0.213340999	0.245007365	0.283608481	0.322159663	0.361627963	0.409801348	0.449309283	0.475860353	0.491779918	0.49897241	0.501233269	0.500124408	0.496445509	0.491343497	0.484897831	0.477772483	0.469699685	0.461582337	0.454079928	0.448099391	0.442899336	0.438640581	0.434011141	0.427667154	0.420337647	0.413880413	0.408205139	0.405120781	0.406609029	0.415232221	0.431740268	0.451965319	0.482749595	0.526000961	0.565909036	0.580040953	0.56481676	0.53422649	0.503206801	0.481120862	0.458892832	0.439002261	0.419612143	0.402779918	0.386141577
47	0.109485366	0.107946301	0.109725508	0.118783244	0.137959361	0.165909264	0.195945732	0.213935951	0.232971903	0.254566462	0.269873048	0.267061389	0.231150114	0.191418461	0.1648357	0.148871792	0.138951219	0.134056042	0.129043898	0.125118819	0.123974852	0.125976559	0.13266467	0.144658398	0.161621243	0.185025496	0.213275095	0.244923313	0.283594993	0.322101491	0.361653919	0.409792717	0.449242984	0.475775198	0.491501966	0.498687563	0.500856847	0.499642903	0.495904053	0.490792306	0.484452659	0.477245602	0.46914232	0.460956466	0.453452648	0.447500156	0.442349619	0.438115567	0.433414202	0.427074603	0.419748744	0.413337717	0.407676115	0.404679644	0.406196313	0.414762787	0.431555897	0.451679436	0.482661035	0.525952769	0.56596291	0.580119798	0.564962333	0.534286376	0.503119151	0.480981286	0.459820991	0.43876489	0.419986154	0.402550611	0.386383041
3	0.143041372	0.138504786	0.13728267	0.143126939	0.158720329	0.183405862	0.209809407	0.225281805	0.241927845	0.259639149	0.270781965	0.26624584	0.232398105	0.19547761	0.170268382	0.154884022	0.146000886	0.141237629	0.136536844	0.132294858	0.130979735	0.133538106	0.14108696	0.153096808	0.171014496	0.195170928	0.222853366	0.253803542	0.291997643	0.332874251	0.376820422	0.427695081	0.469376207	0.498319322	0.51626812	0.525372988	0.529781921	0.529991895	0.526982746	0.522771547	0.516418101	0.508846957	0.500167329	0.491266202	0.482900137	0.475592333	0.47027176	0.465761926	0.460310438	0.453393944	0.445338171	0.438590651	0.432382824	0.429095383	0.430388037	0.439144793	0.455324484	0.475370432	0.505270437	0.547848423	0.590053655	0.611719507	0.607323635	0.58914371	0.569370505	0.556866188	0.544705396	0.531810371	0.517940721	0.505281166	0.491389503
8	0.143521296	0.138985888	0.137618182	0.143542088	0.159268684	0.183747521	0.2100155	0.225335785	0.241643244	0.259339136	0.270647701	0.265994295	0.232195299	0.195135863	0.169880188	0.15466963	0.145637605	0.141122479	0.136214996	0.13202188	0.130758252	0.133538808	0.140976438	0.153108597	0.170897947	0.195169376	0.223040094	0.253965007	0.292148672	0.333189594	0.377361431	0.428708208	0.470398624	0.498832803	0.516062442	0.524742393	0.528757391	0.52872598	0.525563539	0.521218661	0.515000276	0.507680903	0.49900508	0.49009817	0.481423544	0.474132725	0.468669328	0.464171083	0.458747247	0.451762021	0.443707204	0.437117088	0.43120214	0.427775351	0.429003514	0.437664003	0.45388992	0.473987279	0.504026072	0.54688623	0.589347974	0.610975306	0.607274924	0.588509538	0.569200243	0.556852966	0.544406541	0.531555946	0.517670647	0.504931915	0.491469462
13	0.143626679	0.139104269	0.137931976	0.14385286	0.1596193	0.183879016	0.210132833	0.225315374	0.241413522	0.259064318	0.270283611	0.265471579	0.231738574	0.194902488	0.169931124	0.154622697	0.145453695	0.140897891	0.135933916	0.131855906	0.130636879	0.133394035	0.140754038	0.153207295	0.170922694	0.195062286	0.222976316	0.253786395	0.291902323	0.332995329	0.377270458	0.428933632	0.470797994	0.498736379	0.515702109	0.524083213	0.527714717	0.527604196	0.524504288	0.520028267	0.513854647	0.506640906	0.497944208	0.488862635	0.480197725	0.473062077	0.467241917	0.46261956	0.457403287	0.450488207	0.442537567	0.436022045	0.430167595	0.426746591	0.427927566	0.436456753	0.452587099	0.472692671	0.502946308	0.545795813	0.588139965	0.609540816	0.605835591	0.58725234	0.568124159	0.555733378	0.542920983	0.530208391	0.516604415	0.503723586	0.490581806
18	0.144096562	0.13961215	0.13838648	0.144302374	0.159989682	0.184106914	0.21029183	0.225406156	0.241368082	0.259036663	0.2702125	0.265323226	0.231592051	0.194877513	0.169950033	0.154661269	0.1453048	0.140800366	0.135883021	0.131767131	0.130662009	0.133303792	0.140637074	0.153145323	0.170917432	0.195006084	0.222913294	0.253806746	0.291921768	0.333105689	0.377706594	0.429460237	0.471213236	0.49891112	0.515650813	0.523857679	0.527171732	0.526813731	0.523543367	0.519088517	0.51292732	0.505648516	0.496937964	0.487753883	0.479060207	0.471929172	0.466211049	0.46152371	0.456261244	0.449340341	0.441481239	0.43493186	0.429133617	0.42579822	0.426994207	0.435508921	0.451792459	0.471909654	0.50227213	0.545149194	0.587453957	0.609128797	0.60499681	0.587024556	0.5680592	0.555789288	0.543712201	0.530270943	0.516650017	0.503815746	0.489833627
23	0.144293297	0.139819363	0.138641649	0.144508771	0.160236989	0.184365892	0.210618526	0.225704992	0.241616477	0.259252649	0.270384496	0.265552263	0.231804987	0.195050545	0.170131041	0.15478379	0.145507111	0.14093466	0.135991875	0.131923056	0.130833503	0.13341907	0.140693409	0.153281644	0.171089095	0.195032931	0.222890474	0.253744725	0.291917608	0.332981209	0.377470954	0.429187006	0.471008961	0.498685104	0.515404914	0.523705675	0.526987429	0.52664105	0.523450078	0.518922537	0.512811122	0.505504059	0.496826933	0.487649521	0.47893888	0.471829864	0.466035688	0.46134758	0.456216901	0.449310502	0.441510359	0.434893207	0.429120657	0.425743521	0.426982388	0.43557042	0.451870062	0.471867821	0.502355507	0.545239896	0.587701654	0.608983932	0.605494587	0.587041301	0.567913798	0.555985375	0.543129853	0.530849362	0.517290469	0.50486478	0.490937836
28	0.144758554	0.140161328	0.138968065	0.144865248	0.160562484	0.184599123	0.210922681	0.225913233	0.241850569	0.259478117	0.27057946	0.265723854	0.231973305	0.195269154	0.170314794	0.15499487	0.145620936	0.14102176	0.136046368	0.132039628	0.130935177	0.133438876	0.140709535	0.153347597	0.171108547	0.195030464	0.222931234	0.253807491	0.291938688	0.332992329	0.377559841	0.429202142	0.47099906	0.498683925	0.515437897	0.523706591	0.526978527	0.526684377	0.523490518	0.518980016	0.512802303	0.505583873	0.496970976	0.487705333	0.478995875	0.471933374	0.466111335	0.461413009	0.45634397	0.449432403	0.441639324	0.434996212	0.429200972	0.425825086	0.427123579	0.435664009	0.451893391	0.471948371	0.502446373	0.545430356	0.587796849	0.609398475	0.605792879	0.587177172	0.568191425	0.556664792	0.543494596	0.53179421	0.518090887	0.505402903	0.49165198
33	0.144777578	0.140256478	0.13904675	0.144933861	0.160612948	0.184664704	0.210789702	0.225754077	0.241726404	0.259309906	0.270348767	0.265406606	0.231828474	0.195149342	0.170289411	0.155014303	0.145546308	0.141014118	0.136062742	0.132082132	0.13097447	0.133397458	0.140674496	0.153362475	0.171137075	0.195048908	0.222840873	0.253697089	0.291847362	0.332926973	0.377576683	0.429292876	0.47107107	0.498601834	0.515175608	0.523319896	0.52644071	0.525996497	0.522801434	0.518218891	0.511966271	0.504698508	0.496053109	0.486790072	0.478076077	0.471088986	0.465212231	0.460514114	0.455449035	0.448639142	0.440794128	0.434151536	0.428361323	0.42498432	0.42627836	0.43487838	0.451108543	0.471179839	0.501675036	0.544659743	0.586981085	0.608483216	0.604937941	0.586860842	0.567622497	0.556643926	0.543193006	0.53177271	0.517990916	0.504627057	0.491497338
38	0.145072707	0.140504302	0.139358294	0.1451556	0.160829098	0.184906042	0.211000702	0.226062373	0.241918961	0.259514401	0.2705844	0.265643068	0.231934783	0.195289192	0.170361561	0.15507128	0.145562627	0.141027513	0.136012688	0.132026794	0.130912227	0.133372258	0.140571635	0.153249983	0.17103193	0.194901278	0.22269107	0.253581947	0.291749533	0.332769297	0.37729686	0.429037897	0.470811825	0.498411509	0.5150321	0.523253308	0.526364863	0.525907014	0.522731298	0.5182186	0.512041512	0.504795023	0.496181138	0.486937767	0.478277894	0.471148362	0.465294814	0.460637839	0.455571364	0.44877533	0.440998575	0.434316135	0.428485515	0.42518142	0.42651866	0.435115069	0.451300448	0.471488395	0.502053913	0.545156153	0.587659662	0.609021872	0.605663319	0.58726846	0.567763438	0.556312444	0.544166756	0.531523211	0.517451576	0.50572044	0.491677844
43	0.145293738	0.140788029	0.139584166	0.145470938	0.161060307	0.184966272	0.211108236	0.226016646	0.241957834	0.259396348	0.270459341	0.265497018	0.231851464	0.195252782	0.170368157	0.155090615	0.14558107	0.141038822	0.136049669	0.132075757	0.130988911	0.1334019	0.140628934	0.153338147	0.17108302	0.195040579	0.22279665	0.253701712	0.291894433	0.332980526	0.377737301	0.429532168	0.471283157	0.498627728	0.515040704	0.522928584	0.525918464	0.525269536	0.521909493	0.517363208	0.51117706	0.503868641	0.495149958	0.485922263	0.477194461	0.47011409	0.464185759	0.45952869	0.454428439	0.447661687	0.439915042	0.433192297	0.427440255	0.424203951	0.425606988	0.434212971	0.45047316	0.470571003	0.501132884	0.544261985	0.58658492	0.608455835	0.604751479	0.586548781	0.56766685	0.55578727	0.543506153	0.530934946	0.517219073	0.504976329	0.490846117
48	0.145287664	0.140738991	0.139638411	0.145452191	0.161067812	0.184961105	0.210992348	0.225874881	0.241678545	0.259200446	0.270240673	0.265227921	0.231631432	0.195036828	0.170170005	0.154853253	0.145365979	0.140803337	0.135781881	0.131825715	0.130798946	0.133135812	0.140345977	0.153073731	0.170900455	0.194749409	0.222559983	0.253478666	0.291698034	0.332782549	0.377641543	0.429455417	0.471031257	0.498296564	0.514501438	0.522393507	0.525242127	0.524506745	0.521157223	0.516510113	0.510312661	0.503025094	0.494284832	0.485037139	0.476319895	0.469230585	0.463292886	0.458620007	0.453595882	0.446826553	0.439095242	0.432349305	0.426567705	0.423387777	0.424772877	0.433476096	0.449772725	0.469875905	0.500606707	0.543693419	0.586205223	0.60759162	0.604102963	0.58590706	0.567315749	0.55608881	0.543540065	0.53084303	0.517209319	0.505000128	0.491330217
4	0.144216679	0.14021726	0.139537176	0.146231429	0.163319566	0.190174269	0.218724164	0.23519309	0.253199754	0.273119684	0.286490305	0.282916263	0.246803463	0.206653817	0.179318766	0.162806659	0.153010564	0.147694316	0.142700307	0.138368728	0.136878394	0.139261013	0.146690907	0.158519723	0.176202176	0.200566239	0.22920077	0.261595312	0.301152317	0.341400997	0.382323112	0.430469348	0.469868386	0.497424555	0.514345631	0.522640471	0.526576824	0.526537172	0.523472128	0.51917296	0.512820641	0.505341453	0.496990543	0.488662252	0.480756191	0.473924927	0.468877857	0.464432356	0.459225369	0.452539015	0.444808687	0.43844084	0.432581778	0.429591281	0.431345797	0.440596514	0.457566733	0.478317706	0.509771746	0.554370142	0.597615472	0.61808087	0.610820374	0.58935449	0.566592879	0.551893896	0.536316579	0.52184958	0.506362359	0.492419075	0.478097519
9	0.144455844	0.140584881	0.139911498	0.146604996	0.163775025	0.190415659	0.218805441	0.235219285	0.252973924	0.272907666	0.286530253	0.282807824	0.246609105	0.206353656	0.17899642	0.162533418	0.152679188	0.147465633	0.142275627	0.137959715	0.136592699	0.139203731	0.146473413	0.158377222	0.175938523	0.200493951	0.229407176	0.261793755	0.301408339	0.341763459	0.382860301	0.431581382	0.471088356	0.498031414	0.514287076	0.522122029	0.525641226	0.525464014	0.522293271	0.517845743	0.511552255	0.504296365	0.496010195	0.487529276	0.479490319	0.472600041	0.467411922	0.463026193	0.457816518	0.451046479	0.443323494	0.437118049	0.431493478	0.428379374	0.430114112	0.439397024	0.456434543	0.477292004	0.508985337	0.553969435	0.597699809	0.618255229	0.611064625	0.589004148	0.56594279	0.551347097	0.536151723	0.52183148	0.50548495	0.491597189	0.47696998
14	0.144608978	0.140697788	0.140065929	0.146840089	0.164172057	0.190720825	0.219208958	0.235543072	0.253106141	0.273229526	0.286902566	0.282973651	0.246601974	0.20641497	0.179078171	0.162486931	0.152322147	0.147253666	0.141996704	0.137817644	0.1364903	0.139036176	0.146222257	0.158513132	0.176062913	0.200562561	0.229626204	0.262072031	0.30186557	0.342410649	0.383995137	0.433058888	0.472863992	0.499545263	0.51551918	0.52322996	0.526330018	0.526003786	0.522861045	0.518352418	0.512045766	0.504817875	0.496445193	0.487798634	0.479695045	0.473025753	0.467523248	0.462967342	0.457918105	0.451201403	0.44355987	0.437343761	0.431821689	0.428741709	0.430438622	0.439620489	0.456775293	0.477692174	0.509836874	0.555067291	0.59902235	0.619393875	0.612273875	0.589675507	0.566855764	0.551633918	0.536897761	0.521519452	0.506146873	0.492103097	0.476947613
19	0.144610172	0.140689997	0.140096188	0.146890001	0.164177885	0.190734147	0.219218025	0.235481187	0.253116009	0.273140964	0.286705182	0.282790952	0.246399146	0.206264146	0.178969829	0.162395339	0.152146639	0.14702614	0.141779452	0.137607696	0.136460293	0.138880652	0.146002443	0.1583937	0.176077832	0.200416054	0.22952013	0.262049141	0.30190646	0.342526198	0.384220823	0.433538748	0.473417975	0.500002709	0.515821633	0.523444525	0.526345033	0.525881805	0.522697775	0.518066285	0.511804496	0.50457746	0.496146517	0.487482848	0.479352876	0.472627725	0.467050199	0.462440522	0.45740186	0.450741825	0.44318618	0.436887078	0.431348671	0.428291494	0.430058295	0.439332905	0.456543338	0.477467058	0.509722873	0.555107271	0.59920145	0.619759487	0.612460095	0.589669102	0.566466942	0.551874418	0.53645137	0.52187342	0.505843263	0.491329386	0.477090375
24	0.144754872	0.140803826	0.140259891	0.146994	0.16425853	0.190636235	0.219036311	0.235273633	0.252599824	0.272633237	0.286187838	0.282116192	0.245947908	0.205951738	0.178825218	0.162299573	0.152034862	0.146927156	0.141659234	0.137586247	0.136367416	0.138757507	0.145860204	0.158297668	0.175880008	0.200149649	0.229160576	0.26156852	0.301225732	0.341742348	0.383538267	0.432740827	0.472459803	0.498849609	0.514605659	0.522167685	0.52493861	0.524471516	0.521239932	0.516667761	0.510362333	0.503125669	0.494755301	0.48607408	0.477945297	0.471234419	0.465625438	0.461076334	0.456064968	0.449402923	0.441907451	0.435591908	0.430092028	0.427059656	0.428780431	0.437981544	0.455230794	0.476169934	0.508262587	0.553703137	0.597714623	0.618204057	0.610970454	0.588510714	0.565573846	0.551134099	0.535450159	0.521021182	0.505036	0.491237338	0.476077713
29	0.145124756	0.141196664	0.14059876	0.147384051	0.164573554	0.190873375	0.219230666	0.235323325	0.252713493	0.272648873	0.286147049	0.282167409	0.245981442	0.206050431	0.178947007	0.162474201	0.15214403	0.146966594	0.141682866	0.137624962	0.13648383	0.138760391	0.145885645	0.158353531	0.175914469	0.200159541	0.2289679	0.261376247	0.301087212	0.341513697	0.383336287	0.432575781	0.472377832	0.498771528	0.514434823	0.522000765	0.52477517	0.524143457	0.52100435	0.516369255	0.510081188	0.502882299	0.494412355	0.485727169	0.477592365	0.470922455	0.465262719	0.460750442	0.455712946	0.449195144	0.441714293	0.435365301	0.429802156	0.426789709	0.428518221	0.437742715	0.454977902	0.47587916	0.508070364	0.553497607	0.597515182	0.618240569	0.61095911	0.588875408	0.566096888	0.550824859	0.536668773	0.521195301	0.50567529	0.492101301	0.477890171
34	0.145863647	0.14192682	0.141416145	0.148154107	0.165308868	0.191672893	0.220139649	0.236407118	0.253894911	0.273879884	0.287357803	0.283350146	0.247002017	0.206884218	0.179694681	0.163167676	0.152686332	0.147608787	0.142273059	0.138185817	0.137068945	0.139297035	0.146442809	0.158990214	0.17659192	0.200951505	0.229938806	0.262472868	0.302375792	0.343042332	0.384949526	0.434438934	0.474267821	0.500660648	0.516280488	0.523724113	0.526343706	0.525711677	0.522479407	0.51772956	0.511408789	0.50413486	0.495739685	0.48697067	0.47880123	0.472115337	0.466386926	0.46189408	0.456878384	0.45027512	0.44274672	0.436394876	0.430817366	0.427898694	0.429724437	0.439046156	0.456343293	0.477335792	0.509826256	0.55548546	0.599614252	0.620205556	0.612834776	0.590471587	0.567439667	0.55236217	0.537639359	0.522838101	0.507649426	0.493122968	0.478013304
39	0.145827382	0.141885671	0.141361439	0.148121296	0.165300957	0.191540631	0.219832014	0.236022879	0.253410029	0.273349641	0.28686761	0.282807542	0.246517563	0.206536228	0.179427011	0.162904802	0.152530521	0.147419376	0.142108888	0.138025238	0.136928884	0.139179971	0.146249871	0.158783222	0.176398727	0.200570692	0.229516822	0.262024064	0.301836012	0.342413057	0.384317963	0.433737189	0.473519089	0.499774146	0.515337891	0.522781911	0.525334562	0.52465808	0.521413036	0.516697741	0.510394203	0.503125563	0.494687236	0.485936702	0.477826616	0.471136334	0.465461949	0.460924643	0.455975665	0.449400774	0.441872998	0.435414919	0.430004783	0.427001114	0.428811461	0.438058907	0.455418863	0.476470029	0.508820974	0.554482161	0.598654069	0.619067693	0.612266654	0.589665305	0.566594274	0.551768519	0.53706043	0.521655294	0.506354557	0.492463296	0.478072726
44	0.145715362	0.141789201	0.141227689	0.14799702	0.165110817	0.191217638	0.219433036	0.235482958	0.25284379	0.272597256	0.285997673	0.281999743	0.245898615	0.206032435	0.179032078	0.162545086	0.152201688	0.147061441	0.141761234	0.13770886	0.136609547	0.138751316	0.145833049	0.158343025	0.175907433	0.200105954	0.228999226	0.261399121	0.301070209	0.341567804	0.383524486	0.432890042	0.472559717	0.498648383	0.514180977	0.521427104	0.523902669	0.523083634	0.51973015	0.515124712	0.508815277	0.501516344	0.493019857	0.484317125	0.476110061	0.469428048	0.463771964	0.459242846	0.454293061	0.447771761	0.440338574	0.433949555	0.428396752	0.425545499	0.427376244	0.436694181	0.454080822	0.475060395	0.507448947	0.553044464	0.597297887	0.618057547	0.611187972	0.58895605	0.56601769	0.551604304	0.537178591	0.521930273	0.506451247	0.493222797	0.477903021
49	0.147532785	0.14361182	0.143138291	0.149760888	0.166856938	0.193036727	0.221304124	0.237369102	0.254716824	0.274527933	0.287928601	0.283792989	0.247613538	0.207686885	0.180655793	0.164147931	0.153696721	0.148617062	0.143290224	0.139265704	0.13813478	0.140340485	0.147396748	0.159946008	0.177591398	0.201804771	0.230798152	0.263283695	0.303085348	0.343745052	0.385805227	0.435204981	0.474882815	0.500862283	0.516251169	0.523394131	0.525788791	0.524862424	0.52152593	0.516869836	0.510497957	0.503134478	0.494630687	0.485959897	0.477659762	0.471063929	0.465423872	0.46082139	0.455849422	0.449292561	0.441855557	0.435530613	0.430009006	0.427080034	0.428966724	0.438367523	0.455742472	0.476778854	0.509314574	0.554932816	0.599157383	0.619971737	0.612745023	0.590569892	0.567459508	0.553160297	0.538029465	0.523842053	0.508257016	0.494431242	0.479177935
5	0.159322974	0.155284129	0.154626967	0.16228212	0.18144347	0.21181815	0.244470488	0.263413778	0.28430018	0.307697178	0.324040949	0.320737979	0.279438419	0.233344857	0.201978527	0.183022054	0.17182089	0.165548793	0.159890121	0.15498904	0.153310348	0.155672575	0.163538631	0.176350339	0.195601964	0.222628577	0.254630157	0.291144023	0.335582977	0.379168796	0.422066583	0.473487194	0.515798987	0.545594975	0.563796014	0.572469368	0.576595941	0.576467589	0.57310266	0.568368966	0.561552007	0.553592809	0.544757748	0.53593988	0.527521398	0.520287197	0.515057112	0.510421589	0.504895265	0.497792682	0.489717421	0.483013571	0.476957634	0.474092293	0.476214138	0.486724522	0.506165774	0.529875658	0.565543008	0.616259615	0.664678497	0.685754349	0.674496464	0.64707482	0.618642074	0.59977553	0.580472849	0.562576709	0.54463536	0.528102739	0.511903833
10	0.160311221	0.156304273	0.155730001	0.163281354	0.182642922	0.212889452	0.24542129	0.264366922	0.284901276	0.308458089	0.324991441	0.321417884	0.280004668	0.233787381	0.202403596	0.18347734	0.172158519	0.166032682	0.160185115	0.155407226	0.15372581	0.156343367	0.164059038	0.177050789	0.196199542	0.223342574	0.255722326	0.292229794	0.336732713	0.380631946	0.423731088	0.475748039	0.518300563	0.547565836	0.565068988	0.573463951	0.577119308	0.576841297	0.573306087	0.568457505	0.561711381	0.554019475	0.545188179	0.536205695	0.527569682	0.520301697	0.514937437	0.510491415	0.505019937	0.497768265	0.489617557	0.483093166	0.477205288	0.474252037	0.476359403	0.486862704	0.50634152	0.530263036	0.566386587	0.617310693	0.665934474	0.686969576	0.675949707	0.647738765	0.619242133	0.60026576	0.581665291	0.563715554	0.545110369	0.528924296	0.51216235
15	0.160716592	0.156711386	0.156286346	0.163931591	0.183384637	0.213437301	0.245951751	0.264786288	0.285161779	0.308670743	0.325235969	0.321478349	0.280049898	0.233967679	0.202770962	0.183807375	0.172149975	0.166152947	0.160215464	0.155466225	0.153911892	0.156422415	0.164062966	0.177377259	0.196552397	0.22357896	0.256044156	0.29258043	0.337027952	0.380927004	0.424305239	0.476621263	0.519295178	0.548170778	0.565501283	0.573666423	0.576844551	0.576438522	0.572948063	0.567999558	0.561350511	0.553676183	0.544830286	0.53572269	0.527050668	0.519920081	0.51430825	0.509751619	0.504353063	0.497184774	0.489179478	0.482637294	0.476977118	0.473866803	0.47599282	0.486436424	0.506033323	0.529932641	0.566223927	0.617408006	0.665986527	0.687366816	0.675519252	0.647886444	0.619699184	0.600713267	0.581815426	0.563427946	0.545123035	0.529158453	0.511873636
20	0.162136641	0.158024857	0.157575733	0.165244605	0.184723825	0.214778098	0.247357974	0.266189922	0.286528435	0.310075362	0.326583419	0.322773016	0.281308671	0.23523226	0.204044585	0.185058475	0.173300566	0.167280419	0.161305964	0.156598705	0.155133309	0.157585431	0.165120388	0.178463646	0.197633431	0.224606653	0.25712246	0.29369142	0.338161658	0.381973866	0.425369515	0.477708813	0.520441496	0.549218107	0.566572129	0.57474667	0.57795148	0.577469017	0.574082927	0.569154492	0.56256165	0.554915173	0.546064846	0.537001032	0.528346299	0.521268923	0.515564501	0.510947196	0.505606775	0.498495187	0.490591989	0.484038495	0.478285107	0.475318509	0.477397725	0.487916988	0.507454497	0.531316744	0.567774421	0.619036031	0.667685392	0.688417629	0.67750738	0.649222426	0.621191127	0.602032996	0.583536938	0.564928266	0.546802394	0.53082499	0.513628928
25	0.162561259	0.158420987	0.157992963	0.165736376	0.185258215	0.215227235	0.24771592	0.266547496	0.286883239	0.31028425	0.326759133	0.322982287	0.281472754	0.235474588	0.204263712	0.185288374	0.173455525	0.167385226	0.161462314	0.156808478	0.155346464	0.157700624	0.165287801	0.178776604	0.198023015	0.224976512	0.257477782	0.294098004	0.338738924	0.382738856	0.426457632	0.479005423	0.521635745	0.550175812	0.567078066	0.575086953	0.577900595	0.577262741	0.573648973	0.56867061	0.561986711	0.554286303	0.545385335	0.536254265	0.527498918	0.520424906	0.514651919	0.510001955	0.504638247	0.497573629	0.489665887	0.483034612	0.477444293	0.474442278	0.476622565	0.487203226	0.506881542	0.530859289	0.567447536	0.618893085	0.667589751	0.688430016	0.677276931	0.649156981	0.620978088	0.601905853	0.582697608	0.56522246	0.546994784	0.530854527	0.514127471
30	0.16325307	0.159168972	0.158800196	0.166473568	0.185902449	0.2158285	0.248317854	0.267091494	0.287327391	0.310767927	0.327214037	0.323370831	0.281866125	0.23591441	0.204682312	0.185708608	0.173936777	0.167775153	0.161838724	0.157196711	0.155696712	0.158036892	0.165649307	0.179198092	0.198455547	0.225392301	0.257881787	0.294545246	0.339173714	0.383315857	0.427122874	0.479764956	0.522400248	0.550877545	0.567750531	0.575630262	0.57823832	0.577398307	0.573791686	0.568706516	0.561955512	0.554217384	0.545355519	0.536120197	0.527363446	0.520264796	0.514462886	0.509772268	0.504495245	0.497484505	0.489612297	0.482937291	0.477259559	0.474342937	0.476558933	0.487202985	0.506918584	0.530797541	0.567587181	0.619067654	0.667781381	0.688657339	0.677466197	0.649649744	0.621317498	0.602800358	0.583814652	0.566524856	0.547435365	0.531789342	0.515147126
35	0.163191102	0.159175102	0.158753607	0.166363786	0.185816685	0.215760005	0.248263879	0.266983982	0.287304068	0.310730009	0.327155226	0.323373558	0.281902989	0.235848999	0.204636502	0.185584591	0.173729634	0.167616233	0.161634614	0.157039606	0.155685331	0.157892103	0.165456508	0.178987631	0.198248427	0.225207819	0.257649167	0.294340777	0.339039299	0.383057829	0.426876672	0.479495045	0.5221387	0.550585686	0.567371304	0.575167845	0.577850704	0.57697721	0.57338813	0.568350069	0.561643955	0.553905183	0.545004993	0.535757998	0.527060431	0.519938116	0.514088109	0.509431836	0.504223033	0.49721152	0.48933057	0.482597311	0.477046119	0.474133988	0.476312054	0.486915297	0.506703443	0.530767956	0.567489915	0.618898402	0.667810464	0.688730635	0.677608351	0.649672087	0.621516493	0.602768236	0.58403474	0.565742408	0.547513419	0.531594638	0.516104306
40	0.163364209	0.159224078	0.158861481	0.166591134	0.185940446	0.215919961	0.248399286	0.267089626	0.287373638	0.310829119	0.327251309	0.323313322	0.281885209	0.235861196	0.20468016	0.185682082	0.173776508	0.16764216	0.161673563	0.15710677	0.155685884	0.157951884	0.165486183	0.179029073	0.198283577	0.225191896	0.257630876	0.294331277	0.339031916	0.383015394	0.426821342	0.479382582	0.522089632	0.550405508	0.567249386	0.574988589	0.57761258	0.576712249	0.573054394	0.56800634	0.561315042	0.553598338	0.544700819	0.535472282	0.526705304	0.519655782	0.51380799	0.509155232	0.503899801	0.496930798	0.489092482	0.482397221	0.476730332	0.473933747	0.476160058	0.486747847	0.506549536	0.530627768	0.567505853	0.618969856	0.667965069	0.688707199	0.677923889	0.649632679	0.621545026	0.602881659	0.583773038	0.566079417	0.547653282	0.531409833	0.515372342
45	0.163849663	0.159754707	0.159387839	0.1670334	0.186417099	0.216300628	0.248672787	0.267391818	0.287633128	0.311096187	0.327477819	0.323581637	0.2820725	0.236090547	0.204916974	0.185974608	0.174118846	0.167988118	0.162000346	0.157412424	0.1559497	0.158175861	0.165684896	0.179292364	0.198585267	0.225444368	0.257889298	0.294606367	0.339264254	0.383288176	0.427190339	0.479779853	0.522423104	0.550803969	0.567402284	0.575164736	0.577747566	0.576751184	0.573056132	0.567989736	0.561282671	0.553499324	0.544524026	0.535335816	0.526648081	0.519556049	0.513737121	0.509033286	0.503810172	0.496877365	0.488999664	0.482335929	0.476691368	0.473851415	0.476152321	0.48684837	0.506643726	0.530719395	0.567596754	0.61918724	0.667982243	0.689035391	0.678122381	0.650088463	0.621720105	0.603189991	0.584251158	0.566639969	0.547994495	0.532376564	0.515480821
50	0.164211776	0.160071912	0.159730235	0.167456802	0.186767904	0.216688235	0.249054165	0.267632211	0.28794628	0.311339269	0.327746549	0.323844749	0.282312792	0.236341646	0.205127775	0.186079037	0.17421893	0.168122368	0.162112875	0.157527169	0.156040811	0.15829012	0.165771264	0.179352869	0.198678262	0.225654941	0.258223511	0.294983648	0.339733619	0.383852913	0.427900111	0.480508704	0.523132801	0.551350827	0.567926028	0.575353183	0.577726435	0.576589075	0.572864207	0.567719039	0.561030327	0.553275767	0.544321305	0.535053963	0.526232318	0.519180519	0.513345176	0.508740663	0.503422351	0.496528294	0.48861676	0.481922765	0.476335427	0.47354192	0.475933405	0.486655353	0.506596058	0.530673549	0.56762072	0.61935131	0.66820267	0.68920569	0.678149906	0.650190665	0.621870849	0.603088624	0.584444134	0.566860504	0.548653007	0.532179075	0.51673395
