1	0.205487592	0.216124494	0.231478566	0.242857002	0.24667039	0.244905371	0.240254535	0.233870624	0.227157648	0.220940358	0.215479385	0.209946349	0.204344847	0.199156336	0.195206815	0.193110391	0.194272576	0.200426636	0.216871135	0.248403409	0.287476553	0.322773849	0.350211996	0.373945809	0.392715997	0.398221673	0.391666077	0.375780115	0.357878548	0.344844073	0.33653416	0.3318884	0.328017586	0.323225713	0.319710661	0.320337274	0.327572332	0.343218039	0.369376748	0.402814321	0.438993671	0.472207889	0.500339657	0.532449698	0.578439457	0.637878618	0.69702915	0.738445666	0.763481533	0.775475533	0.780402754	0.780886458	0.778634954	0.776476796	0.772459678	0.766535515	0.760342582	0.754382505	0.749061545	0.745357934	0.743492596	0.740767374	0.736696636	0.730238335	0.72156969	0.71240966	0.7020342	0.691233612	0.680388667	0.671114642	0.665361456	0.662685594	0.663473233	0.667201666	0.665543954	0.646152138	0.609356517	0.564945637	0.522341716	0.482147138	0.446516345	0.413257106	0.38467718	0.361830339	0.34312062	0.327093806
6	0.205020882	0.214586207	0.228496904	0.240166033	0.245242346	0.244950648	0.241903402	0.236421977	0.230147833	0.22402825	0.218780096	0.213214949	0.207483607	0.202307407	0.198678159	0.197178298	0.197404419	0.202702586	0.218938683	0.249107643	0.286993556	0.322675276	0.351683584	0.37635887	0.394710753	0.400308659	0.393306459	0.376979395	0.35919782	0.346671614	0.339073408	0.334617327	0.331378935	0.326857749	0.323147561	0.32320142	0.3296518	0.344629986	0.369812232	0.40155353	0.436021282	0.467031764	0.493596518	0.524206242	0.567694428	0.625533426	0.685524147	0.730113151	0.758755544	0.773861116	0.780775656	0.78261336	0.782059351	0.780682335	0.777528957	0.772933165	0.767291554	0.761885576	0.757027589	0.753223238	0.751506663	0.748928788	0.7456527	0.739361596	0.731937546	0.722548839	0.712101939	0.701352005	0.690588059	0.682419018	0.67586659	0.671982423	0.671802277	0.674291771	0.671760915	0.650783156	0.612901457	0.567981823	0.52468394	0.484628584	0.448513671	0.415085358	0.387364441	0.363566963	0.345278847	0.328303314
11	0.204657122	0.213881769	0.227689522	0.239333993	0.244798235	0.244985334	0.241998319	0.236845942	0.230958699	0.224791845	0.219539789	0.213989224	0.208204324	0.202934062	0.199315488	0.197754731	0.198173407	0.203435778	0.219436888	0.249427305	0.28687741	0.322720258	0.352118818	0.376809115	0.395512291	0.400908175	0.393881757	0.377571123	0.359723827	0.347320514	0.339803457	0.335558925	0.332343328	0.327678303	0.324267841	0.324164008	0.330209571	0.344835896	0.369760807	0.401174408	0.435174273	0.466031911	0.49219822	0.522401312	0.564894964	0.622087876	0.682226624	0.727170212	0.756588528	0.772543505	0.780028469	0.782459905	0.782595177	0.781539061	0.778369611	0.773968742	0.76898861	0.76384241	0.759115301	0.755094411	0.75341836	0.750927043	0.748097903	0.741935651	0.734619409	0.725415872	0.715084512	0.704176848	0.693454927	0.685324783	0.678778678	0.674551839	0.674211359	0.67645773	0.673536153	0.652440493	0.614580941	0.569833972	0.525946549	0.486248361	0.449507892	0.416288866	0.387708307	0.36435437	0.345949039	0.329392002
16	0.204343502	0.21313442	0.226679576	0.238454367	0.244218936	0.244913561	0.242325777	0.237399902	0.231802693	0.225680244	0.220417463	0.2149126	0.209127743	0.203890576	0.200383128	0.198662431	0.199032854	0.204089099	0.219776244	0.249356964	0.286272985	0.322162066	0.35208284	0.37700087	0.395820127	0.401262311	0.394144186	0.377891668	0.360060975	0.347817397	0.340407994	0.336283108	0.333067957	0.328316708	0.324839994	0.324596479	0.330388261	0.344570998	0.368984145	0.399966228	0.433430056	0.463963513	0.489611578	0.519011801	0.560277195	0.61637465	0.676172211	0.721724477	0.751978884	0.768865435	0.77702251	0.780028871	0.780723292	0.780015987	0.777039688	0.772966214	0.768390388	0.763553294	0.758965192	0.755065065	0.753403722	0.751232191	0.748570525	0.742662514	0.735495022	0.726498419	0.716279011	0.705456483	0.694799181	0.68657187	0.680066445	0.675808427	0.675420355	0.677299941	0.673999393	0.652730866	0.614766897	0.570110201	0.526169066	0.486361432	0.449648115	0.416340197	0.388549289	0.364685686	0.346728732	0.329933805
21	0.204303277	0.212610354	0.225893823	0.237705543	0.243978185	0.244926676	0.242510233	0.237785077	0.232268893	0.226228998	0.221067933	0.215529585	0.209860597	0.204580013	0.200914165	0.199261304	0.199469168	0.204415276	0.219846521	0.249117575	0.285724775	0.32173225	0.352031388	0.377194998	0.396238265	0.401738915	0.394591608	0.378257535	0.360449245	0.348171712	0.340793538	0.336690502	0.333455294	0.32871696	0.32514143	0.324724214	0.33038133	0.344275517	0.368342106	0.399071837	0.432336144	0.462807566	0.488416186	0.517276013	0.557827819	0.61335643	0.673269465	0.71950664	0.750524261	0.768064405	0.776818287	0.780034376	0.781199703	0.78086162	0.777909552	0.774148451	0.769710943	0.765047803	0.76063157	0.756701902	0.755307172	0.753089737	0.750667545	0.744965729	0.737879365	0.72868314	0.718474024	0.707725667	0.697092204	0.688884809	0.682214921	0.677828626	0.677597623	0.679458689	0.675979595	0.654677238	0.616708531	0.571877187	0.528050249	0.487869285	0.450962447	0.418022558	0.388715109	0.366506256	0.347798327	0.330930657
26	0.203639506	0.21151726	0.224394614	0.236261141	0.242658238	0.24410223	0.241962766	0.237592047	0.232053354	0.226254315	0.221128811	0.215765644	0.210219583	0.205003013	0.20111114	0.199422758	0.199605783	0.204160659	0.219330021	0.2481964	0.284676549	0.32086194	0.351291543	0.377000188	0.395897037	0.401580643	0.394177908	0.377661899	0.359849813	0.347513672	0.340389353	0.33625256	0.33309565	0.328648348	0.32489552	0.324281135	0.329771771	0.343182169	0.366854454	0.39735946	0.430391935	0.460615331	0.486219546	0.514588918	0.554417097	0.609335858	0.669101536	0.716027169	0.747948872	0.766003781	0.775410837	0.778937754	0.78074581	0.780939842	0.777608412	0.77376438	0.769363101	0.765221591	0.761185235	0.757640146	0.756245962	0.753795787	0.751574644	0.746439374	0.739422061	0.729628063	0.719499606	0.709310487	0.698688617	0.690105348	0.68343684	0.679354909	0.679287667	0.680894436	0.677004456	0.655444838	0.617135526	0.572102228	0.527690094	0.488251927	0.451248843	0.417960293	0.389591024	0.366044554	0.347002043	0.330406337
31	0.202564698	0.209929627	0.222467446	0.234439551	0.241237901	0.243253967	0.241396492	0.237383759	0.232142064	0.226454699	0.221493044	0.216100483	0.210667535	0.205506815	0.201604216	0.199781207	0.199830731	0.204167411	0.219095008	0.247348397	0.28327789	0.319675437	0.350803965	0.376836565	0.395951102	0.401638103	0.394113467	0.377436924	0.359739721	0.347490973	0.340521559	0.336627517	0.333349436	0.3287724	0.325003226	0.324212295	0.329385626	0.342390358	0.365409178	0.395363751	0.427878163	0.457677925	0.482887623	0.510124214	0.548379446	0.602136701	0.661760894	0.70989258	0.743319953	0.762752959	0.773123352	0.7772623	0.779742037	0.780349912	0.777478916	0.774135506	0.769859756	0.765899799	0.762015414	0.758732996	0.7575098	0.75527749	0.75324264	0.748311911	0.741544152	0.731751059	0.721874111	0.711738109	0.701057217	0.692489644	0.685787571	0.681643348	0.681432252	0.6826478	0.678448005	0.656530929	0.617864416	0.572729017	0.528576163	0.488440034	0.451537806	0.41877357	0.389712222	0.366789982	0.347617823	0.330838929
2	0.111199875	0.119861766	0.130253077	0.137272657	0.138807175	0.136582669	0.13167994	0.125813369	0.119809999	0.114758254	0.110671047	0.10639647	0.102176799	0.098123521	0.095185938	0.093885464	0.094437307	0.098925321	0.111093108	0.134476023	0.162803335	0.186389218	0.202865814	0.217137071	0.229039187	0.232922594	0.228560424	0.217806886	0.206013237	0.197888408	0.192774655	0.189807256	0.187195659	0.184400598	0.182877286	0.184382477	0.190569073	0.202801298	0.221553965	0.24406725	0.267989747	0.289950505	0.309837767	0.335274941	0.373388651	0.423886316	0.475872786	0.514621695	0.539373001	0.55133287	0.555651613	0.555048278	0.550603794	0.545331631	0.538012651	0.529715816	0.521333115	0.514197229	0.508224408	0.504259588	0.501974173	0.498501483	0.494022734	0.487271548	0.478819286	0.469896423	0.460487871	0.451148958	0.441918872	0.434763573	0.429906081	0.427611219	0.428082118	0.432124386	0.435395215	0.427661091	0.406761926	0.378982296	0.350881652	0.3244486	0.299505198	0.276325963	0.255788603	0.238054159	0.224232469	0.2116359
7	0.115200587	0.122737826	0.132550578	0.139760791	0.142343594	0.141242944	0.137576661	0.132440878	0.127027931	0.121794376	0.117755073	0.113505722	0.109271163	0.10541598	0.102951953	0.102043655	0.102285665	0.106233618	0.117986679	0.140315297	0.167998867	0.192217054	0.210127873	0.224875521	0.236446421	0.240129325	0.235621873	0.224842988	0.213219884	0.205649098	0.200939418	0.198105551	0.195915957	0.193296497	0.191903493	0.193323176	0.199338797	0.211426339	0.229957012	0.251630873	0.27418345	0.294587383	0.313750544	0.339656306	0.378256842	0.430252242	0.484312336	0.525626037	0.553534013	0.568636156	0.575175637	0.576264287	0.573304297	0.568424538	0.561209218	0.552794187	0.544391048	0.536970524	0.530466222	0.525398056	0.522411427	0.518772381	0.514601757	0.50749521	0.499826887	0.490789267	0.481082815	0.471246335	0.461718431	0.454689209	0.449269778	0.445876625	0.445427073	0.448241041	0.450441994	0.44118153	0.419052854	0.390597562	0.362005487	0.33435032	0.309121853	0.285300173	0.263705734	0.246187009	0.23122775	0.2179977
12	0.109273662	0.11682422	0.12634311	0.133830805	0.136930043	0.135868461	0.132608286	0.127517468	0.122539676	0.117324463	0.11287864	0.108758833	0.104415178	0.100454753	0.098023851	0.097080827	0.097436624	0.101334416	0.113000701	0.135336416	0.16284111	0.187259454	0.205659417	0.220617323	0.232548856	0.236094647	0.231448733	0.220720605	0.209122194	0.201508937	0.196893828	0.194240179	0.192178521	0.18919841	0.188181746	0.189450898	0.1952565	0.20697895	0.225420707	0.246970946	0.269127096	0.289408064	0.308297661	0.333623245	0.37100234	0.421924819	0.4754487	0.516895059	0.54563821	0.561926062	0.56932928	0.571225831	0.569337089	0.565056408	0.558130384	0.550303673	0.542603473	0.535610383	0.529251576	0.523988853	0.521111702	0.517748661	0.513975691	0.506951137	0.499299658	0.490488625	0.480690072	0.470593441	0.46091742	0.453920903	0.44840939	0.444654227	0.444162683	0.446789565	0.448621397	0.438817064	0.416663343	0.387564381	0.358687371	0.330766451	0.304731376	0.280627257	0.258896871	0.241231668	0.22641746	0.213013957
17	0.105777778	0.112955305	0.122366973	0.129968672	0.133305817	0.132752724	0.129499809	0.124569105	0.119678424	0.114602691	0.110169584	0.106123613	0.101801203	0.097832738	0.095295573	0.094410833	0.094630123	0.098394217	0.109825401	0.131714592	0.15871887	0.183276461	0.201967396	0.216997131	0.229158891	0.232792147	0.228120882	0.217476675	0.205837082	0.198293378	0.193813483	0.191191525	0.18896666	0.186020444	0.184886782	0.186103182	0.191685556	0.203135488	0.221047888	0.242163466	0.263925693	0.283885239	0.302217356	0.326472771	0.362161761	0.411064676	0.463272556	0.50445492	0.533708968	0.550847727	0.559004322	0.561630143	0.560735671	0.55728128	0.550986524	0.543903087	0.536697333	0.53027065	0.524273963	0.519294273	0.516764318	0.5136553	0.51014577	0.503502853	0.496134497	0.487420112	0.477765314	0.46774165	0.458081146	0.451120935	0.445608666	0.441887698	0.441341742	0.443784096	0.445537111	0.435742564	0.413367365	0.384600673	0.355000838	0.327211291	0.301762858	0.277641042	0.255771615	0.237976953	0.22358326	0.209920966
22	0.105899969	0.11266907	0.121888439	0.129596284	0.133208514	0.132883664	0.12980171	0.125202864	0.120319998	0.11517521	0.110945956	0.106877033	0.10257954	0.098597445	0.095984939	0.094919935	0.095187625	0.098766107	0.110004737	0.131631307	0.158242909	0.182847376	0.20185425	0.217111028	0.229314181	0.233034527	0.228400342	0.217818375	0.206081968	0.198501326	0.194045191	0.191476385	0.18925586	0.186351635	0.185130251	0.186091515	0.191403197	0.202525255	0.220027335	0.240892271	0.262491822	0.282231679	0.300267276	0.323694548	0.357984141	0.405530404	0.456914658	0.498052672	0.527827898	0.545647649	0.55450427	0.557674369	0.557406324	0.554539124	0.548560687	0.541922131	0.53513657	0.529004867	0.523377093	0.518609147	0.516252788	0.513304983	0.510138807	0.503830346	0.496464767	0.487634698	0.478044099	0.468164821	0.458583848	0.451556523	0.44599868	0.442190714	0.441774643	0.444325777	0.445777928	0.436188138	0.413796736	0.385005031	0.355615854	0.328429967	0.301951939	0.277871068	0.256871416	0.238924366	0.224145918	0.211075656
27	0.104122993	0.11068331	0.1195792	0.12738045	0.131233711	0.131442945	0.128513574	0.124166812	0.119383892	0.114399327	0.110528741	0.106214384	0.102125331	0.09814834	0.09544188	0.094356017	0.0944433	0.097702961	0.108571367	0.129737024	0.15629223	0.181173805	0.200427732	0.216181832	0.228386537	0.232377893	0.227457376	0.216637843	0.205026262	0.197359665	0.193092752	0.190382434	0.188173591	0.185556585	0.184151971	0.184928974	0.190094009	0.200736563	0.217813339	0.238579776	0.259959373	0.279372446	0.297444111	0.320103259	0.353702814	0.400545305	0.45158112	0.493603896	0.524400525	0.543111449	0.553160531	0.556818738	0.55749293	0.555376931	0.549217873	0.542624743	0.535963175	0.530360731	0.52507706	0.520602435	0.518323179	0.515054468	0.512198648	0.506395033	0.499106573	0.489543232	0.480022732	0.470532918	0.46087733	0.453368833	0.44767607	0.444160032	0.443942944	0.446329425	0.447208613	0.437350246	0.414582108	0.385345607	0.35612868	0.327876872	0.301871807	0.277875142	0.256144377	0.238241332	0.223353994	0.210674111
32	0.102927762	0.10881087	0.117492008	0.125415657	0.129760431	0.130506163	0.127970554	0.123974488	0.119404822	0.114489825	0.110610005	0.106491177	0.102394569	0.098459218	0.09575891	0.094626272	0.094520566	0.097597974	0.108213855	0.128472854	0.15452381	0.179531365	0.199419373	0.215626086	0.228169646	0.232130939	0.22726374	0.216337699	0.204810999	0.197272068	0.193150375	0.190516466	0.188284195	0.185474972	0.184102796	0.184663046	0.189541578	0.199689014	0.216219867	0.236382212	0.257267276	0.276227961	0.293642178	0.315234025	0.346950026	0.392121003	0.442591532	0.485261944	0.51772983	0.538355377	0.549831631	0.554580495	0.556174226	0.554891168	0.549516186	0.543624592	0.537306847	0.531858404	0.526590734	0.522355937	0.520461418	0.517414462	0.514680546	0.509139761	0.502008032	0.492594444	0.483047451	0.473605611	0.463826067	0.456341917	0.450518397	0.446862075	0.446521033	0.448653752	0.44918282	0.438949504	0.415698345	0.386295963	0.356785879	0.328763762	0.302513134	0.278262226	0.256874174	0.238164385	0.223627265	0.2102828
4	0.221594645	0.226559151	0.233613867	0.238231464	0.238290717	0.234988382	0.229889334	0.223666268	0.217413188	0.212134934	0.207787196	0.203012754	0.198418679	0.193735556	0.190087367	0.187357204	0.186054416	0.188024294	0.196447241	0.213822659	0.236793658	0.256230151	0.269932353	0.28213176	0.292469067	0.295954532	0.291675202	0.281469182	0.270169631	0.261814385	0.256345927	0.252654219	0.24957263	0.246197312	0.243941847	0.244258446	0.248614651	0.258652349	0.274704388	0.294535847	0.316395126	0.335975547	0.353165076	0.37492997	0.407158353	0.451132011	0.498060224	0.534217721	0.557602301	0.56858418	0.57209652	0.570877759	0.566467879	0.561645738	0.555089282	0.547569126	0.539868548	0.533464057	0.528179686	0.524989068	0.523055014	0.520068239	0.516133076	0.509675415	0.502268794	0.493928185	0.485230055	0.476649183	0.468137647	0.46189026	0.457588679	0.455776354	0.456809268	0.461547385	0.467677319	0.465628406	0.452877421	0.434033025	0.414632453	0.395365113	0.377550314	0.360039133	0.344515328	0.331064574	0.320449654	0.309812591
9	0.147032362	0.151308528	0.157624115	0.162494338	0.163416733	0.161093941	0.156568465	0.150890812	0.145142308	0.139379519	0.134751429	0.130122901	0.125195952	0.120434299	0.116860735	0.114583364	0.113373587	0.11512929	0.123163602	0.140035541	0.161926522	0.181858054	0.196887778	0.209383034	0.219578774	0.222689789	0.218233842	0.207852125	0.196279763	0.188481074	0.18351352	0.180209293	0.177466255	0.174030397	0.171942571	0.171882722	0.175919274	0.185330193	0.201071875	0.220179985	0.240359206	0.258732556	0.275302578	0.296538155	0.328004645	0.371822289	0.419254809	0.456689203	0.482530224	0.496452834	0.50213142	0.503004797	0.500809775	0.496910489	0.49085848	0.483827926	0.476943798	0.470869061	0.465443566	0.461320626	0.459290164	0.456684213	0.453470674	0.447152656	0.440316387	0.432102921	0.423318514	0.414216533	0.405394258	0.399422679	0.3949154	0.39217619	0.392620528	0.397051785	0.402774015	0.400585417	0.387774685	0.368430274	0.348202484	0.32836733	0.310801162	0.292945921	0.277743774	0.263387465	0.252584406	0.241391326
14	0.143846278	0.147666019	0.153935361	0.158806903	0.160047806	0.158173789	0.153770964	0.148238774	0.142811106	0.137145763	0.132546752	0.12788758	0.122945444	0.118232623	0.114674648	0.112374849	0.111197864	0.11286086	0.12060948	0.137169804	0.158710511	0.178757333	0.194132119	0.206804703	0.217273509	0.220314403	0.215826466	0.205424927	0.193922434	0.186241937	0.181369653	0.178154727	0.175446688	0.171854517	0.169891286	0.169734413	0.173461828	0.182721881	0.198044189	0.216751619	0.236549418	0.254639467	0.270784228	0.291278966	0.321459136	0.364163503	0.410999098	0.448655466	0.47531435	0.490332661	0.497047501	0.498630426	0.497288199	0.494053792	0.488416396	0.481918724	0.475521788	0.469770025	0.464556298	0.460388608	0.458502203	0.456056223	0.453099937	0.447035056	0.440287838	0.432304225	0.423470086	0.414318337	0.405537793	0.399531076	0.394844062	0.391975503	0.392261878	0.396424583	0.40173326	0.399202767	0.385992805	0.366770153	0.346486766	0.326818676	0.308328957	0.290561241	0.274734104	0.260523466	0.248958982	0.238279357
19	0.143649988	0.147509678	0.153415632	0.158343625	0.159664706	0.157718242	0.153388197	0.147942766	0.142668495	0.136994436	0.132238108	0.127755824	0.122875611	0.118074066	0.114586459	0.11220961	0.110966508	0.112540142	0.120218324	0.136579038	0.157604819	0.177424882	0.192726348	0.205134848	0.21581577	0.218776136	0.214216538	0.20402918	0.192590808	0.184914345	0.179930616	0.176795376	0.174052119	0.170470759	0.168427954	0.168248217	0.171794032	0.18074211	0.195902515	0.214370976	0.233817965	0.251607532	0.267526975	0.287570974	0.317053495	0.358756819	0.404900903	0.442231073	0.468835413	0.483988173	0.490844409	0.49267424	0.491565925	0.488449057	0.482923356	0.476728511	0.470514942	0.464891183	0.459875327	0.455694269	0.454040487	0.451746934	0.448996901	0.443051937	0.436375836	0.428468365	0.419632433	0.410363149	0.401587799	0.395711521	0.39105173	0.388209075	0.388655637	0.392880414	0.398463172	0.396184206	0.38347789	0.364540491	0.344210103	0.324825987	0.306782129	0.289532117	0.273177555	0.259992589	0.248857336	0.238129624
24	0.1437105	0.146937383	0.15272641	0.157593365	0.1594132	0.157718486	0.153800841	0.148539829	0.143278479	0.137752933	0.13310648	0.128606109	0.123717028	0.119018115	0.115469261	0.112960993	0.111637736	0.112985039	0.120438993	0.136261949	0.157109871	0.176995835	0.192602197	0.205518135	0.216124682	0.219154771	0.214568446	0.204315045	0.192806641	0.185244551	0.180474953	0.177373548	0.17459777	0.170967573	0.168869569	0.168425103	0.171838715	0.180431279	0.195056443	0.213111725	0.23226974	0.249811137	0.265309465	0.284540162	0.312611547	0.353058422	0.398618283	0.436371147	0.464012731	0.480331982	0.488160871	0.490673768	0.490382595	0.488004158	0.482866816	0.477058906	0.4711114	0.465945278	0.461124427	0.457109402	0.455711006	0.453387804	0.45088872	0.445270687	0.438718169	0.430630669	0.421933713	0.412857824	0.404074521	0.398039587	0.393379657	0.390430314	0.390838755	0.394955276	0.400225756	0.397878787	0.384983527	0.365930141	0.3454827	0.326593591	0.307958681	0.290765907	0.275121211	0.261128568	0.249582284	0.239069177
29	0.141399023	0.144351736	0.149865318	0.154836896	0.156588386	0.155387841	0.151479015	0.146512142	0.141274173	0.135952727	0.131494505	0.126918985	0.122282368	0.117631094	0.113810027	0.111361982	0.109983023	0.111006956	0.118174602	0.133636042	0.154143655	0.174163427	0.18982903	0.20298572	0.213587706	0.216834211	0.21196644	0.201506046	0.190244482	0.182444053	0.177905161	0.17474571	0.172005978	0.168674818	0.166464162	0.165887304	0.169158238	0.177237859	0.191450705	0.209395577	0.228332042	0.245492443	0.260925019	0.279723325	0.307122637	0.346924606	0.392127474	0.430492883	0.458800188	0.475735223	0.484409119	0.487345361	0.487785467	0.486099749	0.480630736	0.474837285	0.468934942	0.464187974	0.459639198	0.456060118	0.454633004	0.452168663	0.449865453	0.444837638	0.43837755	0.429521204	0.420844027	0.412227283	0.403418258	0.396881706	0.392156103	0.38953697	0.390280861	0.394194402	0.399123936	0.396562427	0.383567338	0.36437417	0.344307926	0.324924418	0.306457759	0.289412987	0.273594456	0.259554444	0.248041708	0.237618779
34	0.139904948	0.142329248	0.147853055	0.152820516	0.155080984	0.154109331	0.15051661	0.145889427	0.140630194	0.135269381	0.131094884	0.126561494	0.1219395	0.117156426	0.113391973	0.111015493	0.109329706	0.110365494	0.117451643	0.132492562	0.152794254	0.17302304	0.189256415	0.202748924	0.213689319	0.21688305	0.211955699	0.201532858	0.190154623	0.182507278	0.178108567	0.175096662	0.172219579	0.168812084	0.166545354	0.165922825	0.168895639	0.176748327	0.190616599	0.20814873	0.226818855	0.243857836	0.258874904	0.276769582	0.30282258	0.341426035	0.386138336	0.425027979	0.454702828	0.473192368	0.483022023	0.48666978	0.487965482	0.486843997	0.482149786	0.476934532	0.471266942	0.466579368	0.462195977	0.45872291	0.457540401	0.455309118	0.453189485	0.448255771	0.441950644	0.43319171	0.424616382	0.415959133	0.407120884	0.400547461	0.395709405	0.392916935	0.39347887	0.397160961	0.401641772	0.398708143	0.385200833	0.365883549	0.345009073	0.325498222	0.306876779	0.289400989	0.273465821	0.259454341	0.247847136	0.237268793
