1	0.198901006	0.211766635	0.226954575	0.237191725	0.239103024	0.236323795	0.231334078	0.22484513	0.218358614	0.211827456	0.205874932	0.200347936	0.195396797	0.190759529	0.187811229	0.186555023	0.187981852	0.193884898	0.212529235	0.245259988	0.283372316	0.317808032	0.345082407	0.368033549	0.385493335	0.391692315	0.385351027	0.36860024	0.351485468	0.337983837	0.330057356	0.325625167	0.322229121	0.317467315	0.313327183	0.313299667	0.321231204	0.337846929	0.363829393	0.397288967	0.434584795	0.467477083	0.496178616	0.528939788	0.575554513	0.634401821	0.691045633	0.733686764	0.75866047	0.770501347	0.775287241	0.776176055	0.775191712	0.77218126	0.767957037	0.762539165	0.756588836	0.750427733	0.745412055	0.741519225	0.739001376	0.735465199	0.731097758	0.725390025	0.718074854	0.707838721	0.696545141	0.685626212	0.675014416	0.666000047	0.659860199	0.656749861	0.658694612	0.664924571	0.666436868	0.649754356	0.612867126	0.572998756	0.53114709	0.490820987	0.454304303	0.419932734	0.392750366	0.367716145	0.347374382	0.329279136
6	0.196999366	0.208862554	0.223351105	0.23402298	0.237016592	0.235477461	0.231487827	0.225770765	0.219827467	0.213355264	0.2074575	0.201941566	0.197204527	0.192586617	0.189715631	0.188326181	0.18941549	0.194874021	0.212842831	0.244510362	0.281996975	0.317160577	0.345730207	0.369380635	0.386808434	0.392843711	0.386035246	0.369067027	0.352190576	0.339215624	0.331827072	0.327565922	0.324306002	0.319522766	0.315308957	0.315073082	0.322447072	0.338364363	0.363489966	0.395603441	0.431432638	0.463035717	0.490791243	0.522138504	0.567107233	0.625461405	0.683377218	0.728496339	0.756090936	0.770175269	0.776571987	0.778748743	0.778829085	0.776771373	0.773222503	0.768363336	0.762820612	0.757008219	0.75241085	0.748724315	0.74641623	0.743025663	0.73899182	0.733702626	0.726894912	0.71708404	0.705994612	0.694893049	0.684107079	0.675037216	0.668660441	0.665205276	0.666398736	0.671649239	0.671820833	0.65367306	0.616006908	0.575466254	0.532967616	0.492448657	0.45527212	0.420912594	0.393670869	0.368757597	0.347974587	0.329270071
11	0.196037477	0.207546361	0.221889414	0.232716912	0.23615062	0.234999511	0.231224833	0.225749322	0.219938142	0.213443126	0.207403339	0.20200282	0.197355116	0.192721465	0.189897086	0.188433307	0.189348229	0.194861059	0.21262379	0.243974587	0.281362948	0.316834545	0.345835432	0.369786061	0.387349229	0.393314406	0.386455388	0.369364636	0.352427752	0.339545852	0.332328841	0.328167039	0.324849568	0.320023332	0.315759252	0.315327663	0.322545311	0.338208508	0.363228472	0.395048186	0.430531932	0.461959886	0.489558549	0.520551669	0.564935162	0.623001148	0.681329449	0.727357256	0.755877781	0.770773076	0.777729312	0.780391536	0.780846533	0.779102396	0.775796009	0.771054218	0.7656944	0.759989906	0.755506949	0.751946863	0.749783524	0.746496535	0.742490327	0.737423931	0.730750399	0.72109701	0.709901767	0.698701965	0.687702734	0.678672246	0.672252998	0.668737692	0.669712675	0.674517451	0.674390291	0.65602884	0.617595754	0.576681926	0.534105521	0.493057439	0.456105976	0.422139864	0.393655005	0.368700361	0.348425924	0.329840194
16	0.194996436	0.206088857	0.220136003	0.230938656	0.234936743	0.233825912	0.23050534	0.225270881	0.219448993	0.213214083	0.207247931	0.201840913	0.197134469	0.19269847	0.189896992	0.188350077	0.189193824	0.194511696	0.211916345	0.24273237	0.279723899	0.315233293	0.344509892	0.368670148	0.386118825	0.392000026	0.385160551	0.368056818	0.351215496	0.338485711	0.331398378	0.327372075	0.32406394	0.319255124	0.314915257	0.314375682	0.321361348	0.33670777	0.361215069	0.392456874	0.427446049	0.458430459	0.485590627	0.515835146	0.559085492	0.616251661	0.674181204	0.720399206	0.749498644	0.765043609	0.772520987	0.775514302	0.77633622	0.774977867	0.771885533	0.767631524	0.762467066	0.756928554	0.752663866	0.749267415	0.747219651	0.744085941	0.740209168	0.735332707	0.728878185	0.719468072	0.708500543	0.697206862	0.686377289	0.677398725	0.671120103	0.667574871	0.668425978	0.673118232	0.672824067	0.654260697	0.616066002	0.575437702	0.532970474	0.492609756	0.455336714	0.421018006	0.392990854	0.368092341	0.34716213	0.329431277
21	0.194522197	0.20526125	0.21927646	0.230194787	0.23441049	0.233871533	0.230868457	0.22589579	0.220133427	0.213947563	0.207994583	0.20270733	0.198009907	0.19353926	0.19065163	0.189129043	0.189858483	0.194970977	0.21210285	0.242547333	0.279227097	0.31494451	0.34479788	0.36932792	0.387029987	0.3929289	0.385956117	0.36874056	0.35195759	0.339294877	0.332346	0.328266493	0.324985027	0.32014225	0.315719423	0.315035647	0.32167095	0.33664129	0.360706127	0.391493333	0.426208287	0.45695198	0.483827427	0.51334249	0.555629443	0.61194773	0.6702357	0.717569537	0.748029723	0.764619787	0.772722923	0.776290933	0.777513367	0.776453583	0.773731387	0.769693893	0.76489663	0.75949536	0.755267267	0.752121353	0.750304953	0.747243467	0.743628433	0.738817133	0.73265378	0.723279367	0.712311917	0.70123724	0.690378693	0.6814738	0.675040887	0.671277483	0.671881507	0.676387533	0.675777433	0.656798593	0.618371603	0.577430473	0.53517465	0.494276433	0.45642519	0.422388017	0.39434485	0.36954694	0.349208377	0.3309557
26	0.19407757	0.204615691	0.218560238	0.229637829	0.234119146	0.233733955	0.230950667	0.226113676	0.220649964	0.214380428	0.208418864	0.203089428	0.198489303	0.194041751	0.191122774	0.189565796	0.190222738	0.195314975	0.21233493	0.242507973	0.2790073	0.314977083	0.345133714	0.369976212	0.387733676	0.393614456	0.386673716	0.369276091	0.352482233	0.339896485	0.332928553	0.328915737	0.325605157	0.320745919	0.31625819	0.315527131	0.322095562	0.336795814	0.360710361	0.391226392	0.425779239	0.456333335	0.483109493	0.512384091	0.554093617	0.60998591	0.668374144	0.71627763	0.747451713	0.764464002	0.773115561	0.776927085	0.778448718	0.77776996	0.775162481	0.771327806	0.766556581	0.761207174	0.757203409	0.754047634	0.752197179	0.749308856	0.745697714	0.741035295	0.734848418	0.725507673	0.714730302	0.703651501	0.692886185	0.683707806	0.6772788	0.673588051	0.674127931	0.678380759	0.677472422	0.658365826	0.619818252	0.578636462	0.535866028	0.494606766	0.457613992	0.422365238	0.394570791	0.370086084	0.34977856	0.330679237
31	0.193614419	0.203769702	0.217468913	0.228533912	0.233443849	0.233652861	0.231151203	0.226722488	0.221516089	0.215438735	0.209519352	0.204141424	0.199529114	0.19514023	0.192117928	0.190568413	0.19112473	0.196053554	0.212737407	0.242228216	0.278296801	0.314494422	0.345154388	0.370248676	0.388225283	0.394115336	0.387017886	0.36956717	0.352793414	0.340331818	0.33354536	0.329621306	0.326371026	0.321463186	0.316917634	0.31595814	0.322239291	0.336619126	0.359880979	0.389713291	0.423717956	0.453891912	0.480197642	0.508527629	0.548850078	0.603635791	0.661892573	0.710718647	0.743045537	0.761295468	0.770769679	0.77528399	0.777248979	0.776930968	0.774766234	0.771262076	0.766811345	0.761658542	0.757780247	0.754828649	0.753160498	0.750477259	0.746948606	0.742525196	0.736621851	0.727541947	0.716790623	0.70582688	0.695014896	0.685929692	0.679419749	0.675606517	0.676133895	0.680150391	0.67891892	0.659636937	0.62091966	0.579688599	0.536735322	0.495446981	0.458306045	0.423517482	0.395526761	0.370417978	0.349885678	0.331848975
2	0.13355803	0.14246774	0.152342761	0.158576614	0.158994761	0.155935024	0.151194935	0.145614939	0.140460489	0.135141826	0.130629528	0.126632473	0.123156273	0.119903207	0.117981892	0.117237198	0.118401434	0.12242989	0.135433963	0.158500997	0.184674131	0.206685609	0.222680729	0.235911435	0.24656326	0.250393367	0.246357761	0.235507431	0.224915522	0.216624629	0.212110994	0.209383526	0.207223291	0.204207246	0.202133956	0.203105655	0.209778253	0.222061756	0.240149899	0.261932566	0.285794854	0.30729466	0.327478408	0.353243789	0.392356361	0.443646279	0.494102641	0.533819743	0.55801074	0.56943914	0.573167656	0.572584365	0.569069164	0.562569515	0.554448054	0.54580136	0.537243981	0.529237642	0.522981794	0.518002559	0.514721436	0.510490456	0.505669239	0.499929765	0.492974448	0.483706044	0.473670729	0.464024613	0.45511077	0.447690318	0.442882492	0.440355915	0.441968537	0.448642945	0.454627917	0.449796255	0.430757122	0.407793653	0.382382075	0.35713217	0.333258497	0.31036814	0.290835584	0.272392013	0.257050169	0.242501229
7	0.131230977	0.139643728	0.149155968	0.155604429	0.156871067	0.154728107	0.150714465	0.145548249	0.14061875	0.13531641	0.130623534	0.126643049	0.123507502	0.120244131	0.118415079	0.117691983	0.118687156	0.12263357	0.135243938	0.158061174	0.184428336	0.207414527	0.224619801	0.238411355	0.249016574	0.252687969	0.248393836	0.237368721	0.226887657	0.21902168	0.214899342	0.212295626	0.210167147	0.207293514	0.205337087	0.206350735	0.212991166	0.225289836	0.243297669	0.264642188	0.287648299	0.308326277	0.328402629	0.354339283	0.393993405	0.446530379	0.498596846	0.540217896	0.566752338	0.580748375	0.586472768	0.587379875	0.584982341	0.579060946	0.571203747	0.562457925	0.553669524	0.545345736	0.538851874	0.533702187	0.530178656	0.525600165	0.52061412	0.51487853	0.508092612	0.498903765	0.488646308	0.478550405	0.469166552	0.461570472	0.456512378	0.453539602	0.454530819	0.460129467	0.464872417	0.458590502	0.438128757	0.413922295	0.387141118	0.360635199	0.336404821	0.312266342	0.292202903	0.273872578	0.258667502	0.243046147
12	0.112615174	0.121017587	0.1305429	0.137213965	0.138871942	0.13679609	0.132898857	0.127924942	0.123006967	0.117584281	0.112849988	0.108894626	0.10571474	0.102562659	0.100798781	0.099995351	0.100927262	0.104858587	0.11758462	0.140321047	0.166882869	0.190256101	0.20806137	0.22209843	0.232885492	0.236629845	0.23225818	0.221071922	0.210554618	0.202698888	0.198646086	0.196158591	0.193973476	0.191120213	0.189183431	0.190146883	0.196743307	0.208986949	0.226995705	0.248224682	0.271105643	0.291629212	0.311418301	0.336604617	0.375023551	0.42625056	0.477514225	0.51900738	0.54597079	0.560729024	0.56715865	0.568814998	0.567234573	0.562360329	0.555445197	0.547378801	0.539181632	0.531335936	0.525323447	0.52049562	0.517243466	0.512949796	0.508145435	0.502646425	0.496149108	0.48706187	0.476770989	0.46660659	0.457137137	0.44960703	0.444498748	0.441383505	0.442141677	0.44757245	0.452078581	0.445236925	0.42415661	0.399529901	0.37236949	0.345373261	0.320212677	0.296026917	0.275821913	0.25706675	0.240609129	0.226325739
17	0.100100666	0.10858834	0.11822239	0.125032712	0.126834248	0.125135571	0.121408609	0.116479503	0.111704499	0.106262719	0.1015238	0.097438303	0.094246684	0.091142327	0.089348246	0.08851295	0.089265726	0.093149757	0.105666863	0.128157134	0.154602459	0.178352143	0.196374336	0.210827195	0.221726424	0.225481609	0.220914336	0.209763809	0.199176422	0.191331095	0.187294412	0.184791112	0.182648439	0.17973146	0.17770116	0.1786415	0.185047925	0.197107103	0.214976141	0.236037167	0.258648338	0.278940219	0.298451221	0.322937206	0.359985649	0.409818802	0.460384705	0.501976494	0.529650526	0.545080594	0.552226335	0.554507702	0.553738772	0.549682476	0.543445804	0.536056714	0.528364584	0.520950421	0.515180549	0.510739333	0.507750133	0.503644631	0.499107294	0.493714278	0.48731003	0.478251359	0.467938036	0.457679981	0.448048714	0.440416809	0.435224731	0.432080327	0.432705622	0.438289482	0.44267635	0.435582187	0.41434479	0.389247211	0.361591981	0.333951634	0.308729023	0.284925846	0.263809126	0.245508982	0.22905953	0.2144413
22	0.095662744	0.10394851	0.11345524	0.120484173	0.122786014	0.12122025	0.117798636	0.113133099	0.108293241	0.103070761	0.098183818	0.094169864	0.090976382	0.087774387	0.085920384	0.08495467	0.085703691	0.08945811	0.101659484	0.123685322	0.149880191	0.173808937	0.192247587	0.207056841	0.218153987	0.221949955	0.217427876	0.206138185	0.195498741	0.187718208	0.183747378	0.181252872	0.179144158	0.176168717	0.174050428	0.174743553	0.180965285	0.192640675	0.210033713	0.230719166	0.253108404	0.273046914	0.292128333	0.315691566	0.35127194	0.399619602	0.449586529	0.491541076	0.520215328	0.536796581	0.544960183	0.548005891	0.547949192	0.544597242	0.539090963	0.532174896	0.525043604	0.51788781	0.51245468	0.508259373	0.505491171	0.501615027	0.497271859	0.492193027	0.485875192	0.476861697	0.466555919	0.456256897	0.446667852	0.438939255	0.433771354	0.430461137	0.431082343	0.436406099	0.440637328	0.433362782	0.41180326	0.386301647	0.358442761	0.331082461	0.305516247	0.280992636	0.2600665	0.241545967	0.225365915	0.2104997
27	0.094457155	0.102514398	0.112068308	0.119195536	0.121691471	0.120407113	0.117126378	0.112619018	0.107957518	0.102683854	0.097965628	0.093881675	0.090705986	0.087525705	0.085586077	0.084727684	0.08530809	0.088888291	0.100934493	0.122611764	0.148600649	0.172592542	0.191444185	0.206449773	0.217589589	0.221472758	0.216932238	0.205569636	0.194934177	0.187247386	0.183320778	0.180894329	0.178710984	0.175719659	0.173525932	0.174204038	0.180200546	0.191589107	0.208752708	0.229133285	0.251176223	0.270980372	0.289827429	0.312836995	0.34755932	0.395192696	0.44503437	0.487526451	0.517045216	0.534591586	0.543444234	0.547061019	0.547486448	0.544523577	0.53925186	0.53275597	0.525690328	0.518647502	0.513386449	0.509276116	0.506642574	0.502902277	0.498609153	0.493608026	0.487367866	0.478390133	0.468069034	0.45782979	0.448182994	0.440371512	0.435094295	0.431943807	0.432353287	0.437527897	0.441591152	0.433968121	0.412231041	0.386595041	0.358902202	0.331286137	0.305589638	0.280966551	0.260134467	0.241930852	0.225836231	0.211128372
32	0.094073847	0.101695098	0.11100308	0.118290882	0.12105906	0.120304794	0.117338352	0.113098078	0.108690606	0.103583208	0.098777845	0.094810882	0.091602273	0.088448082	0.086542707	0.085512735	0.086092878	0.089593769	0.101123968	0.122244994	0.147782392	0.171916584	0.191194717	0.206547841	0.217842581	0.221750922	0.217178871	0.205786785	0.19522107	0.187708984	0.18390127	0.181438319	0.179299125	0.176256382	0.173968861	0.174480125	0.180271894	0.191338759	0.207965665	0.227781915	0.249393152	0.268805107	0.287168016	0.309241201	0.342613385	0.388904075	0.438297728	0.481307515	0.512026712	0.530977628	0.541021372	0.545477071	0.546688646	0.544435681	0.539774664	0.533605809	0.526942799	0.52017499	0.515038037	0.511094516	0.508505899	0.504966602	0.500781108	0.496036103	0.489974265	0.481070909	0.470853652	0.460554393	0.450961332	0.443059856	0.437693174	0.434472434	0.434719725	0.439812413	0.443596682	0.435906965	0.413900964	0.387930926	0.360125464	0.332420657	0.306439282	0.281662068	0.261086367	0.242295998	0.225844224	0.211675572
4	0.13669469	0.142685025	0.15012888	0.154468399	0.153757707	0.149931521	0.144610546	0.138478582	0.132765492	0.126996051	0.121837084	0.117160172	0.113211319	0.108970843	0.106086183	0.10398633	0.103503098	0.105566261	0.114968003	0.133199258	0.154911131	0.173884241	0.188012694	0.199921559	0.209636548	0.213031025	0.208819595	0.198056051	0.18731318	0.178870613	0.174026067	0.170667437	0.167871727	0.164200767	0.161370798	0.161110717	0.166208727	0.176586744	0.192470565	0.212323097	0.234493866	0.254120671	0.271951383	0.293944268	0.327206788	0.37220652	0.418233706	0.455707169	0.479165215	0.490370257	0.49391884	0.493615829	0.491050142	0.485791936	0.47918328	0.471697538	0.464314264	0.457284422	0.452043087	0.448075205	0.445605136	0.441995891	0.437719551	0.432556394	0.426076148	0.417317465	0.407655349	0.398336545	0.389779878	0.382807937	0.378510248	0.376454904	0.378623637	0.386513431	0.395630957	0.396313487	0.384517827	0.368242339	0.349308975	0.330317201	0.313642863	0.295204138	0.280001171	0.265246957	0.25334833	0.240244783
9	0.152887232	0.158185909	0.16494089	0.169339649	0.16921055	0.166135804	0.161507408	0.155968087	0.150682209	0.145033609	0.140015273	0.135620338	0.131900015	0.127937672	0.125085747	0.123025314	0.122405452	0.124172335	0.132954181	0.150102964	0.171021499	0.189923615	0.204279907	0.216045983	0.225357919	0.228485909	0.224105799	0.213572414	0.203335194	0.195384805	0.190916009	0.187950563	0.185111917	0.18154319	0.178753148	0.178598897	0.183175703	0.193025233	0.208247752	0.226831253	0.247517246	0.265896196	0.282959567	0.303858744	0.335869072	0.379599693	0.424633648	0.461753451	0.485700528	0.498226384	0.50318104	0.503971237	0.50235565	0.497890862	0.491948127	0.484850462	0.477707821	0.470946663	0.465833698	0.461964347	0.45958619	0.456029024	0.451886942	0.447093749	0.441179873	0.432971919	0.423600203	0.41438154	0.4059609	0.399187335	0.394913602	0.392553902	0.39430165	0.401487972	0.409695436	0.409814951	0.397956423	0.382339888	0.36391231	0.34531256	0.328692637	0.31078231	0.296404527	0.281837988	0.269472044	0.257446252
14	0.135399936	0.140712349	0.147672297	0.152232722	0.152340125	0.149443968	0.14483002	0.139173361	0.133967569	0.128091788	0.122901134	0.118374252	0.114507792	0.110607355	0.107646704	0.105551894	0.104799251	0.106559783	0.11543407	0.132732966	0.154077	0.173618796	0.188755625	0.201045046	0.210750687	0.213983237	0.209500883	0.198607572	0.188134107	0.180114063	0.175629999	0.1725673	0.169856327	0.166238928	0.163331974	0.162996618	0.167710114	0.177493632	0.192922405	0.211669316	0.232427702	0.250959061	0.267979932	0.288654294	0.320125717	0.363592098	0.40901724	0.447175448	0.472352261	0.485974457	0.491811111	0.493300985	0.492407408	0.488538828	0.483069556	0.476316465	0.469469867	0.462783704	0.457816659	0.454147918	0.451869501	0.448460983	0.444518008	0.439746532	0.433872769	0.425470084	0.415908428	0.406495278	0.397712651	0.390839382	0.38644989	0.383964842	0.385552624	0.392555068	0.400619605	0.400173246	0.387773318	0.371215369	0.352176151	0.332767397	0.314808724	0.29700595	0.281671415	0.267247431	0.254360088	0.241925668
19	0.133449837	0.138520334	0.145264421	0.150069515	0.150334851	0.147694512	0.143271107	0.13786696	0.132576644	0.126832556	0.121667408	0.117099387	0.113221184	0.109224052	0.106314769	0.104147399	0.103316576	0.105051639	0.113542673	0.130577782	0.15173901	0.171541639	0.187010882	0.199580827	0.209306589	0.212468079	0.207992961	0.197056745	0.186571216	0.178581215	0.174275628	0.17120815	0.168532251	0.164842986	0.161820721	0.161372439	0.165808625	0.175372717	0.190402754	0.208772104	0.229186007	0.247452383	0.264122433	0.284080481	0.314424858	0.356796852	0.401829693	0.440225003	0.466283164	0.480909216	0.487555523	0.489659773	0.489350284	0.486170415	0.481123438	0.474859311	0.468358336	0.462000544	0.457193219	0.453635551	0.451556073	0.448323365	0.444555409	0.44002931	0.434289429	0.425964425	0.416386921	0.406895172	0.398132814	0.391267498	0.386807166	0.38434997	0.385726146	0.392659877	0.400515876	0.399908841	0.387170555	0.370662635	0.351409891	0.331773794	0.313658314	0.296086592	0.280319197	0.266112437	0.253234286	0.24087629
24	0.132306473	0.137170283	0.143946215	0.148650274	0.149081354	0.146513593	0.142208588	0.136939138	0.131711836	0.126012227	0.120834881	0.116317996	0.112453715	0.108485682	0.105460428	0.103274066	0.102441565	0.104025782	0.112551934	0.129213555	0.150090383	0.169740398	0.18531343	0.197939414	0.207771065	0.211043772	0.206535734	0.195555371	0.185109994	0.177179406	0.172880124	0.169833579	0.167111658	0.163468009	0.160408223	0.159830212	0.16410642	0.173447623	0.188209997	0.206315625	0.226552375	0.244458233	0.260943352	0.280445161	0.309960682	0.351578547	0.396071872	0.434604035	0.461039553	0.476038561	0.483162509	0.485535713	0.485523193	0.482629264	0.477860165	0.471866143	0.465469455	0.459207438	0.454635688	0.451151036	0.449234497	0.446104158	0.442472222	0.437961081	0.432337469	0.424082693	0.414608008	0.405278426	0.396451939	0.389552272	0.385079232	0.382665659	0.384113509	0.391037494	0.398740207	0.398189373	0.385403451	0.369073288	0.349830729	0.330401505	0.312707861	0.295004346	0.279516586	0.265124587	0.251880563	0.23945654
29	0.131579753	0.136339784	0.142917968	0.147583074	0.148261657	0.145821277	0.141683362	0.136569369	0.131409435	0.125862659	0.120606721	0.11615145	0.112327574	0.108338823	0.105371115	0.103160331	0.102298422	0.103820481	0.111993741	0.128335469	0.148892791	0.16852105	0.184200884	0.196993878	0.20690466	0.210103313	0.205610149	0.19453664	0.184188389	0.176367294	0.172118974	0.169082309	0.166310488	0.162668949	0.159592184	0.158907228	0.163082276	0.172122232	0.186492112	0.20421024	0.224059605	0.241809683	0.258067493	0.277104326	0.305911573	0.346733651	0.391130474	0.429968322	0.457190517	0.473096761	0.480827856	0.483690825	0.48399452	0.481550848	0.476959886	0.471219482	0.465024504	0.458811911	0.454357811	0.450976469	0.449098303	0.446155741	0.442529402	0.438168309	0.432538396	0.424378142	0.414932619	0.405634606	0.396757332	0.389736574	0.3852088	0.382782659	0.384092073	0.39092174	0.398529331	0.397800288	0.385331241	0.368587371	0.349731964	0.330222063	0.312560194	0.294353654	0.279979106	0.264868151	0.251691628	0.240014809
34	0.131268186	0.135622331	0.142016656	0.146891924	0.147808039	0.145706288	0.141900202	0.136923224	0.132106127	0.126478426	0.121303792	0.116803847	0.113057884	0.109034606	0.106059344	0.103782454	0.102907408	0.104252097	0.112309842	0.128199287	0.14854583	0.168361576	0.184533722	0.197701023	0.20769838	0.210989077	0.206408788	0.195256171	0.184835176	0.177123872	0.172963528	0.170037248	0.167275608	0.16354212	0.160379128	0.159679596	0.163533333	0.172306934	0.186425828	0.203737455	0.22330185	0.24078548	0.256716102	0.275078962	0.302783766	0.342617306	0.386657128	0.426086431	0.454319991	0.471574691	0.480213816	0.483912824	0.48500279	0.483093821	0.479036195	0.473607285	0.467719149	0.461743334	0.457378686	0.454161836	0.452421194	0.449555686	0.446078826	0.441967696	0.4364864	0.428385499	0.418923153	0.409425058	0.400619935	0.393608083	0.389023476	0.386394934	0.387601977	0.394161738	0.401470447	0.400426244	0.387322441	0.370523065	0.351316265	0.331855047	0.313662089	0.295640105	0.280357831	0.265433918	0.252595397	0.239957443
