1 	 0.18399	 0.18377	 0.18671	 0.19386	 0.20802	 0.22465	 0.23870	 0.24785	 0.25595	 0.26189	 0.26354	 0.26001	 0.25275	 0.24688	 0.24073	 0.23463	 0.23118	 0.22853	 0.22471	 0.22154	 0.22060	 0.22341	 0.22924	 0.24037	 0.25421	 0.26939	 0.28381	 0.29696	 0.31575	 0.34434	 0.37632	 0.40580	 0.42733	 0.43781	 0.44026	 0.43973	 0.43889	 0.43459	 0.42907	 0.42288	 0.41493	 0.40759	 0.40100	 0.39711	 0.39481	 0.39097	 0.38884	 0.38643	 0.38286	 0.37657	 0.36955	 0.36397	 0.35828	 0.35395	 0.35036	 0.34905	 0.34897	 0.35004	 0.35348	 0.35628	 0.35739	 0.35572	 0.34950	 0.34163	 0.33271	 0.32367	 0.31501	 0.30530	 0.29704	 0.28759	 0.28094
4 	 0.18315	 0.18308	 0.18606	 0.19294	 0.20641	 0.22297	 0.23765	 0.24762	 0.25582	 0.26186	 0.26367	 0.26011	 0.25278	 0.24690	 0.24106	 0.23527	 0.23202	 0.22970	 0.22585	 0.22249	 0.22187	 0.22446	 0.23044	 0.24095	 0.25414	 0.26895	 0.28306	 0.29600	 0.31437	 0.34320	 0.37614	 0.40680	 0.42926	 0.44120	 0.44544	 0.44652	 0.44691	 0.44298	 0.43764	 0.43169	 0.42433	 0.41649	 0.40988	 0.40538	 0.40297	 0.39921	 0.39676	 0.39437	 0.39081	 0.38472	 0.37798	 0.37209	 0.36591	 0.36101	 0.35697	 0.35581	 0.35602	 0.35696	 0.35934	 0.36182	 0.36300	 0.36047	 0.35398	 0.34508	 0.33557	 0.32560	 0.31595	 0.30670	 0.29715	 0.28903	 0.28190
7 	 0.17973	 0.17969	 0.18257	 0.18948	 0.20278	 0.21926	 0.23389	 0.24420	 0.25236	 0.25845	 0.26047	 0.25693	 0.24949	 0.24341	 0.23768	 0.23207	 0.22883	 0.22631	 0.22234	 0.21909	 0.21870	 0.22098	 0.22688	 0.23733	 0.25044	 0.26510	 0.27898	 0.29180	 0.30978	 0.33815	 0.37072	 0.40120	 0.42373	 0.43614	 0.44109	 0.44290	 0.44353	 0.43992	 0.43462	 0.42904	 0.42212	 0.41425	 0.40787	 0.40357	 0.40134	 0.39780	 0.39521	 0.39280	 0.38922	 0.38309	 0.37674	 0.37076	 0.36439	 0.35933	 0.35527	 0.35414	 0.35452	 0.35531	 0.35745	 0.35991	 0.36132	 0.35844	 0.35111	 0.34246	 0.33279	 0.32292	 0.31333	 0.30306	 0.29440	 0.28591	 0.27834
10 	 0.17948	 0.17897	 0.18139	 0.18847	 0.20173	 0.21846	 0.23289	 0.24347	 0.25211	 0.25815	 0.26014	 0.25653	 0.24896	 0.24263	 0.23661	 0.23123	 0.22829	 0.22547	 0.22141	 0.21852	 0.21822	 0.22038	 0.22603	 0.23664	 0.24948	 0.26352	 0.27697	 0.28950	 0.30744	 0.33499	 0.36687	 0.39684	 0.41944	 0.43204	 0.43779	 0.44014	 0.44092	 0.43800	 0.43305	 0.42773	 0.42126	 0.41342	 0.40749	 0.40344	 0.40131	 0.39758	 0.39499	 0.39256	 0.38910	 0.38333	 0.37691	 0.37110	 0.36459	 0.35926	 0.35545	 0.35409	 0.35451	 0.35537	 0.35735	 0.35977	 0.36128	 0.35793	 0.35036	 0.34164	 0.33198	 0.32236	 0.31292	 0.30208	 0.29370	 0.28479	 0.27756
13 	 0.17971	 0.17929	 0.18153	 0.18861	 0.20169	 0.21816	 0.23256	 0.24339	 0.25207	 0.25806	 0.26017	 0.25655	 0.24904	 0.24269	 0.23661	 0.23126	 0.22831	 0.22545	 0.22164	 0.21868	 0.21832	 0.22024	 0.22588	 0.23627	 0.24882	 0.26270	 0.27603	 0.28850	 0.30602	 0.33308	 0.36442	 0.39409	 0.41655	 0.42962	 0.43577	 0.43848	 0.43944	 0.43682	 0.43217	 0.42713	 0.42078	 0.41314	 0.40725	 0.40330	 0.40123	 0.39763	 0.39505	 0.39279	 0.38935	 0.38358	 0.37720	 0.37139	 0.36486	 0.35950	 0.35563	 0.35431	 0.35472	 0.35540	 0.35720	 0.35967	 0.36116	 0.35792	 0.35050	 0.34131	 0.33227	 0.32245	 0.31276	 0.30248	 0.29358	 0.28488	 0.27805
16 	 0.17975	 0.17919	 0.18138	 0.18845	 0.20147	 0.21785	 0.23218	 0.24311	 0.25187	 0.25778	 0.25989	 0.25626	 0.24885	 0.24253	 0.23633	 0.23100	 0.22803	 0.22526	 0.22141	 0.21846	 0.21797	 0.21981	 0.22534	 0.23569	 0.24820	 0.26204	 0.27530	 0.28772	 0.30507	 0.33179	 0.36282	 0.39229	 0.41480	 0.42806	 0.43449	 0.43732	 0.43829	 0.43589	 0.43135	 0.42637	 0.42022	 0.41255	 0.40680	 0.40294	 0.40093	 0.39741	 0.39476	 0.39247	 0.38904	 0.38329	 0.37690	 0.37112	 0.36466	 0.35920	 0.35545	 0.35404	 0.35437	 0.35521	 0.35698	 0.35939	 0.36085	 0.35751	 0.35016	 0.34131	 0.33196	 0.32212	 0.31239	 0.30208	 0.29299	 0.28448	 0.27715
19 	 0.18017	 0.17997	 0.18221	 0.18883	 0.20160	 0.21760	 0.23172	 0.24290	 0.25232	 0.25785	 0.26013	 0.25618	 0.24859	 0.24257	 0.23642	 0.23116	 0.22838	 0.22566	 0.22187	 0.21905	 0.21850	 0.21992	 0.22547	 0.23536	 0.24746	 0.26061	 0.27360	 0.28564	 0.30278	 0.32904	 0.35936	 0.38833	 0.41151	 0.42556	 0.43265	 0.43626	 0.43857	 0.43665	 0.43257	 0.42780	 0.42151	 0.41399	 0.40876	 0.40514	 0.40297	 0.39894	 0.39628	 0.39428	 0.39130	 0.38590	 0.37897	 0.37321	 0.36668	 0.36121	 0.35731	 0.35612	 0.35650	 0.35716	 0.35861	 0.36114	 0.36266	 0.35912	 0.35183	 0.34273	 0.33319	 0.32329	 0.31341	 0.30302	 0.29444	 0.28489	 0.27793
2 	 0.17796	 0.17906	 0.18419	 0.19561	 0.21627	 0.24035	 0.25973	 0.27216	 0.28279	 0.29094	 0.29384	 0.29034	 0.28212	 0.27504	 0.26819	 0.26189	 0.25854	 0.25616	 0.25252	 0.24990	 0.25016	 0.25510	 0.26409	 0.27851	 0.29555	 0.31329	 0.33031	 0.34644	 0.36928	 0.40365	 0.44168	 0.47515	 0.49826	 0.50871	 0.51086	 0.51021	 0.50923	 0.50457	 0.49855	 0.49151	 0.48230	 0.47372	 0.46639	 0.46151	 0.45868	 0.45434	 0.45163	 0.44883	 0.44494	 0.43842	 0.43117	 0.42536	 0.41904	 0.41401	 0.41024	 0.40884	 0.40873	 0.40938	 0.41194	 0.41314	 0.41082	 0.40211	 0.38658	 0.36838	 0.34896	 0.33264	 0.31763	 0.30370	 0.29098	 0.28041	 0.27096
5 	 0.18260	 0.18390	 0.18900	 0.20015	 0.22042	 0.24472	 0.26512	 0.27888	 0.29004	 0.29827	 0.30151	 0.29793	 0.28952	 0.28228	 0.27546	 0.26961	 0.26634	 0.26405	 0.26043	 0.25782	 0.25855	 0.26342	 0.27279	 0.28721	 0.30414	 0.32191	 0.33907	 0.35583	 0.38002	 0.41754	 0.45990	 0.49745	 0.52286	 0.53525	 0.53917	 0.54000	 0.53940	 0.53430	 0.52735	 0.51965	 0.50972	 0.49970	 0.49162	 0.48554	 0.48196	 0.47728	 0.47363	 0.47029	 0.46605	 0.45924	 0.45210	 0.44599	 0.43900	 0.43335	 0.42901	 0.42775	 0.42744	 0.42774	 0.42934	 0.43046	 0.42820	 0.41813	 0.40164	 0.38111	 0.36079	 0.34256	 0.32599	 0.30978	 0.29785	 0.28587	 0.27605
8 	 0.18116	 0.18231	 0.18722	 0.19826	 0.21840	 0.24261	 0.26305	 0.27725	 0.28846	 0.29670	 0.30007	 0.29652	 0.28809	 0.28063	 0.27391	 0.26816	 0.26498	 0.26257	 0.25883	 0.25641	 0.25736	 0.26184	 0.27119	 0.28554	 0.30241	 0.31986	 0.33680	 0.35327	 0.37706	 0.41403	 0.45601	 0.49339	 0.51895	 0.53179	 0.53648	 0.53808	 0.53760	 0.53292	 0.52608	 0.51861	 0.50912	 0.49896	 0.49102	 0.48509	 0.48160	 0.47693	 0.47321	 0.46981	 0.46555	 0.45878	 0.45180	 0.44565	 0.43842	 0.43249	 0.42843	 0.42709	 0.42686	 0.42703	 0.42826	 0.42950	 0.42720	 0.41726	 0.40047	 0.37960	 0.35963	 0.34091	 0.32445	 0.30945	 0.29609	 0.28493	 0.27533
11 	 0.17607	 0.17675	 0.18104	 0.19203	 0.21187	 0.23569	 0.25582	 0.27024	 0.28177	 0.28997	 0.29336	 0.28981	 0.28133	 0.27378	 0.26700	 0.26149	 0.25858	 0.25598	 0.25218	 0.24995	 0.25090	 0.25501	 0.26383	 0.27783	 0.29388	 0.31032	 0.32631	 0.34188	 0.36430	 0.39843	 0.43739	 0.47249	 0.49736	 0.51066	 0.51640	 0.51894	 0.51914	 0.51578	 0.51004	 0.50361	 0.49533	 0.48582	 0.47891	 0.47366	 0.47057	 0.46615	 0.46268	 0.45961	 0.45552	 0.44911	 0.44247	 0.43642	 0.42917	 0.42320	 0.41916	 0.41773	 0.41766	 0.41774	 0.41870	 0.41976	 0.41734	 0.40691	 0.39002	 0.37078	 0.35108	 0.33347	 0.31747	 0.30215	 0.28951	 0.27904	 0.26943
14 	 0.17418	 0.17482	 0.17882	 0.18953	 0.20881	 0.23242	 0.25239	 0.26692	 0.27845	 0.28675	 0.29011	 0.28669	 0.27848	 0.27090	 0.26413	 0.25876	 0.25592	 0.25316	 0.24948	 0.24715	 0.24787	 0.25173	 0.26017	 0.27384	 0.28956	 0.30573	 0.32129	 0.33644	 0.35796	 0.39058	 0.42799	 0.46225	 0.48684	 0.50060	 0.50708	 0.50997	 0.51067	 0.50779	 0.50259	 0.49670	 0.48896	 0.47983	 0.47315	 0.46817	 0.46531	 0.46120	 0.45782	 0.45495	 0.45109	 0.44490	 0.43817	 0.43218	 0.42510	 0.41919	 0.41546	 0.41377	 0.41369	 0.41372	 0.41478	 0.41575	 0.41315	 0.40296	 0.38659	 0.36725	 0.34822	 0.33056	 0.31555	 0.30046	 0.28824	 0.27684	 0.26761
17 	 0.17332	 0.17378	 0.17774	 0.18837	 0.20731	 0.23056	 0.25046	 0.26501	 0.27667	 0.28488	 0.28820	 0.28479	 0.27659	 0.26916	 0.26231	 0.25707	 0.25425	 0.25149	 0.24790	 0.24559	 0.24625	 0.24986	 0.25813	 0.27156	 0.28687	 0.30276	 0.31808	 0.33297	 0.35390	 0.38576	 0.42237	 0.45595	 0.48053	 0.49455	 0.50140	 0.50462	 0.50551	 0.50295	 0.49811	 0.49244	 0.48499	 0.47608	 0.46963	 0.46480	 0.46210	 0.45804	 0.45478	 0.45200	 0.44815	 0.44210	 0.43544	 0.42956	 0.42248	 0.41650	 0.41261	 0.41105	 0.41111	 0.41116	 0.41210	 0.41297	 0.41046	 0.40021	 0.38379	 0.36461	 0.34595	 0.32896	 0.31324	 0.29864	 0.28631	 0.27534	 0.26606
20 	 0.17429	 0.17508	 0.17909	 0.18918	 0.20785	 0.23071	 0.25031	 0.26532	 0.27775	 0.28541	 0.28902	 0.28536	 0.27697	 0.26989	 0.26313	 0.25795	 0.25525	 0.25267	 0.24907	 0.24681	 0.24735	 0.25058	 0.25884	 0.27163	 0.28650	 0.30162	 0.31671	 0.33111	 0.35156	 0.38264	 0.41818	 0.45117	 0.47635	 0.49118	 0.49868	 0.50272	 0.50502	 0.50309	 0.49875	 0.49338	 0.48580	 0.47722	 0.47124	 0.46676	 0.46393	 0.45943	 0.45614	 0.45360	 0.45029	 0.44459	 0.43753	 0.43160	 0.42451	 0.41849	 0.41460	 0.41330	 0.41329	 0.41340	 0.41396	 0.41502	 0.41237	 0.40201	 0.38540	 0.36621	 0.34773	 0.33014	 0.31443	 0.30016	 0.28730	 0.27658	 0.26760
3 	 0.20819	 0.20887	 0.21323	 0.22315	 0.24180	 0.26340	 0.28125	 0.29245	 0.30208	 0.30943	 0.31216	 0.30910	 0.30206	 0.29617	 0.28979	 0.28398	 0.28073	 0.27839	 0.27477	 0.27196	 0.27189	 0.27607	 0.28394	 0.29619	 0.31076	 0.32613	 0.34084	 0.35428	 0.37327	 0.40196	 0.43326	 0.46074	 0.48022	 0.48906	 0.49046	 0.48944	 0.48839	 0.48378	 0.47821	 0.47194	 0.46371	 0.45611	 0.44964	 0.44555	 0.44342	 0.43986	 0.43765	 0.43530	 0.43195	 0.42625	 0.42016	 0.41535	 0.41003	 0.40594	 0.40271	 0.40182	 0.40163	 0.40208	 0.40417	 0.40528	 0.40486	 0.40009	 0.38973	 0.37606	 0.36119	 0.34770	 0.33499	 0.32206	 0.31165	 0.30219	 0.29446
6 	 0.19629	 0.19695	 0.20107	 0.21061	 0.22855	 0.25021	 0.26837	 0.28049	 0.29014	 0.29753	 0.30064	 0.29768	 0.29053	 0.28429	 0.27830	 0.27281	 0.26977	 0.26740	 0.26362	 0.26089	 0.26113	 0.26463	 0.27234	 0.28440	 0.29867	 0.31368	 0.32788	 0.34106	 0.35967	 0.38844	 0.42060	 0.44924	 0.46949	 0.47945	 0.48246	 0.48308	 0.48266	 0.47839	 0.47259	 0.46645	 0.45902	 0.45092	 0.44452	 0.44012	 0.43780	 0.43423	 0.43161	 0.42907	 0.42566	 0.41992	 0.41418	 0.40917	 0.40346	 0.39894	 0.39533	 0.39449	 0.39456	 0.39483	 0.39609	 0.39708	 0.39665	 0.39068	 0.37942	 0.36587	 0.35121	 0.33734	 0.32492	 0.31262	 0.30163	 0.29226	 0.28456
9 	 0.19347	 0.19410	 0.19808	 0.20753	 0.22510	 0.24668	 0.26480	 0.27714	 0.28674	 0.29423	 0.29742	 0.29452	 0.28734	 0.28109	 0.27511	 0.26974	 0.26672	 0.26417	 0.26045	 0.25776	 0.25806	 0.26135	 0.26880	 0.28077	 0.29480	 0.30947	 0.32344	 0.33641	 0.35466	 0.38287	 0.41441	 0.44271	 0.46278	 0.47301	 0.47659	 0.47760	 0.47741	 0.47343	 0.46787	 0.46209	 0.45486	 0.44675	 0.44052	 0.43628	 0.43411	 0.43067	 0.42810	 0.42554	 0.42213	 0.41646	 0.41089	 0.40587	 0.40007	 0.39542	 0.39188	 0.39097	 0.39117	 0.39134	 0.39237	 0.39340	 0.39287	 0.38715	 0.37581	 0.36212	 0.34819	 0.33492	 0.32245	 0.30995	 0.29925	 0.29040	 0.28223
12 	 0.19159	 0.19186	 0.19537	 0.20502	 0.22261	 0.24413	 0.26200	 0.27471	 0.28482	 0.29203	 0.29532	 0.29233	 0.28508	 0.27862	 0.27236	 0.26726	 0.26451	 0.26182	 0.25803	 0.25566	 0.25607	 0.25905	 0.26647	 0.27834	 0.29195	 0.30605	 0.31955	 0.33241	 0.35046	 0.37797	 0.40885	 0.43656	 0.45663	 0.46724	 0.47159	 0.47311	 0.47320	 0.46988	 0.46469	 0.45918	 0.45232	 0.44431	 0.43859	 0.43460	 0.43243	 0.42891	 0.42623	 0.42376	 0.42040	 0.41513	 0.40947	 0.40449	 0.39862	 0.39374	 0.39029	 0.38928	 0.38959	 0.38977	 0.39058	 0.39169	 0.39119	 0.38498	 0.37380	 0.36026	 0.34615	 0.33242	 0.31992	 0.30800	 0.29743	 0.28802	 0.28053
15 	 0.19067	 0.19083	 0.19408	 0.20357	 0.22080	 0.24218	 0.26012	 0.27300	 0.28326	 0.29057	 0.29381	 0.29087	 0.28373	 0.27726	 0.27098	 0.26601	 0.26327	 0.26048	 0.25677	 0.25431	 0.25450	 0.25741	 0.26451	 0.27628	 0.28972	 0.30364	 0.31689	 0.32951	 0.34725	 0.37408	 0.40442	 0.43183	 0.45191	 0.46297	 0.46794	 0.46996	 0.47030	 0.46740	 0.46246	 0.45715	 0.45073	 0.44278	 0.43709	 0.43320	 0.43112	 0.42766	 0.42504	 0.42267	 0.41941	 0.41407	 0.40837	 0.40347	 0.39756	 0.39273	 0.38935	 0.38814	 0.38839	 0.38862	 0.38933	 0.39034	 0.38977	 0.38364	 0.37219	 0.35900	 0.34499	 0.33170	 0.31882	 0.30653	 0.29661	 0.28735	 0.27954
18 	 0.19042	 0.19048	 0.19364	 0.20302	 0.22014	 0.24140	 0.25934	 0.27237	 0.28272	 0.29008	 0.29327	 0.29040	 0.28323	 0.27678	 0.27043	 0.26552	 0.26280	 0.26006	 0.25640	 0.25385	 0.25400	 0.25680	 0.26386	 0.27549	 0.28872	 0.30254	 0.31573	 0.32828	 0.34575	 0.37225	 0.40225	 0.42946	 0.44960	 0.46089	 0.46617	 0.46841	 0.46878	 0.46617	 0.46147	 0.45629	 0.44993	 0.44214	 0.43648	 0.43269	 0.43066	 0.42733	 0.42466	 0.42234	 0.41912	 0.41384	 0.40822	 0.40328	 0.39737	 0.39235	 0.38914	 0.38782	 0.38805	 0.38821	 0.38886	 0.38991	 0.38924	 0.38303	 0.37175	 0.35864	 0.34472	 0.33123	 0.31902	 0.30705	 0.29664	 0.28713	 0.27905
21 	 0.18959	 0.18997	 0.19324	 0.20214	 0.21895	 0.23979	 0.25742	 0.27073	 0.28175	 0.28849	 0.29197	 0.28880	 0.28147	 0.27538	 0.26912	 0.26421	 0.26166	 0.25912	 0.25544	 0.25303	 0.25321	 0.25557	 0.26259	 0.27367	 0.28659	 0.29967	 0.31265	 0.32478	 0.34206	 0.36816	 0.39755	 0.42436	 0.44492	 0.45682	 0.46235	 0.46513	 0.46688	 0.46457	 0.46020	 0.45517	 0.44859	 0.44088	 0.43581	 0.43227	 0.43012	 0.42624	 0.42348	 0.42140	 0.41867	 0.41372	 0.40760	 0.40262	 0.39674	 0.39176	 0.38833	 0.38739	 0.38764	 0.38781	 0.38820	 0.38937	 0.38873	 0.38239	 0.37129	 0.35753	 0.34396	 0.33045	 0.31832	 0.30657	 0.29643	 0.28638	 0.27858
