1 	 0.25214	 0.25240	 0.25553	 0.26353	 0.27860	 0.29848	 0.31672	 0.33090	 0.34222	 0.35050	 0.35373	 0.35039	 0.34344	 0.33622	 0.32943	 0.32382	 0.32006	 0.31743	 0.31448	 0.31175	 0.31080	 0.31364	 0.32159	 0.33343	 0.34682	 0.36153	 0.37589	 0.38894	 0.40711	 0.43357	 0.46315	 0.49148	 0.51380	 0.52686	 0.53292	 0.53546	 0.53620	 0.53459	 0.53124	 0.52645	 0.52118	 0.51512	 0.51018	 0.50709	 0.50433	 0.50165	 0.49916	 0.49740	 0.49425	 0.48905	 0.48314	 0.47763	 0.47210	 0.46731	 0.46415	 0.46154	 0.46030	 0.46017	 0.46192	 0.46399	 0.46310	 0.45512	 0.44053	 0.42271	 0.40402	 0.38733	 0.37146	 0.35805	 0.34688	 0.33612	 0.32736
6 	 0.21096	 0.21114	 0.21438	 0.22255	 0.23748	 0.25687	 0.27488	 0.28880	 0.29956	 0.30758	 0.31102	 0.30826	 0.30180	 0.29470	 0.28830	 0.28290	 0.27919	 0.27665	 0.27370	 0.27108	 0.27021	 0.27271	 0.28020	 0.29179	 0.30496	 0.31930	 0.33336	 0.34632	 0.36426	 0.39055	 0.42015	 0.44811	 0.46993	 0.48232	 0.48827	 0.49070	 0.49121	 0.48968	 0.48622	 0.48135	 0.47613	 0.47021	 0.46523	 0.46199	 0.45904	 0.45646	 0.45406	 0.45223	 0.44914	 0.44426	 0.43840	 0.43269	 0.42695	 0.42242	 0.41925	 0.41677	 0.41577	 0.41565	 0.41681	 0.41778	 0.41648	 0.40914	 0.39609	 0.38043	 0.36412	 0.34903	 0.33413	 0.32128	 0.30973	 0.29910	 0.29043
11 	 0.25310	 0.25318	 0.25619	 0.26411	 0.27927	 0.29914	 0.31770	 0.33165	 0.34240	 0.35058	 0.35390	 0.35068	 0.34382	 0.33660	 0.33004	 0.32457	 0.32067	 0.31790	 0.31471	 0.31196	 0.31125	 0.31397	 0.32155	 0.33345	 0.34701	 0.36162	 0.37606	 0.38939	 0.40754	 0.43424	 0.46426	 0.49235	 0.51438	 0.52667	 0.53245	 0.53503	 0.53537	 0.53397	 0.53066	 0.52560	 0.52031	 0.51431	 0.50933	 0.50618	 0.50342	 0.50068	 0.49819	 0.49632	 0.49321	 0.48859	 0.48283	 0.47708	 0.47119	 0.46643	 0.46334	 0.46103	 0.45990	 0.45965	 0.46125	 0.46302	 0.46258	 0.45507	 0.44026	 0.42240	 0.40381	 0.38711	 0.37117	 0.35755	 0.34660	 0.33580	 0.32793
16 	 0.21088	 0.21078	 0.21394	 0.22204	 0.23721	 0.25688	 0.27536	 0.28942	 0.30024	 0.30846	 0.31199	 0.30926	 0.30264	 0.29534	 0.28894	 0.28348	 0.27951	 0.27678	 0.27362	 0.27093	 0.27025	 0.27285	 0.28028	 0.29197	 0.30545	 0.32004	 0.33451	 0.34789	 0.36619	 0.39292	 0.42325	 0.45182	 0.47407	 0.48642	 0.49224	 0.49482	 0.49506	 0.49360	 0.49035	 0.48529	 0.47981	 0.47367	 0.46853	 0.46529	 0.46260	 0.46000	 0.45745	 0.45549	 0.45227	 0.44753	 0.44170	 0.43599	 0.43006	 0.42523	 0.42186	 0.41948	 0.41856	 0.41827	 0.41949	 0.42044	 0.41956	 0.41254	 0.39930	 0.38339	 0.36656	 0.35091	 0.33612	 0.32300	 0.31157	 0.30126	 0.29295
21 	 0.25419	 0.25417	 0.25728	 0.26544	 0.28112	 0.30132	 0.32021	 0.33458	 0.34574	 0.35414	 0.35758	 0.35438	 0.34734	 0.33999	 0.33334	 0.32756	 0.32353	 0.32068	 0.31745	 0.31463	 0.31396	 0.31682	 0.32452	 0.33662	 0.35061	 0.36560	 0.38050	 0.39410	 0.41260	 0.43970	 0.46993	 0.49824	 0.52059	 0.53315	 0.53890	 0.54145	 0.54177	 0.54041	 0.53734	 0.53231	 0.52684	 0.52064	 0.51547	 0.51230	 0.50988	 0.50725	 0.50460	 0.50259	 0.49940	 0.49469	 0.48883	 0.48318	 0.47735	 0.47239	 0.46907	 0.46677	 0.46578	 0.46547	 0.46721	 0.46884	 0.46825	 0.46075	 0.44546	 0.42664	 0.40758	 0.39065	 0.37435	 0.36078	 0.34956	 0.33829	 0.33038
26 	 0.20341	 0.20340	 0.20666	 0.21483	 0.22984	 0.24908	 0.26714	 0.28108	 0.29188	 0.29994	 0.30347	 0.30093	 0.29442	 0.28738	 0.28114	 0.27557	 0.27157	 0.26897	 0.26592	 0.26322	 0.26257	 0.26521	 0.27250	 0.28387	 0.29719	 0.31157	 0.32588	 0.33913	 0.35724	 0.38366	 0.41338	 0.44145	 0.46347	 0.47580	 0.48152	 0.48403	 0.48426	 0.48281	 0.47981	 0.47484	 0.46921	 0.46291	 0.45763	 0.45440	 0.45203	 0.44951	 0.44689	 0.44484	 0.44149	 0.43671	 0.43081	 0.42528	 0.41958	 0.41469	 0.41117	 0.40884	 0.40818	 0.40806	 0.40927	 0.41000	 0.40914	 0.40241	 0.38975	 0.37464	 0.35833	 0.34299	 0.32881	 0.31573	 0.30418	 0.29367	 0.28557
31 	 0.25422	 0.25417	 0.25729	 0.26555	 0.28124	 0.30150	 0.32041	 0.33487	 0.34615	 0.35457	 0.35807	 0.35487	 0.34779	 0.34046	 0.33378	 0.32793	 0.32385	 0.32110	 0.31789	 0.31505	 0.31433	 0.31725	 0.32504	 0.33715	 0.35120	 0.36624	 0.38115	 0.39484	 0.41340	 0.44052	 0.47083	 0.49929	 0.52187	 0.53469	 0.54055	 0.54314	 0.54338	 0.54191	 0.53882	 0.53378	 0.52826	 0.52200	 0.51677	 0.51358	 0.51119	 0.50860	 0.50594	 0.50393	 0.50068	 0.49586	 0.48996	 0.48435	 0.47859	 0.47359	 0.47021	 0.46790	 0.46689	 0.46672	 0.46847	 0.47004	 0.46933	 0.46158	 0.44623	 0.42749	 0.40818	 0.39104	 0.37493	 0.36124	 0.34991	 0.33868	 0.32999
36 	 0.20938	 0.20935	 0.21258	 0.22079	 0.23589	 0.25522	 0.27341	 0.28745	 0.29839	 0.30658	 0.31017	 0.30754	 0.30091	 0.29375	 0.28745	 0.28187	 0.27787	 0.27527	 0.27224	 0.26953	 0.26882	 0.27146	 0.27880	 0.29033	 0.30381	 0.31831	 0.33275	 0.34612	 0.36434	 0.39094	 0.42081	 0.44915	 0.47147	 0.48404	 0.48991	 0.49253	 0.49278	 0.49132	 0.48828	 0.48330	 0.47770	 0.47140	 0.46608	 0.46284	 0.46055	 0.45806	 0.45544	 0.45336	 0.45002	 0.44520	 0.43924	 0.43364	 0.42784	 0.42290	 0.41937	 0.41700	 0.41621	 0.41597	 0.41732	 0.41829	 0.41742	 0.41044	 0.39725	 0.38149	 0.36489	 0.34949	 0.33460	 0.32134	 0.30969	 0.29920	 0.29112
41 	 0.25579	 0.25583	 0.25899	 0.26727	 0.28292	 0.30316	 0.32198	 0.33637	 0.34771	 0.35617	 0.35964	 0.35649	 0.34936	 0.34201	 0.33535	 0.32952	 0.32545	 0.32260	 0.31937	 0.31650	 0.31578	 0.31877	 0.32656	 0.33867	 0.35279	 0.36793	 0.38294	 0.39669	 0.41523	 0.44248	 0.47273	 0.50114	 0.52360	 0.53631	 0.54200	 0.54441	 0.54458	 0.54307	 0.53993	 0.53488	 0.52934	 0.52310	 0.51788	 0.51471	 0.51241	 0.50988	 0.50721	 0.50510	 0.50178	 0.49706	 0.49108	 0.48550	 0.47987	 0.47483	 0.47138	 0.46902	 0.46808	 0.46784	 0.46962	 0.47131	 0.47066	 0.46299	 0.44757	 0.42873	 0.40931	 0.39204	 0.37573	 0.36219	 0.35093	 0.33979	 0.33119
46 	 0.20288	 0.20290	 0.20629	 0.21467	 0.22990	 0.24925	 0.26737	 0.28137	 0.29231	 0.30046	 0.30402	 0.30147	 0.29491	 0.28787	 0.28160	 0.27605	 0.27209	 0.26934	 0.26629	 0.26354	 0.26281	 0.26551	 0.27290	 0.28433	 0.29779	 0.31230	 0.32672	 0.34008	 0.35814	 0.38455	 0.41410	 0.44206	 0.46389	 0.47619	 0.48179	 0.48411	 0.48418	 0.48266	 0.47960	 0.47466	 0.46911	 0.46284	 0.45757	 0.45437	 0.45201	 0.44953	 0.44693	 0.44486	 0.44150	 0.43679	 0.43085	 0.42547	 0.41993	 0.41506	 0.41155	 0.40919	 0.40860	 0.40848	 0.40965	 0.41027	 0.40913	 0.40227	 0.38950	 0.37417	 0.35788	 0.34243	 0.32824	 0.31481	 0.30369	 0.29345	 0.28508
2 	 0.26087	 0.25971	 0.26064	 0.26503	 0.27441	 0.28685	 0.29759	 0.30541	 0.31123	 0.31476	 0.31486	 0.31047	 0.30417	 0.29841	 0.29284	 0.28771	 0.28394	 0.28136	 0.27883	 0.27683	 0.27641	 0.27905	 0.28603	 0.29575	 0.30605	 0.31710	 0.32809	 0.33964	 0.35872	 0.38786	 0.42071	 0.45033	 0.47161	 0.48307	 0.48810	 0.48989	 0.48980	 0.48697	 0.48189	 0.47522	 0.46802	 0.46016	 0.45360	 0.44893	 0.44461	 0.44050	 0.43660	 0.43357	 0.42941	 0.42348	 0.41714	 0.41147	 0.40600	 0.40142	 0.39814	 0.39567	 0.39502	 0.39550	 0.39775	 0.40124	 0.40514	 0.40649	 0.40393	 0.39813	 0.39062	 0.38412	 0.37679	 0.37081	 0.36587	 0.35927	 0.35496
7 	 0.30378	 0.30252	 0.30307	 0.30683	 0.31548	 0.32709	 0.33716	 0.34408	 0.34895	 0.35193	 0.35163	 0.34694	 0.34069	 0.33512	 0.32994	 0.32500	 0.32118	 0.31852	 0.31582	 0.31372	 0.31334	 0.31588	 0.32242	 0.33193	 0.34192	 0.35241	 0.36306	 0.37432	 0.39280	 0.42158	 0.45378	 0.48255	 0.50343	 0.51430	 0.51911	 0.52088	 0.52056	 0.51782	 0.51267	 0.50583	 0.49876	 0.49116	 0.48478	 0.48019	 0.47579	 0.47163	 0.46788	 0.46489	 0.46093	 0.45560	 0.44952	 0.44377	 0.43810	 0.43374	 0.43092	 0.42892	 0.42843	 0.42897	 0.43160	 0.43596	 0.44107	 0.44313	 0.43982	 0.43296	 0.42468	 0.41842	 0.41121	 0.40557	 0.40166	 0.39489	 0.39073
12 	 0.26825	 0.26671	 0.26727	 0.27118	 0.27996	 0.29169	 0.30212	 0.30926	 0.31422	 0.31737	 0.31724	 0.31282	 0.30652	 0.30069	 0.29541	 0.29038	 0.28637	 0.28364	 0.28082	 0.27870	 0.27841	 0.28081	 0.28720	 0.29673	 0.30695	 0.31770	 0.32867	 0.34047	 0.35945	 0.38881	 0.42212	 0.45179	 0.47299	 0.48374	 0.48847	 0.49020	 0.48976	 0.48713	 0.48219	 0.47532	 0.46814	 0.46044	 0.45386	 0.44916	 0.44486	 0.44067	 0.43681	 0.43370	 0.42949	 0.42410	 0.41797	 0.41209	 0.40612	 0.40149	 0.39832	 0.39618	 0.39577	 0.39622	 0.39873	 0.40241	 0.40721	 0.40964	 0.40750	 0.40204	 0.39523	 0.38944	 0.38323	 0.37732	 0.37302	 0.36688	 0.36286
17 	 0.30923	 0.30776	 0.30826	 0.31221	 0.32123	 0.33326	 0.34383	 0.35095	 0.35598	 0.35912	 0.35890	 0.35420	 0.34778	 0.34212	 0.33691	 0.33182	 0.32783	 0.32503	 0.32227	 0.32013	 0.31990	 0.32265	 0.32917	 0.33880	 0.34908	 0.35974	 0.37060	 0.38210	 0.40072	 0.42949	 0.46156	 0.48974	 0.51007	 0.52039	 0.52473	 0.52640	 0.52585	 0.52325	 0.51848	 0.51171	 0.50457	 0.49692	 0.49044	 0.48594	 0.48205	 0.47802	 0.47420	 0.47121	 0.46723	 0.46213	 0.45625	 0.45073	 0.44507	 0.44056	 0.43760	 0.43572	 0.43532	 0.43574	 0.43834	 0.44232	 0.44740	 0.44958	 0.44595	 0.43857	 0.42965	 0.42271	 0.41555	 0.40979	 0.40578	 0.39894	 0.39496
22 	 0.26242	 0.26100	 0.26189	 0.26624	 0.27565	 0.28786	 0.29864	 0.30616	 0.31149	 0.31480	 0.31492	 0.31079	 0.30464	 0.29906	 0.29393	 0.28877	 0.28473	 0.28205	 0.27941	 0.27736	 0.27712	 0.27972	 0.28606	 0.29541	 0.30557	 0.31615	 0.32690	 0.33829	 0.35656	 0.38456	 0.41593	 0.44371	 0.46369	 0.47380	 0.47810	 0.47971	 0.47911	 0.47659	 0.47210	 0.46548	 0.45840	 0.45079	 0.44435	 0.43995	 0.43628	 0.43248	 0.42871	 0.42570	 0.42167	 0.41645	 0.41052	 0.40514	 0.39963	 0.39513	 0.39193	 0.38991	 0.38969	 0.39008	 0.39204	 0.39484	 0.39905	 0.40107	 0.39900	 0.39353	 0.38644	 0.38041	 0.37382	 0.36760	 0.36324	 0.35717	 0.35286
27 	 0.30871	 0.30735	 0.30811	 0.31235	 0.32197	 0.33463	 0.34583	 0.35367	 0.35940	 0.36303	 0.36303	 0.35830	 0.35159	 0.34576	 0.34039	 0.33499	 0.33091	 0.32820	 0.32546	 0.32328	 0.32305	 0.32600	 0.33281	 0.34274	 0.35354	 0.36474	 0.37617	 0.38800	 0.40694	 0.43599	 0.46811	 0.49651	 0.51719	 0.52789	 0.53236	 0.53415	 0.53367	 0.53116	 0.52674	 0.52017	 0.51313	 0.50552	 0.49910	 0.49475	 0.49114	 0.48730	 0.48351	 0.48051	 0.47648	 0.47131	 0.46529	 0.45980	 0.45431	 0.44956	 0.44640	 0.44445	 0.44401	 0.44445	 0.44716	 0.45115	 0.45598	 0.45740	 0.45283	 0.44403	 0.43411	 0.42630	 0.41835	 0.41162	 0.40694	 0.39939	 0.39506
32 	 0.25503	 0.25364	 0.25451	 0.25892	 0.26813	 0.27997	 0.29047	 0.29797	 0.30331	 0.30654	 0.30668	 0.30269	 0.29671	 0.29118	 0.28609	 0.28098	 0.27700	 0.27439	 0.27171	 0.26959	 0.26921	 0.27162	 0.27785	 0.28704	 0.29707	 0.30747	 0.31806	 0.32930	 0.34718	 0.37460	 0.40526	 0.43266	 0.45261	 0.46282	 0.46715	 0.46880	 0.46823	 0.46570	 0.46135	 0.45496	 0.44802	 0.44046	 0.43410	 0.42981	 0.42631	 0.42267	 0.41896	 0.41607	 0.41200	 0.40678	 0.40082	 0.39555	 0.39014	 0.38558	 0.38235	 0.38042	 0.38039	 0.38099	 0.38315	 0.38597	 0.39003	 0.39227	 0.39043	 0.38557	 0.37889	 0.37306	 0.36732	 0.36131	 0.35716	 0.35119	 0.34670
37 	 0.30805	 0.30650	 0.30695	 0.31064	 0.31911	 0.33031	 0.34019	 0.34705	 0.35205	 0.35510	 0.35486	 0.35021	 0.34373	 0.33813	 0.33286	 0.32755	 0.32343	 0.32061	 0.31780	 0.31547	 0.31503	 0.31757	 0.32376	 0.33287	 0.34290	 0.35338	 0.36421	 0.37558	 0.39380	 0.42200	 0.45343	 0.48161	 0.50239	 0.51326	 0.51785	 0.51955	 0.51909	 0.51658	 0.51208	 0.50546	 0.49831	 0.49064	 0.48409	 0.47969	 0.47610	 0.47223	 0.46840	 0.46539	 0.46129	 0.45598	 0.44986	 0.44435	 0.43880	 0.43414	 0.43100	 0.42910	 0.42897	 0.42962	 0.43248	 0.43661	 0.44190	 0.44460	 0.44172	 0.43486	 0.42670	 0.42032	 0.41358	 0.40782	 0.40431	 0.39765	 0.39392
42 	 0.25957	 0.25811	 0.25903	 0.26343	 0.27256	 0.28426	 0.29464	 0.30201	 0.30736	 0.31064	 0.31079	 0.30678	 0.30066	 0.29508	 0.28998	 0.28484	 0.28080	 0.27806	 0.27536	 0.27313	 0.27274	 0.27523	 0.28144	 0.29052	 0.30059	 0.31113	 0.32193	 0.33326	 0.35118	 0.37871	 0.40947	 0.43697	 0.45692	 0.46716	 0.47143	 0.47291	 0.47227	 0.46976	 0.46547	 0.45909	 0.45215	 0.44463	 0.43824	 0.43402	 0.43058	 0.42690	 0.42321	 0.42023	 0.41612	 0.41101	 0.40495	 0.39965	 0.39434	 0.38978	 0.38647	 0.38447	 0.38445	 0.38498	 0.38719	 0.39018	 0.39453	 0.39703	 0.39512	 0.38985	 0.38340	 0.37750	 0.37123	 0.36537	 0.36103	 0.35516	 0.35115
47 	 0.31301	 0.31163	 0.31239	 0.31666	 0.32614	 0.33865	 0.34975	 0.35758	 0.36341	 0.36702	 0.36702	 0.36224	 0.35538	 0.34946	 0.34397	 0.33862	 0.33452	 0.33157	 0.32875	 0.32642	 0.32605	 0.32890	 0.33560	 0.34540	 0.35624	 0.36748	 0.37892	 0.39081	 0.40937	 0.43789	 0.46938	 0.49753	 0.51810	 0.52889	 0.53336	 0.53503	 0.53446	 0.53200	 0.52762	 0.52123	 0.51442	 0.50698	 0.50062	 0.49637	 0.49292	 0.48924	 0.48557	 0.48260	 0.47860	 0.47352	 0.46743	 0.46199	 0.45654	 0.45177	 0.44855	 0.44654	 0.44617	 0.44668	 0.44956	 0.45387	 0.45897	 0.46064	 0.45612	 0.44749	 0.43749	 0.42977	 0.42157	 0.41485	 0.41037	 0.40350	 0.39869
3 	 0.22986	 0.23030	 0.23379	 0.24239	 0.25817	 0.27832	 0.29658	 0.31041	 0.32100	 0.32859	 0.33148	 0.32826	 0.32160	 0.31453	 0.30801	 0.30246	 0.29871	 0.29619	 0.29334	 0.29090	 0.29035	 0.29347	 0.30175	 0.31393	 0.32743	 0.34187	 0.35602	 0.36918	 0.38810	 0.41632	 0.44802	 0.47791	 0.50099	 0.51430	 0.52063	 0.52330	 0.52405	 0.52240	 0.51859	 0.51314	 0.50716	 0.50030	 0.49461	 0.49082	 0.48732	 0.48409	 0.48106	 0.47879	 0.47530	 0.46981	 0.46338	 0.45729	 0.45126	 0.44632	 0.44296	 0.44028	 0.43913	 0.43900	 0.44036	 0.44197	 0.44103	 0.43371	 0.42023	 0.40410	 0.38671	 0.37103	 0.35604	 0.34269	 0.33174	 0.32119	 0.31286
8 	 0.18796	 0.18825	 0.19182	 0.20052	 0.21597	 0.23551	 0.25333	 0.26670	 0.27666	 0.28398	 0.28705	 0.28443	 0.27833	 0.27151	 0.26538	 0.26017	 0.25642	 0.25400	 0.25113	 0.24878	 0.24834	 0.25110	 0.25882	 0.27045	 0.28342	 0.29728	 0.31098	 0.32397	 0.34246	 0.37011	 0.40163	 0.43133	 0.45414	 0.46694	 0.47319	 0.47591	 0.47648	 0.47489	 0.47108	 0.46550	 0.45949	 0.45270	 0.44690	 0.44298	 0.43937	 0.43610	 0.43307	 0.43070	 0.42715	 0.42188	 0.41547	 0.40922	 0.40295	 0.39808	 0.39460	 0.39198	 0.39101	 0.39080	 0.39172	 0.39241	 0.39136	 0.38486	 0.37365	 0.36014	 0.34537	 0.33111	 0.31752	 0.30513	 0.29361	 0.28349	 0.27519
13 	 0.23417	 0.23438	 0.23780	 0.24668	 0.26327	 0.28449	 0.30393	 0.31824	 0.32895	 0.33685	 0.33999	 0.33680	 0.32993	 0.32259	 0.31602	 0.31042	 0.30640	 0.30360	 0.30049	 0.29798	 0.29767	 0.30089	 0.30917	 0.32176	 0.33584	 0.35080	 0.36553	 0.37929	 0.39865	 0.42747	 0.46018	 0.49071	 0.51431	 0.52753	 0.53384	 0.53677	 0.53735	 0.53593	 0.53230	 0.52657	 0.52034	 0.51344	 0.50761	 0.50373	 0.50037	 0.49699	 0.49385	 0.49138	 0.48784	 0.48270	 0.47630	 0.46995	 0.46349	 0.45822	 0.45471	 0.45219	 0.45096	 0.45060	 0.45206	 0.45347	 0.45282	 0.44524	 0.43073	 0.41328	 0.39484	 0.37794	 0.36228	 0.34873	 0.33711	 0.32570	 0.31730
18 	 0.18826	 0.18841	 0.19194	 0.20076	 0.21665	 0.23657	 0.25494	 0.26857	 0.27873	 0.28619	 0.28933	 0.28680	 0.28054	 0.27369	 0.26756	 0.26209	 0.25810	 0.25551	 0.25254	 0.25014	 0.24984	 0.25282	 0.26059	 0.27242	 0.28581	 0.30002	 0.31405	 0.32739	 0.34614	 0.37397	 0.40571	 0.43542	 0.45824	 0.47082	 0.47677	 0.47943	 0.47982	 0.47837	 0.47485	 0.46919	 0.46287	 0.45585	 0.44989	 0.44604	 0.44284	 0.43958	 0.43646	 0.43402	 0.43032	 0.42513	 0.41884	 0.41269	 0.40643	 0.40134	 0.39771	 0.39531	 0.39460	 0.39436	 0.39521	 0.39560	 0.39448	 0.38815	 0.37655	 0.36270	 0.34768	 0.33318	 0.31901	 0.30632	 0.29500	 0.28475	 0.27652
23 	 0.23281	 0.23294	 0.23645	 0.24543	 0.26216	 0.28333	 0.30266	 0.31698	 0.32786	 0.33581	 0.33897	 0.33581	 0.32889	 0.32166	 0.31512	 0.30925	 0.30515	 0.30241	 0.29935	 0.29679	 0.29645	 0.29981	 0.30812	 0.32062	 0.33479	 0.34975	 0.36450	 0.37829	 0.39763	 0.42629	 0.45841	 0.48827	 0.51140	 0.52434	 0.53036	 0.53313	 0.53353	 0.53211	 0.52872	 0.52314	 0.51699	 0.51004	 0.50409	 0.50025	 0.49728	 0.49407	 0.49091	 0.48846	 0.48485	 0.47971	 0.47335	 0.46725	 0.46104	 0.45573	 0.45216	 0.44967	 0.44867	 0.44832	 0.44969	 0.45095	 0.45012	 0.44295	 0.42865	 0.41125	 0.39308	 0.37666	 0.36073	 0.34720	 0.33564	 0.32443	 0.31625
28 	 0.18306	 0.18322	 0.18689	 0.19584	 0.21175	 0.23148	 0.24958	 0.26322	 0.27348	 0.28091	 0.28410	 0.28169	 0.27549	 0.26873	 0.26265	 0.25713	 0.25316	 0.25066	 0.24773	 0.24531	 0.24501	 0.24798	 0.25565	 0.26725	 0.28050	 0.29452	 0.30848	 0.32173	 0.34032	 0.36781	 0.39897	 0.42831	 0.45112	 0.46387	 0.46984	 0.47258	 0.47298	 0.47147	 0.46814	 0.46260	 0.45628	 0.44922	 0.44322	 0.43937	 0.43641	 0.43333	 0.43016	 0.42766	 0.42393	 0.41875	 0.41237	 0.40637	 0.40025	 0.39505	 0.39127	 0.38884	 0.38826	 0.38808	 0.38902	 0.38932	 0.38820	 0.38203	 0.37047	 0.35700	 0.34204	 0.32753	 0.31404	 0.30093	 0.28985	 0.27938	 0.27094
33 	 0.23138	 0.23150	 0.23497	 0.24384	 0.26013	 0.28070	 0.29963	 0.31374	 0.32442	 0.33216	 0.33528	 0.33225	 0.32551	 0.31842	 0.31200	 0.30624	 0.30219	 0.29954	 0.29647	 0.29389	 0.29352	 0.29676	 0.30482	 0.31704	 0.33093	 0.34554	 0.36004	 0.37357	 0.39245	 0.42055	 0.45210	 0.48152	 0.50442	 0.51730	 0.52334	 0.52612	 0.52654	 0.52509	 0.52173	 0.51622	 0.51009	 0.50311	 0.49719	 0.49338	 0.49049	 0.48730	 0.48411	 0.48168	 0.47809	 0.47293	 0.46664	 0.46070	 0.45453	 0.44926	 0.44569	 0.44328	 0.44233	 0.44212	 0.44351	 0.44467	 0.44394	 0.43700	 0.42302	 0.40629	 0.38856	 0.37223	 0.35689	 0.34348	 0.33218	 0.32129	 0.31272
38 	 0.18813	 0.18823	 0.19186	 0.20077	 0.21669	 0.23641	 0.25456	 0.26824	 0.27856	 0.28601	 0.28919	 0.28669	 0.28041	 0.27357	 0.26744	 0.26185	 0.25782	 0.25529	 0.25235	 0.24989	 0.24958	 0.25257	 0.26021	 0.27184	 0.28518	 0.29937	 0.31344	 0.32672	 0.34531	 0.37280	 0.40383	 0.43296	 0.45562	 0.46825	 0.47410	 0.47672	 0.47707	 0.47559	 0.47228	 0.46675	 0.46053	 0.45351	 0.44752	 0.44369	 0.44077	 0.43767	 0.43447	 0.43199	 0.42830	 0.42305	 0.41663	 0.41073	 0.40469	 0.39956	 0.39584	 0.39340	 0.39279	 0.39259	 0.39353	 0.39390	 0.39283	 0.38659	 0.37515	 0.36142	 0.34611	 0.33165	 0.31825	 0.30509	 0.29386	 0.28432	 0.27595
43 	 0.23004	 0.23022	 0.23389	 0.24305	 0.25985	 0.28093	 0.30020	 0.31461	 0.32561	 0.33359	 0.33685	 0.33384	 0.32683	 0.31955	 0.31303	 0.30723	 0.30312	 0.30029	 0.29721	 0.29457	 0.29419	 0.29762	 0.30590	 0.31836	 0.33263	 0.34761	 0.36246	 0.37632	 0.39548	 0.42393	 0.45569	 0.48520	 0.50808	 0.52091	 0.52673	 0.52918	 0.52946	 0.52792	 0.52453	 0.51904	 0.51290	 0.50597	 0.50009	 0.49631	 0.49345	 0.49031	 0.48713	 0.48461	 0.48096	 0.47593	 0.46954	 0.46363	 0.45772	 0.45237	 0.44870	 0.44622	 0.44533	 0.44501	 0.44633	 0.44739	 0.44645	 0.43913	 0.42500	 0.40769	 0.38950	 0.37294	 0.35730	 0.34335	 0.33205	 0.32087	 0.31264
48 	 0.19015	 0.19032	 0.19407	 0.20303	 0.21885	 0.23852	 0.25664	 0.27035	 0.28071	 0.28822	 0.29143	 0.28899	 0.28265	 0.27572	 0.26955	 0.26402	 0.25997	 0.25736	 0.25447	 0.25197	 0.25160	 0.25465	 0.26238	 0.27403	 0.28756	 0.30190	 0.31618	 0.32971	 0.34840	 0.37615	 0.40767	 0.43748	 0.46075	 0.47395	 0.48011	 0.48276	 0.48306	 0.48158	 0.47827	 0.47279	 0.46650	 0.45945	 0.45343	 0.44953	 0.44657	 0.44348	 0.44029	 0.43769	 0.43386	 0.42863	 0.42209	 0.41609	 0.41003	 0.40470	 0.40083	 0.39834	 0.39779	 0.39764	 0.39866	 0.39912	 0.39803	 0.39162	 0.37993	 0.36564	 0.34999	 0.33494	 0.32136	 0.30793	 0.29690	 0.28647	 0.27788
4 	 0.19934	 0.19943	 0.20261	 0.21073	 0.22548	 0.24437	 0.26180	 0.27529	 0.28561	 0.29307	 0.29604	 0.29324	 0.28686	 0.27977	 0.27325	 0.26769	 0.26382	 0.26123	 0.25824	 0.25564	 0.25478	 0.25728	 0.26490	 0.27644	 0.28951	 0.30386	 0.31808	 0.33129	 0.34978	 0.37724	 0.40867	 0.43922	 0.46359	 0.47809	 0.48545	 0.48884	 0.49015	 0.48902	 0.48564	 0.48049	 0.47477	 0.46804	 0.46238	 0.45860	 0.45521	 0.45223	 0.44941	 0.44730	 0.44382	 0.43819	 0.43145	 0.42493	 0.41849	 0.41330	 0.40958	 0.40667	 0.40574	 0.40617	 0.40802	 0.40961	 0.40878	 0.40220	 0.39031	 0.37573	 0.36014	 0.34534	 0.33126	 0.31849	 0.30722	 0.29668	 0.28828
9 	 0.23936	 0.23943	 0.24245	 0.25042	 0.26540	 0.28485	 0.30305	 0.31677	 0.32719	 0.33487	 0.33783	 0.33458	 0.32772	 0.32034	 0.31364	 0.30794	 0.30388	 0.30104	 0.29781	 0.29506	 0.29433	 0.29702	 0.30477	 0.31684	 0.33058	 0.34551	 0.36042	 0.37422	 0.39315	 0.42135	 0.45357	 0.48451	 0.50930	 0.52379	 0.53103	 0.53452	 0.53571	 0.53477	 0.53150	 0.52623	 0.52044	 0.51378	 0.50813	 0.50440	 0.50115	 0.49800	 0.49512	 0.49289	 0.48942	 0.48412	 0.47746	 0.47076	 0.46403	 0.45867	 0.45510	 0.45248	 0.45138	 0.45158	 0.45386	 0.45610	 0.45573	 0.44863	 0.43452	 0.41718	 0.39896	 0.38277	 0.36722	 0.35373	 0.34224	 0.33110	 0.32250
14 	 0.19632	 0.19626	 0.19936	 0.20740	 0.22212	 0.24097	 0.25866	 0.27211	 0.28223	 0.28961	 0.29265	 0.29000	 0.28363	 0.27648	 0.27012	 0.26461	 0.26058	 0.25784	 0.25467	 0.25203	 0.25138	 0.25391	 0.26118	 0.27266	 0.28585	 0.30028	 0.31472	 0.32819	 0.34666	 0.37402	 0.40552	 0.43568	 0.45953	 0.47320	 0.48007	 0.48346	 0.48440	 0.48345	 0.48039	 0.47517	 0.46932	 0.46266	 0.45697	 0.45327	 0.45021	 0.44719	 0.44434	 0.44212	 0.43860	 0.43340	 0.42690	 0.42047	 0.41387	 0.40858	 0.40490	 0.40238	 0.40161	 0.40183	 0.40359	 0.40484	 0.40430	 0.39830	 0.38639	 0.37209	 0.35669	 0.34213	 0.32831	 0.31563	 0.30450	 0.29410	 0.28576
19 	 0.23908	 0.23891	 0.24189	 0.24979	 0.26461	 0.28372	 0.30161	 0.31514	 0.32554	 0.33315	 0.33608	 0.33297	 0.32619	 0.31893	 0.31235	 0.30658	 0.30244	 0.29959	 0.29638	 0.29363	 0.29296	 0.29580	 0.30334	 0.31513	 0.32873	 0.34346	 0.35835	 0.37207	 0.39092	 0.41887	 0.45070	 0.48125	 0.50578	 0.52003	 0.52708	 0.53054	 0.53155	 0.53067	 0.52770	 0.52249	 0.51666	 0.50988	 0.50410	 0.50047	 0.49762	 0.49460	 0.49167	 0.48944	 0.48597	 0.48072	 0.47414	 0.46768	 0.46107	 0.45559	 0.45182	 0.44928	 0.44838	 0.44861	 0.45096	 0.45300	 0.45285	 0.44607	 0.43216	 0.41500	 0.39700	 0.38103	 0.36589	 0.35267	 0.34129	 0.33025	 0.32148
24 	 0.19263	 0.19250	 0.19571	 0.20385	 0.21859	 0.23718	 0.25466	 0.26810	 0.27833	 0.28575	 0.28891	 0.28642	 0.28005	 0.27305	 0.26679	 0.26110	 0.25702	 0.25436	 0.25122	 0.24856	 0.24795	 0.25051	 0.25772	 0.26908	 0.28235	 0.29675	 0.31118	 0.32470	 0.34322	 0.37056	 0.40201	 0.43244	 0.45698	 0.47138	 0.47855	 0.48213	 0.48314	 0.48226	 0.47946	 0.47431	 0.46833	 0.46146	 0.45557	 0.45186	 0.44903	 0.44610	 0.44321	 0.44090	 0.43729	 0.43188	 0.42522	 0.41883	 0.41226	 0.40673	 0.40280	 0.40029	 0.39979	 0.40012	 0.40185	 0.40295	 0.40222	 0.39596	 0.38421	 0.36971	 0.35405	 0.33921	 0.32526	 0.31209	 0.30086	 0.29027	 0.28231
29 	 0.23588	 0.23576	 0.23881	 0.24694	 0.26209	 0.28141	 0.29943	 0.31314	 0.32372	 0.33132	 0.33428	 0.33122	 0.32438	 0.31717	 0.31062	 0.30471	 0.30052	 0.29769	 0.29448	 0.29169	 0.29094	 0.29378	 0.30137	 0.31315	 0.32690	 0.34172	 0.35656	 0.37023	 0.38897	 0.41659	 0.44792	 0.47790	 0.50203	 0.51615	 0.52301	 0.52635	 0.52724	 0.52625	 0.52338	 0.51831	 0.51249	 0.50577	 0.50004	 0.49640	 0.49373	 0.49089	 0.48799	 0.48575	 0.48225	 0.47701	 0.47043	 0.46415	 0.45781	 0.45230	 0.44848	 0.44605	 0.44535	 0.44573	 0.44815	 0.45014	 0.44994	 0.44342	 0.42987	 0.41287	 0.39486	 0.37887	 0.36364	 0.35039	 0.33941	 0.32824	 0.32020
34 	 0.19506	 0.19489	 0.19804	 0.20616	 0.22086	 0.23935	 0.25669	 0.27012	 0.28040	 0.28781	 0.29095	 0.28840	 0.28208	 0.27515	 0.26885	 0.26314	 0.25901	 0.25639	 0.25327	 0.25057	 0.24991	 0.25246	 0.25964	 0.27090	 0.28412	 0.29846	 0.31292	 0.32641	 0.34474	 0.37179	 0.40280	 0.43290	 0.45730	 0.47170	 0.47891	 0.48252	 0.48363	 0.48275	 0.47997	 0.47493	 0.46903	 0.46216	 0.45627	 0.45262	 0.44994	 0.44713	 0.44423	 0.44194	 0.43830	 0.43297	 0.42633	 0.41995	 0.41344	 0.40795	 0.40397	 0.40145	 0.40094	 0.40133	 0.40318	 0.40430	 0.40357	 0.39751	 0.38579	 0.37130	 0.35568	 0.34098	 0.32724	 0.31431	 0.30286	 0.29284	 0.28453
39 	 0.23456	 0.23437	 0.23745	 0.24556	 0.26047	 0.27949	 0.29726	 0.31093	 0.32152	 0.32918	 0.33223	 0.32922	 0.32235	 0.31508	 0.30850	 0.30255	 0.29833	 0.29547	 0.29231	 0.28948	 0.28876	 0.29153	 0.29907	 0.31078	 0.32453	 0.33952	 0.35458	 0.36842	 0.38728	 0.41521	 0.44683	 0.47745	 0.50236	 0.51706	 0.52421	 0.52765	 0.52862	 0.52771	 0.52489	 0.51974	 0.51385	 0.50703	 0.50121	 0.49758	 0.49495	 0.49206	 0.48908	 0.48677	 0.48324	 0.47794	 0.47119	 0.46477	 0.45834	 0.45273	 0.44880	 0.44622	 0.44550	 0.44588	 0.44832	 0.45046	 0.45036	 0.44357	 0.42974	 0.41269	 0.39452	 0.37846	 0.36301	 0.34925	 0.33824	 0.32702	 0.31834
44 	 0.19783	 0.19775	 0.20102	 0.20930	 0.22411	 0.24274	 0.26013	 0.27361	 0.28399	 0.29151	 0.29473	 0.29225	 0.28583	 0.27878	 0.27242	 0.26673	 0.26259	 0.25977	 0.25666	 0.25388	 0.25315	 0.25579	 0.26309	 0.27443	 0.28789	 0.30256	 0.31730	 0.33100	 0.34944	 0.37677	 0.40806	 0.43866	 0.46352	 0.47831	 0.48558	 0.48897	 0.48990	 0.48901	 0.48616	 0.48103	 0.47504	 0.46809	 0.46210	 0.45832	 0.45562	 0.45278	 0.44984	 0.44744	 0.44383	 0.43851	 0.43157	 0.42514	 0.41876	 0.41314	 0.40913	 0.40659	 0.40619	 0.40669	 0.40878	 0.41022	 0.40975	 0.40366	 0.39175	 0.37698	 0.36089	 0.34561	 0.33164	 0.31869	 0.30728	 0.29686	 0.28847
49 	 0.23664	 0.23653	 0.23969	 0.24788	 0.26292	 0.28201	 0.29984	 0.31352	 0.32415	 0.33183	 0.33488	 0.33186	 0.32498	 0.31775	 0.31120	 0.30534	 0.30115	 0.29824	 0.29500	 0.29211	 0.29130	 0.29414	 0.30166	 0.31332	 0.32711	 0.34205	 0.35707	 0.37088	 0.38947	 0.41715	 0.44850	 0.47882	 0.50353	 0.51816	 0.52525	 0.52860	 0.52947	 0.52851	 0.52563	 0.52054	 0.51470	 0.50787	 0.50204	 0.49844	 0.49582	 0.49296	 0.49003	 0.48773	 0.48414	 0.47890	 0.47214	 0.46579	 0.45945	 0.45384	 0.44996	 0.44743	 0.44676	 0.44715	 0.44955	 0.45162	 0.45138	 0.44465	 0.43088	 0.41386	 0.39581	 0.37937	 0.36401	 0.35049	 0.33954	 0.32829	 0.31997
5 	 0.30034	 0.29948	 0.30072	 0.30592	 0.31728	 0.33308	 0.34756	 0.35837	 0.36682	 0.37286	 0.37428	 0.36965	 0.36211	 0.35484	 0.34835	 0.34275	 0.33874	 0.33581	 0.33273	 0.33011	 0.32933	 0.33196	 0.33937	 0.35049	 0.36267	 0.37582	 0.38887	 0.40164	 0.42062	 0.44916	 0.48099	 0.51015	 0.53212	 0.54437	 0.55017	 0.55264	 0.55304	 0.55115	 0.54713	 0.54160	 0.53587	 0.52939	 0.52408	 0.52043	 0.51703	 0.51382	 0.51089	 0.50866	 0.50523	 0.50011	 0.49406	 0.48813	 0.48214	 0.47722	 0.47396	 0.47116	 0.46956	 0.46943	 0.47201	 0.47632	 0.47953	 0.47679	 0.46726	 0.45366	 0.43951	 0.42754	 0.41498	 0.40556	 0.39814	 0.38894	 0.38270
10 	 0.25197	 0.25104	 0.25244	 0.25779	 0.26908	 0.28442	 0.29878	 0.30957	 0.31778	 0.32360	 0.32525	 0.32122	 0.31414	 0.30704	 0.30086	 0.29552	 0.29152	 0.28873	 0.28562	 0.28309	 0.28243	 0.28481	 0.29176	 0.30243	 0.31424	 0.32694	 0.33976	 0.35242	 0.37101	 0.39878	 0.43007	 0.45866	 0.48002	 0.49157	 0.49716	 0.49970	 0.49992	 0.49817	 0.49441	 0.48891	 0.48309	 0.47672	 0.47139	 0.46783	 0.46457	 0.46147	 0.45861	 0.45631	 0.45288	 0.44794	 0.44200	 0.43619	 0.43014	 0.42532	 0.42192	 0.41923	 0.41786	 0.41759	 0.41968	 0.42286	 0.42567	 0.42364	 0.41606	 0.40534	 0.39380	 0.38348	 0.37256	 0.36310	 0.35549	 0.34716	 0.34056
15 	 0.29823	 0.29717	 0.29836	 0.30372	 0.31557	 0.33179	 0.34687	 0.35809	 0.36675	 0.37291	 0.37443	 0.36984	 0.36209	 0.35463	 0.34816	 0.34252	 0.33831	 0.33526	 0.33206	 0.32945	 0.32886	 0.33164	 0.33895	 0.35019	 0.36270	 0.37600	 0.38933	 0.40240	 0.42156	 0.45003	 0.48173	 0.51028	 0.53152	 0.54292	 0.54824	 0.55071	 0.55086	 0.54920	 0.54560	 0.54011	 0.53438	 0.52807	 0.52287	 0.51949	 0.51650	 0.51336	 0.51051	 0.50830	 0.50489	 0.50013	 0.49439	 0.48871	 0.48277	 0.47782	 0.47448	 0.47188	 0.47038	 0.47013	 0.47286	 0.47704	 0.48061	 0.47835	 0.46839	 0.45450	 0.44030	 0.42844	 0.41596	 0.40580	 0.39831	 0.38889	 0.38233
20 	 0.25268	 0.25161	 0.25306	 0.25860	 0.27032	 0.28613	 0.30100	 0.31221	 0.32085	 0.32700	 0.32873	 0.32463	 0.31726	 0.30989	 0.30356	 0.29791	 0.29367	 0.29072	 0.28763	 0.28509	 0.28450	 0.28716	 0.29424	 0.30509	 0.31739	 0.33056	 0.34378	 0.35686	 0.37599	 0.40430	 0.43593	 0.46459	 0.48580	 0.49709	 0.50237	 0.50476	 0.50485	 0.50319	 0.49977	 0.49432	 0.48847	 0.48198	 0.47657	 0.47313	 0.47027	 0.46722	 0.46429	 0.46199	 0.45843	 0.45351	 0.44761	 0.44193	 0.43606	 0.43109	 0.42748	 0.42478	 0.42354	 0.42332	 0.42554	 0.42867	 0.43158	 0.42969	 0.42134	 0.40993	 0.39738	 0.38634	 0.37535	 0.36540	 0.35746	 0.34879	 0.34212
25 	 0.30109	 0.29999	 0.30120	 0.30649	 0.31800	 0.33356	 0.34797	 0.35863	 0.36683	 0.37265	 0.37406	 0.36959	 0.36213	 0.35508	 0.34881	 0.34304	 0.33883	 0.33585	 0.33268	 0.33002	 0.32938	 0.33217	 0.33925	 0.35004	 0.36220	 0.37506	 0.38802	 0.40073	 0.41940	 0.44723	 0.47794	 0.50574	 0.52669	 0.53797	 0.54305	 0.54532	 0.54533	 0.54357	 0.54006	 0.53448	 0.52851	 0.52195	 0.51650	 0.51311	 0.51038	 0.50731	 0.50429	 0.50191	 0.49836	 0.49351	 0.48767	 0.48221	 0.47654	 0.47156	 0.46816	 0.46567	 0.46450	 0.46430	 0.46690	 0.47069	 0.47413	 0.47235	 0.46324	 0.45039	 0.43656	 0.42479	 0.41337	 0.40401	 0.39685	 0.38793	 0.38216
30 	 0.25973	 0.25848	 0.25967	 0.26485	 0.27594	 0.29068	 0.30448	 0.31500	 0.32316	 0.32878	 0.33025	 0.32619	 0.31899	 0.31204	 0.30588	 0.30020	 0.29597	 0.29307	 0.28995	 0.28732	 0.28661	 0.28909	 0.29589	 0.30627	 0.31811	 0.33079	 0.34358	 0.35620	 0.37477	 0.40237	 0.43314	 0.46123	 0.48230	 0.49373	 0.49905	 0.50145	 0.50145	 0.49966	 0.49623	 0.49084	 0.48496	 0.47839	 0.47294	 0.46953	 0.46684	 0.46396	 0.46103	 0.45870	 0.45506	 0.45007	 0.44418	 0.43870	 0.43295	 0.42790	 0.42422	 0.42155	 0.42037	 0.42016	 0.42245	 0.42573	 0.42895	 0.42778	 0.42050	 0.41011	 0.39866	 0.38833	 0.37839	 0.36916	 0.36225	 0.35394	 0.34828
35 	 0.30402	 0.30283	 0.30397	 0.30923	 0.32094	 0.33681	 0.35161	 0.36270	 0.37141	 0.37756	 0.37907	 0.37443	 0.36659	 0.35924	 0.35269	 0.34677	 0.34250	 0.33941	 0.33614	 0.33341	 0.33270	 0.33555	 0.34286	 0.35395	 0.36655	 0.37996	 0.39344	 0.40656	 0.42576	 0.45431	 0.48587	 0.51458	 0.53621	 0.54810	 0.55358	 0.55603	 0.55615	 0.55445	 0.55096	 0.54544	 0.53951	 0.53291	 0.52748	 0.52405	 0.52135	 0.51833	 0.51531	 0.51293	 0.50938	 0.50448	 0.49852	 0.49284	 0.48698	 0.48181	 0.47823	 0.47556	 0.47420	 0.47403	 0.47699	 0.48130	 0.48495	 0.48278	 0.47298	 0.45897	 0.44441	 0.43218	 0.41973	 0.41049	 0.40287	 0.39327	 0.38739
40 	 0.25839	 0.25731	 0.25882	 0.26439	 0.27607	 0.29154	 0.30598	 0.31695	 0.32549	 0.33147	 0.33314	 0.32913	 0.32188	 0.31483	 0.30867	 0.30299	 0.29877	 0.29593	 0.29290	 0.29030	 0.28962	 0.29229	 0.29930	 0.30992	 0.32207	 0.33502	 0.34810	 0.36096	 0.37963	 0.40739	 0.43818	 0.46629	 0.48748	 0.49898	 0.50426	 0.50657	 0.50661	 0.50488	 0.50152	 0.49611	 0.49016	 0.48361	 0.47818	 0.47477	 0.47212	 0.46918	 0.46622	 0.46388	 0.46022	 0.45528	 0.44929	 0.44374	 0.43804	 0.43296	 0.42923	 0.42648	 0.42537	 0.42518	 0.42740	 0.43053	 0.43341	 0.43165	 0.42372	 0.41248	 0.40011	 0.38903	 0.37824	 0.36851	 0.36101	 0.35253	 0.34606
45 	 0.30164	 0.30052	 0.30173	 0.30689	 0.31809	 0.33328	 0.34735	 0.35793	 0.36617	 0.37198	 0.37336	 0.36882	 0.36115	 0.35395	 0.34757	 0.34177	 0.33746	 0.33431	 0.33108	 0.32828	 0.32749	 0.33020	 0.33726	 0.34798	 0.36022	 0.37330	 0.38648	 0.39926	 0.41791	 0.44590	 0.47669	 0.50460	 0.52568	 0.53712	 0.54216	 0.54428	 0.54420	 0.54239	 0.53885	 0.53340	 0.52749	 0.52091	 0.51543	 0.51201	 0.50931	 0.50635	 0.50337	 0.50097	 0.49739	 0.49258	 0.48657	 0.48106	 0.47547	 0.47036	 0.46686	 0.46429	 0.46318	 0.46317	 0.46604	 0.47024	 0.47411	 0.47269	 0.46404	 0.45141	 0.43771	 0.42667	 0.41542	 0.40618	 0.39934	 0.39055	 0.38444
50 	 0.24879	 0.24779	 0.24948	 0.25522	 0.26686	 0.28231	 0.29677	 0.30788	 0.31656	 0.32270	 0.32461	 0.32079	 0.31353	 0.30641	 0.30024	 0.29469	 0.29055	 0.28764	 0.28460	 0.28200	 0.28138	 0.28402	 0.29103	 0.30170	 0.31397	 0.32711	 0.34039	 0.35350	 0.37231	 0.40030	 0.43161	 0.46038	 0.48214	 0.49417	 0.49969	 0.50208	 0.50211	 0.50038	 0.49698	 0.49164	 0.48569	 0.47909	 0.47357	 0.47004	 0.46739	 0.46447	 0.46151	 0.45901	 0.45527	 0.45033	 0.44422	 0.43871	 0.43298	 0.42778	 0.42397	 0.42123	 0.42019	 0.41998	 0.42217	 0.42524	 0.42785	 0.42577	 0.41761	 0.40611	 0.39348	 0.38204	 0.37126	 0.36132	 0.35330	 0.34455	 0.33824
