1 	 0.24039	 0.24037	 0.24316	 0.25150	 0.26671	 0.28713	 0.30591	 0.32116	 0.33320	 0.34226	 0.34584	 0.34272	 0.33531	 0.32704	 0.31976	 0.31471	 0.31178	 0.30923	 0.30619	 0.30319	 0.30229	 0.30537	 0.31312	 0.32386	 0.33794	 0.35315	 0.36761	 0.38106	 0.39953	 0.42643	 0.45569	 0.48284	 0.50436	 0.51775	 0.52406	 0.52633	 0.52773	 0.52614	 0.52187	 0.51732	 0.51160	 0.50528	 0.50055	 0.49746	 0.49549	 0.49279	 0.49078	 0.48905	 0.48577	 0.48061	 0.47444	 0.46940	 0.46350	 0.45810	 0.45465	 0.45257	 0.45195	 0.45276	 0.45449	 0.45622	 0.45583	 0.44964	 0.43605	 0.41860	 0.39771	 0.37992	 0.36240	 0.34803	 0.33614	 0.32584	 0.31787
6 	 0.20219	 0.20219	 0.20503	 0.21334	 0.22875	 0.24843	 0.26590	 0.27992	 0.29082	 0.29934	 0.30292	 0.30009	 0.29309	 0.28495	 0.27806	 0.27335	 0.27047	 0.26793	 0.26496	 0.26203	 0.26125	 0.26438	 0.27188	 0.28226	 0.29575	 0.31089	 0.32490	 0.33806	 0.35628	 0.38288	 0.41181	 0.43911	 0.46041	 0.47329	 0.47907	 0.48097	 0.48205	 0.48050	 0.47611	 0.47145	 0.46577	 0.45966	 0.45501	 0.45168	 0.44948	 0.44685	 0.44478	 0.44303	 0.43979	 0.43445	 0.42807	 0.42310	 0.41734	 0.41198	 0.40862	 0.40640	 0.40584	 0.40656	 0.40766	 0.40806	 0.40655	 0.39934	 0.38679	 0.37156	 0.35440	 0.33873	 0.32453	 0.31138	 0.30072	 0.29096	 0.28350
11 	 0.24236	 0.24247	 0.24526	 0.25350	 0.26909	 0.28922	 0.30788	 0.32292	 0.33448	 0.34353	 0.34749	 0.34421	 0.33695	 0.32864	 0.32140	 0.31636	 0.31324	 0.31076	 0.30755	 0.30458	 0.30377	 0.30720	 0.31473	 0.32558	 0.33942	 0.35475	 0.36922	 0.38249	 0.40072	 0.42747	 0.45645	 0.48390	 0.50538	 0.51791	 0.52357	 0.52540	 0.52626	 0.52468	 0.52039	 0.51576	 0.51041	 0.50455	 0.50000	 0.49667	 0.49463	 0.49211	 0.48988	 0.48820	 0.48507	 0.47979	 0.47372	 0.46897	 0.46326	 0.45782	 0.45425	 0.45182	 0.45122	 0.45213	 0.45388	 0.45552	 0.45554	 0.44913	 0.43608	 0.41840	 0.39786	 0.38007	 0.36221	 0.34834	 0.33662	 0.32639	 0.31896
16 	 0.19907	 0.19916	 0.20197	 0.21039	 0.22619	 0.24598	 0.26365	 0.27778	 0.28857	 0.29726	 0.30103	 0.29807	 0.29098	 0.28269	 0.27577	 0.27096	 0.26779	 0.26531	 0.26208	 0.25919	 0.25844	 0.26171	 0.26920	 0.27988	 0.29353	 0.30890	 0.32322	 0.33649	 0.35487	 0.38164	 0.41109	 0.43907	 0.46087	 0.47362	 0.47931	 0.48107	 0.48171	 0.47998	 0.47563	 0.47088	 0.46544	 0.45949	 0.45488	 0.45139	 0.44921	 0.44670	 0.44438	 0.44253	 0.43932	 0.43398	 0.42778	 0.42284	 0.41700	 0.41155	 0.40788	 0.40537	 0.40466	 0.40533	 0.40667	 0.40747	 0.40628	 0.39904	 0.38671	 0.37127	 0.35376	 0.33827	 0.32450	 0.31099	 0.29973	 0.29015	 0.28233
21 	 0.24508	 0.24519	 0.24807	 0.25661	 0.27242	 0.29275	 0.31183	 0.32722	 0.33889	 0.34813	 0.35214	 0.34887	 0.34150	 0.33302	 0.32570	 0.32064	 0.31728	 0.31481	 0.31144	 0.30849	 0.30773	 0.31115	 0.31876	 0.32993	 0.34408	 0.35961	 0.37430	 0.38775	 0.40611	 0.43307	 0.46237	 0.49023	 0.51206	 0.52477	 0.53047	 0.53240	 0.53329	 0.53176	 0.52756	 0.52300	 0.51760	 0.51172	 0.50722	 0.50384	 0.50176	 0.49927	 0.49693	 0.49518	 0.49215	 0.48684	 0.48072	 0.47576	 0.46992	 0.46444	 0.46083	 0.45841	 0.45773	 0.45861	 0.46048	 0.46227	 0.46206	 0.45559	 0.44245	 0.42418	 0.40286	 0.38474	 0.36690	 0.35233	 0.34046	 0.32973	 0.32234
26 	 0.19333	 0.19341	 0.19630	 0.20465	 0.22034	 0.23982	 0.25723	 0.27098	 0.28149	 0.28997	 0.29362	 0.29070	 0.28378	 0.27577	 0.26905	 0.26423	 0.26111	 0.25865	 0.25543	 0.25264	 0.25193	 0.25507	 0.26238	 0.27307	 0.28655	 0.30164	 0.31578	 0.32892	 0.34710	 0.37370	 0.40301	 0.43088	 0.45281	 0.46552	 0.47121	 0.47305	 0.47373	 0.47205	 0.46777	 0.46309	 0.45769	 0.45172	 0.44705	 0.44350	 0.44140	 0.43891	 0.43639	 0.43458	 0.43143	 0.42616	 0.42000	 0.41488	 0.40908	 0.40362	 0.39997	 0.39756	 0.39684	 0.39744	 0.39883	 0.39965	 0.39827	 0.39101	 0.37897	 0.36364	 0.34714	 0.33187	 0.31814	 0.30524	 0.29437	 0.28493	 0.27705
31 	 0.24567	 0.24575	 0.24865	 0.25738	 0.27343	 0.29404	 0.31341	 0.32897	 0.34081	 0.35019	 0.35420	 0.35084	 0.34343	 0.33489	 0.32755	 0.32239	 0.31896	 0.31645	 0.31307	 0.31010	 0.30946	 0.31279	 0.32054	 0.33198	 0.34637	 0.36201	 0.37684	 0.39044	 0.40896	 0.43607	 0.46566	 0.49378	 0.51591	 0.52869	 0.53441	 0.53645	 0.53730	 0.53569	 0.53145	 0.52681	 0.52141	 0.51554	 0.51099	 0.50762	 0.50558	 0.50314	 0.50076	 0.49901	 0.49592	 0.49075	 0.48471	 0.47970	 0.47390	 0.46837	 0.46473	 0.46224	 0.46152	 0.46226	 0.46422	 0.46598	 0.46574	 0.45905	 0.44543	 0.42689	 0.40526	 0.38685	 0.36854	 0.35373	 0.34154	 0.33085	 0.32294
36 	 0.19937	 0.19940	 0.20226	 0.21071	 0.22640	 0.24599	 0.26365	 0.27766	 0.28841	 0.29702	 0.30072	 0.29780	 0.29071	 0.28263	 0.27590	 0.27102	 0.26780	 0.26534	 0.26213	 0.25933	 0.25865	 0.26180	 0.26915	 0.27997	 0.29360	 0.30884	 0.32311	 0.33633	 0.35460	 0.38134	 0.41087	 0.43906	 0.46118	 0.47406	 0.47994	 0.48191	 0.48257	 0.48082	 0.47658	 0.47184	 0.46648	 0.46051	 0.45587	 0.45238	 0.45027	 0.44775	 0.44529	 0.44342	 0.44022	 0.43505	 0.42891	 0.42375	 0.41795	 0.41241	 0.40873	 0.40624	 0.40544	 0.40605	 0.40755	 0.40860	 0.40732	 0.40002	 0.38753	 0.37151	 0.35415	 0.33855	 0.32450	 0.31101	 0.29978	 0.28975	 0.28215
41 	 0.24560	 0.24569	 0.24859	 0.25724	 0.27319	 0.29367	 0.31304	 0.32855	 0.34035	 0.34970	 0.35365	 0.35029	 0.34278	 0.33427	 0.32698	 0.32182	 0.31841	 0.31589	 0.31248	 0.30956	 0.30892	 0.31222	 0.31997	 0.33149	 0.34586	 0.36154	 0.37639	 0.39002	 0.40862	 0.43578	 0.46561	 0.49381	 0.51593	 0.52853	 0.53415	 0.53611	 0.53682	 0.53511	 0.53092	 0.52628	 0.52099	 0.51512	 0.51057	 0.50724	 0.50522	 0.50278	 0.50036	 0.49861	 0.49556	 0.49041	 0.48439	 0.47936	 0.47352	 0.46807	 0.46439	 0.46184	 0.46107	 0.46187	 0.46386	 0.46577	 0.46554	 0.45888	 0.44543	 0.42698	 0.40519	 0.38661	 0.36854	 0.35414	 0.34134	 0.33071	 0.32288
46 	 0.19189	 0.19196	 0.19497	 0.20344	 0.21919	 0.23871	 0.25611	 0.26981	 0.28022	 0.28868	 0.29227	 0.28940	 0.28256	 0.27458	 0.26793	 0.26307	 0.25985	 0.25740	 0.25414	 0.25133	 0.25067	 0.25374	 0.26106	 0.27191	 0.28536	 0.30043	 0.31457	 0.32768	 0.34577	 0.37216	 0.40136	 0.42917	 0.45095	 0.46345	 0.46901	 0.47080	 0.47133	 0.46947	 0.46523	 0.46053	 0.45514	 0.44917	 0.44447	 0.44092	 0.43879	 0.43632	 0.43383	 0.43191	 0.42887	 0.42369	 0.41767	 0.41255	 0.40679	 0.40144	 0.39781	 0.39544	 0.39483	 0.39543	 0.39677	 0.39738	 0.39567	 0.38813	 0.37601	 0.36067	 0.34441	 0.32936	 0.31616	 0.30315	 0.29240	 0.28233	 0.27497
2 	 0.24781	 0.24635	 0.24683	 0.25079	 0.25999	 0.27316	 0.28467	 0.29356	 0.29985	 0.30414	 0.30466	 0.30076	 0.29462	 0.28797	 0.28202	 0.27739	 0.27433	 0.27179	 0.26930	 0.26698	 0.26655	 0.26942	 0.27605	 0.28442	 0.29508	 0.30658	 0.31759	 0.32960	 0.34904	 0.37872	 0.41112	 0.43928	 0.45964	 0.47140	 0.47653	 0.47786	 0.47831	 0.47549	 0.46944	 0.46292	 0.45531	 0.44727	 0.44092	 0.43609	 0.43249	 0.42819	 0.42465	 0.42153	 0.41716	 0.41135	 0.40479	 0.39965	 0.39380	 0.38856	 0.38538	 0.38359	 0.38345	 0.38471	 0.38691	 0.39015	 0.39469	 0.39825	 0.39737	 0.39383	 0.38599	 0.37886	 0.36996	 0.36249	 0.35597	 0.34894	 0.34419
7 	 0.28816	 0.28672	 0.28692	 0.29034	 0.29859	 0.31088	 0.32228	 0.33122	 0.33729	 0.34151	 0.34229	 0.33830	 0.33224	 0.32568	 0.31957	 0.31507	 0.31195	 0.30956	 0.30683	 0.30454	 0.30410	 0.30706	 0.31323	 0.32132	 0.33135	 0.34235	 0.35308	 0.36453	 0.38328	 0.41223	 0.44358	 0.47149	 0.49167	 0.50291	 0.50758	 0.50869	 0.50890	 0.50609	 0.50004	 0.49356	 0.48618	 0.47849	 0.47241	 0.46768	 0.46407	 0.46000	 0.45647	 0.45361	 0.44958	 0.44371	 0.43723	 0.43238	 0.42685	 0.42172	 0.41853	 0.41677	 0.41688	 0.41856	 0.42131	 0.42543	 0.43145	 0.43650	 0.43646	 0.43226	 0.42260	 0.41458	 0.40378	 0.39586	 0.38901	 0.38186	 0.37817
12 	 0.25024	 0.24868	 0.24882	 0.25212	 0.26038	 0.27211	 0.28249	 0.29041	 0.29563	 0.29944	 0.30002	 0.29607	 0.29016	 0.28363	 0.27786	 0.27335	 0.27016	 0.26771	 0.26496	 0.26257	 0.26197	 0.26484	 0.27076	 0.27864	 0.28849	 0.29956	 0.31026	 0.32171	 0.34059	 0.36979	 0.40179	 0.43044	 0.45113	 0.46248	 0.46713	 0.46812	 0.46811	 0.46525	 0.45922	 0.45262	 0.44524	 0.43749	 0.43133	 0.42628	 0.42260	 0.41856	 0.41485	 0.41182	 0.40769	 0.40169	 0.39505	 0.39002	 0.38424	 0.37901	 0.37558	 0.37354	 0.37356	 0.37519	 0.37769	 0.38125	 0.38635	 0.39068	 0.39153	 0.38920	 0.38307	 0.37720	 0.36938	 0.36255	 0.35685	 0.35027	 0.34646
17 	 0.29273	 0.29135	 0.29160	 0.29538	 0.30421	 0.31691	 0.32890	 0.33834	 0.34448	 0.34906	 0.35002	 0.34577	 0.33961	 0.33293	 0.32679	 0.32210	 0.31879	 0.31642	 0.31361	 0.31130	 0.31090	 0.31402	 0.32032	 0.32883	 0.33919	 0.35038	 0.36132	 0.37286	 0.39153	 0.42025	 0.45125	 0.47872	 0.49853	 0.50912	 0.51341	 0.51435	 0.51434	 0.51160	 0.50580	 0.49943	 0.49238	 0.48501	 0.47911	 0.47447	 0.47104	 0.46721	 0.46369	 0.46099	 0.45707	 0.45142	 0.44520	 0.44046	 0.43506	 0.42993	 0.42661	 0.42464	 0.42460	 0.42611	 0.42887	 0.43306	 0.43903	 0.44373	 0.44368	 0.43836	 0.42815	 0.41996	 0.40843	 0.40000	 0.39258	 0.38517	 0.38155
22 	 0.24852	 0.24720	 0.24769	 0.25177	 0.26118	 0.27396	 0.28535	 0.29404	 0.29973	 0.30405	 0.30484	 0.30098	 0.29500	 0.28843	 0.28265	 0.27814	 0.27491	 0.27252	 0.26976	 0.26745	 0.26709	 0.27013	 0.27632	 0.28467	 0.29488	 0.30615	 0.31697	 0.32837	 0.34687	 0.37524	 0.40609	 0.43373	 0.45374	 0.46452	 0.46896	 0.46997	 0.46989	 0.46716	 0.46143	 0.45503	 0.44798	 0.44062	 0.43471	 0.42990	 0.42643	 0.42256	 0.41897	 0.41623	 0.41229	 0.40648	 0.40013	 0.39525	 0.38980	 0.38462	 0.38122	 0.37910	 0.37901	 0.38028	 0.38247	 0.38521	 0.38936	 0.39224	 0.39197	 0.38827	 0.38106	 0.37448	 0.36607	 0.35868	 0.35210	 0.34520	 0.34137
27 	 0.29682	 0.29551	 0.29591	 0.30023	 0.30992	 0.32368	 0.33694	 0.34737	 0.35441	 0.35950	 0.36067	 0.35621	 0.34955	 0.34247	 0.33604	 0.33114	 0.32767	 0.32527	 0.32234	 0.32005	 0.31986	 0.32305	 0.32982	 0.33921	 0.35049	 0.36249	 0.37426	 0.38648	 0.40576	 0.43528	 0.46708	 0.49528	 0.51571	 0.52653	 0.53117	 0.53232	 0.53241	 0.52980	 0.52422	 0.51804	 0.51120	 0.50402	 0.49826	 0.49367	 0.49043	 0.48672	 0.48313	 0.48046	 0.47666	 0.47100	 0.46476	 0.45981	 0.45430	 0.44904	 0.44560	 0.44347	 0.44324	 0.44467	 0.44760	 0.45214	 0.45800	 0.46180	 0.46036	 0.45325	 0.44054	 0.43018	 0.41666	 0.40740	 0.39945	 0.39131	 0.38742
32 	 0.24303	 0.24165	 0.24217	 0.24617	 0.25532	 0.26767	 0.27868	 0.28707	 0.29262	 0.29678	 0.29749	 0.29368	 0.28779	 0.28133	 0.27568	 0.27119	 0.26792	 0.26554	 0.26274	 0.26042	 0.26005	 0.26275	 0.26872	 0.27693	 0.28688	 0.29789	 0.30851	 0.31966	 0.33772	 0.36536	 0.39551	 0.42252	 0.44222	 0.45281	 0.45714	 0.45812	 0.45798	 0.45516	 0.44956	 0.44339	 0.43658	 0.42934	 0.42354	 0.41883	 0.41559	 0.41188	 0.40830	 0.40555	 0.40174	 0.39619	 0.39001	 0.38508	 0.37963	 0.37457	 0.37131	 0.36943	 0.36936	 0.37070	 0.37302	 0.37610	 0.38043	 0.38359	 0.38371	 0.38091	 0.37446	 0.36849	 0.36081	 0.35394	 0.34775	 0.34140	 0.33716
37 	 0.29079	 0.28932	 0.28959	 0.29319	 0.30180	 0.31421	 0.32619	 0.33550	 0.34172	 0.34625	 0.34715	 0.34284	 0.33657	 0.32978	 0.32369	 0.31889	 0.31536	 0.31290	 0.30998	 0.30754	 0.30716	 0.30995	 0.31601	 0.32461	 0.33502	 0.34631	 0.35735	 0.36891	 0.38747	 0.41604	 0.44726	 0.47538	 0.49593	 0.50698	 0.51162	 0.51280	 0.51278	 0.51003	 0.50438	 0.49819	 0.49123	 0.48393	 0.47800	 0.47335	 0.46996	 0.46616	 0.46253	 0.45979	 0.45597	 0.45031	 0.44405	 0.43906	 0.43351	 0.42827	 0.42487	 0.42288	 0.42288	 0.42454	 0.42759	 0.43213	 0.43815	 0.44283	 0.44269	 0.43752	 0.42730	 0.41855	 0.40728	 0.39931	 0.39191	 0.38431	 0.38085
42 	 0.24419	 0.24277	 0.24334	 0.24738	 0.25671	 0.26931	 0.28052	 0.28911	 0.29473	 0.29902	 0.29980	 0.29592	 0.28992	 0.28337	 0.27767	 0.27312	 0.26976	 0.26733	 0.26444	 0.26213	 0.26173	 0.26445	 0.27045	 0.27886	 0.28898	 0.30009	 0.31090	 0.32219	 0.34044	 0.36818	 0.39855	 0.42585	 0.44560	 0.45610	 0.46033	 0.46126	 0.46106	 0.45836	 0.45284	 0.44675	 0.43999	 0.43281	 0.42703	 0.42242	 0.41920	 0.41556	 0.41200	 0.40932	 0.40550	 0.39999	 0.39385	 0.38892	 0.38348	 0.37835	 0.37507	 0.37306	 0.37297	 0.37427	 0.37669	 0.37989	 0.38437	 0.38726	 0.38733	 0.38397	 0.37730	 0.37090	 0.36300	 0.35538	 0.34895	 0.34247	 0.33854
47 	 0.29792	 0.29659	 0.29710	 0.30129	 0.31073	 0.32418	 0.33723	 0.34744	 0.35437	 0.35945	 0.36053	 0.35617	 0.34959	 0.34253	 0.33616	 0.33126	 0.32764	 0.32521	 0.32220	 0.31982	 0.31957	 0.32257	 0.32904	 0.33828	 0.34930	 0.36103	 0.37247	 0.38435	 0.40307	 0.43164	 0.46258	 0.49030	 0.51040	 0.52104	 0.52548	 0.52663	 0.52663	 0.52403	 0.51863	 0.51262	 0.50590	 0.49878	 0.49310	 0.48871	 0.48554	 0.48201	 0.47857	 0.47591	 0.47222	 0.46674	 0.46066	 0.45571	 0.45024	 0.44505	 0.44168	 0.43963	 0.43950	 0.44102	 0.44417	 0.44883	 0.45486	 0.45888	 0.45765	 0.45113	 0.43894	 0.42946	 0.41583	 0.40686	 0.39891	 0.39088	 0.38682
3 	 0.21980	 0.22000	 0.22326	 0.23219	 0.24824	 0.26888	 0.28721	 0.30160	 0.31265	 0.32092	 0.32410	 0.32102	 0.31391	 0.30590	 0.29884	 0.29387	 0.29091	 0.28836	 0.28554	 0.28285	 0.28235	 0.28594	 0.29416	 0.30527	 0.31930	 0.33451	 0.34868	 0.36226	 0.38155	 0.41015	 0.44148	 0.47023	 0.49246	 0.50598	 0.51232	 0.51458	 0.51592	 0.51428	 0.50956	 0.50428	 0.49792	 0.49094	 0.48547	 0.48158	 0.47895	 0.47558	 0.47293	 0.47064	 0.46695	 0.46131	 0.45465	 0.44921	 0.44306	 0.43740	 0.43385	 0.43156	 0.43092	 0.43167	 0.43300	 0.43415	 0.43352	 0.42720	 0.41482	 0.39872	 0.37968	 0.36315	 0.34712	 0.33348	 0.32193	 0.31151	 0.30370
8 	 0.18159	 0.18181	 0.18494	 0.19376	 0.20989	 0.22965	 0.24654	 0.25956	 0.26945	 0.27719	 0.28038	 0.27763	 0.27097	 0.26317	 0.25658	 0.25191	 0.24902	 0.24665	 0.24377	 0.24118	 0.24070	 0.24435	 0.25214	 0.26271	 0.27600	 0.29082	 0.30469	 0.31792	 0.33691	 0.36507	 0.39614	 0.42534	 0.44781	 0.46116	 0.46724	 0.46928	 0.47033	 0.46865	 0.46385	 0.45849	 0.45211	 0.44519	 0.43973	 0.43552	 0.43273	 0.42949	 0.42665	 0.42431	 0.42071	 0.41490	 0.40799	 0.40252	 0.39627	 0.39050	 0.38675	 0.38429	 0.38358	 0.38428	 0.38510	 0.38530	 0.38367	 0.37678	 0.36534	 0.35130	 0.33615	 0.32193	 0.30956	 0.29688	 0.28658	 0.27724	 0.26963
13 	 0.22989	 0.23017	 0.23339	 0.24258	 0.25928	 0.28023	 0.29910	 0.31392	 0.32500	 0.33364	 0.33729	 0.33399	 0.32678	 0.31848	 0.31126	 0.30615	 0.30294	 0.30042	 0.29732	 0.29462	 0.29423	 0.29809	 0.30636	 0.31793	 0.33220	 0.34779	 0.36242	 0.37618	 0.39562	 0.42454	 0.45638	 0.48625	 0.50944	 0.52301	 0.52916	 0.53138	 0.53248	 0.53086	 0.52622	 0.52095	 0.51471	 0.50796	 0.50257	 0.49848	 0.49569	 0.49252	 0.48963	 0.48726	 0.48369	 0.47789	 0.47114	 0.46568	 0.45936	 0.45338	 0.44942	 0.44679	 0.44602	 0.44675	 0.44841	 0.45001	 0.44965	 0.44337	 0.43045	 0.41328	 0.39296	 0.37523	 0.35843	 0.34385	 0.33186	 0.32100	 0.31368
18 	 0.17989	 0.18014	 0.18331	 0.19238	 0.20882	 0.22878	 0.24588	 0.25896	 0.26872	 0.27656	 0.27987	 0.27708	 0.27042	 0.26260	 0.25608	 0.25138	 0.24826	 0.24592	 0.24289	 0.24031	 0.23988	 0.24359	 0.25132	 0.26221	 0.27564	 0.29054	 0.30453	 0.31770	 0.33654	 0.36448	 0.39548	 0.42471	 0.44736	 0.46049	 0.46641	 0.46836	 0.46921	 0.46746	 0.46281	 0.45741	 0.45118	 0.44438	 0.43896	 0.43478	 0.43196	 0.42885	 0.42589	 0.42360	 0.42006	 0.41434	 0.40757	 0.40208	 0.39587	 0.39011	 0.38623	 0.38367	 0.38299	 0.38352	 0.38441	 0.38453	 0.38273	 0.37568	 0.36414	 0.35007	 0.33489	 0.32070	 0.30850	 0.29583	 0.28509	 0.27557	 0.26805
23 	 0.22609	 0.22641	 0.22967	 0.23914	 0.25620	 0.27745	 0.29664	 0.31157	 0.32274	 0.33148	 0.33513	 0.33188	 0.32459	 0.31620	 0.30899	 0.30380	 0.30047	 0.29803	 0.29482	 0.29213	 0.29183	 0.29573	 0.30403	 0.31581	 0.33026	 0.34587	 0.36057	 0.37434	 0.39370	 0.42241	 0.45388	 0.48333	 0.50601	 0.51904	 0.52500	 0.52716	 0.52811	 0.52651	 0.52201	 0.51681	 0.51074	 0.50411	 0.49887	 0.49482	 0.49220	 0.48909	 0.48616	 0.48401	 0.48054	 0.47485	 0.46826	 0.46284	 0.45656	 0.45069	 0.44683	 0.44418	 0.44338	 0.44404	 0.44552	 0.44685	 0.44633	 0.43953	 0.42654	 0.40904	 0.38902	 0.37166	 0.35413	 0.34008	 0.32798	 0.31767	 0.30927
28 	 0.17806	 0.17832	 0.18170	 0.19089	 0.20766	 0.22781	 0.24519	 0.25849	 0.26838	 0.27630	 0.27957	 0.27680	 0.27010	 0.26222	 0.25569	 0.25093	 0.24774	 0.24538	 0.24231	 0.23976	 0.23946	 0.24310	 0.25093	 0.26195	 0.27548	 0.29050	 0.30450	 0.31778	 0.33670	 0.36463	 0.39572	 0.42506	 0.44783	 0.46101	 0.46704	 0.46908	 0.46991	 0.46818	 0.46369	 0.45840	 0.45223	 0.44548	 0.44004	 0.43578	 0.43313	 0.43002	 0.42696	 0.42468	 0.42113	 0.41543	 0.40872	 0.40309	 0.39679	 0.39107	 0.38720	 0.38466	 0.38394	 0.38441	 0.38542	 0.38557	 0.38367	 0.37623	 0.36440	 0.35010	 0.33471	 0.31979	 0.30741	 0.29463	 0.28381	 0.27452	 0.26650
33 	 0.22211	 0.22244	 0.22568	 0.23489	 0.25165	 0.27236	 0.29107	 0.30564	 0.31645	 0.32498	 0.32851	 0.32534	 0.31826	 0.31014	 0.30318	 0.29810	 0.29472	 0.29232	 0.28914	 0.28650	 0.28619	 0.28990	 0.29792	 0.30947	 0.32354	 0.33880	 0.35316	 0.36664	 0.38562	 0.41374	 0.44473	 0.47377	 0.49624	 0.50916	 0.51501	 0.51714	 0.51803	 0.51643	 0.51195	 0.50676	 0.50087	 0.49429	 0.48896	 0.48502	 0.48239	 0.47933	 0.47639	 0.47418	 0.47084	 0.46527	 0.45876	 0.45330	 0.44715	 0.44138	 0.43756	 0.43502	 0.43431	 0.43492	 0.43636	 0.43750	 0.43675	 0.42994	 0.41750	 0.40110	 0.38164	 0.36492	 0.34831	 0.33422	 0.32269	 0.31263	 0.30474
38 	 0.17931	 0.17957	 0.18279	 0.19182	 0.20820	 0.22792	 0.24498	 0.25795	 0.26771	 0.27550	 0.27863	 0.27581	 0.26915	 0.26139	 0.25495	 0.25015	 0.24692	 0.24456	 0.24150	 0.23890	 0.23858	 0.24204	 0.24971	 0.26065	 0.27403	 0.28882	 0.30270	 0.31579	 0.33442	 0.36202	 0.39268	 0.42148	 0.44380	 0.45667	 0.46250	 0.46445	 0.46518	 0.46342	 0.45891	 0.45364	 0.44762	 0.44097	 0.43558	 0.43150	 0.42880	 0.42569	 0.42260	 0.42031	 0.41680	 0.41121	 0.40462	 0.39905	 0.39296	 0.38730	 0.38346	 0.38097	 0.38041	 0.38085	 0.38190	 0.38216	 0.38033	 0.37320	 0.36193	 0.34799	 0.33332	 0.31919	 0.30714	 0.29445	 0.28384	 0.27486	 0.26660
43 	 0.22436	 0.22466	 0.22797	 0.23744	 0.25461	 0.27576	 0.29486	 0.30973	 0.32078	 0.32949	 0.33304	 0.32986	 0.32263	 0.31433	 0.30725	 0.30209	 0.29860	 0.29616	 0.29292	 0.29024	 0.28996	 0.29374	 0.30200	 0.31388	 0.32830	 0.34380	 0.35837	 0.37202	 0.39120	 0.41955	 0.45071	 0.47980	 0.50216	 0.51483	 0.52045	 0.52243	 0.52319	 0.52149	 0.51704	 0.51185	 0.50591	 0.49938	 0.49411	 0.49022	 0.48759	 0.48461	 0.48163	 0.47947	 0.47612	 0.47060	 0.46421	 0.45875	 0.45271	 0.44699	 0.44316	 0.44051	 0.43975	 0.44028	 0.44183	 0.44304	 0.44225	 0.43553	 0.42252	 0.40544	 0.38544	 0.36849	 0.35147	 0.33737	 0.32525	 0.31543	 0.30701
48 	 0.18242	 0.18264	 0.18583	 0.19488	 0.21122	 0.23091	 0.24803	 0.26112	 0.27087	 0.27868	 0.28195	 0.27913	 0.27250	 0.26468	 0.25825	 0.25339	 0.25012	 0.24779	 0.24467	 0.24215	 0.24182	 0.24532	 0.25296	 0.26400	 0.27746	 0.29239	 0.30642	 0.31961	 0.33840	 0.36621	 0.39724	 0.42675	 0.44969	 0.46288	 0.46890	 0.47095	 0.47167	 0.46995	 0.46551	 0.46024	 0.45410	 0.44739	 0.44199	 0.43782	 0.43516	 0.43213	 0.42904	 0.42677	 0.42328	 0.41767	 0.41102	 0.40526	 0.39905	 0.39324	 0.38932	 0.38678	 0.38614	 0.38666	 0.38784	 0.38821	 0.38649	 0.37936	 0.36773	 0.35327	 0.33777	 0.32348	 0.31061	 0.29789	 0.28719	 0.27784	 0.26920
4 	 0.18999	 0.18983	 0.19259	 0.20073	 0.21581	 0.23509	 0.25190	 0.26507	 0.27534	 0.28310	 0.28607	 0.28325	 0.27624	 0.26825	 0.26140	 0.25658	 0.25357	 0.25092	 0.24792	 0.24504	 0.24422	 0.24729	 0.25482	 0.26509	 0.27857	 0.29371	 0.30784	 0.32130	 0.34009	 0.36792	 0.39896	 0.42851	 0.45213	 0.46704	 0.47423	 0.47704	 0.47890	 0.47768	 0.47331	 0.46836	 0.46209	 0.45516	 0.44970	 0.44589	 0.44332	 0.44020	 0.43771	 0.43549	 0.43187	 0.42603	 0.41891	 0.41304	 0.40644	 0.40058	 0.39674	 0.39439	 0.39389	 0.39514	 0.39685	 0.39787	 0.39677	 0.39052	 0.37901	 0.36468	 0.34858	 0.33394	 0.32038	 0.30751	 0.29700	 0.28734	 0.27904
9 	 0.23161	 0.23166	 0.23437	 0.24257	 0.25786	 0.27757	 0.29564	 0.31007	 0.32098	 0.32939	 0.33287	 0.32961	 0.32232	 0.31386	 0.30653	 0.30134	 0.29804	 0.29548	 0.29221	 0.28923	 0.28843	 0.29187	 0.29957	 0.31054	 0.32454	 0.34030	 0.35513	 0.36898	 0.38807	 0.41644	 0.44785	 0.47820	 0.50234	 0.51698	 0.52401	 0.52676	 0.52845	 0.52738	 0.52319	 0.51829	 0.51231	 0.50574	 0.50046	 0.49657	 0.49402	 0.49107	 0.48844	 0.48640	 0.48292	 0.47701	 0.46994	 0.46423	 0.45766	 0.45154	 0.44750	 0.44485	 0.44429	 0.44571	 0.44810	 0.45015	 0.45027	 0.44450	 0.43220	 0.41511	 0.39509	 0.37752	 0.36092	 0.34640	 0.33487	 0.32390	 0.31649
14 	 0.18967	 0.18964	 0.19243	 0.20069	 0.21605	 0.23523	 0.25207	 0.26526	 0.27520	 0.28310	 0.28640	 0.28348	 0.27651	 0.26840	 0.26158	 0.25668	 0.25352	 0.25095	 0.24778	 0.24488	 0.24412	 0.24744	 0.25488	 0.26540	 0.27889	 0.29420	 0.30862	 0.32202	 0.34071	 0.36841	 0.39923	 0.42902	 0.45265	 0.46691	 0.47361	 0.47611	 0.47751	 0.47629	 0.47213	 0.46723	 0.46132	 0.45477	 0.44954	 0.44562	 0.44314	 0.44025	 0.43760	 0.43549	 0.43199	 0.42609	 0.41910	 0.41343	 0.40698	 0.40100	 0.39695	 0.39431	 0.39378	 0.39501	 0.39678	 0.39768	 0.39662	 0.39005	 0.37846	 0.36398	 0.34794	 0.33351	 0.32003	 0.30691	 0.29630	 0.28713	 0.27892
19 	 0.22934	 0.22930	 0.23204	 0.24026	 0.25544	 0.27487	 0.29274	 0.30700	 0.31765	 0.32602	 0.32949	 0.32624	 0.31905	 0.31073	 0.30356	 0.29845	 0.29504	 0.29250	 0.28921	 0.28626	 0.28550	 0.28888	 0.29644	 0.30740	 0.32132	 0.33677	 0.35155	 0.36519	 0.38406	 0.41203	 0.44315	 0.47332	 0.49744	 0.51196	 0.51889	 0.52165	 0.52317	 0.52209	 0.51804	 0.51324	 0.50738	 0.50088	 0.49576	 0.49196	 0.48952	 0.48668	 0.48401	 0.48201	 0.47860	 0.47275	 0.46583	 0.46006	 0.45362	 0.44751	 0.44337	 0.44067	 0.44010	 0.44144	 0.44390	 0.44580	 0.44569	 0.43952	 0.42742	 0.41048	 0.39056	 0.37374	 0.35709	 0.34274	 0.33105	 0.32096	 0.31299
24 	 0.18240	 0.18236	 0.18513	 0.19321	 0.20831	 0.22693	 0.24323	 0.25599	 0.26557	 0.27315	 0.27634	 0.27356	 0.26692	 0.25905	 0.25247	 0.24763	 0.24442	 0.24191	 0.23871	 0.23594	 0.23520	 0.23838	 0.24553	 0.25589	 0.26900	 0.28396	 0.29815	 0.31133	 0.32977	 0.35711	 0.38779	 0.41780	 0.44195	 0.45650	 0.46349	 0.46622	 0.46762	 0.46650	 0.46239	 0.45746	 0.45156	 0.44500	 0.43969	 0.43571	 0.43322	 0.43037	 0.42759	 0.42558	 0.42216	 0.41630	 0.40926	 0.40334	 0.39692	 0.39086	 0.38686	 0.38423	 0.38377	 0.38496	 0.38682	 0.38770	 0.38642	 0.37974	 0.36869	 0.35462	 0.33938	 0.32518	 0.31255	 0.29979	 0.28909	 0.28007	 0.27117
29 	 0.22817	 0.22821	 0.23102	 0.23943	 0.25489	 0.27444	 0.29246	 0.30673	 0.31746	 0.32576	 0.32911	 0.32590	 0.31881	 0.31055	 0.30343	 0.29826	 0.29481	 0.29221	 0.28888	 0.28596	 0.28528	 0.28849	 0.29609	 0.30715	 0.32107	 0.33646	 0.35113	 0.36466	 0.38332	 0.41087	 0.44156	 0.47111	 0.49477	 0.50886	 0.51559	 0.51827	 0.51969	 0.51860	 0.51459	 0.50981	 0.50411	 0.49773	 0.49266	 0.48887	 0.48653	 0.48374	 0.48101	 0.47903	 0.47570	 0.47003	 0.46329	 0.45760	 0.45120	 0.44527	 0.44135	 0.43877	 0.43827	 0.43960	 0.44211	 0.44420	 0.44409	 0.43818	 0.42625	 0.40977	 0.39014	 0.37313	 0.35682	 0.34288	 0.33106	 0.32118	 0.31253
34 	 0.18635	 0.18628	 0.18906	 0.19726	 0.21256	 0.23141	 0.24808	 0.26115	 0.27094	 0.27872	 0.28196	 0.27910	 0.27232	 0.26436	 0.25769	 0.25281	 0.24953	 0.24698	 0.24371	 0.24086	 0.24022	 0.24331	 0.25052	 0.26108	 0.27440	 0.28954	 0.30384	 0.31716	 0.33566	 0.36289	 0.39362	 0.42357	 0.44775	 0.46237	 0.46946	 0.47227	 0.47370	 0.47258	 0.46863	 0.46387	 0.45809	 0.45159	 0.44631	 0.44227	 0.43988	 0.43712	 0.43437	 0.43230	 0.42889	 0.42315	 0.41624	 0.41029	 0.40373	 0.39771	 0.39365	 0.39104	 0.39053	 0.39168	 0.39358	 0.39458	 0.39333	 0.38649	 0.37528	 0.36072	 0.34499	 0.32976	 0.31719	 0.30403	 0.29349	 0.28403	 0.27579
39 	 0.22595	 0.22596	 0.22876	 0.23712	 0.25250	 0.27202	 0.29007	 0.30433	 0.31512	 0.32360	 0.32703	 0.32376	 0.31653	 0.30819	 0.30098	 0.29575	 0.29225	 0.28970	 0.28627	 0.28332	 0.28268	 0.28586	 0.29344	 0.30466	 0.31875	 0.33441	 0.34934	 0.36307	 0.38199	 0.40994	 0.44133	 0.47175	 0.49621	 0.51080	 0.51781	 0.52071	 0.52215	 0.52098	 0.51703	 0.51227	 0.50652	 0.50009	 0.49490	 0.49108	 0.48871	 0.48592	 0.48319	 0.48119	 0.47789	 0.47209	 0.46518	 0.45926	 0.45275	 0.44663	 0.44247	 0.43983	 0.43938	 0.44068	 0.44330	 0.44536	 0.44513	 0.43900	 0.42681	 0.40977	 0.38978	 0.37256	 0.35566	 0.34138	 0.32936	 0.31898	 0.31101
44 	 0.18664	 0.18659	 0.18943	 0.19761	 0.21288	 0.23162	 0.24829	 0.26121	 0.27095	 0.27873	 0.28195	 0.27921	 0.27238	 0.26446	 0.25784	 0.25286	 0.24947	 0.24690	 0.24360	 0.24076	 0.24008	 0.24310	 0.25029	 0.26095	 0.27440	 0.28961	 0.30405	 0.31739	 0.33590	 0.36315	 0.39417	 0.42454	 0.44906	 0.46388	 0.47096	 0.47373	 0.47507	 0.47381	 0.46978	 0.46488	 0.45901	 0.45240	 0.44714	 0.44310	 0.44062	 0.43775	 0.43488	 0.43278	 0.42933	 0.42350	 0.41649	 0.41044	 0.40383	 0.39779	 0.39372	 0.39121	 0.39081	 0.39214	 0.39437	 0.39574	 0.39474	 0.38818	 0.37676	 0.36235	 0.34656	 0.33163	 0.31850	 0.30571	 0.29501	 0.28533	 0.27717
49 	 0.22568	 0.22576	 0.22852	 0.23699	 0.25239	 0.27188	 0.28984	 0.30401	 0.31468	 0.32302	 0.32644	 0.32328	 0.31616	 0.30787	 0.30081	 0.29562	 0.29205	 0.28947	 0.28600	 0.28303	 0.28235	 0.28550	 0.29299	 0.30413	 0.31807	 0.33352	 0.34825	 0.36181	 0.38046	 0.40799	 0.43885	 0.46892	 0.49314	 0.50761	 0.51452	 0.51731	 0.51864	 0.51744	 0.51351	 0.50880	 0.50307	 0.49662	 0.49142	 0.48760	 0.48527	 0.48258	 0.47981	 0.47786	 0.47448	 0.46884	 0.46205	 0.45615	 0.44968	 0.44364	 0.43958	 0.43696	 0.43653	 0.43786	 0.44049	 0.44265	 0.44246	 0.43623	 0.42425	 0.40769	 0.38799	 0.37088	 0.35439	 0.34035	 0.32854	 0.31831	 0.31065
5 	 0.28678	 0.28563	 0.28656	 0.29184	 0.30314	 0.31960	 0.33549	 0.34842	 0.35832	 0.36540	 0.36765	 0.36331	 0.35555	 0.34717	 0.33985	 0.33468	 0.33134	 0.32859	 0.32547	 0.32263	 0.32187	 0.32489	 0.33210	 0.34197	 0.35466	 0.36848	 0.38170	 0.39490	 0.41434	 0.44324	 0.47451	 0.50286	 0.52425	 0.53695	 0.54283	 0.54495	 0.54613	 0.54429	 0.53939	 0.53416	 0.52798	 0.52131	 0.51628	 0.51268	 0.51008	 0.50687	 0.50435	 0.50218	 0.49863	 0.49305	 0.48660	 0.48147	 0.47546	 0.46976	 0.46609	 0.46360	 0.46278	 0.46385	 0.46678	 0.47114	 0.47550	 0.47614	 0.46934	 0.45783	 0.44065	 0.42613	 0.40978	 0.39820	 0.38830	 0.37855	 0.37290
10 	 0.24085	 0.23991	 0.24112	 0.24659	 0.25855	 0.27478	 0.28966	 0.30167	 0.31063	 0.31744	 0.31971	 0.31560	 0.30817	 0.29999	 0.29312	 0.28821	 0.28493	 0.28232	 0.27923	 0.27650	 0.27573	 0.27889	 0.28592	 0.29559	 0.30783	 0.32157	 0.33463	 0.34755	 0.36665	 0.39498	 0.42566	 0.45381	 0.47488	 0.48700	 0.49248	 0.49430	 0.49506	 0.49317	 0.48840	 0.48328	 0.47731	 0.47103	 0.46618	 0.46242	 0.45984	 0.45684	 0.45420	 0.45207	 0.44858	 0.44301	 0.43666	 0.43174	 0.42584	 0.42017	 0.41630	 0.41355	 0.41251	 0.41329	 0.41560	 0.41862	 0.42153	 0.42052	 0.41450	 0.40431	 0.39079	 0.37889	 0.36627	 0.35513	 0.34598	 0.33723	 0.33172
15 	 0.28657	 0.28554	 0.28651	 0.29205	 0.30389	 0.32053	 0.33673	 0.34997	 0.35972	 0.36705	 0.36945	 0.36495	 0.35709	 0.34860	 0.34123	 0.33604	 0.33252	 0.32987	 0.32660	 0.32372	 0.32306	 0.32631	 0.33355	 0.34371	 0.35644	 0.37034	 0.38370	 0.39684	 0.41608	 0.44463	 0.47537	 0.50325	 0.52402	 0.53577	 0.54109	 0.54288	 0.54361	 0.54180	 0.53713	 0.53217	 0.52644	 0.52027	 0.51556	 0.51199	 0.50958	 0.50673	 0.50413	 0.50216	 0.49866	 0.49329	 0.48712	 0.48233	 0.47656	 0.47094	 0.46712	 0.46435	 0.46345	 0.46454	 0.46770	 0.47234	 0.47705	 0.47754	 0.47111	 0.45927	 0.44191	 0.42778	 0.41109	 0.39946	 0.38917	 0.37967	 0.37375
20 	 0.24027	 0.23925	 0.24039	 0.24609	 0.25829	 0.27470	 0.28994	 0.30217	 0.31123	 0.31819	 0.32046	 0.31634	 0.30868	 0.30035	 0.29343	 0.28843	 0.28503	 0.28235	 0.27911	 0.27638	 0.27569	 0.27894	 0.28598	 0.29601	 0.30857	 0.32246	 0.33578	 0.34886	 0.36810	 0.39666	 0.42764	 0.45584	 0.47676	 0.48850	 0.49385	 0.49551	 0.49619	 0.49434	 0.48974	 0.48467	 0.47894	 0.47273	 0.46790	 0.46419	 0.46165	 0.45875	 0.45602	 0.45385	 0.45040	 0.44496	 0.43873	 0.43373	 0.42784	 0.42218	 0.41833	 0.41549	 0.41441	 0.41532	 0.41786	 0.42124	 0.42423	 0.42324	 0.41698	 0.40678	 0.39290	 0.38071	 0.36773	 0.35668	 0.34688	 0.33840	 0.33204
25 	 0.28520	 0.28423	 0.28527	 0.29084	 0.30264	 0.31905	 0.33494	 0.34785	 0.35721	 0.36433	 0.36672	 0.36234	 0.35483	 0.34668	 0.33955	 0.33434	 0.33075	 0.32819	 0.32488	 0.32216	 0.32150	 0.32466	 0.33165	 0.34174	 0.35421	 0.36772	 0.38085	 0.39366	 0.41242	 0.44042	 0.47076	 0.49841	 0.51921	 0.53080	 0.53602	 0.53786	 0.53850	 0.53656	 0.53187	 0.52672	 0.52088	 0.51466	 0.50980	 0.50620	 0.50373	 0.50084	 0.49810	 0.49608	 0.49279	 0.48746	 0.48140	 0.47646	 0.47078	 0.46519	 0.46146	 0.45883	 0.45796	 0.45889	 0.46182	 0.46602	 0.47029	 0.47053	 0.46436	 0.45297	 0.43618	 0.42223	 0.40666	 0.39447	 0.38469	 0.37552	 0.37007
30 	 0.24724	 0.24611	 0.24702	 0.25211	 0.26333	 0.27860	 0.29296	 0.30440	 0.31284	 0.31930	 0.32132	 0.31728	 0.31004	 0.30208	 0.29539	 0.29046	 0.28702	 0.28439	 0.28116	 0.27839	 0.27765	 0.28049	 0.28710	 0.29659	 0.30839	 0.32152	 0.33414	 0.34659	 0.36512	 0.39271	 0.42276	 0.45031	 0.47096	 0.48260	 0.48791	 0.48969	 0.49019	 0.48818	 0.48359	 0.47842	 0.47268	 0.46650	 0.46165	 0.45798	 0.45552	 0.45271	 0.44990	 0.44784	 0.44446	 0.43908	 0.43299	 0.42796	 0.42225	 0.41671	 0.41288	 0.41012	 0.40909	 0.40984	 0.41242	 0.41590	 0.41947	 0.41929	 0.41467	 0.40604	 0.39334	 0.38251	 0.36998	 0.36011	 0.35130	 0.34329	 0.33739
35 	 0.28948	 0.28843	 0.28942	 0.29500	 0.30700	 0.32380	 0.34029	 0.35371	 0.36357	 0.37098	 0.37341	 0.36887	 0.36086	 0.35231	 0.34488	 0.33955	 0.33578	 0.33312	 0.32970	 0.32684	 0.32627	 0.32943	 0.33661	 0.34717	 0.36020	 0.37429	 0.38786	 0.40118	 0.42051	 0.44921	 0.48032	 0.50872	 0.53006	 0.54198	 0.54741	 0.54948	 0.55020	 0.54830	 0.54368	 0.53861	 0.53296	 0.52677	 0.52201	 0.51840	 0.51597	 0.51308	 0.51031	 0.50823	 0.50494	 0.49953	 0.49346	 0.48843	 0.48254	 0.47682	 0.47290	 0.47011	 0.46908	 0.47004	 0.47335	 0.47814	 0.48263	 0.48283	 0.47623	 0.46353	 0.44551	 0.43116	 0.41374	 0.40169	 0.39122	 0.38169	 0.37637
40 	 0.24505	 0.24400	 0.24518	 0.25081	 0.26281	 0.27892	 0.29402	 0.30597	 0.31481	 0.32162	 0.32379	 0.31964	 0.31224	 0.30417	 0.29743	 0.29247	 0.28894	 0.28633	 0.28307	 0.28037	 0.27972	 0.28274	 0.28955	 0.29951	 0.31177	 0.32530	 0.33829	 0.35106	 0.36983	 0.39759	 0.42802	 0.45585	 0.47670	 0.48836	 0.49363	 0.49542	 0.49590	 0.49392	 0.48940	 0.48434	 0.47865	 0.47246	 0.46763	 0.46396	 0.46147	 0.45864	 0.45586	 0.45371	 0.45028	 0.44499	 0.43890	 0.43381	 0.42793	 0.42232	 0.41844	 0.41566	 0.41462	 0.41537	 0.41796	 0.42144	 0.42470	 0.42382	 0.41822	 0.40846	 0.39462	 0.38281	 0.36993	 0.35922	 0.34983	 0.34108	 0.33518
45 	 0.29050	 0.28936	 0.29019	 0.29546	 0.30676	 0.32274	 0.33839	 0.35111	 0.36034	 0.36735	 0.36957	 0.36509	 0.35744	 0.34915	 0.34195	 0.33665	 0.33284	 0.33017	 0.32671	 0.32386	 0.32318	 0.32605	 0.33295	 0.34309	 0.35554	 0.36906	 0.38210	 0.39487	 0.41360	 0.44149	 0.47167	 0.49917	 0.51968	 0.53097	 0.53601	 0.53777	 0.53826	 0.53626	 0.53171	 0.52660	 0.52085	 0.51465	 0.50983	 0.50624	 0.50383	 0.50099	 0.49818	 0.49611	 0.49275	 0.48741	 0.48143	 0.47646	 0.47073	 0.46525	 0.46157	 0.45896	 0.45813	 0.45915	 0.46240	 0.46726	 0.47217	 0.47323	 0.46782	 0.45710	 0.44107	 0.42773	 0.41210	 0.40053	 0.39062	 0.38136	 0.37585
50 	 0.23900	 0.23807	 0.23933	 0.24501	 0.25700	 0.27301	 0.28795	 0.29976	 0.30852	 0.31535	 0.31756	 0.31364	 0.30635	 0.29843	 0.29187	 0.28697	 0.28346	 0.28094	 0.27773	 0.27506	 0.27452	 0.27744	 0.28428	 0.29424	 0.30640	 0.31988	 0.33282	 0.34554	 0.36430	 0.39209	 0.42253	 0.45055	 0.47153	 0.48328	 0.48858	 0.49029	 0.49068	 0.48866	 0.48414	 0.47897	 0.47319	 0.46694	 0.46201	 0.45834	 0.45588	 0.45313	 0.45033	 0.44826	 0.44487	 0.43953	 0.43345	 0.42829	 0.42245	 0.41687	 0.41305	 0.41031	 0.40934	 0.41005	 0.41252	 0.41572	 0.41839	 0.41700	 0.41122	 0.40124	 0.38782	 0.37607	 0.36397	 0.35276	 0.34343	 0.33469	 0.32851
