11 	 0.23384	 0.23131	 0.23332	 0.24212	 0.26145	 0.29148	 0.32435	 0.34712	 0.36708	 0.38950	 0.40513	 0.39934	 0.36533	 0.32416	 0.29393	 0.27456	 0.26251	 0.25572	 0.25034	 0.24612	 0.24406	 0.24533	 0.25231	 0.26461	 0.28219	 0.30715	 0.33763	 0.37274	 0.41724	 0.46271	 0.50744	 0.55492	 0.59329	 0.61768	 0.63128	 0.63786	 0.64017	 0.63873	 0.63471	 0.62880	 0.62172	 0.61342	 0.60470	 0.59648	 0.58824	 0.58040	 0.57480	 0.57149	 0.56601	 0.55855	 0.55058	 0.54335	 0.53696	 0.53315	 0.53391	 0.54030	 0.55410	 0.57354	 0.60353	 0.64549	 0.68918	 0.71002	 0.69938	 0.66597	 0.62672	 0.59870	 0.57574	 0.55221	 0.53147	 0.51396	 0.49966
12 	 0.23348	 0.23096	 0.23298	 0.24191	 0.26126	 0.29100	 0.32360	 0.34612	 0.36577	 0.38793	 0.40338	 0.39753	 0.36379	 0.32310	 0.29326	 0.27407	 0.26210	 0.25536	 0.25004	 0.24579	 0.24377	 0.24506	 0.25201	 0.26416	 0.28165	 0.30635	 0.33645	 0.37121	 0.41527	 0.46033	 0.50474	 0.55159	 0.58915	 0.61272	 0.62556	 0.63171	 0.63363	 0.63197	 0.62786	 0.62189	 0.61481	 0.60650	 0.59781	 0.58970	 0.58160	 0.57380	 0.56819	 0.56488	 0.55941	 0.55202	 0.54416	 0.53712	 0.53091	 0.52721	 0.52801	 0.53452	 0.54842	 0.56767	 0.59728	 0.63865	 0.68193	 0.70280	 0.69232	 0.65947	 0.62088	 0.59287	 0.57050	 0.54766	 0.52652	 0.50907	 0.49551
21 	 0.22506	 0.22304	 0.22581	 0.23574	 0.25621	 0.28638	 0.31884	 0.34142	 0.36103	 0.38214	 0.39618	 0.38982	 0.35766	 0.31956	 0.29140	 0.27309	 0.26183	 0.25565	 0.25071	 0.24659	 0.24462	 0.24594	 0.25286	 0.26480	 0.28207	 0.30646	 0.33594	 0.36934	 0.41126	 0.45401	 0.49610	 0.54005	 0.57515	 0.59697	 0.60871	 0.61456	 0.61661	 0.61559	 0.61274	 0.60825	 0.60238	 0.59494	 0.58670	 0.57864	 0.57049	 0.56253	 0.55683	 0.55366	 0.54841	 0.54123	 0.53343	 0.52651	 0.52044	 0.51684	 0.51733	 0.52326	 0.53647	 0.55507	 0.58307	 0.62048	 0.65810	 0.67562	 0.66485	 0.63243	 0.59532	 0.56807	 0.54683	 0.52332	 0.50242	 0.48522	 0.47183
31 	 0.24125	 0.23876	 0.24071	 0.24944	 0.26849	 0.29756	 0.32944	 0.35163	 0.37126	 0.39286	 0.40741	 0.40104	 0.36750	 0.32744	 0.29798	 0.27881	 0.26688	 0.26026	 0.25494	 0.25050	 0.24816	 0.24912	 0.25553	 0.26695	 0.28394	 0.30839	 0.33840	 0.37291	 0.41610	 0.45935	 0.50107	 0.54502	 0.58024	 0.60220	 0.61411	 0.61998	 0.62197	 0.62103	 0.61836	 0.61408	 0.60835	 0.60095	 0.59277	 0.58475	 0.57663	 0.56865	 0.56297	 0.55985	 0.55463	 0.54746	 0.53982	 0.53312	 0.52738	 0.52400	 0.52492	 0.53149	 0.54573	 0.56586	 0.59606	 0.63661	 0.67756	 0.69635	 0.68538	 0.65263	 0.61456	 0.58704	 0.56499	 0.54242	 0.52215	 0.50500	 0.49175
41 	 0.25518	 0.25215	 0.25347	 0.26111	 0.27833	 0.30508	 0.33476	 0.35549	 0.37425	 0.39477	 0.40862	 0.40211	 0.36946	 0.33085	 0.30234	 0.28371	 0.27209	 0.26560	 0.26036	 0.25598	 0.25359	 0.25453	 0.26086	 0.27217	 0.28887	 0.31272	 0.34204	 0.37567	 0.41823	 0.46169	 0.50423	 0.54912	 0.58524	 0.60805	 0.62047	 0.62669	 0.62893	 0.62781	 0.62474	 0.61988	 0.61364	 0.60595	 0.59759	 0.58964	 0.58181	 0.57415	 0.56860	 0.56555	 0.56044	 0.55339	 0.54582	 0.53916	 0.53353	 0.53007	 0.53082	 0.53719	 0.55083	 0.56988	 0.59867	 0.63837	 0.68004	 0.70137	 0.69373	 0.66437	 0.62971	 0.60500	 0.58480	 0.56478	 0.54577	 0.53026	 0.51735
51 	 0.25894	 0.25605	 0.25772	 0.26605	 0.28492	 0.31408	 0.34627	 0.36889	 0.38913	 0.41129	 0.42663	 0.42055	 0.38634	 0.34533	 0.31508	 0.29526	 0.28285	 0.27578	 0.27028	 0.26572	 0.26316	 0.26407	 0.27070	 0.28279	 0.30054	 0.32568	 0.35678	 0.39216	 0.43645	 0.48102	 0.52405	 0.56978	 0.60673	 0.63009	 0.64263	 0.64883	 0.65104	 0.64986	 0.64682	 0.64184	 0.63547	 0.62762	 0.61920	 0.61136	 0.60358	 0.59601	 0.59065	 0.58771	 0.58257	 0.57530	 0.56739	 0.56055	 0.55471	 0.55116	 0.55188	 0.55834	 0.57244	 0.59212	 0.62180	 0.66235	 0.70390	 0.72273	 0.71217	 0.68133	 0.64430	 0.61765	 0.59562	 0.57366	 0.55428	 0.53790	 0.52325
61 	 0.26453	 0.26149	 0.26296	 0.27084	 0.28881	 0.31687	 0.34801	 0.37001	 0.38992	 0.41182	 0.42694	 0.42085	 0.38692	 0.34636	 0.31657	 0.29710	 0.28505	 0.27824	 0.27286	 0.26855	 0.26623	 0.26733	 0.27414	 0.28625	 0.30398	 0.32887	 0.35967	 0.39503	 0.43965	 0.48538	 0.53021	 0.57772	 0.61594	 0.64004	 0.65313	 0.65961	 0.66201	 0.66082	 0.65755	 0.65234	 0.64559	 0.63737	 0.62867	 0.62057	 0.61261	 0.60474	 0.59914	 0.59598	 0.59063	 0.58324	 0.57524	 0.56836	 0.56258	 0.55898	 0.55977	 0.56627	 0.58034	 0.60000	 0.62962	 0.67054	 0.71359	 0.73433	 0.72591	 0.69665	 0.66065	 0.63428	 0.61283	 0.59187	 0.57228	 0.55600	 0.54197
71 	 0.25726	 0.25436	 0.25618	 0.26480	 0.28397	 0.31367	 0.34661	 0.36986	 0.39060	 0.41347	 0.42933	 0.42333	 0.38839	 0.34641	 0.31552	 0.29533	 0.28277	 0.27571	 0.27021	 0.26561	 0.26308	 0.26401	 0.27073	 0.28286	 0.30083	 0.32636	 0.35806	 0.39418	 0.43919	 0.48431	 0.52765	 0.57389	 0.61139	 0.63538	 0.64845	 0.65486	 0.65727	 0.65627	 0.65335	 0.64855	 0.64227	 0.63452	 0.62614	 0.61823	 0.61038	 0.60270	 0.59724	 0.59427	 0.58904	 0.58171	 0.57379	 0.56690	 0.56108	 0.55754	 0.55833	 0.56497	 0.57944	 0.59969	 0.63019	 0.67173	 0.71427	 0.73267	 0.72083	 0.68866	 0.65035	 0.62233	 0.59943	 0.57644	 0.55630	 0.53972	 0.52521
81 	 0.25644	 0.25354	 0.25521	 0.26323	 0.28111	 0.30883	 0.33937	 0.36089	 0.38031	 0.40128	 0.41541	 0.40888	 0.37563	 0.33646	 0.30772	 0.28899	 0.27735	 0.27083	 0.26561	 0.26126	 0.25894	 0.26013	 0.26691	 0.27869	 0.29608	 0.32057	 0.35061	 0.38502	 0.42830	 0.47300	 0.51715	 0.56373	 0.60123	 0.62510	 0.63810	 0.64466	 0.64709	 0.64603	 0.64301	 0.63818	 0.63187	 0.62404	 0.61547	 0.60731	 0.59922	 0.59124	 0.58550	 0.58225	 0.57687	 0.56955	 0.56160	 0.55480	 0.54902	 0.54533	 0.54583	 0.55191	 0.56567	 0.58503	 0.61438	 0.65443	 0.69594	 0.71544	 0.70590	 0.67551	 0.63894	 0.61212	 0.59108	 0.56918	 0.54927	 0.53297	 0.51920
82 	 0.25647	 0.25367	 0.25533	 0.26317	 0.28080	 0.30793	 0.33785	 0.35904	 0.37818	 0.39887	 0.41269	 0.40607	 0.37329	 0.33492	 0.30684	 0.28858	 0.27719	 0.27078	 0.26565	 0.26141	 0.25917	 0.26036	 0.26711	 0.27891	 0.29621	 0.32052	 0.35030	 0.38432	 0.42717	 0.47184	 0.51634	 0.56326	 0.60106	 0.62518	 0.63834	 0.64494	 0.64738	 0.64638	 0.64332	 0.63843	 0.63210	 0.62424	 0.61565	 0.60750	 0.59939	 0.59151	 0.58578	 0.58246	 0.57711	 0.56983	 0.56184	 0.55498	 0.54916	 0.54540	 0.54577	 0.55171	 0.56521	 0.58421	 0.61330	 0.65289	 0.69408	 0.71385	 0.70431	 0.67369	 0.63729	 0.61099	 0.58920	 0.56728	 0.54735	 0.53123	 0.51681
91 	 0.24187	 0.23939	 0.24158	 0.25002	 0.26857	 0.29714	 0.32871	 0.35055	 0.36982	 0.39195	 0.40765	 0.40211	 0.36816	 0.32720	 0.29711	 0.27773	 0.26567	 0.25862	 0.25317	 0.24878	 0.24657	 0.24768	 0.25421	 0.26558	 0.28237	 0.30640	 0.33615	 0.37097	 0.41509	 0.46014	 0.50402	 0.55052	 0.58754	 0.61051	 0.62235	 0.62760	 0.62868	 0.62618	 0.62127	 0.61448	 0.60659	 0.59766	 0.58851	 0.58006	 0.57191	 0.56402	 0.55818	 0.55446	 0.54876	 0.54151	 0.53375	 0.52717	 0.52155	 0.51830	 0.51971	 0.52715	 0.54226	 0.56209	 0.59197	 0.63453	 0.68008	 0.70367	 0.69521	 0.66348	 0.62603	 0.59963	 0.57831	 0.55595	 0.53619	 0.51957	 0.50615
92 	 0.24078	 0.23826	 0.24034	 0.24884	 0.26712	 0.29548	 0.32681	 0.34848	 0.36763	 0.38962	 0.40526	 0.39969	 0.36587	 0.32505	 0.29511	 0.27585	 0.26385	 0.25683	 0.25133	 0.24691	 0.24477	 0.24588	 0.25235	 0.26365	 0.28036	 0.30421	 0.33384	 0.36849	 0.41243	 0.45729	 0.50111	 0.54745	 0.58435	 0.60722	 0.61900	 0.62416	 0.62505	 0.62249	 0.61753	 0.61075	 0.60282	 0.59387	 0.58475	 0.57638	 0.56821	 0.56038	 0.55449	 0.55081	 0.54514	 0.53792	 0.53021	 0.52369	 0.51812	 0.51488	 0.51630	 0.52378	 0.53884	 0.55859	 0.58856	 0.63118	 0.67672	 0.70046	 0.69220	 0.66035	 0.62277	 0.59629	 0.57541	 0.55326	 0.53361	 0.51677	 0.50321
101 	 0.26115	 0.25851	 0.26044	 0.26880	 0.28742	 0.31601	 0.34745	 0.37003	 0.39037	 0.41202	 0.42674	 0.42043	 0.38670	 0.34671	 0.31733	 0.29830	 0.28649	 0.27965	 0.27440	 0.27007	 0.26775	 0.26900	 0.27587	 0.28800	 0.30584	 0.33086	 0.36173	 0.39691	 0.44086	 0.48611	 0.53060	 0.57732	 0.61479	 0.63869	 0.65181	 0.65839	 0.66092	 0.66007	 0.65729	 0.65269	 0.64660	 0.63886	 0.63033	 0.62222	 0.61414	 0.60621	 0.60049	 0.59718	 0.59183	 0.58453	 0.57646	 0.56952	 0.56373	 0.55991	 0.56025	 0.56604	 0.57962	 0.59908	 0.62839	 0.66824	 0.70880	 0.72662	 0.71582	 0.68477	 0.64768	 0.62055	 0.59845	 0.57602	 0.55560	 0.53935	 0.52525
102 	 0.25687	 0.25426	 0.25623	 0.26475	 0.28349	 0.31232	 0.34420	 0.36707	 0.38766	 0.40985	 0.42504	 0.41891	 0.38457	 0.34361	 0.31359	 0.29424	 0.28219	 0.27526	 0.26991	 0.26548	 0.26318	 0.26444	 0.27131	 0.28346	 0.30136	 0.32663	 0.35777	 0.39348	 0.43811	 0.48391	 0.52869	 0.57591	 0.61377	 0.63796	 0.65123	 0.65783	 0.66036	 0.65949	 0.65658	 0.65190	 0.64571	 0.63799	 0.62931	 0.62113	 0.61303	 0.60500	 0.59933	 0.59600	 0.59061	 0.58327	 0.57517	 0.56838	 0.56251	 0.55872	 0.55935	 0.56548	 0.57956	 0.59951	 0.62964	 0.67059	 0.71229	 0.73071	 0.71973	 0.68745	 0.64955	 0.62114	 0.59839	 0.57537	 0.55476	 0.53771	 0.52356
111 	 0.26187	 0.25912	 0.26072	 0.26871	 0.28672	 0.31447	 0.34505	 0.36664	 0.38606	 0.40699	 0.42093	 0.41433	 0.38109	 0.34185	 0.31295	 0.29418	 0.28243	 0.27545	 0.27007	 0.26557	 0.26315	 0.26417	 0.27075	 0.28244	 0.29980	 0.32428	 0.35438	 0.38874	 0.43165	 0.47578	 0.51933	 0.56550	 0.60306	 0.62756	 0.64138	 0.64855	 0.65134	 0.65063	 0.64774	 0.64312	 0.63709	 0.62938	 0.62089	 0.61291	 0.60495	 0.59725	 0.59169	 0.58832	 0.58290	 0.57559	 0.56754	 0.56060	 0.55449	 0.55025	 0.55053	 0.55620	 0.56938	 0.58818	 0.61719	 0.65692	 0.69737	 0.71557	 0.70510	 0.67411	 0.63747	 0.61063	 0.58963	 0.56714	 0.54701	 0.53062	 0.51708
112 	 0.25800	 0.25545	 0.25716	 0.26520	 0.28323	 0.31091	 0.34136	 0.36290	 0.38231	 0.40315	 0.41689	 0.41022	 0.37719	 0.33836	 0.30982	 0.29131	 0.27974	 0.27292	 0.26763	 0.26320	 0.26084	 0.26199	 0.26866	 0.28039	 0.29783	 0.32239	 0.35247	 0.38666	 0.42942	 0.47365	 0.51745	 0.56375	 0.60128	 0.62565	 0.63935	 0.64644	 0.64903	 0.64825	 0.64538	 0.64073	 0.63468	 0.62703	 0.61851	 0.61048	 0.60254	 0.59483	 0.58932	 0.58599	 0.58055	 0.57325	 0.56525	 0.55846	 0.55237	 0.54818	 0.54843	 0.55404	 0.56719	 0.58595	 0.61501	 0.65453	 0.69457	 0.71253	 0.70173	 0.67003	 0.63345	 0.60653	 0.58472	 0.56246	 0.54270	 0.52623	 0.51249
121 	 0.23176	 0.22935	 0.23151	 0.24035	 0.25909	 0.28727	 0.31779	 0.33919	 0.35816	 0.37882	 0.39261	 0.38622	 0.35363	 0.31498	 0.28653	 0.26815	 0.25692	 0.25049	 0.24535	 0.24107	 0.23922	 0.24087	 0.24780	 0.25964	 0.27702	 0.30124	 0.33055	 0.36436	 0.40723	 0.45215	 0.49726	 0.54433	 0.58164	 0.60494	 0.61731	 0.62315	 0.62479	 0.62294	 0.61875	 0.61306	 0.60617	 0.59793	 0.58893	 0.58037	 0.57177	 0.56336	 0.55726	 0.55350	 0.54788	 0.54056	 0.53285	 0.52645	 0.52073	 0.51717	 0.51843	 0.52506	 0.53906	 0.55808	 0.58702	 0.62725	 0.66927	 0.69089	 0.68280	 0.65198	 0.61564	 0.58992	 0.56925	 0.54694	 0.52748	 0.51118	 0.49757
122 	 0.22940	 0.22700	 0.22931	 0.23845	 0.25780	 0.28682	 0.31831	 0.34042	 0.35990	 0.38128	 0.39558	 0.38935	 0.35611	 0.31647	 0.28724	 0.26847	 0.25696	 0.25038	 0.24524	 0.24100	 0.23923	 0.24089	 0.24787	 0.25978	 0.27741	 0.30207	 0.33195	 0.36636	 0.40996	 0.45532	 0.50057	 0.54811	 0.58594	 0.60977	 0.62251	 0.62860	 0.63044	 0.62861	 0.62445	 0.61872	 0.61185	 0.60358	 0.59456	 0.58600	 0.57741	 0.56894	 0.56280	 0.55903	 0.55340	 0.54604	 0.53812	 0.53155	 0.52578	 0.52215	 0.52334	 0.53013	 0.54437	 0.56362	 0.59277	 0.63336	 0.67593	 0.69736	 0.68857	 0.65685	 0.61958	 0.59288	 0.57123	 0.54868	 0.52816	 0.51136	 0.49735
131 	 0.25133	 0.24849	 0.24997	 0.25777	 0.27509	 0.30185	 0.33113	 0.35180	 0.37059	 0.39102	 0.40452	 0.39786	 0.36520	 0.32676	 0.29856	 0.28029	 0.26892	 0.26224	 0.25694	 0.25251	 0.25029	 0.25143	 0.25784	 0.26918	 0.28617	 0.31016	 0.33942	 0.37305	 0.41544	 0.45918	 0.50254	 0.54841	 0.58531	 0.60895	 0.62187	 0.62817	 0.63022	 0.62882	 0.62534	 0.62043	 0.61425	 0.60653	 0.59802	 0.59006	 0.58211	 0.57427	 0.56874	 0.56546	 0.56020	 0.55314	 0.54539	 0.53898	 0.53320	 0.52943	 0.53047	 0.53675	 0.55035	 0.56939	 0.59868	 0.63908	 0.68094	 0.70155	 0.69278	 0.66255	 0.62659	 0.60093	 0.58068	 0.55905	 0.53967	 0.52368	 0.51018
132 	 0.25246	 0.24961	 0.25099	 0.25871	 0.27595	 0.30265	 0.33196	 0.35266	 0.37149	 0.39207	 0.40569	 0.39911	 0.36642	 0.32790	 0.29957	 0.28136	 0.27012	 0.26339	 0.25804	 0.25364	 0.25147	 0.25267	 0.25910	 0.27054	 0.28768	 0.31177	 0.34121	 0.37501	 0.41759	 0.46158	 0.50531	 0.55160	 0.58883	 0.61276	 0.62577	 0.63212	 0.63428	 0.63287	 0.62934	 0.62437	 0.61814	 0.61041	 0.60195	 0.59406	 0.58613	 0.57834	 0.57278	 0.56957	 0.56434	 0.55722	 0.54946	 0.54304	 0.53725	 0.53346	 0.53444	 0.54075	 0.55445	 0.57361	 0.60293	 0.64349	 0.68571	 0.70633	 0.69766	 0.66730	 0.63152	 0.60550	 0.58507	 0.56377	 0.54394	 0.52828	 0.51506
141 	 0.28102	 0.27603	 0.27546	 0.28153	 0.29801	 0.32559	 0.35636	 0.37718	 0.39568	 0.41737	 0.43240	 0.42579	 0.38985	 0.34625	 0.31379	 0.29284	 0.27963	 0.27154	 0.26550	 0.26088	 0.25862	 0.25989	 0.26686	 0.27907	 0.29713	 0.32246	 0.35392	 0.39079	 0.43752	 0.48550	 0.53217	 0.58045	 0.61747	 0.63966	 0.65077	 0.65539	 0.65629	 0.65341	 0.64805	 0.64105	 0.63302	 0.62375	 0.61408	 0.60521	 0.59626	 0.58745	 0.58106	 0.57699	 0.57114	 0.56362	 0.55586	 0.54965	 0.54426	 0.54129	 0.54380	 0.55238	 0.56863	 0.58987	 0.62186	 0.66780	 0.71807	 0.74583	 0.74350	 0.72024	 0.69140	 0.67202	 0.65695	 0.64207	 0.62875	 0.61706	 0.60563
151 	 0.28485	 0.27885	 0.27721	 0.28195	 0.29615	 0.31985	 0.34602	 0.36340	 0.37919	 0.39673	 0.40752	 0.39894	 0.36648	 0.32956	 0.30216	 0.28423	 0.27293	 0.26619	 0.26080	 0.25647	 0.25447	 0.25595	 0.26295	 0.27505	 0.29268	 0.31672	 0.34569	 0.37896	 0.42188	 0.46851	 0.51688	 0.56643	 0.60465	 0.62795	 0.63996	 0.64556	 0.64726	 0.64494	 0.64012	 0.63381	 0.62636	 0.61744	 0.60782	 0.59878	 0.58965	 0.58069	 0.57415	 0.57010	 0.56422	 0.55675	 0.54877	 0.54225	 0.53649	 0.53292	 0.53450	 0.54170	 0.55600	 0.57506	 0.60441	 0.64647	 0.69324	 0.72154	 0.72232	 0.70335	 0.67884	 0.66398	 0.65141	 0.63978	 0.62963	 0.62048	 0.61153
161 	 0.29235	 0.28671	 0.28537	 0.29044	 0.30567	 0.33178	 0.36123	 0.38087	 0.39837	 0.41923	 0.43359	 0.42654	 0.39102	 0.34824	 0.31645	 0.29589	 0.28284	 0.27479	 0.26868	 0.26395	 0.26149	 0.26247	 0.26910	 0.28109	 0.29877	 0.32367	 0.35462	 0.39080	 0.43660	 0.48348	 0.52906	 0.57651	 0.61335	 0.63604	 0.64780	 0.65304	 0.65443	 0.65193	 0.64695	 0.64059	 0.63310	 0.62421	 0.61488	 0.60627	 0.59746	 0.58885	 0.58277	 0.57899	 0.57327	 0.56584	 0.55817	 0.55207	 0.54670	 0.54368	 0.54618	 0.55469	 0.57084	 0.59204	 0.62446	 0.67118	 0.72269	 0.75126	 0.74916	 0.72669	 0.69751	 0.67846	 0.66456	 0.65026	 0.63775	 0.62716	 0.61639
171 	 0.28843	 0.28360	 0.28338	 0.29019	 0.30828	 0.33833	 0.37188	 0.39453	 0.41451	 0.43776	 0.45408	 0.44756	 0.41018	 0.36447	 0.33049	 0.30856	 0.29474	 0.28624	 0.27999	 0.27528	 0.27287	 0.27418	 0.28160	 0.29481	 0.31416	 0.34097	 0.37445	 0.41318	 0.46178	 0.51128	 0.55907	 0.60916	 0.64816	 0.67257	 0.68545	 0.69124	 0.69309	 0.69078	 0.68595	 0.67943	 0.67173	 0.66256	 0.65311	 0.64463	 0.63593	 0.62729	 0.62120	 0.61743	 0.61161	 0.60378	 0.59553	 0.58883	 0.58288	 0.57934	 0.58139	 0.58953	 0.60555	 0.62722	 0.66028	 0.70709	 0.75661	 0.77957	 0.77194	 0.74506	 0.71139	 0.68793	 0.66894	 0.65007	 0.63432	 0.62066	 0.60737
181 	 0.27680	 0.27185	 0.27129	 0.27744	 0.29385	 0.32081	 0.35056	 0.37034	 0.38785	 0.40823	 0.42190	 0.41457	 0.38011	 0.33910	 0.30850	 0.28872	 0.27636	 0.26878	 0.26291	 0.25851	 0.25641	 0.25776	 0.26476	 0.27704	 0.29496	 0.31980	 0.35039	 0.38589	 0.43110	 0.47818	 0.52492	 0.57321	 0.61054	 0.63341	 0.64515	 0.65038	 0.65180	 0.64923	 0.64418	 0.63765	 0.62988	 0.62076	 0.61133	 0.60267	 0.59382	 0.58515	 0.57885	 0.57491	 0.56913	 0.56162	 0.55373	 0.54730	 0.54163	 0.53829	 0.54035	 0.54827	 0.56358	 0.58374	 0.61461	 0.65880	 0.70702	 0.73390	 0.73170	 0.70857	 0.67973	 0.66109	 0.64655	 0.63097	 0.61733	 0.60650	 0.59538
191 	 0.28193	 0.27698	 0.27646	 0.28290	 0.30005	 0.32849	 0.36004	 0.38115	 0.39969	 0.42135	 0.43630	 0.42955	 0.39410	 0.35099	 0.31859	 0.29755	 0.28430	 0.27612	 0.26998	 0.26532	 0.26301	 0.26433	 0.27141	 0.28406	 0.30270	 0.32860	 0.36065	 0.39777	 0.44438	 0.49196	 0.53833	 0.58644	 0.62370	 0.64678	 0.65866	 0.66395	 0.66532	 0.66272	 0.65766	 0.65103	 0.64315	 0.63402	 0.62478	 0.61642	 0.60797	 0.59963	 0.59371	 0.59003	 0.58436	 0.57694	 0.56909	 0.56270	 0.55692	 0.55349	 0.55548	 0.56314	 0.57823	 0.59850	 0.62911	 0.67249	 0.71893	 0.74303	 0.73917	 0.71610	 0.68716	 0.66703	 0.65134	 0.63572	 0.62197	 0.60934	 0.59809
201 	 0.27653	 0.27100	 0.26988	 0.27511	 0.29023	 0.31565	 0.34386	 0.36245	 0.37901	 0.39873	 0.41211	 0.40492	 0.37122	 0.33114	 0.30142	 0.28226	 0.27016	 0.26285	 0.25713	 0.25275	 0.25088	 0.25260	 0.25986	 0.27220	 0.29002	 0.31430	 0.34402	 0.37900	 0.42434	 0.47279	 0.52201	 0.57241	 0.61071	 0.63373	 0.64511	 0.64989	 0.65084	 0.64743	 0.64113	 0.63313	 0.62415	 0.61412	 0.60411	 0.59506	 0.58609	 0.57724	 0.57063	 0.56637	 0.56046	 0.55274	 0.54479	 0.53836	 0.53259	 0.52916	 0.53108	 0.53868	 0.55352	 0.57304	 0.60317	 0.64716	 0.69634	 0.72567	 0.72581	 0.70419	 0.67675	 0.65922	 0.64617	 0.63270	 0.62088	 0.61108	 0.59969
211 	 0.27340	 0.26805	 0.26710	 0.27258	 0.28761	 0.31296	 0.34120	 0.35969	 0.37615	 0.39578	 0.40943	 0.40255	 0.36902	 0.32882	 0.29884	 0.27947	 0.26730	 0.25978	 0.25389	 0.24934	 0.24723	 0.24860	 0.25530	 0.26705	 0.28443	 0.30847	 0.33788	 0.37250	 0.41707	 0.46380	 0.51070	 0.55928	 0.59647	 0.61872	 0.62949	 0.63369	 0.63415	 0.63030	 0.62369	 0.61567	 0.60677	 0.59699	 0.58733	 0.57868	 0.57015	 0.56171	 0.55553	 0.55163	 0.54605	 0.53873	 0.53123	 0.52520	 0.51994	 0.51699	 0.51954	 0.52794	 0.54329	 0.56270	 0.59178	 0.63440	 0.68251	 0.71218	 0.71310	 0.69268	 0.66651	 0.65049	 0.63779	 0.62506	 0.61380	 0.60437	 0.59373
221 	 0.29127	 0.28618	 0.28558	 0.29181	 0.30886	 0.33764	 0.36994	 0.39163	 0.41090	 0.43371	 0.44978	 0.44311	 0.40597	 0.36062	 0.32701	 0.30543	 0.29179	 0.28341	 0.27702	 0.27226	 0.26976	 0.27097	 0.27812	 0.29094	 0.30982	 0.33615	 0.36909	 0.40731	 0.45547	 0.50432	 0.55150	 0.60095	 0.63929	 0.66309	 0.67536	 0.68062	 0.68216	 0.67941	 0.67425	 0.66772	 0.65998	 0.65074	 0.64133	 0.63282	 0.62405	 0.61539	 0.60927	 0.60561	 0.59990	 0.59210	 0.58405	 0.57755	 0.57187	 0.56854	 0.57071	 0.57912	 0.59559	 0.61760	 0.65091	 0.69819	 0.74865	 0.77352	 0.76775	 0.74226	 0.70991	 0.68714	 0.66961	 0.65232	 0.63770	 0.62521	 0.61288
231 	 0.29358	 0.28763	 0.28602	 0.29082	 0.30538	 0.32981	 0.35666	 0.37455	 0.39092	 0.40894	 0.42019	 0.41167	 0.37872	 0.34076	 0.31258	 0.29422	 0.28270	 0.27577	 0.27025	 0.26591	 0.26383	 0.26540	 0.27261	 0.28508	 0.30328	 0.32790	 0.35762	 0.39172	 0.43545	 0.48245	 0.53072	 0.58019	 0.61852	 0.64230	 0.65485	 0.66097	 0.66333	 0.66141	 0.65719	 0.65164	 0.64462	 0.63590	 0.62668	 0.61802	 0.60918	 0.60030	 0.59402	 0.59018	 0.58445	 0.57662	 0.56844	 0.56173	 0.55577	 0.55189	 0.55300	 0.55950	 0.57331	 0.59261	 0.62213	 0.66342	 0.70829	 0.73384	 0.73312	 0.71339	 0.68836	 0.67244	 0.65935	 0.64609	 0.63467	 0.62538	 0.61554
241 	 0.27691	 0.27243	 0.27257	 0.27980	 0.29826	 0.32840	 0.36179	 0.38422	 0.40387	 0.42691	 0.44316	 0.43677	 0.39996	 0.35499	 0.32168	 0.30037	 0.28706	 0.27892	 0.27286	 0.26835	 0.26627	 0.26791	 0.27551	 0.28880	 0.30803	 0.33434	 0.36696	 0.40515	 0.45361	 0.50355	 0.55240	 0.60323	 0.64239	 0.66661	 0.67908	 0.68445	 0.68603	 0.68305	 0.67743	 0.67021	 0.66178	 0.65206	 0.64229	 0.63348	 0.62457	 0.61565	 0.60923	 0.60522	 0.59927	 0.59125	 0.58299	 0.57623	 0.57024	 0.56659	 0.56847	 0.57641	 0.59230	 0.61369	 0.64616	 0.69249	 0.74206	 0.76619	 0.75913	 0.73169	 0.69768	 0.67370	 0.65473	 0.63588	 0.61931	 0.60553	 0.59162
251 	 0.26639	 0.26173	 0.26142	 0.26777	 0.28426	 0.31130	 0.34111	 0.36075	 0.37810	 0.39865	 0.41262	 0.40560	 0.37127	 0.33005	 0.29958	 0.28003	 0.26782	 0.26049	 0.25477	 0.25033	 0.24833	 0.24999	 0.25704	 0.26917	 0.28695	 0.31148	 0.34160	 0.37693	 0.42226	 0.46946	 0.51637	 0.56477	 0.60192	 0.62448	 0.63580	 0.64059	 0.64175	 0.63862	 0.63292	 0.62585	 0.61758	 0.60818	 0.59869	 0.59004	 0.58121	 0.57245	 0.56607	 0.56206	 0.55627	 0.54864	 0.54079	 0.53446	 0.52883	 0.52554	 0.52769	 0.53572	 0.55123	 0.57166	 0.60287	 0.64772	 0.69685	 0.72494	 0.72271	 0.69869	 0.66915	 0.65002	 0.63514	 0.61969	 0.60571	 0.59391	 0.58209
261 	 0.26948	 0.26472	 0.26442	 0.27070	 0.28708	 0.31414	 0.34405	 0.36375	 0.38117	 0.40184	 0.41598	 0.40893	 0.37436	 0.33293	 0.30221	 0.28248	 0.27012	 0.26270	 0.25691	 0.25246	 0.25037	 0.25186	 0.25879	 0.27093	 0.28870	 0.31321	 0.34343	 0.37891	 0.42437	 0.47154	 0.51815	 0.56623	 0.60319	 0.62571	 0.63702	 0.64186	 0.64309	 0.64001	 0.63437	 0.62736	 0.61916	 0.60981	 0.60046	 0.59187	 0.58318	 0.57437	 0.56805	 0.56423	 0.55852	 0.55086	 0.54303	 0.53672	 0.53111	 0.52787	 0.52998	 0.53809	 0.55376	 0.57433	 0.60554	 0.65057	 0.70006	 0.72817	 0.72581	 0.70173	 0.67181	 0.65243	 0.63792	 0.62166	 0.60839	 0.59638	 0.58412
271 	 0.30067	 0.29549	 0.29479	 0.30099	 0.31804	 0.34715	 0.37989	 0.40191	 0.42143	 0.44444	 0.46069	 0.45409	 0.41674	 0.37091	 0.33698	 0.31517	 0.30137	 0.29280	 0.28639	 0.28158	 0.27891	 0.28004	 0.28731	 0.30041	 0.31962	 0.34620	 0.37942	 0.41814	 0.46678	 0.51601	 0.56341	 0.61339	 0.65236	 0.67699	 0.69003	 0.69591	 0.69804	 0.69567	 0.69087	 0.68451	 0.67679	 0.66765	 0.65841	 0.65008	 0.64149	 0.63274	 0.62671	 0.62304	 0.61736	 0.60945	 0.60129	 0.59465	 0.58880	 0.58524	 0.58714	 0.59516	 0.61128	 0.63319	 0.66619	 0.71280	 0.76222	 0.78531	 0.77853	 0.75310	 0.72037	 0.69777	 0.67945	 0.66176	 0.64686	 0.63447	 0.62218
281 	 0.28091	 0.27594	 0.27541	 0.28157	 0.29816	 0.32590	 0.35692	 0.37784	 0.39657	 0.41844	 0.43372	 0.42695	 0.39103	 0.34749	 0.31537	 0.29477	 0.28186	 0.27401	 0.26795	 0.26332	 0.26099	 0.26239	 0.26941	 0.28189	 0.30026	 0.32568	 0.35706	 0.39385	 0.44068	 0.48878	 0.53580	 0.58497	 0.62315	 0.64677	 0.65902	 0.66435	 0.66602	 0.66328	 0.65807	 0.65148	 0.64353	 0.63432	 0.62499	 0.61644	 0.60774	 0.59891	 0.59270	 0.58894	 0.58324	 0.57541	 0.56742	 0.56096	 0.55527	 0.55175	 0.55352	 0.56138	 0.57711	 0.59837	 0.63063	 0.67650	 0.72610	 0.75218	 0.74790	 0.72297	 0.69161	 0.67019	 0.65323	 0.63653	 0.62165	 0.60927	 0.59756
291 	 0.27988	 0.27652	 0.27735	 0.28418	 0.30023	 0.32560	 0.35322	 0.37200	 0.38927	 0.40819	 0.42052	 0.41290	 0.38072	 0.34376	 0.31679	 0.29955	 0.28884	 0.28241	 0.27727	 0.27320	 0.27102	 0.27221	 0.27869	 0.29004	 0.30679	 0.32966	 0.35774	 0.39035	 0.43238	 0.47680	 0.52170	 0.56842	 0.60498	 0.62783	 0.63986	 0.64548	 0.64739	 0.64512	 0.64066	 0.63509	 0.62814	 0.61963	 0.61076	 0.60236	 0.59363	 0.58487	 0.57859	 0.57476	 0.56906	 0.56123	 0.55298	 0.54622	 0.54019	 0.53616	 0.53673	 0.54267	 0.55622	 0.57547	 0.60482	 0.64541	 0.68838	 0.71099	 0.70525	 0.67826	 0.64631	 0.62404	 0.60621	 0.58838	 0.57207	 0.55820	 0.54574
292 	 0.29043	 0.28711	 0.28758	 0.29372	 0.30860	 0.33208	 0.35759	 0.37483	 0.39093	 0.40833	 0.41943	 0.41156	 0.38087	 0.34631	 0.32108	 0.30484	 0.29466	 0.28843	 0.28337	 0.27938	 0.27710	 0.27812	 0.28426	 0.29507	 0.31101	 0.33279	 0.35943	 0.39030	 0.43032	 0.47299	 0.51655	 0.56143	 0.59641	 0.61822	 0.62953	 0.63479	 0.63649	 0.63413	 0.62977	 0.62430	 0.61746	 0.60913	 0.60048	 0.59227	 0.58383	 0.57535	 0.56917	 0.56543	 0.55991	 0.55231	 0.54427	 0.53760	 0.53164	 0.52758	 0.52787	 0.53320	 0.54574	 0.56381	 0.59150	 0.62984	 0.67086	 0.69364	 0.68968	 0.66501	 0.63508	 0.61506	 0.59907	 0.58201	 0.56710	 0.55454	 0.54387
