11 	 0.22637	 0.22385	 0.22587	 0.23533	 0.25506	 0.28536	 0.31761	 0.33964	 0.36003	 0.38244	 0.39801	 0.39178	 0.35710	 0.31635	 0.28613	 0.26655	 0.25584	 0.24925	 0.24280	 0.23838	 0.23637	 0.23752	 0.24440	 0.25666	 0.27481	 0.29994	 0.32978	 0.36500	 0.40966	 0.45452	 0.49890	 0.54633	 0.58488	 0.60977	 0.62325	 0.62950	 0.63232	 0.63009	 0.62519	 0.61957	 0.61241	 0.60436	 0.59623	 0.58771	 0.57889	 0.57163	 0.56650	 0.56302	 0.55711	 0.54932	 0.54156	 0.53487	 0.52843	 0.52404	 0.52432	 0.53058	 0.54517	 0.56549	 0.59517	 0.63711	 0.67963	 0.69929	 0.68816	 0.65611	 0.61900	 0.59055	 0.56750	 0.54373	 0.52406	 0.50804	 0.49237
12 	 0.22587	 0.22346	 0.22569	 0.23512	 0.25479	 0.28497	 0.31692	 0.33863	 0.35887	 0.38096	 0.39621	 0.39007	 0.35568	 0.31518	 0.28536	 0.26596	 0.25525	 0.24873	 0.24223	 0.23782	 0.23607	 0.23728	 0.24389	 0.25607	 0.27421	 0.29911	 0.32857	 0.36358	 0.40787	 0.45242	 0.49645	 0.54309	 0.58064	 0.60460	 0.61740	 0.62326	 0.62565	 0.62325	 0.61836	 0.61274	 0.60567	 0.59768	 0.58967	 0.58136	 0.57269	 0.56537	 0.56016	 0.55687	 0.55111	 0.54346	 0.53571	 0.52911	 0.52284	 0.51857	 0.51893	 0.52534	 0.53976	 0.55978	 0.58899	 0.62995	 0.67147	 0.69100	 0.68082	 0.64941	 0.61284	 0.58496	 0.56233	 0.53865	 0.51905	 0.50334	 0.48779
21 	 0.21733	 0.21546	 0.21841	 0.22871	 0.24929	 0.27961	 0.31138	 0.33328	 0.35314	 0.37349	 0.38752	 0.38133	 0.34894	 0.31069	 0.28276	 0.26448	 0.25457	 0.24847	 0.24210	 0.23827	 0.23679	 0.23796	 0.24407	 0.25582	 0.27361	 0.29809	 0.32699	 0.36045	 0.40226	 0.44437	 0.48576	 0.52907	 0.56357	 0.58533	 0.59720	 0.60278	 0.60538	 0.60358	 0.60012	 0.59618	 0.59072	 0.58395	 0.57620	 0.56795	 0.55949	 0.55191	 0.54667	 0.54377	 0.53871	 0.53145	 0.52351	 0.51656	 0.51074	 0.50669	 0.50702	 0.51274	 0.52571	 0.54401	 0.57036	 0.60522	 0.63916	 0.65522	 0.64703	 0.61946	 0.58551	 0.55792	 0.53600	 0.51324	 0.49345	 0.47666	 0.46174
31 	 0.23367	 0.23128	 0.23344	 0.24256	 0.26178	 0.29121	 0.32282	 0.34458	 0.36458	 0.38568	 0.40041	 0.39386	 0.35950	 0.31915	 0.28990	 0.27092	 0.26037	 0.25381	 0.24715	 0.24305	 0.24116	 0.24199	 0.24752	 0.25887	 0.27626	 0.30093	 0.33071	 0.36540	 0.40871	 0.45163	 0.49300	 0.53660	 0.57142	 0.59348	 0.60545	 0.61110	 0.61373	 0.61187	 0.60849	 0.60468	 0.59946	 0.59275	 0.58483	 0.57650	 0.56794	 0.56018	 0.55495	 0.55208	 0.54695	 0.53967	 0.53189	 0.52502	 0.51936	 0.51569	 0.51672	 0.52335	 0.53767	 0.55801	 0.58774	 0.62759	 0.66643	 0.68374	 0.67340	 0.64299	 0.60719	 0.57938	 0.55725	 0.53419	 0.51390	 0.49846	 0.48350
41 	 0.24750	 0.24453	 0.24578	 0.25350	 0.27068	 0.29764	 0.32741	 0.34810	 0.36694	 0.38715	 0.40149	 0.39503	 0.36169	 0.32248	 0.29433	 0.27600	 0.26553	 0.25908	 0.25280	 0.24869	 0.24668	 0.24750	 0.25291	 0.26420	 0.28112	 0.30490	 0.33389	 0.36777	 0.41040	 0.45355	 0.49590	 0.54078	 0.57676	 0.59946	 0.61201	 0.61797	 0.62086	 0.61885	 0.61487	 0.61037	 0.60458	 0.59761	 0.58955	 0.58121	 0.57296	 0.56542	 0.56040	 0.55752	 0.55250	 0.54539	 0.53773	 0.53083	 0.52509	 0.52143	 0.52257	 0.52886	 0.54244	 0.56173	 0.59010	 0.62908	 0.66946	 0.69052	 0.68422	 0.65625	 0.62295	 0.59750	 0.57689	 0.55564	 0.53745	 0.52316	 0.50876
51 	 0.25184	 0.24911	 0.25084	 0.25964	 0.27861	 0.30804	 0.33999	 0.36221	 0.38251	 0.40449	 0.42016	 0.41360	 0.37836	 0.33686	 0.30712	 0.28795	 0.27682	 0.27002	 0.26355	 0.25930	 0.25723	 0.25818	 0.26403	 0.27595	 0.29386	 0.31877	 0.34931	 0.38481	 0.42938	 0.47376	 0.51711	 0.56336	 0.60035	 0.62361	 0.63597	 0.64160	 0.64418	 0.64213	 0.63790	 0.63309	 0.62699	 0.61963	 0.61138	 0.60297	 0.59472	 0.58717	 0.58207	 0.57908	 0.57376	 0.56637	 0.55863	 0.55133	 0.54534	 0.54157	 0.54280	 0.54948	 0.56394	 0.58443	 0.61448	 0.65561	 0.69718	 0.71580	 0.70481	 0.67317	 0.63750	 0.61027	 0.58821	 0.56543	 0.54593	 0.53109	 0.51545
61 	 0.25658	 0.25360	 0.25507	 0.26333	 0.28144	 0.30966	 0.34076	 0.36259	 0.38248	 0.40417	 0.41976	 0.41332	 0.37839	 0.33733	 0.30811	 0.28935	 0.27844	 0.27183	 0.26569	 0.26170	 0.25979	 0.26097	 0.26697	 0.27894	 0.29682	 0.32143	 0.35160	 0.38704	 0.43195	 0.47753	 0.52285	 0.57118	 0.60959	 0.63347	 0.64622	 0.65207	 0.65487	 0.65279	 0.64829	 0.64304	 0.63651	 0.62879	 0.62015	 0.61141	 0.60286	 0.59503	 0.58974	 0.58636	 0.58088	 0.57345	 0.56551	 0.55829	 0.55224	 0.54849	 0.54960	 0.55643	 0.57098	 0.59160	 0.62195	 0.66390	 0.70742	 0.72843	 0.71865	 0.68749	 0.65200	 0.62529	 0.60392	 0.58178	 0.56374	 0.54800	 0.53287
71 	 0.24920	 0.24644	 0.24825	 0.25727	 0.27670	 0.30672	 0.33946	 0.36230	 0.38308	 0.40575	 0.42186	 0.41524	 0.37926	 0.33693	 0.30673	 0.28724	 0.27583	 0.26897	 0.26266	 0.25841	 0.25628	 0.25726	 0.26324	 0.27530	 0.29344	 0.31875	 0.34979	 0.38594	 0.43128	 0.47619	 0.51992	 0.56676	 0.60431	 0.62814	 0.64085	 0.64662	 0.64940	 0.64740	 0.64330	 0.63857	 0.63258	 0.62517	 0.61682	 0.60840	 0.59997	 0.59228	 0.58725	 0.58410	 0.57868	 0.57119	 0.56325	 0.55613	 0.55014	 0.54639	 0.54753	 0.55452	 0.56954	 0.59072	 0.62196	 0.66450	 0.70721	 0.72531	 0.71237	 0.67872	 0.64115	 0.61303	 0.58993	 0.56663	 0.54741	 0.53068	 0.51588
81 	 0.24863	 0.24580	 0.24728	 0.25547	 0.27344	 0.30143	 0.33196	 0.35338	 0.37279	 0.39354	 0.40803	 0.40140	 0.36749	 0.32781	 0.29957	 0.28117	 0.27046	 0.26406	 0.25820	 0.25404	 0.25204	 0.25324	 0.25921	 0.27097	 0.28846	 0.31273	 0.34229	 0.37672	 0.42028	 0.46471	 0.50889	 0.55578	 0.59323	 0.61696	 0.62987	 0.63597	 0.63891	 0.63704	 0.63299	 0.62824	 0.62223	 0.61500	 0.60646	 0.59790	 0.58939	 0.58152	 0.57627	 0.57303	 0.56755	 0.56003	 0.55217	 0.54508	 0.53909	 0.53528	 0.53611	 0.54237	 0.55625	 0.57624	 0.60573	 0.64576	 0.68668	 0.70604	 0.69678	 0.66629	 0.63090	 0.60399	 0.58249	 0.56021	 0.54187	 0.52617	 0.51129
82 	 0.24820	 0.24537	 0.24676	 0.25483	 0.27249	 0.29982	 0.32985	 0.35098	 0.37015	 0.39060	 0.40484	 0.39820	 0.36487	 0.32598	 0.29821	 0.28016	 0.26966	 0.26341	 0.25766	 0.25361	 0.25162	 0.25284	 0.25886	 0.27062	 0.28799	 0.31203	 0.34124	 0.37533	 0.41854	 0.46297	 0.50737	 0.55450	 0.59217	 0.61613	 0.62920	 0.63534	 0.63834	 0.63651	 0.63251	 0.62780	 0.62178	 0.61443	 0.60596	 0.59744	 0.58898	 0.58120	 0.57594	 0.57271	 0.56717	 0.55965	 0.55181	 0.54475	 0.53878	 0.53495	 0.53570	 0.54163	 0.55532	 0.57514	 0.60430	 0.64395	 0.68446	 0.70369	 0.69454	 0.66418	 0.62902	 0.60232	 0.58086	 0.55782	 0.53958	 0.52373	 0.50899
91 	 0.23410	 0.23157	 0.23353	 0.24215	 0.26073	 0.28996	 0.32137	 0.34276	 0.36232	 0.38424	 0.40023	 0.39415	 0.35926	 0.31805	 0.28852	 0.26940	 0.25809	 0.25118	 0.24498	 0.24082	 0.23872	 0.23974	 0.24552	 0.25690	 0.27393	 0.29784	 0.32734	 0.36223	 0.40663	 0.45126	 0.49473	 0.54112	 0.57790	 0.60068	 0.61256	 0.61734	 0.61901	 0.61576	 0.61001	 0.60345	 0.59593	 0.58758	 0.57865	 0.57013	 0.56190	 0.55439	 0.54920	 0.54584	 0.54022	 0.53273	 0.52512	 0.51829	 0.51262	 0.50921	 0.51074	 0.51802	 0.53278	 0.55269	 0.58215	 0.62435	 0.66870	 0.69136	 0.68314	 0.65267	 0.61705	 0.59038	 0.56901	 0.54671	 0.52742	 0.51206	 0.49720
92 	 0.23417	 0.23160	 0.23345	 0.24192	 0.26036	 0.28946	 0.32065	 0.34183	 0.36127	 0.38311	 0.39898	 0.39297	 0.35817	 0.31707	 0.28762	 0.26856	 0.25728	 0.25035	 0.24416	 0.23997	 0.23790	 0.23888	 0.24462	 0.25601	 0.27292	 0.29675	 0.32612	 0.36083	 0.40503	 0.44959	 0.49288	 0.53896	 0.57563	 0.59822	 0.61002	 0.61476	 0.61629	 0.61295	 0.60721	 0.60067	 0.59308	 0.58474	 0.57593	 0.56749	 0.55932	 0.55181	 0.54669	 0.54332	 0.53775	 0.53029	 0.52270	 0.51594	 0.51033	 0.50699	 0.50853	 0.51572	 0.53044	 0.55020	 0.57950	 0.62141	 0.66540	 0.68802	 0.68015	 0.65012	 0.61450	 0.58790	 0.56663	 0.54436	 0.52526	 0.50972	 0.49506
101 	 0.25425	 0.25153	 0.25326	 0.26198	 0.28073	 0.30946	 0.34093	 0.36329	 0.38342	 0.40495	 0.42006	 0.41347	 0.37905	 0.33865	 0.30980	 0.29118	 0.28024	 0.27385	 0.26807	 0.26398	 0.26203	 0.26334	 0.26948	 0.28151	 0.29943	 0.32406	 0.35411	 0.38918	 0.43351	 0.47862	 0.52329	 0.57064	 0.60827	 0.63185	 0.64457	 0.65057	 0.65346	 0.65176	 0.64790	 0.64320	 0.63715	 0.62980	 0.62129	 0.61279	 0.60433	 0.59644	 0.59113	 0.58769	 0.58202	 0.57451	 0.56656	 0.55931	 0.55327	 0.54937	 0.54999	 0.55605	 0.57013	 0.59073	 0.62084	 0.66127	 0.70178	 0.71989	 0.70847	 0.67628	 0.64021	 0.61246	 0.59005	 0.56705	 0.54791	 0.53195	 0.51656
102 	 0.24944	 0.24679	 0.24860	 0.25742	 0.27635	 0.30549	 0.33740	 0.36005	 0.38045	 0.40242	 0.41803	 0.41148	 0.37625	 0.33500	 0.30552	 0.28665	 0.27550	 0.26894	 0.26305	 0.25888	 0.25694	 0.25825	 0.26450	 0.27655	 0.29462	 0.31957	 0.35010	 0.38570	 0.43083	 0.47645	 0.52146	 0.56938	 0.60760	 0.63165	 0.64465	 0.65078	 0.65376	 0.65204	 0.64811	 0.64344	 0.63739	 0.62995	 0.62135	 0.61283	 0.60425	 0.59635	 0.59102	 0.58759	 0.58186	 0.57426	 0.56623	 0.55912	 0.55308	 0.54921	 0.54996	 0.55631	 0.57084	 0.59197	 0.62281	 0.66448	 0.70613	 0.72417	 0.71167	 0.67852	 0.64103	 0.61274	 0.58980	 0.56635	 0.54666	 0.53010	 0.51465
111 	 0.25441	 0.25159	 0.25292	 0.26117	 0.27920	 0.30722	 0.33797	 0.35950	 0.37876	 0.39967	 0.41414	 0.40749	 0.37364	 0.33386	 0.30528	 0.28680	 0.27580	 0.26924	 0.26341	 0.25905	 0.25680	 0.25786	 0.26382	 0.27544	 0.29274	 0.31699	 0.34660	 0.38105	 0.42441	 0.46840	 0.51188	 0.55839	 0.59612	 0.62054	 0.63428	 0.64085	 0.64408	 0.64261	 0.63885	 0.63419	 0.62817	 0.62074	 0.61242	 0.60418	 0.59592	 0.58823	 0.58305	 0.57958	 0.57397	 0.56643	 0.55839	 0.55117	 0.54492	 0.54080	 0.54117	 0.54691	 0.56061	 0.58042	 0.60971	 0.64947	 0.68944	 0.70732	 0.69693	 0.66602	 0.63052	 0.60343	 0.58164	 0.55910	 0.54039	 0.52483	 0.50970
112 	 0.25037	 0.24759	 0.24907	 0.25736	 0.27545	 0.30339	 0.33398	 0.35533	 0.37454	 0.39519	 0.40943	 0.40273	 0.36925	 0.32996	 0.30175	 0.28350	 0.27266	 0.26622	 0.26051	 0.25623	 0.25407	 0.25519	 0.26126	 0.27297	 0.29036	 0.31463	 0.34417	 0.37839	 0.42144	 0.46545	 0.50913	 0.55560	 0.59325	 0.61754	 0.63106	 0.63752	 0.64065	 0.63913	 0.63532	 0.63070	 0.62473	 0.61746	 0.60902	 0.60086	 0.59268	 0.58503	 0.57994	 0.57649	 0.57093	 0.56336	 0.55543	 0.54824	 0.54209	 0.53804	 0.53840	 0.54398	 0.55748	 0.57720	 0.60629	 0.64542	 0.68444	 0.70181	 0.69116	 0.66050	 0.62468	 0.59752	 0.57557	 0.55294	 0.53381	 0.51776	 0.50311
121 	 0.22470	 0.22218	 0.22416	 0.23308	 0.25204	 0.28080	 0.31160	 0.33282	 0.35160	 0.37213	 0.38645	 0.38014	 0.34699	 0.30786	 0.27961	 0.26117	 0.25033	 0.24388	 0.23822	 0.23418	 0.23226	 0.23377	 0.24011	 0.25198	 0.26945	 0.29372	 0.32300	 0.35708	 0.40022	 0.44489	 0.48928	 0.53605	 0.57327	 0.59624	 0.60864	 0.61409	 0.61638	 0.61406	 0.60929	 0.60376	 0.59702	 0.58920	 0.58049	 0.57195	 0.56345	 0.55548	 0.55008	 0.54661	 0.54101	 0.53352	 0.52582	 0.51910	 0.51343	 0.50989	 0.51095	 0.51729	 0.53115	 0.55026	 0.57816	 0.61665	 0.65653	 0.67728	 0.67044	 0.64231	 0.60810	 0.58181	 0.56055	 0.53831	 0.51945	 0.50375	 0.48855
122 	 0.21826	 0.21586	 0.21809	 0.22729	 0.24679	 0.27645	 0.30798	 0.32980	 0.34916	 0.37032	 0.38500	 0.37874	 0.34486	 0.30490	 0.27599	 0.25719	 0.24613	 0.23965	 0.23401	 0.22977	 0.22782	 0.22933	 0.23575	 0.24786	 0.26556	 0.29029	 0.32012	 0.35480	 0.39866	 0.44380	 0.48844	 0.53578	 0.57376	 0.59739	 0.61027	 0.61600	 0.61842	 0.61611	 0.61135	 0.60576	 0.59895	 0.59101	 0.58217	 0.57359	 0.56493	 0.55692	 0.55147	 0.54788	 0.54219	 0.53464	 0.52681	 0.51998	 0.51433	 0.51079	 0.51171	 0.51835	 0.53266	 0.55231	 0.58101	 0.62068	 0.66152	 0.68213	 0.67403	 0.64427	 0.60941	 0.58211	 0.56012	 0.53715	 0.51722	 0.50122	 0.48573
131 	 0.24013	 0.23714	 0.23847	 0.24628	 0.26364	 0.29075	 0.32040	 0.34116	 0.35981	 0.38007	 0.39411	 0.38762	 0.35452	 0.31566	 0.28763	 0.26944	 0.25856	 0.25207	 0.24632	 0.24190	 0.23961	 0.24067	 0.24654	 0.25789	 0.27495	 0.29898	 0.32815	 0.36203	 0.40464	 0.44821	 0.49114	 0.53680	 0.57385	 0.59745	 0.61048	 0.61648	 0.61907	 0.61715	 0.61309	 0.60838	 0.60234	 0.59495	 0.58660	 0.57853	 0.57045	 0.56294	 0.55802	 0.55482	 0.54942	 0.54209	 0.53443	 0.52767	 0.52202	 0.51840	 0.51919	 0.52533	 0.53919	 0.55875	 0.58742	 0.62665	 0.66700	 0.68764	 0.67993	 0.65110	 0.61678	 0.59069	 0.56996	 0.54781	 0.52896	 0.51423	 0.49916
132 	 0.24136	 0.23831	 0.23962	 0.24739	 0.26460	 0.29183	 0.32154	 0.34241	 0.36117	 0.38165	 0.39583	 0.38940	 0.35613	 0.31709	 0.28900	 0.27080	 0.25988	 0.25346	 0.24775	 0.24336	 0.24115	 0.24222	 0.24814	 0.25960	 0.27676	 0.30096	 0.33030	 0.36437	 0.40726	 0.45116	 0.49453	 0.54079	 0.57835	 0.60224	 0.61549	 0.62145	 0.62409	 0.62222	 0.61812	 0.61323	 0.60710	 0.59971	 0.59137	 0.58328	 0.57516	 0.56769	 0.56270	 0.55950	 0.55412	 0.54674	 0.53903	 0.53226	 0.52648	 0.52287	 0.52373	 0.52993	 0.54396	 0.56384	 0.59295	 0.63271	 0.67388	 0.69424	 0.68608	 0.65663	 0.62239	 0.59615	 0.57538	 0.55271	 0.53428	 0.51866	 0.50417
141 	 0.26943	 0.26457	 0.26411	 0.27068	 0.28750	 0.31546	 0.34626	 0.36684	 0.38557	 0.40738	 0.42302	 0.41579	 0.37862	 0.33469	 0.30288	 0.28238	 0.26975	 0.26206	 0.25582	 0.25126	 0.24912	 0.25033	 0.25676	 0.26896	 0.28699	 0.31232	 0.34349	 0.38047	 0.42778	 0.47594	 0.52293	 0.57202	 0.60966	 0.63164	 0.64235	 0.64630	 0.64743	 0.64396	 0.63770	 0.63058	 0.62245	 0.61334	 0.60386	 0.59471	 0.58554	 0.57708	 0.57119	 0.56707	 0.56094	 0.55321	 0.54549	 0.53907	 0.53377	 0.53100	 0.53337	 0.54202	 0.55889	 0.58128	 0.61439	 0.66206	 0.71449	 0.74413	 0.74026	 0.71348	 0.68320	 0.66249	 0.64634	 0.62996	 0.61650	 0.60559	 0.59312
151 	 0.27338	 0.26751	 0.26600	 0.27087	 0.28497	 0.30884	 0.33527	 0.35302	 0.36882	 0.38635	 0.39784	 0.38992	 0.35745	 0.31993	 0.29261	 0.27464	 0.26364	 0.25711	 0.25155	 0.24725	 0.24519	 0.24664	 0.25317	 0.26521	 0.28277	 0.30677	 0.33545	 0.36885	 0.41215	 0.45894	 0.50724	 0.55742	 0.59617	 0.61932	 0.63120	 0.63625	 0.63830	 0.63560	 0.63007	 0.62371	 0.61620	 0.60767	 0.59809	 0.58879	 0.57956	 0.57095	 0.56494	 0.56099	 0.55499	 0.54718	 0.53928	 0.53250	 0.52689	 0.52356	 0.52500	 0.53218	 0.54686	 0.56670	 0.59600	 0.63807	 0.68598	 0.71655	 0.71858	 0.69843	 0.67318	 0.65600	 0.64286	 0.62898	 0.61978	 0.61026	 0.60008
161 	 0.28135	 0.27573	 0.27448	 0.27990	 0.29539	 0.32195	 0.35151	 0.37112	 0.38903	 0.41011	 0.42500	 0.41764	 0.38106	 0.33790	 0.30667	 0.28640	 0.27392	 0.26630	 0.25997	 0.25536	 0.25296	 0.25399	 0.26015	 0.27203	 0.28955	 0.31434	 0.34496	 0.38123	 0.42762	 0.47452	 0.52028	 0.56847	 0.60604	 0.62864	 0.64016	 0.64485	 0.64661	 0.64387	 0.63828	 0.63171	 0.62410	 0.61548	 0.60615	 0.59727	 0.58829	 0.57996	 0.57426	 0.57043	 0.56457	 0.55698	 0.54940	 0.54296	 0.53768	 0.53484	 0.53708	 0.54567	 0.56251	 0.58483	 0.61813	 0.66678	 0.72049	 0.75132	 0.74758	 0.72054	 0.69044	 0.67039	 0.65466	 0.63871	 0.62693	 0.61634	 0.60513
171 	 0.27896	 0.27428	 0.27427	 0.28184	 0.30043	 0.33084	 0.36407	 0.38619	 0.40630	 0.42979	 0.44642	 0.43905	 0.40030	 0.35440	 0.32136	 0.30017	 0.28714	 0.27922	 0.27293	 0.26831	 0.26621	 0.26773	 0.27476	 0.28787	 0.30712	 0.33384	 0.36674	 0.40539	 0.45468	 0.50439	 0.55333	 0.60512	 0.64524	 0.66947	 0.68168	 0.68665	 0.68844	 0.68565	 0.67967	 0.67262	 0.66441	 0.65505	 0.64536	 0.63616	 0.62697	 0.61836	 0.61240	 0.60804	 0.60163	 0.59370	 0.58557	 0.57860	 0.57261	 0.56915	 0.57097	 0.57975	 0.59718	 0.62086	 0.65634	 0.70719	 0.76077	 0.78573	 0.77376	 0.74004	 0.70456	 0.68013	 0.66005	 0.64063	 0.62502	 0.61220	 0.59829
181 	 0.26482	 0.26014	 0.25973	 0.26614	 0.28263	 0.30987	 0.33962	 0.35922	 0.37690	 0.39729	 0.41136	 0.40402	 0.36889	 0.32764	 0.29749	 0.27782	 0.26587	 0.25864	 0.25277	 0.24822	 0.24606	 0.24749	 0.25416	 0.26636	 0.28407	 0.30900	 0.33918	 0.37475	 0.42053	 0.46778	 0.51460	 0.56352	 0.60133	 0.62395	 0.63536	 0.63983	 0.64144	 0.63855	 0.63277	 0.62607	 0.61830	 0.60937	 0.59985	 0.59096	 0.58197	 0.57353	 0.56785	 0.56394	 0.55796	 0.55018	 0.54229	 0.53582	 0.53040	 0.52726	 0.52917	 0.53721	 0.55305	 0.57423	 0.60550	 0.65059	 0.70054	 0.72924	 0.72641	 0.70129	 0.67263	 0.65204	 0.63602	 0.61939	 0.60656	 0.59462	 0.58296
191 	 0.27383	 0.26907	 0.26876	 0.27566	 0.29317	 0.32187	 0.35331	 0.37421	 0.39295	 0.41484	 0.43019	 0.42302	 0.38641	 0.34291	 0.31114	 0.29054	 0.27781	 0.27001	 0.26378	 0.25910	 0.25686	 0.25828	 0.26515	 0.27779	 0.29630	 0.32227	 0.35389	 0.39107	 0.43859	 0.48658	 0.53362	 0.58299	 0.62122	 0.64411	 0.65555	 0.65994	 0.66145	 0.65847	 0.65247	 0.64554	 0.63751	 0.62838	 0.61898	 0.61030	 0.60160	 0.59340	 0.58776	 0.58387	 0.57786	 0.57015	 0.56230	 0.55583	 0.55022	 0.54695	 0.54870	 0.55676	 0.57291	 0.59458	 0.62650	 0.67179	 0.72030	 0.74630	 0.74084	 0.71428	 0.68373	 0.66223	 0.64537	 0.62766	 0.61476	 0.60279	 0.59034
201 	 0.26436	 0.25917	 0.25806	 0.26353	 0.27874	 0.30456	 0.33293	 0.35163	 0.36850	 0.38829	 0.40226	 0.39513	 0.36082	 0.32052	 0.29113	 0.27189	 0.26005	 0.25285	 0.24696	 0.24261	 0.24068	 0.24245	 0.24940	 0.26180	 0.27954	 0.30407	 0.33362	 0.36870	 0.41464	 0.46340	 0.51273	 0.56383	 0.60285	 0.62553	 0.63660	 0.64067	 0.64174	 0.63801	 0.63098	 0.62285	 0.61380	 0.60385	 0.59372	 0.58451	 0.57536	 0.56681	 0.56080	 0.55654	 0.55041	 0.54256	 0.53470	 0.52819	 0.52271	 0.51937	 0.52107	 0.52881	 0.54399	 0.56411	 0.59420	 0.63848	 0.68906	 0.72038	 0.72050	 0.69772	 0.66982	 0.65131	 0.63684	 0.62113	 0.60969	 0.59927	 0.58797
211 	 0.26183	 0.25673	 0.25586	 0.26137	 0.27652	 0.30219	 0.33056	 0.34923	 0.36592	 0.38580	 0.39989	 0.39310	 0.35896	 0.31854	 0.28886	 0.26941	 0.25740	 0.24998	 0.24397	 0.23938	 0.23722	 0.23854	 0.24492	 0.25677	 0.27400	 0.29833	 0.32778	 0.36259	 0.40759	 0.45445	 0.50114	 0.55001	 0.58757	 0.60944	 0.62013	 0.62378	 0.62432	 0.62030	 0.61317	 0.60506	 0.59616	 0.58665	 0.57709	 0.56840	 0.55987	 0.55191	 0.54636	 0.54254	 0.53684	 0.52941	 0.52203	 0.51598	 0.51090	 0.50814	 0.51041	 0.51878	 0.53419	 0.55371	 0.58239	 0.62475	 0.67345	 0.70493	 0.70729	 0.68658	 0.66052	 0.64278	 0.62916	 0.61464	 0.60325	 0.59387	 0.58287
221 	 0.28110	 0.27620	 0.27580	 0.28258	 0.30005	 0.32906	 0.36120	 0.38257	 0.40200	 0.42494	 0.44131	 0.43387	 0.39551	 0.35024	 0.31740	 0.29638	 0.28326	 0.27536	 0.26912	 0.26432	 0.26205	 0.26351	 0.27036	 0.28310	 0.30186	 0.32820	 0.36052	 0.39872	 0.44766	 0.49685	 0.54497	 0.59590	 0.63535	 0.65882	 0.67049	 0.67486	 0.67629	 0.67335	 0.66728	 0.66014	 0.65198	 0.64276	 0.63304	 0.62400	 0.61470	 0.60603	 0.60022	 0.59609	 0.58982	 0.58193	 0.57392	 0.56736	 0.56172	 0.55863	 0.56068	 0.56959	 0.58728	 0.61091	 0.64622	 0.69684	 0.75121	 0.77803	 0.76825	 0.73636	 0.70230	 0.67875	 0.66016	 0.64173	 0.62687	 0.61538	 0.60204
231 	 0.28174	 0.27604	 0.27446	 0.27961	 0.29417	 0.31857	 0.34570	 0.36413	 0.38031	 0.39843	 0.41027	 0.40228	 0.36932	 0.33101	 0.30293	 0.28439	 0.27313	 0.26649	 0.26100	 0.25657	 0.25462	 0.25636	 0.26324	 0.27574	 0.29378	 0.31846	 0.34781	 0.38198	 0.42630	 0.47369	 0.52230	 0.57270	 0.61189	 0.63549	 0.64774	 0.65310	 0.65548	 0.65333	 0.64838	 0.64249	 0.63523	 0.62664	 0.61721	 0.60821	 0.59899	 0.59025	 0.58422	 0.58012	 0.57396	 0.56604	 0.55790	 0.55118	 0.54546	 0.54181	 0.54282	 0.54962	 0.56428	 0.58469	 0.61472	 0.65692	 0.70367	 0.73175	 0.73108	 0.70923	 0.68275	 0.66443	 0.65006	 0.63598	 0.62466	 0.61500	 0.60413
241 	 0.26497	 0.26089	 0.26130	 0.26913	 0.28800	 0.31853	 0.35156	 0.37349	 0.39333	 0.41653	 0.43300	 0.42590	 0.38800	 0.34314	 0.31053	 0.28967	 0.27692	 0.26922	 0.26320	 0.25875	 0.25681	 0.25869	 0.26614	 0.27937	 0.29836	 0.32475	 0.35695	 0.39498	 0.44413	 0.49439	 0.54416	 0.59645	 0.63668	 0.66065	 0.67254	 0.67704	 0.67838	 0.67518	 0.66849	 0.66075	 0.65193	 0.64209	 0.63203	 0.62276	 0.61335	 0.60448	 0.59839	 0.59385	 0.58737	 0.57927	 0.57103	 0.56419	 0.55834	 0.55494	 0.55666	 0.56502	 0.58208	 0.60496	 0.63922	 0.68879	 0.74163	 0.76715	 0.75653	 0.72350	 0.68849	 0.66365	 0.64370	 0.62356	 0.60810	 0.59430	 0.58027
251 	 0.25495	 0.25047	 0.25031	 0.25694	 0.27359	 0.30101	 0.33084	 0.35043	 0.36796	 0.38853	 0.40291	 0.39587	 0.36088	 0.31966	 0.28948	 0.26982	 0.25779	 0.25053	 0.24478	 0.24031	 0.23829	 0.23989	 0.24665	 0.25895	 0.27664	 0.30149	 0.33150	 0.36689	 0.41270	 0.46011	 0.50704	 0.55584	 0.59333	 0.61566	 0.62675	 0.63089	 0.63215	 0.62887	 0.62260	 0.61543	 0.60714	 0.59786	 0.58830	 0.57947	 0.57060	 0.56221	 0.55643	 0.55240	 0.54647	 0.53873	 0.53098	 0.52465	 0.51927	 0.51619	 0.51811	 0.52616	 0.54201	 0.56280	 0.59393	 0.63911	 0.68952	 0.71892	 0.71648	 0.69137	 0.66167	 0.64124	 0.62497	 0.60804	 0.59448	 0.58301	 0.57055
261 	 0.25802	 0.25352	 0.25329	 0.25980	 0.27642	 0.30384	 0.33368	 0.35329	 0.37095	 0.39170	 0.40609	 0.39907	 0.36393	 0.32237	 0.29205	 0.27229	 0.26012	 0.25282	 0.24697	 0.24255	 0.24038	 0.24191	 0.24858	 0.26078	 0.27839	 0.30327	 0.33343	 0.36898	 0.41483	 0.46217	 0.50884	 0.55736	 0.59473	 0.61694	 0.62806	 0.63224	 0.63347	 0.63027	 0.62411	 0.61691	 0.60870	 0.59949	 0.58994	 0.58124	 0.57236	 0.56400	 0.55818	 0.55424	 0.54829	 0.54064	 0.53287	 0.52655	 0.52119	 0.51811	 0.52014	 0.52833	 0.54434	 0.56534	 0.59681	 0.64265	 0.69331	 0.72287	 0.72013	 0.69425	 0.66443	 0.64363	 0.62774	 0.61013	 0.59708	 0.58532	 0.57322
271 	 0.28831	 0.28351	 0.28315	 0.29000	 0.30760	 0.33684	 0.36930	 0.39106	 0.41074	 0.43404	 0.45053	 0.44303	 0.40449	 0.35886	 0.32570	 0.30447	 0.29128	 0.28340	 0.27723	 0.27242	 0.27015	 0.27167	 0.27874	 0.29172	 0.31067	 0.33727	 0.36989	 0.40832	 0.45779	 0.50754	 0.55650	 0.60841	 0.64869	 0.67298	 0.68529	 0.69021	 0.69198	 0.68934	 0.68342	 0.67629	 0.66798	 0.65855	 0.64873	 0.63963	 0.63035	 0.62154	 0.61559	 0.61123	 0.60492	 0.59696	 0.58883	 0.58201	 0.57621	 0.57295	 0.57479	 0.58368	 0.60121	 0.62484	 0.66007	 0.71058	 0.76460	 0.79033	 0.77909	 0.74600	 0.71122	 0.68704	 0.66800	 0.64922	 0.63473	 0.62267	 0.60928
281 	 0.27045	 0.26579	 0.26546	 0.27201	 0.28881	 0.31688	 0.34786	 0.36873	 0.38760	 0.40971	 0.42528	 0.41814	 0.38126	 0.33777	 0.30611	 0.28570	 0.27315	 0.26561	 0.25960	 0.25497	 0.25276	 0.25425	 0.26107	 0.27357	 0.29175	 0.31727	 0.34848	 0.38532	 0.43279	 0.48123	 0.52888	 0.57905	 0.61809	 0.64148	 0.65314	 0.65768	 0.65917	 0.65621	 0.65017	 0.64314	 0.63505	 0.62579	 0.61615	 0.60720	 0.59802	 0.58941	 0.58352	 0.57943	 0.57326	 0.56538	 0.55736	 0.55086	 0.54532	 0.54214	 0.54387	 0.55196	 0.56857	 0.59084	 0.62404	 0.67189	 0.72410	 0.75197	 0.74566	 0.71622	 0.68347	 0.66119	 0.64352	 0.62538	 0.61139	 0.59869	 0.58628
291 	 0.26817	 0.26494	 0.26562	 0.27254	 0.28828	 0.31346	 0.34137	 0.36069	 0.37774	 0.39682	 0.40975	 0.40273	 0.37059	 0.33333	 0.30639	 0.28896	 0.27845	 0.27230	 0.26727	 0.26315	 0.26108	 0.26247	 0.26864	 0.27991	 0.29628	 0.31924	 0.34692	 0.37951	 0.42213	 0.46702	 0.51220	 0.55940	 0.59645	 0.61913	 0.63095	 0.63589	 0.63778	 0.63534	 0.63031	 0.62453	 0.61752	 0.60913	 0.59993	 0.59115	 0.58213	 0.57362	 0.56780	 0.56378	 0.55775	 0.54985	 0.54167	 0.53495	 0.52910	 0.52521	 0.52573	 0.53184	 0.54583	 0.56560	 0.59457	 0.63495	 0.67799	 0.70159	 0.69632	 0.67002	 0.63845	 0.61561	 0.59679	 0.57733	 0.56186	 0.54863	 0.53609
292 	 0.27824	 0.27495	 0.27539	 0.28155	 0.29596	 0.31924	 0.34513	 0.36332	 0.37918	 0.39685	 0.40882	 0.40186	 0.37148	 0.33636	 0.31083	 0.29432	 0.28429	 0.27836	 0.27346	 0.26939	 0.26734	 0.26856	 0.27442	 0.28505	 0.30067	 0.32244	 0.34873	 0.37963	 0.42030	 0.46353	 0.50729	 0.55254	 0.58791	 0.60954	 0.62082	 0.62556	 0.62728	 0.62489	 0.62007	 0.61443	 0.60760	 0.59949	 0.59056	 0.58208	 0.57343	 0.56525	 0.55953	 0.55574	 0.54995	 0.54227	 0.53427	 0.52774	 0.52198	 0.51802	 0.51828	 0.52363	 0.53645	 0.55470	 0.58151	 0.61873	 0.65901	 0.68293	 0.68079	 0.65788	 0.62866	 0.60751	 0.59030	 0.57254	 0.55786	 0.54538	 0.53362
