3084	0.196327186	0.197173895	0.202390832	0.218339928	0.247922973	0.285119509	0.320767157	0.350111365	0.373311528	0.39113966	0.396651126	0.39017316	0.374630201	0.358430879	0.346338027	0.339315366	0.335395192	0.332615382	0.328698808	0.325735116	0.326493531	0.333511463	0.348407452	0.371603761	0.400121944	0.430908301	0.458916185	0.483340733	0.511365057	0.550169161	0.600047704	0.65028493	0.686718568	0.710944755	0.724460185	0.731669178	0.734472081	0.734651913	0.732913729	0.730313569	0.72780913	0.724816156	0.720209873	0.716142785	0.713206267	0.712269492	0.710225999	0.708058209	0.703839264	0.697899151	0.690068832	0.681712919	0.672913556	0.663876106	0.656306428	0.650583359	0.646068292	0.644980513	0.645608236	0.642009806	0.622380417	0.587132736	0.545826592	0.504955203	0.467481611	0.433517146	0.4024972	0.375756462	0.354093598	0.336708638	0.321250847
3123	0.118582774	0.118877373	0.123175174	0.136722086	0.161685411	0.193692495	0.22480539	0.250831695	0.271965221	0.289230774	0.295474854	0.290094107	0.275426642	0.259957324	0.248567547	0.241976283	0.238166059	0.235379868	0.231346433	0.228266503	0.228313074	0.233823724	0.246264461	0.266246827	0.291688441	0.3200987	0.346408473	0.369331269	0.395699561	0.432898974	0.48407018	0.541966879	0.590192822	0.624734377	0.644501471	0.654629662	0.65838754	0.658357245	0.655426626	0.651184778	0.646720679	0.641762296	0.63557576	0.630221155	0.626487075	0.625130526	0.622743007	0.619988081	0.614353818	0.606246457	0.595719355	0.58473498	0.573484082	0.562306867	0.552996648	0.546181847	0.541095878	0.540447023	0.543398291	0.544365763	0.529577858	0.498068228	0.459717124	0.42075443	0.385389355	0.353269432	0.323427662	0.297554258	0.276816044	0.259602535	0.24415117
4084	0.196358959	0.197029758	0.202330381	0.21848413	0.248582026	0.286856836	0.32337739	0.35325558	0.377115792	0.395991945	0.402313436	0.396295888	0.380972032	0.364519092	0.351908603	0.344664576	0.340468067	0.336945371	0.332478656	0.328980448	0.329101775	0.335793975	0.350738536	0.374305671	0.40360953	0.435268895	0.464080643	0.488416443	0.515625655	0.553463656	0.602729603	0.653035027	0.690017327	0.714871987	0.728587247	0.735482477	0.738560473	0.738434597	0.736436859	0.733673637	0.730710924	0.727622483	0.723066276	0.719395928	0.716511582	0.715676104	0.713944034	0.711978225	0.707859076	0.702185291	0.694695712	0.68617542	0.677491461	0.668642166	0.660751036	0.655088952	0.650496043	0.648867197	0.64928906	0.646389332	0.626762825	0.591094732	0.549035876	0.506474212	0.468161525	0.433299924	0.401539644	0.374724279	0.352311728	0.334934841	0.3195304
4321	0.145545376	0.146107337	0.150647996	0.164638231	0.19013521	0.222979813	0.254892968	0.281852494	0.303339458	0.320299531	0.325746168	0.319775327	0.304806046	0.28927285	0.277772828	0.271175452	0.267489241	0.264936345	0.261123442	0.258280021	0.258712359	0.26485252	0.27800449	0.299079244	0.325470718	0.354663963	0.381678154	0.405427663	0.432995924	0.471762235	0.523957312	0.580422952	0.625007975	0.655888247	0.673399953	0.682567126	0.685970163	0.686166281	0.683835697	0.680340518	0.676759532	0.6726123	0.667117542	0.662263557	0.65874815	0.657518853	0.655243342	0.652648532	0.647447824	0.640074833	0.630412357	0.620305641	0.60978111	0.599265607	0.590557394	0.584103811	0.579283201	0.578719321	0.581133162	0.581146178	0.564552798	0.53168685	0.492648367	0.452999509	0.417516882	0.385034243	0.354758153	0.328659968	0.306979093	0.288913705	0.27348041
4350	0.190777092	0.191403263	0.196560651	0.212435387	0.241661585	0.279093903	0.316057987	0.347527725	0.372994603	0.392703124	0.398610957	0.391421908	0.374271261	0.3564044	0.342988727	0.335252138	0.330930924	0.327907303	0.323371722	0.319621627	0.319693918	0.32622292	0.341041963	0.365205532	0.395913773	0.430126056	0.461769176	0.488983252	0.51977089	0.562921001	0.620507802	0.681823623	0.728711258	0.760035025	0.777275407	0.786360797	0.789800262	0.790204021	0.788354625	0.785596141	0.782623134	0.778961764	0.773630668	0.768963381	0.765453428	0.764126617	0.761891814	0.759151	0.753871859	0.746538777	0.736945308	0.726505277	0.715627199	0.704555373	0.695141704	0.688160784	0.683109385	0.682384293	0.684307579	0.68164263	0.659845187	0.619851832	0.573541253	0.527842217	0.486463029	0.449149317	0.415297288	0.386719477	0.362856147	0.343835876	0.326626037
4505	0.124932959	0.125041937	0.128320716	0.139586917	0.160789135	0.187480392	0.211562831	0.230110196	0.244014959	0.255583761	0.259333604	0.254814723	0.243811568	0.232697564	0.224140873	0.219234529	0.216244831	0.214189407	0.211369358	0.2101017	0.211509241	0.217573392	0.229394768	0.246183044	0.265947281	0.286864929	0.305945287	0.323931612	0.347172487	0.380558832	0.424100949	0.468672217	0.502629012	0.526540514	0.540193362	0.547068008	0.549082873	0.547712125	0.543760258	0.538683976	0.53365773	0.528638426	0.522553583	0.517181283	0.513360162	0.51175681	0.508982722	0.506198909	0.501230404	0.494767287	0.486575833	0.478200063	0.469646222	0.461011247	0.454126196	0.449248198	0.445338778	0.444721065	0.446980217	0.449554883	0.442361479	0.423356255	0.398931797	0.372994749	0.349406363	0.327136961	0.306205098	0.286984249	0.271419758	0.257892613	0.245987514
4592	0.151249944	0.151809004	0.156494862	0.170737887	0.197400342	0.231863833	0.264461299	0.29078714	0.312021482	0.329334814	0.335316558	0.329987243	0.316031574	0.301116937	0.28967573	0.28334112	0.279546484	0.276263823	0.272296967	0.269455606	0.269656533	0.275848813	0.289312409	0.310627376	0.336973795	0.365767379	0.392202174	0.414829155	0.441411223	0.479447477	0.531150315	0.587809479	0.63370775	0.666060434	0.684286973	0.693666366	0.697417256	0.6966832	0.693363699	0.688535958	0.683326867	0.678100189	0.671763835	0.66664967	0.663069374	0.661596189	0.659000239	0.655946151	0.650343389	0.642827684	0.633325133	0.622404497	0.611495719	0.600652064	0.591321104	0.584394309	0.578912724	0.577095007	0.578831129	0.578602697	0.561637278	0.528185161	0.488193825	0.447745912	0.411471587	0.378739685	0.348292807	0.322563491	0.30152791	0.284669165	0.269425536
6153	0.200776043	0.20126221	0.206172751	0.221584313	0.249766774	0.284855179	0.318370806	0.345923078	0.367690744	0.384075438	0.388312627	0.381611536	0.366691343	0.351046261	0.339341241	0.332472728	0.3286505	0.325925197	0.322338431	0.319422778	0.319942947	0.326507395	0.34048934	0.362214228	0.389065442	0.418109679	0.444581991	0.467225729	0.49346274	0.529700106	0.575774779	0.622267888	0.656367957	0.67972684	0.692916912	0.699977079	0.703030043	0.702943816	0.701256614	0.698829244	0.696169348	0.693184363	0.688801759	0.685068493	0.682230622	0.681060714	0.679199482	0.67723795	0.673239628	0.668001799	0.661237632	0.653389872	0.645563813	0.637475635	0.630759088	0.625826798	0.622419257	0.622272989	0.624459043	0.623596968	0.60797825	0.578127529	0.542787002	0.505894158	0.472931273	0.441979886	0.413889507	0.389494355	0.369067975	0.35285829	0.337833805
6296	0.101111308	0.101771434	0.106017103	0.118468348	0.140781969	0.168810239	0.195412352	0.217011561	0.234068675	0.247496754	0.25114871	0.245770485	0.233811532	0.221573865	0.21215556	0.206811009	0.203821617	0.201536251	0.198554659	0.196576581	0.19708904	0.202613949	0.214104594	0.231789665	0.253606908	0.277617389	0.299716112	0.319157043	0.342815238	0.37660961	0.421359662	0.468719983	0.505778738	0.531885731	0.546784038	0.554518286	0.557912451	0.557247484	0.554763224	0.551040905	0.547032997	0.542653457	0.537276763	0.532769818	0.529412484	0.52785683	0.525506883	0.522935105	0.518161867	0.511962297	0.504032524	0.494923521	0.486066226	0.477183782	0.469708689	0.464417917	0.460600254	0.460344806	0.46357674	0.466301515	0.456005993	0.432541716	0.403337591	0.372954993	0.344300247	0.318379403	0.2934361	0.272730209	0.253587421	0.239205432	0.225096986
6297	0.101963631	0.102328462	0.106230998	0.118208389	0.139848357	0.167193495	0.193503832	0.215268096	0.232662594	0.24663985	0.250679585	0.245394697	0.233299721	0.220685339	0.211041562	0.20564394	0.202560336	0.200029276	0.196636511	0.194168281	0.194090709	0.198946326	0.209823122	0.227060014	0.248773447	0.272958141	0.295421303	0.314632484	0.337191805	0.369431879	0.412933396	0.460335997	0.498456361	0.525527073	0.54089017	0.548727416	0.552127194	0.551571038	0.5493182	0.54591711	0.542135493	0.538068607	0.532914434	0.528561764	0.525531115	0.524426832	0.522283667	0.519966738	0.515292175	0.509022645	0.501134132	0.492027771	0.483053412	0.474041659	0.466447251	0.461011396	0.45710758	0.456971504	0.460436372	0.463674338	0.454062694	0.431105501	0.402323224	0.372184381	0.344222279	0.318086221	0.294285418	0.272745619	0.255213861	0.240460159	0.226865896
6497	0.12963656	0.13009179	0.134498955	0.148030495	0.172871892	0.204918853	0.235611397	0.260830498	0.281272183	0.297709594	0.302938123	0.29733998	0.283638818	0.269024312	0.258211955	0.252025791	0.248533356	0.245613261	0.241820397	0.239082424	0.239113052	0.244843136	0.257499215	0.277501194	0.302691876	0.33053404	0.356182366	0.378366451	0.404150264	0.440842905	0.490706473	0.545283543	0.589520818	0.620766341	0.638573629	0.647791662	0.651684385	0.651324653	0.648607421	0.644523178	0.640112194	0.635412041	0.629640231	0.624892233	0.621631081	0.620185244	0.617888138	0.615199645	0.610032495	0.602829543	0.593800458	0.583385446	0.573073425	0.5628493	0.554013747	0.547630841	0.542852537	0.541875964	0.544568512	0.545800504	0.531622647	0.501603346	0.465110955	0.427890127	0.394215373	0.363104282	0.334070181	0.309928646	0.288706086	0.272715283	0.257518108
6948	0.088073084	0.088550546	0.092184456	0.10303093	0.123043847	0.148359088	0.171394035	0.189276113	0.203210815	0.214798616	0.218436131	0.214065162	0.203841403	0.193265827	0.185358362	0.180938424	0.178261196	0.176072196	0.173432887	0.172195717	0.173254128	0.178861617	0.189723669	0.205814773	0.224952802	0.245497995	0.264571374	0.282301928	0.305437196	0.339803936	0.386303279	0.436212862	0.476508351	0.505736597	0.522817892	0.53160545	0.535148525	0.533619931	0.529145391	0.523032236	0.516618841	0.510403638	0.503475966	0.497802711	0.493610535	0.491276153	0.488328275	0.485017221	0.479492873	0.47239974	0.463623099	0.453801206	0.444146742	0.434800725	0.426960474	0.421240454	0.416972049	0.415931331	0.418794906	0.422425808	0.414705837	0.394279005	0.368175149	0.339888867	0.314296841	0.289911375	0.267513044	0.247677384	0.230646143	0.217035294	0.204464299
7039	0.134395833	0.132997843	0.134108036	0.140871606	0.15425792	0.172200919	0.189653203	0.203835918	0.215060565	0.224501725	0.22671935	0.222160832	0.212425359	0.202072592	0.193953856	0.189102251	0.185838434	0.182867448	0.179400483	0.176833508	0.175900782	0.179008227	0.186697634	0.199015093	0.214753687	0.232561448	0.248940827	0.263022673	0.280202803	0.304991697	0.339614706	0.378668347	0.411698674	0.4361892	0.450258837	0.45731401	0.460227545	0.459125687	0.456222969	0.45217573	0.447924499	0.443740149	0.438675625	0.434541224	0.431724597	0.43065594	0.42883307	0.426758697	0.422498261	0.416889739	0.409949977	0.4019264	0.39414046	0.386443355	0.38018701	0.375971604	0.372941899	0.373185516	0.377547925	0.384139765	0.38298641	0.372138042	0.356634724	0.339437982	0.32336454	0.308073125	0.293519285	0.280487094	0.268854242	0.259251589	0.249933407
7040	0.105183145	0.104182701	0.105582951	0.112513285	0.125850913	0.143799675	0.160499291	0.173838611	0.183974871	0.192962721	0.195607947	0.191605477	0.18257716	0.172889838	0.165364138	0.160622577	0.157520626	0.154914149	0.15177505	0.149706339	0.149430738	0.152880696	0.160805186	0.173101262	0.188184399	0.205047647	0.220987479	0.235243836	0.253087363	0.279971468	0.317775903	0.360748226	0.397631362	0.42511214	0.440922229	0.448520444	0.45110882	0.449479579	0.445090967	0.439668076	0.433962439	0.428525135	0.422315599	0.417193107	0.413483437	0.412053357	0.409866491	0.407216243	0.4022686	0.395786256	0.387586051	0.378744865	0.370177083	0.361871271	0.354985819	0.350417826	0.347130796	0.347214578	0.351469639	0.358202421	0.357425338	0.34621759	0.329842198	0.311335195	0.293799106	0.27776019	0.262491353	0.24828416	0.236327085	0.226357982	0.216808061
7045	0.111619295	0.111779414	0.115062724	0.125811815	0.14565752	0.170480821	0.192575782	0.209394364	0.221650716	0.231672386	0.234045132	0.229266546	0.219302179	0.20910552	0.201426078	0.197050454	0.194314275	0.192230515	0.189983923	0.189247217	0.190921096	0.197244065	0.208828319	0.22515649	0.244018445	0.263744992	0.281868759	0.299291585	0.323254626	0.358383003	0.403986827	0.450282043	0.485184336	0.509772747	0.523716581	0.530457789	0.532631839	0.530325336	0.52522071	0.518835351	0.512476832	0.506354882	0.499591035	0.493716619	0.489388207	0.486938991	0.483732845	0.480374294	0.4751225	0.468643365	0.460718346	0.452120558	0.443794485	0.435536515	0.428757311	0.424165963	0.420683287	0.420456424	0.423305874	0.42631682	0.420211617	0.402964418	0.380768831	0.35699353	0.334770295	0.313840058	0.29362817	0.275703924	0.260078264	0.247503739	0.235803105
7047	0.15044215	0.149310957	0.150391645	0.157257455	0.171417484	0.190422033	0.208066565	0.221646581	0.231717897	0.240451998	0.242208715	0.237350433	0.2274648	0.217308844	0.209233495	0.204300949	0.201011353	0.198095457	0.194922866	0.193006962	0.193184513	0.197420129	0.206507037	0.220000042	0.236097067	0.253522166	0.269558154	0.284375918	0.304236569	0.333429725	0.37227505	0.413121815	0.445016942	0.468045033	0.481149906	0.487645473	0.49002378	0.488134839	0.483934482	0.478448364	0.473081544	0.467788435	0.461869381	0.456883436	0.453322216	0.451485326	0.448797835	0.44597624	0.441244075	0.435519545	0.428608689	0.420598834	0.412875858	0.405198928	0.399026962	0.394777205	0.391672403	0.391544241	0.395192104	0.401008087	0.399847427	0.389372606	0.374384573	0.357767274	0.341592827	0.327009836	0.312825794	0.299624519	0.288177475	0.278028804	0.268926976
7287	0.142325497	0.142103933	0.145250225	0.156131618	0.177118592	0.204030196	0.228697964	0.248127374	0.263038962	0.274805004	0.277662297	0.272174614	0.26091094	0.249468801	0.240645746	0.235691184	0.23262504	0.229911273	0.227009988	0.225385722	0.226272162	0.232149403	0.243777323	0.261105611	0.281660488	0.303558928	0.323422989	0.341309241	0.364105823	0.396828809	0.439092555	0.481998728	0.514363437	0.537075007	0.550171204	0.556916241	0.559841165	0.558798906	0.55591067	0.551806493	0.54755908	0.543277291	0.538102791	0.533743871	0.530568892	0.529040042	0.526679786	0.524224568	0.519710336	0.514171806	0.507203519	0.498944167	0.490926205	0.482871896	0.476055646	0.471053929	0.467125984	0.46621371	0.468669673	0.471380849	0.463764758	0.44472955	0.420543966	0.395602798	0.371734585	0.349636444	0.328766329	0.310429811	0.294369269	0.281014147	0.268894347
7676	0.207741075	0.206863952	0.208967695	0.218552427	0.237538129	0.262742481	0.286846882	0.30624358	0.321456024	0.333479453	0.336165511	0.329991266	0.317293207	0.304077212	0.293815405	0.287583998	0.283575924	0.28022496	0.276346998	0.273626938	0.273525072	0.278619681	0.289806541	0.30732635	0.328733073	0.352090281	0.373344506	0.392096629	0.415085307	0.447379224	0.489137265	0.53173152	0.563456069	0.585505513	0.59782729	0.604099554	0.606681164	0.60566759	0.603070795	0.599405235	0.595780264	0.592094314	0.587333007	0.583362894	0.580505275	0.579278155	0.577172288	0.574979947	0.570827578	0.565440118	0.558710274	0.550830296	0.542965686	0.535061274	0.528614039	0.523913402	0.520410682	0.520036462	0.523036478	0.526521126	0.519619568	0.50173267	0.479040652	0.454376799	0.432593293	0.411071406	0.390546982	0.373667085	0.357593721	0.345961563	0.334300356
7679	0.128031822	0.128236094	0.131694129	0.143124675	0.163951058	0.190531537	0.215050114	0.234647929	0.249612275	0.261531145	0.264479454	0.259221144	0.24816733	0.236776172	0.228114782	0.223098653	0.220120393	0.217629319	0.214714976	0.212857095	0.21352002	0.219000819	0.23020909	0.247043088	0.26723532	0.288966093	0.308689965	0.326242269	0.348164893	0.379492644	0.420328588	0.462575225	0.494856576	0.517866796	0.530948098	0.537591675	0.540359995	0.539433499	0.536612158	0.532696543	0.52865987	0.524420136	0.519326398	0.515000689	0.511814659	0.510441722	0.508271904	0.505906089	0.501449398	0.495799098	0.488761781	0.480603868	0.472623425	0.46453569	0.457863134	0.453095356	0.449407553	0.448793418	0.451421613	0.454002825	0.44593276	0.426315104	0.401609932	0.375682627	0.351863162	0.329180379	0.308229224	0.289648765	0.273253076	0.260064158	0.247867705
7681	0.114377534	0.113850625	0.115859231	0.12380729	0.139328499	0.159425065	0.177867444	0.192373782	0.203047075	0.212416814	0.215544282	0.211833024	0.20237303	0.192663909	0.185213782	0.180726474	0.177768595	0.175545575	0.172683568	0.171031065	0.171465554	0.175667557	0.184401684	0.197539419	0.213009271	0.229888808	0.245303741	0.259706112	0.278273567	0.305208413	0.342045145	0.38229578	0.415305711	0.439691198	0.453986886	0.461281762	0.463329714	0.462014835	0.457925167	0.45279418	0.447768419	0.442824169	0.436963311	0.431964084	0.428474936	0.427191093	0.424955543	0.422471318	0.417706123	0.411599739	0.403856906	0.396017917	0.387993368	0.379962094	0.374016794	0.369683642	0.366403873	0.36616946	0.368818732	0.373167664	0.369889361	0.356622098	0.33860448	0.318467667	0.299854681	0.283144246	0.266254006	0.25164338	0.23900439	0.229266665	0.219708949
7683	0.120060172	0.118801742	0.120031222	0.126640375	0.139514911	0.157037499	0.174458908	0.189196682	0.200774438	0.210691789	0.213299613	0.209001364	0.199471696	0.189451159	0.181366658	0.176575148	0.173528496	0.170825467	0.167408572	0.16463989	0.1636083	0.166378951	0.173771977	0.185900841	0.201650701	0.219786376	0.236621994	0.250915408	0.267666806	0.291871562	0.32652561	0.36729337	0.403076998	0.430243448	0.446111507	0.454265408	0.457563582	0.456813965	0.454040631	0.450105434	0.445993999	0.441714333	0.436581663	0.43241493	0.429722629	0.428789473	0.427133005	0.425074271	0.420732271	0.41502556	0.407814321	0.399375052	0.391188383	0.383141276	0.376518971	0.37204152	0.368852874	0.369196421	0.373628304	0.380168909	0.378246325	0.366082205	0.349380427	0.330007384	0.312437955	0.295701141	0.279890221	0.26585391	0.25322947	0.243528526	0.233537098
7687	0.134566083	0.133428693	0.134709684	0.141911622	0.156538968	0.17540563	0.192989091	0.207061101	0.217419047	0.226227053	0.228252086	0.223443761	0.213438165	0.203544019	0.195863229	0.19111295	0.187994588	0.185738732	0.182797158	0.181032055	0.181481121	0.185774974	0.194759089	0.207996963	0.223967856	0.241406002	0.257418657	0.27261422	0.292486353	0.321555909	0.360485322	0.401819475	0.434448748	0.458124908	0.471809116	0.478863142	0.481086573	0.479805941	0.475958177	0.471218437	0.466507634	0.461724811	0.455884152	0.45077145	0.447060055	0.445295872	0.442952402	0.440308134	0.435418218	0.429129111	0.421404364	0.413360866	0.40523585	0.397126479	0.390822956	0.386348568	0.383057049	0.383393344	0.387357862	0.393161548	0.391762952	0.38057767	0.364943144	0.348121059	0.331602719	0.31627603	0.301457815	0.287993834	0.275601438	0.266233125	0.256203677
7939	0.160920569	0.161132625	0.164902317	0.177462793	0.200867871	0.230390275	0.257543863	0.278875023	0.295150979	0.308117576	0.311637348	0.30601892	0.293716125	0.281001879	0.271267102	0.265616265	0.262187546	0.259540708	0.256404157	0.254650979	0.255812642	0.262307613	0.275198318	0.294244544	0.316777582	0.340586454	0.362348766	0.38197193	0.406649055	0.44146143	0.485915025	0.530367186	0.563269892	0.586172437	0.599073502	0.605571523	0.608047786	0.606836366	0.603597822	0.599344153	0.594972963	0.590642479	0.585249932	0.580603754	0.577185508	0.575643672	0.573145404	0.570526633	0.566012406	0.560071168	0.552585737	0.544243123	0.535955792	0.527535633	0.52044595	0.515605622	0.51171909	0.51099628	0.513205057	0.515132936	0.505483601	0.483327552	0.455752181	0.427390967	0.400431294	0.375718951	0.352405445	0.331534892	0.31389307	0.299834074	0.286766078
8019	0.122494209	0.123645037	0.128659168	0.143079869	0.16904447	0.201073487	0.230542643	0.253770764	0.271760818	0.28606614	0.290314629	0.285052284	0.272655503	0.259895289	0.250270013	0.244846366	0.241805553	0.239483597	0.236636571	0.235006455	0.236251822	0.243003289	0.256317019	0.275968723	0.299365098	0.324184743	0.346775681	0.367000487	0.391993355	0.427097966	0.472161978	0.517740364	0.551723816	0.575315096	0.588679413	0.59563925	0.598279302	0.597484652	0.594610378	0.590675261	0.58671608	0.582606427	0.577442701	0.572935156	0.569700362	0.568340865	0.566015615	0.563527655	0.559078186	0.553200771	0.545714133	0.537398108	0.52907991	0.520613399	0.513660207	0.508520501	0.504693193	0.503667371	0.504741431	0.504542974	0.490597582	0.462980711	0.429567886	0.39543269	0.364112604	0.335356569	0.309113993	0.286009107	0.266212033	0.251245407	0.236819269
8211	0.158411958	0.158550877	0.161931753	0.173338481	0.194094884	0.220401968	0.245055541	0.264991178	0.280510464	0.292596746	0.29557754	0.290329394	0.278968116	0.267000675	0.257717523	0.252326361	0.249132672	0.246556205	0.24328678	0.24092243	0.240903834	0.245655751	0.256056654	0.272167953	0.291934742	0.313436051	0.332782086	0.349213455	0.368726599	0.395374768	0.429573074	0.464395096	0.490838586	0.509671936	0.520361935	0.525944742	0.528412166	0.527567915	0.52545705	0.522591205	0.519809533	0.516815033	0.512926046	0.509693077	0.507400747	0.506625619	0.505075202	0.503435193	0.50003173	0.495748222	0.490446997	0.483966107	0.477624135	0.471178854	0.465704865	0.462073227	0.459285238	0.459091247	0.461372386	0.462922892	0.45501206	0.436245018	0.412337582	0.387604282	0.364377025	0.343246888	0.32343202	0.305804677	0.290508984	0.278869942	0.267529674
8487	0.124493581	0.123701261	0.125473845	0.133026717	0.147193149	0.166041949	0.184424868	0.199673393	0.211688318	0.221878086	0.224714597	0.220723127	0.211366699	0.201212475	0.19317266	0.188330755	0.18531682	0.182675439	0.179387392	0.176829326	0.176003582	0.179118536	0.186708678	0.199203944	0.215092658	0.233156833	0.249717037	0.263594765	0.2798541	0.302709514	0.334461816	0.369952784	0.39924256	0.420738133	0.432976586	0.439211716	0.441672261	0.440687073	0.438230459	0.434945593	0.431709549	0.428318276	0.424088465	0.42066043	0.418384853	0.417782015	0.416401874	0.414736711	0.411076454	0.406287193	0.400332649	0.393381941	0.386543415	0.37970497	0.374174209	0.370552877	0.367847276	0.368128882	0.371651193	0.376988667	0.37478985	0.36286914	0.346749822	0.32829226	0.312189538	0.296294773	0.281363646	0.26744147	0.256224699	0.24570174	0.236274141
8488	0.111060004	0.110299681	0.111968243	0.119275946	0.133057493	0.151542994	0.169514366	0.184211245	0.195876849	0.205949695	0.208916429	0.20502016	0.195646896	0.185576819	0.177527285	0.172788309	0.169780923	0.166976052	0.163669829	0.161179198	0.160325629	0.163336547	0.170779773	0.183097323	0.198782256	0.216605247	0.233109522	0.247011283	0.263494286	0.287138101	0.320439785	0.358332895	0.390661947	0.414651444	0.428308887	0.435071915	0.437782633	0.436536784	0.433630569	0.429695417	0.42572912	0.421685091	0.416803841	0.412963923	0.410550117	0.409658999	0.408085083	0.406118527	0.401975346	0.396676849	0.390136316	0.382415086	0.374971109	0.367596085	0.361568069	0.357548836	0.354748552	0.354976867	0.358958352	0.364972953	0.363593981	0.352120579	0.335904977	0.3175389	0.300766644	0.284534786	0.269216603	0.255709678	0.243524628	0.233997555	0.224088931
8530	0.189178088	0.190061424	0.195635998	0.212413213	0.243520216	0.282918115	0.319924499	0.350131321	0.374271853	0.392810144	0.398315702	0.3914591	0.375535915	0.358783394	0.34615239	0.338995859	0.334924769	0.331835837	0.327919184	0.325028414	0.325908146	0.333475189	0.349438131	0.374086712	0.404295994	0.436762799	0.466333717	0.492129023	0.522665271	0.565613586	0.62089133	0.676632053	0.717055939	0.743867899	0.758614358	0.766256243	0.769487615	0.769318933	0.767219978	0.763952985	0.760450323	0.756624551	0.751474384	0.747020324	0.743653463	0.742026279	0.739697212	0.737093588	0.732106476	0.725633785	0.717282762	0.707521356	0.697682946	0.687765177	0.679102689	0.672596685	0.667354106	0.66575063	0.666515497	0.662855923	0.641314035	0.603015146	0.558822184	0.514740775	0.4750796	0.439420228	0.406147778	0.379010507	0.356345112	0.337508707	0.321108982
8947	0.166374192	0.164871674	0.166059945	0.172777315	0.185935623	0.203701336	0.221419696	0.235737088	0.246848	0.255855472	0.257606855	0.252588332	0.242095772	0.231082125	0.22207905	0.216441411	0.212692269	0.209472287	0.205714294	0.202836588	0.201861256	0.205165242	0.213443387	0.227050007	0.244552939	0.264317228	0.282485591	0.298040764	0.316874346	0.343961971	0.380743103	0.420397865	0.451465786	0.47339258	0.485609632	0.491791821	0.494340589	0.493156884	0.490236093	0.486448254	0.482632232	0.478818573	0.474012524	0.470104659	0.467461565	0.466430617	0.464720683	0.463010176	0.459352224	0.454589559	0.448783431	0.442039115	0.435647143	0.429545187	0.42519399	0.423681938	0.4227009	0.423790986	0.427811001	0.433510003	0.433033535	0.424764763	0.412026078	0.396904937	0.382580863	0.368093988	0.354052314	0.342047707	0.330710256	0.320635159	0.310909565
8948	0.141094829	0.141475979	0.145155277	0.156591685	0.177869	0.205067911	0.230379875	0.250511783	0.266119832	0.278809681	0.282494144	0.277676762	0.266475048	0.254598612	0.245505311	0.240311413	0.23719445	0.234731856	0.231644235	0.229781381	0.230332191	0.235921097	0.247304443	0.264412027	0.285129214	0.307277458	0.327425596	0.34522072	0.366886403	0.397607381	0.437695881	0.478762765	0.510483445	0.533102345	0.546042305	0.552812347	0.555460366	0.554508843	0.551679992	0.547778734	0.543775888	0.539701233	0.534725643	0.530507966	0.527609413	0.526543619	0.524410948	0.52218566	0.518043051	0.512581348	0.505829021	0.49796818	0.490154094	0.48237055	0.475890969	0.471343689	0.467712098	0.466913796	0.468876389	0.470824453	0.462108761	0.441785008	0.415756744	0.388954772	0.363473571	0.340190391	0.318198144	0.298903788	0.282566752	0.268780799	0.257068299
8998	0.148727637	0.149293295	0.153806501	0.167676572	0.193448994	0.226464587	0.257589731	0.282841103	0.302992233	0.319305192	0.324460524	0.318869292	0.305235628	0.290776467	0.280003536	0.273970461	0.270432089	0.267564409	0.264014611	0.261521364	0.262041169	0.268335461	0.281569914	0.302150205	0.327379579	0.354838963	0.380022013	0.402059154	0.428267341	0.465553426	0.515481145	0.56898987	0.611358959	0.641120431	0.658030129	0.666769975	0.670494959	0.669990696	0.667107562	0.662962018	0.658466274	0.653767412	0.647988124	0.643240534	0.639819621	0.638099235	0.635779572	0.633053673	0.627797675	0.620956719	0.612019793	0.601878504	0.591730701	0.581617848	0.573032171	0.566576115	0.5615231	0.5601266	0.562196871	0.562548598	0.547753722	0.517837728	0.481271233	0.444331895	0.410847813	0.379561628	0.350956941	0.326146652	0.306452574	0.289420359	0.274307329
