1	0.106020008	0.105899696	0.107981806	0.114471324	0.128040435	0.147301255	0.166345041	0.181107225	0.192441135	0.201279723	0.206030849	0.205376158	0.199375869	0.191460389	0.185403548	0.181440154	0.17875835	0.176429977	0.173940428	0.171729944	0.171391232	0.174000887	0.180435659	0.191690538	0.206239127	0.221513519	0.235826331	0.247075416	0.25961882	0.278504066	0.304975741	0.33506166	0.361498891	0.380646009	0.391526219	0.396400785	0.398028636	0.397190275	0.394259139	0.390193187	0.384814909	0.378741984	0.373179943	0.368940856	0.365787174	0.362997279	0.360832803	0.3583441	0.35527372	0.350912226	0.344812015	0.338088781	0.33151993	0.326213819	0.322018416	0.318904207	0.317908278	0.318752426	0.319575255	0.318456899	0.313465435	0.302906545	0.289240126	0.273633544	0.257036995	0.240912093	0.225638346	0.211150424	0.199016116	0.188801172	0.178950355
6	0.106216992	0.105964474	0.108071045	0.114698678	0.128249551	0.147448775	0.166408721	0.181051953	0.192291764	0.20103958	0.205786476	0.205143485	0.199196175	0.19130505	0.185235074	0.181257777	0.178579001	0.176267892	0.173771152	0.171585207	0.171229524	0.17380621	0.180259495	0.191459269	0.205903829	0.221148903	0.23546202	0.24669453	0.259218352	0.278128251	0.304559137	0.334626923	0.360922235	0.379856457	0.390507266	0.395283481	0.396816988	0.395926268	0.392951063	0.388753821	0.383410539	0.377367348	0.371814905	0.367634127	0.364558914	0.361771171	0.359609909	0.357137704	0.354106431	0.349774397	0.343689143	0.336966842	0.33038787	0.325185682	0.321128055	0.318038947	0.317042969	0.317945738	0.31885357	0.317880567	0.31291723	0.302473774	0.288598809	0.273220669	0.257165716	0.241012081	0.225570091	0.211382561	0.199766567	0.189515033	0.179574959
11	0.106391079	0.10615785	0.108327298	0.114914631	0.128550475	0.147850573	0.166882659	0.181531284	0.192756865	0.201567572	0.206351165	0.205662781	0.199671625	0.191787993	0.185760641	0.181748416	0.179015143	0.176689383	0.174222914	0.171994452	0.171653109	0.174313708	0.180758727	0.192073097	0.206647222	0.22196961	0.236289313	0.247586339	0.260169021	0.279124904	0.305616629	0.335719258	0.362051525	0.380984215	0.39161857	0.396394642	0.397901677	0.396895368	0.393895756	0.389755961	0.384359685	0.378270591	0.372697218	0.368526775	0.365316796	0.362502794	0.360355397	0.357862406	0.354787953	0.350387387	0.344279858	0.337583373	0.331032664	0.325718914	0.321597909	0.318514988	0.317485424	0.318345533	0.319173767	0.318119736	0.313262207	0.30290678	0.289040434	0.273689892	0.256959856	0.240858515	0.225551323	0.211920375	0.199730257	0.189032655	0.179729247
16	0.106488452	0.10627423	0.108466563	0.115016517	0.128654274	0.148071269	0.167004077	0.181572744	0.1927658	0.201509693	0.206276496	0.205633765	0.199734302	0.191816035	0.185713932	0.18169019	0.178946652	0.176613531	0.174117381	0.171868111	0.171524888	0.174178392	0.180704382	0.191964015	0.206525399	0.221845278	0.236265889	0.247622474	0.260272447	0.279319402	0.305912462	0.336028391	0.362368592	0.381241206	0.391727659	0.396336816	0.397775313	0.3968126	0.393706909	0.38949592	0.384082859	0.378015465	0.372460636	0.368211693	0.365047625	0.362313248	0.360141362	0.357671318	0.354669075	0.350290103	0.344167483	0.337432484	0.330900839	0.325648641	0.321501424	0.318422779	0.317476198	0.318442651	0.319416484	0.318419846	0.313450941	0.303024354	0.288983834	0.273793369	0.25744397	0.241239586	0.225745401	0.211398255	0.199830944	0.189330189	0.179825912
21	0.10697967	0.10669525	0.108936921	0.115495574	0.129118409	0.148444514	0.16744232	0.182030899	0.193215028	0.202023126	0.206783949	0.206057977	0.200049914	0.192192826	0.186182093	0.182202829	0.179502038	0.177186029	0.17460626	0.172422427	0.172125684	0.174738216	0.181196702	0.19247027	0.207007046	0.222336814	0.236700038	0.248014913	0.260685313	0.279609041	0.306039126	0.336006542	0.36225883	0.381112444	0.391651558	0.396317779	0.397756292	0.396766579	0.393678079	0.389467351	0.384097828	0.37802876	0.372470261	0.368260712	0.36503091	0.362218816	0.360037293	0.357594722	0.354520913	0.350103602	0.343980213	0.33728195	0.330769867	0.325489491	0.32133541	0.318286193	0.317332522	0.318234819	0.319124719	0.318106529	0.31324205	0.302912546	0.289166772	0.274066996	0.257836051	0.241740311	0.226065887	0.212275461	0.200267256	0.189904586	0.180518519
26	0.107140225	0.106945761	0.109118673	0.11571149	0.129290272	0.148626922	0.167542602	0.182146861	0.193327333	0.202073809	0.206872037	0.206189743	0.200274705	0.192327858	0.186228266	0.182252048	0.179490661	0.17713443	0.174659778	0.172469846	0.17210669	0.174741314	0.181170354	0.192451387	0.207036475	0.222331403	0.236703726	0.247935117	0.260624822	0.279689667	0.306280867	0.336471313	0.362814344	0.381647139	0.392155803	0.39679826	0.398277221	0.397306574	0.394226798	0.390019075	0.384604385	0.378532939	0.372989729	0.368784867	0.365548044	0.362771947	0.360643454	0.358164925	0.355133207	0.350756615	0.344625504	0.33789927	0.331329585	0.326050762	0.321929957	0.318864284	0.31789432	0.318841871	0.319844799	0.318950628	0.313933763	0.303504853	0.289780317	0.274272487	0.257840723	0.241967724	0.226739844	0.213032569	0.200593392	0.190045516	0.180999178
31	0.106957483	0.1067773	0.108974942	0.115512418	0.129126192	0.148428534	0.167400464	0.182002018	0.193215068	0.202015618	0.206757252	0.206010353	0.200076338	0.192246161	0.186167438	0.182165929	0.179446518	0.177107149	0.174579187	0.172392243	0.172027458	0.174627645	0.18102605	0.192245384	0.206838412	0.222116923	0.236532539	0.247807622	0.260379634	0.279388273	0.305884121	0.336035752	0.362410446	0.381309356	0.39193789	0.396594685	0.398055296	0.397088469	0.394028184	0.389890225	0.384479474	0.37844599	0.372903958	0.368674854	0.36545035	0.362729766	0.360569085	0.358085252	0.355037338	0.350648634	0.344533588	0.337818181	0.331276891	0.326030482	0.32185846	0.318801522	0.317854355	0.31873597	0.31968439	0.318777885	0.313836551	0.303453915	0.289545822	0.27400412	0.257549343	0.241843661	0.226744454	0.212606181	0.199978275	0.189416778	0.180517295
36	0.107190797	0.10696277	0.109126564	0.115689056	0.129305084	0.148597585	0.167614252	0.182214923	0.193396246	0.202190835	0.206964583	0.206283277	0.200326326	0.192385313	0.186290792	0.182259943	0.179594071	0.177264981	0.17469588	0.172493217	0.172120997	0.174724407	0.181205498	0.192434807	0.207024762	0.222384184	0.23672923	0.247986462	0.260657792	0.279689845	0.306297424	0.33652709	0.362929502	0.381849703	0.392432343	0.397041399	0.39852119	0.397582743	0.394530382	0.390304952	0.384858758	0.378780689	0.373197438	0.368952791	0.365776225	0.363054447	0.360909515	0.358448639	0.355351262	0.350958648	0.344848017	0.338111765	0.331503046	0.326229246	0.322173364	0.319117431	0.318104381	0.318941384	0.319919989	0.318952126	0.313988982	0.303594858	0.289847502	0.274326889	0.257987195	0.241959354	0.226256735	0.212656736	0.200603622	0.190111465	0.180766072
41	0.107453607	0.107227058	0.109371666	0.11590136	0.129549562	0.148839659	0.167807747	0.18236672	0.193545794	0.202330403	0.207116236	0.206436737	0.200419447	0.192553074	0.186466436	0.182447131	0.179750935	0.177490209	0.17493558	0.172683554	0.172293894	0.174920903	0.181405783	0.192602081	0.207142137	0.222437402	0.236801631	0.248080831	0.260740333	0.279677729	0.30618066	0.336276497	0.362584324	0.381426672	0.391952939	0.396616538	0.398069596	0.397043296	0.393944437	0.389824602	0.384378721	0.378315082	0.372808384	0.368606456	0.365369829	0.362663394	0.360505366	0.358024244	0.354984404	0.350587865	0.344444661	0.337754211	0.331218807	0.325922248	0.321826173	0.318787249	0.317844546	0.318732845	0.319666349	0.31877747	0.313932675	0.303554045	0.289367089	0.274019505	0.257704833	0.241757534	0.226622658	0.212658618	0.200630964	0.190419178	0.180634111
46	0.106970767	0.106759719	0.10892418	0.115474299	0.129054867	0.148318301	0.167266174	0.181888421	0.193029992	0.201786837	0.206564929	0.205874602	0.199836042	0.191959262	0.185910054	0.181890833	0.179219044	0.176900167	0.174436498	0.172201029	0.171761436	0.174387022	0.18087564	0.19202795	0.206552447	0.221871126	0.236284484	0.247526089	0.260169442	0.279136517	0.305662709	0.335762475	0.362037112	0.380857961	0.391339204	0.395919972	0.397411853	0.39635777	0.393230514	0.389069766	0.383629206	0.377580387	0.372061939	0.367851809	0.364652431	0.361846226	0.359676287	0.357236203	0.354194317	0.349810259	0.343709866	0.337002263	0.330434323	0.325188326	0.321055982	0.317981739	0.317013381	0.317924659	0.318918063	0.31805181	0.313131186	0.302769877	0.288775274	0.273415451	0.257353523	0.241364259	0.226034825	0.211887533	0.199605395	0.189159417	0.180333223
2	0.157725543	0.156365879	0.156710228	0.160223877	0.168956161	0.181843182	0.194095959	0.202833256	0.208961398	0.212976612	0.214327085	0.212274055	0.206918789	0.200744223	0.195993839	0.192505518	0.189962703	0.187803507	0.18593674	0.184523874	0.184767101	0.187519208	0.193247801	0.202573237	0.21398916	0.225446834	0.23634673	0.246113825	0.259529624	0.281100734	0.310347011	0.340990952	0.365757108	0.382636548	0.391788342	0.395516122	0.396021881	0.393681389	0.388706462	0.3824574	0.375156252	0.367367204	0.360237397	0.354512378	0.349728084	0.345378312	0.341733495	0.33805684	0.334070453	0.329299999	0.323199184	0.316659096	0.310459228	0.305719989	0.302031732	0.299356571	0.298855574	0.30047822	0.302665637	0.304483815	0.305243417	0.303869804	0.300610699	0.296085772	0.290508805	0.284750528	0.279264085	0.272322609	0.266390824	0.260825037	0.254510784
7	0.153867402	0.152529589	0.152919246	0.15646962	0.165328917	0.178269062	0.190536875	0.199328781	0.205463367	0.209614366	0.210939226	0.208835808	0.203515315	0.197214244	0.192459212	0.189037707	0.186429083	0.184242421	0.182308494	0.180917374	0.181177652	0.183957036	0.189791363	0.199156588	0.2106869	0.222267655	0.233182567	0.243007665	0.256470527	0.278177201	0.307486387	0.338266534	0.363207598	0.380065463	0.38910538	0.392632313	0.393082652	0.39072505	0.38570549	0.379394885	0.372095631	0.364364886	0.357224241	0.351533935	0.346759781	0.342427193	0.338796095	0.33512824	0.331149297	0.326365986	0.320172429	0.313604057	0.3074173	0.302609335	0.298879037	0.296200296	0.295755833	0.297439803	0.299736491	0.301634025	0.302370253	0.300747617	0.297617933	0.292819485	0.287091655	0.28116316	0.274897437	0.268625163	0.262439662	0.256860991	0.250777949
12	0.155175851	0.153842566	0.154244189	0.157839534	0.166709404	0.179765077	0.192052572	0.200874233	0.206964658	0.211173115	0.212529797	0.210381591	0.204982687	0.198702682	0.193876681	0.190394712	0.187785544	0.185622053	0.183696188	0.182270509	0.18252245	0.185294923	0.191050205	0.200542655	0.212148342	0.2237847	0.234834522	0.244724532	0.258280941	0.280040925	0.309400185	0.340216488	0.365058116	0.381843377	0.390823156	0.394324924	0.394705895	0.392266198	0.387236452	0.380911034	0.373567592	0.365824986	0.358737038	0.353018713	0.348291319	0.343933813	0.340297719	0.336622722	0.332682857	0.327879271	0.321675281	0.315146147	0.308998573	0.304206355	0.300513663	0.297880353	0.297422236	0.299014563	0.301253579	0.303187825	0.303916241	0.302466959	0.299189926	0.294660362	0.288707568	0.282834645	0.276760837	0.270253918	0.264211434	0.258894252	0.252388605
17	0.157478128	0.15621019	0.156548943	0.160147316	0.169127927	0.182113062	0.194377606	0.203074224	0.2091457	0.213325472	0.214697998	0.212518903	0.207152788	0.200864542	0.196014633	0.192532977	0.189873944	0.18770107	0.185774619	0.184329978	0.184580156	0.187371153	0.193138921	0.202547115	0.214161323	0.225835907	0.236926583	0.2467878	0.260417623	0.282206136	0.311580029	0.342350534	0.367156412	0.383838189	0.392676671	0.396036058	0.396397956	0.393833548	0.388736755	0.382302452	0.374902402	0.36716492	0.360095717	0.354359538	0.34964501	0.345255537	0.341639773	0.337976702	0.334066538	0.329255876	0.32307035	0.3164834	0.310339189	0.305536954	0.301889544	0.299292309	0.298844547	0.300437563	0.302784904	0.304734322	0.305436841	0.304033178	0.300827011	0.296426965	0.290869504	0.284620827	0.278874381	0.273098065	0.266985947	0.260506394	0.255278767
22	0.155016274	0.153657252	0.153994997	0.157613356	0.166469672	0.179387767	0.191643574	0.200412199	0.206518036	0.21061836	0.211980596	0.209880568	0.204472628	0.198186863	0.193340721	0.189807974	0.187176822	0.185028998	0.183102771	0.181656352	0.181853029	0.184605636	0.190368349	0.199745624	0.211288292	0.222949935	0.234042823	0.243863088	0.257469644	0.279208969	0.308613704	0.33941362	0.364251928	0.381060917	0.389987595	0.393400651	0.393785751	0.391255046	0.38613009	0.37973584	0.372402516	0.364617879	0.357501102	0.351798724	0.347052519	0.342643261	0.339061264	0.335418135	0.33146585	0.326589858	0.320395293	0.313864576	0.307689395	0.302858328	0.299169418	0.296509043	0.296101116	0.297746624	0.300098475	0.302053167	0.302849536	0.301541764	0.298489373	0.293988301	0.288162435	0.28207511	0.276524567	0.270609263	0.26459227	0.258792986	0.252930549
27	0.155421747	0.154025496	0.154410921	0.158037762	0.166865351	0.179828491	0.192101927	0.200828795	0.206915685	0.211034856	0.2123798	0.210240781	0.204820862	0.19855072	0.193730078	0.190161433	0.187515826	0.185351262	0.183435195	0.181942192	0.182122893	0.184841141	0.190615118	0.20001925	0.211629793	0.223272129	0.23428112	0.244115878	0.257684896	0.279384561	0.308743353	0.339629472	0.364467512	0.381255434	0.390202749	0.393614956	0.394006146	0.391488624	0.386398997	0.38004864	0.372664625	0.364909475	0.357848207	0.352164424	0.347358265	0.343002395	0.33941163	0.335773114	0.331807648	0.326927797	0.320767437	0.314198514	0.308011949	0.30318256	0.299398631	0.296715301	0.296281327	0.297972409	0.300324735	0.302407558	0.303245778	0.301897613	0.298702976	0.294286119	0.288578124	0.283164617	0.276925098	0.270788738	0.265190022	0.258980974	0.253569718
32	0.157132717	0.155756962	0.156136472	0.159698837	0.168561733	0.181509672	0.193713942	0.202484044	0.208620387	0.212782388	0.214153654	0.212000277	0.206600417	0.20025457	0.195412959	0.191926391	0.189259859	0.187070572	0.185194268	0.183709651	0.183899431	0.186622417	0.192267665	0.201696412	0.213315397	0.224973444	0.23600056	0.245827719	0.259360043	0.281025817	0.310352803	0.341243097	0.366173488	0.382967021	0.391881325	0.395363111	0.395784385	0.393291552	0.388197194	0.381839086	0.374478094	0.366733627	0.359625517	0.353946069	0.349163207	0.344841086	0.34122512	0.33758602	0.33362683	0.32879893	0.322662643	0.316140414	0.309947019	0.305166788	0.301445818	0.298793197	0.298375764	0.299997633	0.30234856	0.304239984	0.3049269	0.303470205	0.300356571	0.295758399	0.290283526	0.284660649	0.278668577	0.272630976	0.266698045	0.260649111	0.254797555
37	0.153591981	0.152142223	0.152508189	0.155927539	0.164750357	0.177714056	0.189997206	0.198813538	0.205065722	0.209179	0.210583522	0.208437443	0.202908381	0.196463042	0.191643729	0.18808563	0.185448505	0.183278182	0.181302637	0.179763237	0.179909525	0.182662893	0.188386501	0.197737248	0.209378509	0.221076342	0.232080871	0.241909525	0.255399852	0.276947308	0.306238394	0.337076084	0.362033598	0.378920868	0.387970828	0.3914908	0.391939656	0.389530987	0.384548745	0.378219709	0.370908252	0.363240233	0.356238613	0.350578035	0.345800535	0.341390134	0.337804124	0.334150414	0.330153236	0.325276063	0.319032651	0.312448145	0.306215318	0.301313757	0.297537029	0.294806348	0.294349326	0.295978633	0.298391247	0.300542013	0.301459496	0.300051332	0.296974038	0.292531539	0.286723995	0.280846859	0.274619057	0.268655914	0.263095836	0.25671284	0.251677694
42	0.155532036	0.154149344	0.154494772	0.158063287	0.166884253	0.179853227	0.192190457	0.200978319	0.207115082	0.211263592	0.212675393	0.210539682	0.2050148	0.198628008	0.193734913	0.190221831	0.187619503	0.185426663	0.183410614	0.181912789	0.182057314	0.18475968	0.190503435	0.199933548	0.211532706	0.223226644	0.234300347	0.244180644	0.25773324	0.279395321	0.308705053	0.339539021	0.364466772	0.381262959	0.390141047	0.393560486	0.394016926	0.391541979	0.386459855	0.380107153	0.37270567	0.365029756	0.35798689	0.352332147	0.347602661	0.343247344	0.339621181	0.335969655	0.332023015	0.327175617	0.320937709	0.314394133	0.30820438	0.303352302	0.299620322	0.296939865	0.296567418	0.29822293	0.300592309	0.302721185	0.303545437	0.302053408	0.298863981	0.29441811	0.288602904	0.283010528	0.277029295	0.271034225	0.264833998	0.258809749	0.252518152
47	0.155488671	0.154090204	0.154450042	0.158056628	0.166851505	0.179727269	0.191971579	0.200749488	0.206837576	0.210930835	0.212334013	0.210250724	0.204738703	0.198315866	0.193444819	0.189856944	0.187255413	0.185035505	0.183098719	0.181595468	0.18172298	0.184430364	0.190162965	0.199533728	0.211137943	0.222844559	0.233932104	0.243770808	0.257345697	0.278968071	0.308186567	0.339010997	0.36389192	0.380616032	0.389389725	0.392659665	0.393068774	0.390535597	0.385416871	0.379055926	0.371635024	0.363907261	0.35695267	0.351274278	0.346528169	0.342193183	0.338627941	0.335042613	0.331133896	0.326227427	0.320025681	0.313520003	0.307271142	0.302404075	0.298692556	0.296051145	0.295652306	0.297301462	0.299646728	0.301715107	0.302568501	0.301271178	0.298176519	0.29379556	0.288491094	0.282763578	0.277121239	0.270691033	0.265123127	0.258656908	0.253473502
3	0.095453628	0.095280691	0.097738248	0.105161935	0.120390157	0.14148998	0.161781388	0.177018846	0.188425543	0.197168319	0.201929884	0.20132152	0.19538386	0.187406747	0.18121652	0.17713703	0.174349112	0.172017483	0.169575497	0.167531305	0.167578279	0.170739112	0.177897887	0.189907786	0.20496195	0.220534335	0.235184167	0.246952111	0.260754059	0.281983101	0.311638081	0.344960255	0.373731313	0.394289395	0.405939492	0.411106749	0.412843165	0.411781808	0.408153225	0.402960394	0.396310998	0.388909422	0.382179907	0.376993527	0.372911821	0.369231733	0.366275739	0.363155371	0.359489917	0.354477421	0.347640715	0.340149197	0.332925773	0.327145816	0.322663062	0.319449644	0.318426556	0.319232062	0.319923829	0.318736332	0.313503861	0.302888719	0.288676054	0.272916745	0.256329887	0.24024018	0.224743929	0.210382828	0.198019538	0.187381808	0.177713137
8	0.096086378	0.095928004	0.098431506	0.105865159	0.121243136	0.142454898	0.162761097	0.177946085	0.189363953	0.198075425	0.202785726	0.202112075	0.19615682	0.188172969	0.181984633	0.177890088	0.17510794	0.1727797	0.170351525	0.168330506	0.168341793	0.1715224	0.178692065	0.190763173	0.20588474	0.221535364	0.236243575	0.248038897	0.261814721	0.283031253	0.312743693	0.346039082	0.374768293	0.395177492	0.406625536	0.411686825	0.413310231	0.412180014	0.408489051	0.403241375	0.396541596	0.389178291	0.382496811	0.377322543	0.373208015	0.369567308	0.366599649	0.363427361	0.359777822	0.35474348	0.347919654	0.340450476	0.333207793	0.32744964	0.322959113	0.319771981	0.318733434	0.319516513	0.320247045	0.319130345	0.313961995	0.303191368	0.288964603	0.273436469	0.25683176	0.240250105	0.224417564	0.210714487	0.198295222	0.187184566	0.177924647
13	0.096515459	0.096369187	0.098825548	0.106335813	0.121687016	0.142895654	0.163187365	0.17841244	0.189760447	0.198596753	0.20336197	0.202691865	0.196667161	0.18866436	0.182464475	0.178334034	0.175545409	0.173204819	0.170802975	0.168807607	0.168814356	0.171970508	0.179245676	0.191389728	0.206602889	0.22232021	0.237051558	0.248971824	0.262912034	0.284227321	0.313933201	0.347179784	0.375853855	0.396214398	0.407527409	0.412542983	0.414143858	0.412928963	0.409134366	0.403803643	0.397082499	0.389711024	0.382970834	0.377765971	0.373665058	0.369930274	0.36692967	0.363799643	0.360104452	0.355075402	0.348228403	0.340745245	0.333495552	0.327736926	0.323303086	0.320017458	0.318970768	0.319714885	0.320279384	0.319088758	0.31395491	0.303441959	0.289180764	0.273524293	0.256966255	0.240531497	0.22529927	0.211073083	0.19862453	0.187450504	0.178413636
18	0.096891912	0.09673985	0.099271631	0.106764466	0.122116205	0.14328943	0.163535135	0.178681726	0.190014303	0.198780173	0.20349764	0.202866615	0.19691599	0.188893321	0.182669979	0.178528269	0.175751404	0.173401074	0.170974896	0.168965901	0.168961081	0.172170947	0.179412594	0.19146795	0.206652953	0.2222454	0.236922207	0.248783888	0.262701633	0.284014988	0.313770964	0.347040409	0.375666464	0.395943654	0.407217576	0.412130131	0.413687962	0.412463385	0.408675814	0.403391549	0.396674338	0.389319611	0.382619241	0.377399484	0.373325785	0.369653662	0.366673162	0.363529585	0.359924469	0.354898422	0.347989621	0.340536168	0.333356151	0.327626468	0.323211104	0.319966883	0.318969819	0.319765491	0.32045782	0.319276506	0.313953006	0.303276606	0.289360964	0.273799662	0.257232972	0.241090272	0.225086509	0.211139092	0.198751075	0.188532878	0.178915426
23	0.096557458	0.096432102	0.098980497	0.106459573	0.121822866	0.143062756	0.163258664	0.178331225	0.189679016	0.198429637	0.203135027	0.202449974	0.196484042	0.188484226	0.182257854	0.178127781	0.175327873	0.172960301	0.170549695	0.168548096	0.168548406	0.171692453	0.178967578	0.191055782	0.206235529	0.221875799	0.23654798	0.24841953	0.262351844	0.283688577	0.313370663	0.346627051	0.375209974	0.395426617	0.406712379	0.41155862	0.413067711	0.411857119	0.408054008	0.402727046	0.395972945	0.388603126	0.38194479	0.376765385	0.372650171	0.368984347	0.366019027	0.362903565	0.35929053	0.354275841	0.347387876	0.339937383	0.332793357	0.327020558	0.322523587	0.319309337	0.318359635	0.319193712	0.319825871	0.318756047	0.313670298	0.303011934	0.289026712	0.273688527	0.257434445	0.240775926	0.224910886	0.210838306	0.198533332	0.187715431	0.177988808
28	0.096983237	0.096856649	0.099416812	0.106878741	0.122209041	0.143439951	0.163634943	0.17873493	0.190063056	0.198896009	0.203626881	0.202907972	0.196908515	0.188912089	0.182716289	0.178560905	0.175793276	0.173494143	0.171022884	0.168991485	0.16897602	0.172174795	0.179457994	0.191489584	0.206658721	0.222351692	0.237025082	0.248926043	0.26283516	0.284204062	0.313924279	0.347270038	0.375898348	0.396107106	0.407310254	0.412137794	0.413686869	0.412459895	0.408620492	0.403355429	0.39657096	0.38919615	0.382474357	0.377302001	0.373206779	0.369571295	0.366635644	0.363419449	0.35974343	0.354747922	0.347930306	0.34047155	0.333320524	0.327566632	0.323047035	0.319806024	0.318841876	0.319659206	0.320470552	0.319351059	0.314178168	0.30353916	0.289355881	0.273747295	0.257189585	0.24108896	0.225410199	0.211471071	0.199238092	0.188893435	0.179172152
33	0.096801167	0.096692383	0.099273355	0.106740209	0.122080116	0.143257602	0.163441292	0.178552234	0.189876807	0.198639312	0.203377155	0.202726176	0.196776441	0.188798079	0.182576911	0.178411344	0.175593348	0.173267591	0.170851865	0.168801884	0.168841494	0.17202845	0.179259892	0.191268584	0.206446244	0.222085847	0.236747358	0.248621547	0.262507635	0.283846535	0.313584059	0.346826001	0.37551063	0.395867867	0.407135491	0.41197434	0.413517666	0.412305148	0.408528197	0.403208481	0.396476828	0.38914734	0.382397621	0.37723008	0.373174586	0.369497832	0.36651109	0.363369485	0.359735971	0.354735364	0.347826191	0.340358958	0.333214011	0.327459295	0.322965617	0.319755804	0.318747337	0.319595845	0.3202755	0.319154256	0.313983044	0.303356511	0.289506165	0.273957781	0.25748677	0.241416395	0.225695899	0.21169068	0.1992161	0.18867221	0.178918089
38	0.096925562	0.096735936	0.09925011	0.106756677	0.122069111	0.143192369	0.163411871	0.17859269	0.189874565	0.198634588	0.203423951	0.202749152	0.196748616	0.188712178	0.182502129	0.178355759	0.1756083	0.173252712	0.170845465	0.168831947	0.168793055	0.171945922	0.179136286	0.191224112	0.206396976	0.222040346	0.236692905	0.248583779	0.262440255	0.283741228	0.313462468	0.346672846	0.375299461	0.395568894	0.406894054	0.411758882	0.413336921	0.412106774	0.408294422	0.403029385	0.396241699	0.388909557	0.382300753	0.377154316	0.373028718	0.369319347	0.366336639	0.363209104	0.359609533	0.35459439	0.347722712	0.340288728	0.333124857	0.327378021	0.322828634	0.319560101	0.318581602	0.319398633	0.320120763	0.318959886	0.31377141	0.303206532	0.289193838	0.273875074	0.257360443	0.240940864	0.22564214	0.211082604	0.199223011	0.188125441	0.178835041
43	0.09696925	0.096837814	0.099392211	0.106810815	0.122125273	0.143269741	0.163476138	0.178587463	0.189930084	0.198675304	0.203461437	0.202812848	0.196750522	0.188706349	0.182484241	0.178309574	0.175528853	0.17319993	0.170764362	0.168744151	0.1687369	0.171896415	0.179078861	0.191136301	0.206343534	0.222017588	0.236810752	0.248667846	0.262620025	0.283990995	0.313698809	0.346973408	0.375624064	0.395832874	0.407047599	0.411842262	0.413332216	0.412094851	0.408260276	0.402938143	0.396191332	0.388878001	0.382206411	0.377022506	0.372980127	0.369295801	0.366319497	0.363147405	0.35951868	0.354502089	0.347641312	0.340218	0.333021502	0.327217347	0.322699296	0.319486517	0.318491149	0.31928089	0.320094307	0.318996323	0.313797103	0.303235432	0.289238792	0.27378888	0.257503372	0.2412074	0.225586579	0.211700778	0.199182699	0.188594477	0.179805745
48	0.096829307	0.096693512	0.099309518	0.106773167	0.122034424	0.143201397	0.163418987	0.178534242	0.189783841	0.198551175	0.203317042	0.202695597	0.196673912	0.188614199	0.182346477	0.178224521	0.175414549	0.173096288	0.170658965	0.168623162	0.168605159	0.171760601	0.178992532	0.191056135	0.206281755	0.221945536	0.236615981	0.248536897	0.262535863	0.28392785	0.313569418	0.3468004	0.375330091	0.395535957	0.406604102	0.411390874	0.412872192	0.411558212	0.407705802	0.402295758	0.395553602	0.388280601	0.381646934	0.376488264	0.372384143	0.368698218	0.36571334	0.362614894	0.359040369	0.353929659	0.347038124	0.339663239	0.332519714	0.326710597	0.322179571	0.318981987	0.318092784	0.318950292	0.319690962	0.318611819	0.313596248	0.30317018	0.289282075	0.273767908	0.257624423	0.241608027	0.225382725	0.211869636	0.199670943	0.188922152	0.180191285
4	0.100159849	0.0998626	0.101899903	0.108421376	0.121915959	0.140980647	0.159756914	0.174272268	0.185328236	0.193711644	0.198112092	0.197282878	0.191324443	0.18339176	0.17725645	0.173130145	0.170346631	0.168040755	0.165514888	0.163317775	0.16303995	0.165758499	0.172289824	0.183544449	0.198075428	0.213426813	0.227959057	0.239509665	0.252585333	0.272528739	0.300580662	0.332684553	0.361113156	0.381725458	0.393544463	0.39913365	0.401311381	0.400855758	0.397944592	0.393473946	0.387677258	0.381137056	0.37497	0.370229018	0.366574707	0.36339038	0.360876123	0.358116521	0.354655751	0.349846944	0.343069572	0.335656472	0.328450357	0.322609573	0.31808495	0.314805377	0.313794705	0.31513691	0.316724139	0.316162155	0.311389455	0.301078533	0.287666697	0.272815575	0.25675901	0.240877521	0.226058087	0.21184009	0.200041847	0.190021269	0.180288062
9	0.100583788	0.100255695	0.102322181	0.10883001	0.122459929	0.141603785	0.160419144	0.17489811	0.185938964	0.194294974	0.198615099	0.197810602	0.19182285	0.183903354	0.177761688	0.173631834	0.170782684	0.16843149	0.165935961	0.16379217	0.16349333	0.16619777	0.172763601	0.184119262	0.198734857	0.214149553	0.228707954	0.240329396	0.253523032	0.273581563	0.301802059	0.33402749	0.362391686	0.382938474	0.394700449	0.400103946	0.40218283	0.401618184	0.398654825	0.394174051	0.38833726	0.381723575	0.375517573	0.370847218	0.367251327	0.364015762	0.361465702	0.358695473	0.355282233	0.350387345	0.343585214	0.336178397	0.32895389	0.323161736	0.318571263	0.31527339	0.314311398	0.315694768	0.317314694	0.316844542	0.312093843	0.301916891	0.288447074	0.273413143	0.25730189	0.241401769	0.225988615	0.212725442	0.200838519	0.190683513	0.181561334
14	0.099569001	0.099185668	0.101220828	0.10774814	0.121399635	0.140562537	0.159291559	0.173698189	0.18471116	0.193040128	0.19739221	0.19658375	0.190585286	0.182661704	0.176509885	0.172407756	0.169620966	0.167195271	0.164721122	0.162581221	0.162288772	0.16498748	0.171546855	0.18290322	0.197504406	0.212921684	0.227518521	0.23912416	0.252299677	0.272392486	0.300602709	0.332824555	0.361159377	0.381587483	0.393182414	0.398514329	0.400515117	0.399940778	0.396863752	0.39232187	0.386467935	0.379830698	0.373640686	0.368936638	0.36531901	0.362119413	0.359563975	0.356730233	0.353373999	0.348477241	0.341670844	0.334237524	0.327089377	0.321324347	0.316785502	0.313460803	0.312515665	0.313848415	0.31545048	0.315031891	0.310399335	0.300262435	0.286782267	0.271873924	0.256095861	0.240214136	0.225043562	0.211655988	0.199682058	0.189569982	0.180584376
19	0.099630608	0.099227407	0.101305965	0.107896193	0.121540851	0.14071517	0.159468149	0.173931146	0.184898379	0.193255226	0.197637075	0.196794373	0.190775443	0.182782261	0.176589566	0.172439796	0.169653906	0.167307233	0.164806042	0.16263766	0.162349449	0.165123144	0.171691851	0.182981013	0.197585464	0.213063677	0.227672385	0.239295608	0.252550936	0.272652859	0.300943046	0.333182744	0.361556739	0.381959633	0.393522123	0.398751605	0.400776384	0.400147936	0.397069989	0.392551453	0.386660381	0.379978287	0.373775435	0.369058387	0.365407161	0.362224776	0.359710592	0.356912156	0.353502341	0.348583615	0.341713998	0.334293868	0.327138497	0.321363389	0.316788395	0.313427745	0.312515128	0.313973031	0.315686278	0.315249319	0.310667057	0.300534246	0.287023409	0.272256941	0.256650496	0.240947554	0.226081282	0.212119554	0.199667841	0.18954109	0.180679825
24	0.099179603	0.098825569	0.100875584	0.107486136	0.121129823	0.140276532	0.159005049	0.173413039	0.184417181	0.192710712	0.1970441	0.196276444	0.190288105	0.182287412	0.176097744	0.17200121	0.169192372	0.166802129	0.16425334	0.162065231	0.161780199	0.164573616	0.17116176	0.182442032	0.197090556	0.212486811	0.227112316	0.238816883	0.252098517	0.272260688	0.300553992	0.332823844	0.361162124	0.38149698	0.393016554	0.398268839	0.400201225	0.399550803	0.396439456	0.391919794	0.386021907	0.379338555	0.373194488	0.368461427	0.364790616	0.361588863	0.359062056	0.356293545	0.352858395	0.347895436	0.341080578	0.333661716	0.326486518	0.320673021	0.31609617	0.312799783	0.311931391	0.313353332	0.31505184	0.314669918	0.310048672	0.299987732	0.286510264	0.271674111	0.255725867	0.240140128	0.224873811	0.211205998	0.199562651	0.18923138	0.179931098
29	0.099509397	0.099102357	0.101198069	0.107766412	0.121405214	0.140498055	0.159153372	0.173462916	0.184382536	0.192717011	0.197055483	0.196230713	0.190252342	0.182310304	0.176116134	0.171980333	0.169181815	0.166798615	0.164303391	0.162103119	0.161825982	0.164572988	0.171129735	0.182471624	0.1970492	0.212454761	0.227051671	0.238703094	0.251967233	0.27211658	0.300341627	0.332516426	0.360849067	0.381122256	0.392541986	0.397807823	0.39968108	0.398968853	0.395812755	0.391274996	0.38537994	0.3787242	0.372566626	0.367820317	0.364164259	0.360969828	0.358424842	0.355603828	0.352238131	0.347254779	0.340427983	0.333062911	0.325905245	0.320116456	0.315580062	0.31224092	0.311382267	0.312763335	0.314528478	0.314201289	0.30958928	0.29948806	0.286131654	0.271539543	0.256047005	0.240061499	0.225129637	0.211467401	0.199872497	0.188912445	0.180154701
34	0.099804649	0.099440769	0.101486241	0.108053899	0.121681726	0.140817736	0.159531572	0.173841812	0.184758228	0.193015567	0.197379688	0.196555055	0.190578474	0.182658145	0.176468374	0.172331387	0.169442143	0.167126191	0.164683835	0.162501209	0.162190636	0.164882752	0.171414487	0.182762389	0.197369223	0.212799662	0.227398472	0.239015066	0.252273095	0.272378372	0.300611848	0.332781134	0.361115056	0.381416395	0.392890759	0.398105887	0.400057868	0.399385591	0.396240185	0.391740146	0.385826813	0.3791345	0.372939162	0.368208274	0.364509213	0.361328259	0.35881146	0.3559895	0.35260079	0.347666002	0.340872531	0.33346643	0.326302029	0.320514674	0.315908782	0.312609831	0.311758076	0.313175161	0.314932061	0.314605891	0.310078429	0.30014018	0.28658173	0.271795685	0.256078416	0.240659026	0.225243445	0.211757895	0.199894834	0.18905712	0.179807476
39	0.098865589	0.09854389	0.100592769	0.107089999	0.120741602	0.139765709	0.158436549	0.172830737	0.18375525	0.192065972	0.19649423	0.195640732	0.189624932	0.181649522	0.17548013	0.171363384	0.168573175	0.166237832	0.163710395	0.16153171	0.161211586	0.163920997	0.170470336	0.181720838	0.19630332	0.211670419	0.226199788	0.237781675	0.250981669	0.271063409	0.299219338	0.331308203	0.359534615	0.379883357	0.391375542	0.396614426	0.398669739	0.398040657	0.394910766	0.390378608	0.384560411	0.37793226	0.371808304	0.367110272	0.363420688	0.360191946	0.357655425	0.354894996	0.351490121	0.346571291	0.339764783	0.332423794	0.325292825	0.319405763	0.314782408	0.311469316	0.310599757	0.312024055	0.313732004	0.313320673	0.308667906	0.298829844	0.285621081	0.270725621	0.254638189	0.239326648	0.224537458	0.210703648	0.198815555	0.188463018	0.179722836
44	0.09883883	0.098494491	0.10063749	0.107154053	0.12062113	0.139635001	0.158241168	0.172555746	0.183420079	0.191714993	0.196102275	0.195299937	0.189277777	0.181307083	0.175182294	0.17104543	0.168214264	0.165878855	0.163389361	0.161210273	0.160881487	0.163641642	0.170156544	0.181360581	0.195872601	0.211175487	0.225684031	0.237259642	0.250526095	0.270515115	0.29851842	0.33057976	0.358790986	0.379059619	0.390511924	0.395795953	0.397719871	0.397076359	0.39396846	0.389451686	0.383530511	0.376924689	0.370793495	0.366076255	0.362402633	0.359207498	0.356715233	0.353976945	0.350581933	0.34563791	0.3388506	0.331492597	0.324327748	0.318478977	0.313915085	0.31060721	0.309730165	0.311092158	0.31273175	0.312380935	0.307901961	0.298078087	0.284757198	0.270213711	0.254505586	0.238954228	0.2235987	0.210668408	0.198398664	0.188187437	0.179704302
49	0.098536323	0.098184742	0.100230664	0.106712372	0.120269643	0.13926688	0.157879469	0.172092215	0.182933441	0.191214259	0.19559969	0.194796506	0.188798913	0.180807375	0.174716492	0.170631836	0.167847802	0.16547375	0.1629673	0.160791986	0.160453975	0.163157098	0.169673851	0.180870118	0.19539141	0.210749448	0.225250936	0.23678037	0.249995939	0.269970278	0.297927061	0.329876578	0.358074871	0.378335666	0.389726289	0.394867364	0.39683609	0.39611021	0.392939574	0.388420495	0.38255715	0.375956333	0.369844721	0.365111571	0.361444991	0.358295998	0.355775038	0.35302011	0.349649735	0.344688438	0.337881179	0.330560713	0.323398456	0.317570986	0.313046253	0.309758705	0.308913987	0.310310152	0.312021929	0.311772918	0.307240218	0.297446487	0.284228616	0.269608374	0.253861689	0.23827952	0.223371739	0.210124493	0.197998401	0.187864943	0.178943688
5	0.140354348	0.139032128	0.139672057	0.143730865	0.153810169	0.169147242	0.184387271	0.196163613	0.205202626	0.211958194	0.214975825	0.213081664	0.206566218	0.198648851	0.192705172	0.188697365	0.185768388	0.183235146	0.18065291	0.178529242	0.178155301	0.180566513	0.186415878	0.19667287	0.209724532	0.22332196	0.236165011	0.247018049	0.260420951	0.281218668	0.30997327	0.341646556	0.368359139	0.387365501	0.39817328	0.403039398	0.404432119	0.402990713	0.399132111	0.394055694	0.387807697	0.380951998	0.374657664	0.369858867	0.365859585	0.362297876	0.359502942	0.35644854	0.352849745	0.347912778	0.341398533	0.334394567	0.327543887	0.321891713	0.317347619	0.313904276	0.312535679	0.313445662	0.315284879	0.316678494	0.315618055	0.310383993	0.302362917	0.293329768	0.283106998	0.272340254	0.262660083	0.252816154	0.244347772	0.23655779	0.229576311
10	0.140941546	0.139663802	0.140238875	0.144285215	0.154437516	0.169752274	0.184995265	0.196620683	0.205514676	0.212207328	0.215211138	0.213315361	0.206805735	0.198868623	0.192967579	0.188933469	0.185981963	0.183470329	0.180850953	0.178624399	0.178301915	0.180736737	0.186619778	0.19681175	0.209890709	0.223510025	0.236390976	0.24721399	0.260648753	0.281551825	0.310444526	0.342192923	0.368874879	0.387701181	0.398341668	0.403053344	0.404271322	0.402703019	0.398827411	0.393674492	0.387366128	0.380592338	0.374332235	0.369446072	0.365562179	0.362168692	0.359387232	0.356345092	0.352744805	0.347746796	0.341234291	0.334236472	0.327367529	0.321718175	0.317181073	0.313696868	0.3123905	0.313418807	0.315559502	0.317084316	0.315999227	0.310813037	0.303009373	0.293589961	0.283250793	0.272908532	0.262827723	0.253527239	0.245016345	0.236753468	0.229371495
15	0.140345776	0.139034086	0.139616394	0.143706801	0.153900128	0.169301252	0.184522234	0.196225969	0.205158033	0.211788513	0.214783192	0.212878127	0.20636038	0.198450402	0.19249467	0.188428016	0.185516412	0.1829392	0.180387634	0.178164276	0.177796779	0.180283157	0.186184368	0.196422596	0.209552715	0.223127434	0.236047223	0.246933164	0.260447898	0.281412551	0.310377477	0.342186491	0.368938504	0.387784384	0.398331244	0.402950012	0.404142098	0.402609241	0.398641672	0.393510015	0.387203948	0.380363662	0.374167812	0.369337184	0.365400872	0.361955928	0.359216017	0.356128951	0.352478536	0.347582863	0.341026819	0.333996516	0.327113912	0.321512049	0.316916199	0.31344506	0.312167899	0.313202904	0.31530339	0.316849112	0.315739678	0.310662665	0.302885622	0.293418724	0.282935297	0.272645169	0.263083633	0.252749346	0.243973664	0.23681912	0.229747625
20	0.140789129	0.139471137	0.140086486	0.144214667	0.154378998	0.169696545	0.184991455	0.196687402	0.205496368	0.212172241	0.215211005	0.213354766	0.206825384	0.198861102	0.19290604	0.188886876	0.185992023	0.183410522	0.180833739	0.178633754	0.178294771	0.180716532	0.186604144	0.196858097	0.210011771	0.223684958	0.236588755	0.247534408	0.261032479	0.281847673	0.31055507	0.342085557	0.368647867	0.387383038	0.397818632	0.40232723	0.40352386	0.401983953	0.398051255	0.392887271	0.38654815	0.379708886	0.37353754	0.368699418	0.364710054	0.361218529	0.358483709	0.355427575	0.351819877	0.346826085	0.340292905	0.333342703	0.326467569	0.320849995	0.316316124	0.312877943	0.311606639	0.312602858	0.31464053	0.316153788	0.315260945	0.310192356	0.302283715	0.292777183	0.282561206	0.272386	0.262663059	0.252887913	0.244276271	0.236407462	0.229954045
25	0.140838731	0.139566087	0.140147985	0.144166441	0.154288545	0.169439977	0.184488553	0.19602589	0.204849895	0.211415564	0.214444416	0.212545861	0.205972778	0.198081477	0.192159685	0.188098354	0.18521166	0.182614852	0.17999774	0.177780434	0.177435941	0.179879887	0.185692809	0.195800115	0.208872637	0.222400465	0.235205752	0.246069543	0.259475719	0.280155115	0.308727189	0.340149767	0.366462915	0.384968523	0.395240913	0.399704895	0.400822915	0.399176807	0.395231849	0.390086042	0.383767235	0.376952557	0.370763031	0.365992085	0.362179623	0.358703014	0.355962716	0.353005381	0.349455067	0.344464796	0.337913801	0.330954208	0.324190539	0.318571119	0.314072319	0.310680528	0.309388356	0.310475823	0.312688793	0.314408914	0.313510287	0.308537608	0.300710865	0.291930677	0.282058849	0.271898844	0.261919767	0.252439716	0.244057616	0.236463153	0.229550292
30	0.140752542	0.139444354	0.140062507	0.144167789	0.154262096	0.169559049	0.184717961	0.196273087	0.20515728	0.211822194	0.214856827	0.212907324	0.206378369	0.198468268	0.192490164	0.188466727	0.185490495	0.182880325	0.1803411	0.178163324	0.177755969	0.180206674	0.186051842	0.196224704	0.209311622	0.222949976	0.23592729	0.246830915	0.260293147	0.281162788	0.309968714	0.341590581	0.36817834	0.386875687	0.39729256	0.401775027	0.402863637	0.401252014	0.397318856	0.392157965	0.385862089	0.379086394	0.372903232	0.368090793	0.364180321	0.36073052	0.357970424	0.354968892	0.351399295	0.346417641	0.339866464	0.332862579	0.326036509	0.320364052	0.315817035	0.31239011	0.311102279	0.312163695	0.314440147	0.316158608	0.315177191	0.310019086	0.301969232	0.292504633	0.282295828	0.272501513	0.262767925	0.252790184	0.244548823	0.236537003	0.229709267
35	0.140767117	0.139530891	0.140121276	0.144205986	0.154266128	0.169502817	0.18465444	0.196259998	0.20510183	0.211791362	0.214801778	0.2129029	0.206393934	0.198461069	0.192460369	0.188403644	0.185461627	0.18285063	0.180282261	0.178106123	0.177690068	0.180096639	0.185936392	0.196086809	0.209192598	0.22280366	0.235738075	0.246612124	0.260082429	0.280898165	0.309653364	0.341297037	0.367930042	0.386639386	0.397089809	0.401660715	0.402819107	0.401192201	0.397300705	0.392175745	0.385848802	0.379031532	0.372833898	0.368047779	0.364179889	0.360727136	0.357983772	0.354984204	0.351333221	0.346357821	0.339806109	0.332827347	0.326002469	0.320316785	0.315834915	0.312415036	0.311111554	0.312162049	0.314395262	0.316003175	0.31509503	0.310020891	0.302268179	0.292945054	0.282681835	0.272359381	0.262810135	0.253045194	0.244333634	0.236695497	0.229487865
40	0.141058199	0.139723112	0.140252082	0.144299702	0.154369294	0.169589779	0.184723922	0.19636699	0.205187373	0.21184649	0.214907279	0.212942319	0.206369629	0.198445241	0.192480169	0.188456479	0.18557363	0.183022649	0.180407506	0.178159423	0.177776381	0.180173649	0.185972851	0.196051608	0.20905635	0.222584257	0.23541338	0.246213534	0.259562432	0.28024818	0.308775699	0.340122501	0.366639505	0.385365657	0.395888117	0.400412919	0.40167481	0.400150561	0.396271353	0.391172575	0.384876732	0.378115581	0.371958241	0.36720649	0.363276944	0.359879925	0.357133272	0.354128248	0.350606933	0.34561892	0.339151012	0.332198239	0.325389135	0.319731938	0.315200399	0.311771271	0.310510907	0.311568677	0.313697747	0.315240869	0.314342311	0.309336799	0.301610642	0.29242397	0.282209142	0.272371615	0.262482096	0.253120899	0.244098106	0.236608164	0.230178061
45	0.141180426	0.13985585	0.14040487	0.144438315	0.1544452	0.169574158	0.184600353	0.196167659	0.204966019	0.211592571	0.214596099	0.212679429	0.20614901	0.198218043	0.192279597	0.18817978	0.18532318	0.18277648	0.180120767	0.177921033	0.177511021	0.179889138	0.185671906	0.195703661	0.208707829	0.222252751	0.235016018	0.245806356	0.259176231	0.279794625	0.308274173	0.339514395	0.36590403	0.384525683	0.394958021	0.399389933	0.400566789	0.39899461	0.395081685	0.389985662	0.383661833	0.376906414	0.370814003	0.366123109	0.362150179	0.358717962	0.355997386	0.352997876	0.349510014	0.344482234	0.337935394	0.331053614	0.324269593	0.318578713	0.31406094	0.310634721	0.309422091	0.310503007	0.312680647	0.314307805	0.313460098	0.308452184	0.300845237	0.291639632	0.281635642	0.2716795	0.262386581	0.252671583	0.244070966	0.236397218	0.229577739
50	0.141116322	0.139829703	0.140419769	0.144484848	0.154498599	0.169615504	0.184667921	0.19617361	0.20497059	0.211621919	0.214690584	0.212818405	0.206205244	0.1982216	0.192300223	0.188271274	0.185357173	0.182780572	0.180170161	0.177908623	0.177505793	0.179894302	0.185678664	0.195814182	0.208839431	0.222367663	0.235164111	0.245980848	0.259410702	0.280053468	0.308497102	0.339867792	0.366283462	0.384851375	0.3952086	0.399675188	0.400784352	0.399109716	0.395136382	0.390007341	0.383731463	0.377028293	0.370925039	0.366106561	0.362197723	0.35883131	0.356112854	0.353126389	0.34954843	0.3445124	0.337980738	0.331112163	0.324372713	0.318734942	0.314170808	0.31073697	0.309494287	0.310620311	0.312832173	0.314515275	0.313756682	0.30886765	0.300989789	0.292004748	0.282103968	0.272021481	0.262407018	0.25280212	0.244109581	0.236348185	0.23015373
