1	0.083103759	0.083494721	0.086684114	0.095223698	0.110281633	0.129687518	0.148079515	0.161740226	0.171815467	0.180492258	0.183868428	0.181612997	0.174899091	0.167449837	0.161483028	0.158386892	0.156439713	0.154817489	0.152323833	0.15107382	0.151321605	0.154726722	0.162070809	0.174015749	0.188423267	0.20361318	0.21695675	0.228613762	0.242383502	0.261584802	0.288828202	0.319204625	0.344616594	0.363124366	0.374279053	0.380333568	0.381823944	0.381548679	0.379073384	0.374618182	0.371218877	0.367043084	0.362800964	0.359661099	0.35673455	0.355657992	0.354056475	0.353188786	0.349889211	0.345203751	0.339815406	0.333691162	0.328341615	0.323274393	0.319279611	0.31747232	0.316951234	0.318370053	0.320924055	0.320916849	0.314613035	0.301134661	0.284163314	0.26521542	0.246607451	0.230352833	0.214774242	0.20097921	0.188027814	0.178334913	0.169058635
6	0.083233908	0.083681927	0.086911108	0.095427595	0.110520254	0.129918651	0.148283635	0.161814161	0.171807509	0.18041144	0.183784417	0.181481078	0.174806506	0.167359195	0.161322707	0.158325151	0.156406892	0.154719704	0.152270356	0.151019115	0.151245332	0.154780802	0.162053894	0.174048158	0.188467125	0.203594729	0.216915856	0.228568242	0.242430878	0.261673409	0.288866348	0.319030261	0.344278275	0.362573865	0.373534952	0.379425104	0.380836126	0.38032573	0.377758748	0.373234018	0.369872155	0.365642562	0.361397032	0.358270913	0.355378381	0.354326503	0.352719447	0.351883169	0.348520626	0.343811063	0.338470468	0.332375347	0.327038938	0.322074625	0.318006806	0.316330144	0.315851215	0.317414553	0.319844759	0.319763483	0.313596472	0.30039524	0.283520097	0.26450153	0.246110478	0.230067093	0.214422395	0.200239607	0.18810567	0.177781441	0.168828079
11	0.083465342	0.08387656	0.087041546	0.095557935	0.11076256	0.130113736	0.148466762	0.162000641	0.172053687	0.180644102	0.184027477	0.181781744	0.1749793	0.16760923	0.16154325	0.15850134	0.156561501	0.154853439	0.152451841	0.151181885	0.151414242	0.154902163	0.162189973	0.174187712	0.188590945	0.203815376	0.217207547	0.228986524	0.242890625	0.2621649	0.289437931	0.319779659	0.345107147	0.363481487	0.374416375	0.380319329	0.381671884	0.381232128	0.378650774	0.374169934	0.370683049	0.366529324	0.362233074	0.359000849	0.356142965	0.355046365	0.353451284	0.352639398	0.34924777	0.344444332	0.339093207	0.333003513	0.327614881	0.322569921	0.318548933	0.316787456	0.316327183	0.317830731	0.320529815	0.320276831	0.314174346	0.301116575	0.284240637	0.264982435	0.24650723	0.23007373	0.214655046	0.200606942	0.188800403	0.178912389	0.169741684
16	0.083163882	0.083536336	0.086776908	0.095295234	0.110566467	0.129975684	0.148272921	0.16184721	0.171870893	0.18052145	0.183908873	0.181560542	0.17479566	0.167346207	0.16136003	0.15824733	0.156327617	0.15458481	0.152209996	0.150910251	0.151166464	0.154654698	0.162082813	0.174039094	0.188457336	0.203667294	0.217085631	0.228864111	0.24277583	0.262114366	0.289505863	0.319797552	0.345143873	0.363377664	0.37424105	0.380168187	0.38148193	0.381016927	0.378371582	0.37385596	0.370396582	0.366242029	0.361907023	0.358714179	0.355826776	0.35478628	0.353180788	0.352329644	0.348959164	0.344210179	0.338860417	0.332771119	0.327392067	0.322447748	0.318285653	0.316610614	0.31615862	0.31766139	0.320261432	0.320221572	0.314097291	0.30087845	0.28379669	0.264785404	0.246699157	0.229978344	0.214634238	0.20076188	0.188409036	0.17850159	0.168999991
21	0.083405685	0.083783191	0.086985635	0.095557365	0.110772994	0.130172858	0.148563459	0.162054942	0.172078739	0.18081098	0.18417248	0.181839778	0.17506477	0.167642014	0.161546958	0.158436484	0.156501449	0.154813772	0.15241638	0.151114706	0.151368692	0.154917405	0.162242633	0.174231311	0.18870892	0.203886351	0.217274003	0.229041535	0.242996505	0.262322193	0.28969638	0.320102465	0.345399157	0.363669321	0.37451174	0.380414005	0.381699354	0.381239516	0.378582914	0.37405634	0.37063387	0.366422803	0.362150006	0.358955919	0.356011061	0.354950198	0.353325891	0.352548672	0.349097926	0.344302756	0.338890317	0.332872214	0.327497647	0.322486428	0.318539879	0.316706691	0.316246474	0.317794126	0.320315774	0.320303722	0.314124158	0.300881088	0.28376793	0.264837792	0.246324191	0.230008869	0.2145908	0.200791296	0.188745653	0.178752645	0.169977219
26	0.083902723	0.084394942	0.087464716	0.096072329	0.111220544	0.13076796	0.149051036	0.162524461	0.172541459	0.181146021	0.184597942	0.182258775	0.175497645	0.168042764	0.161948878	0.158827889	0.156895992	0.155209601	0.152818359	0.151527396	0.151822756	0.155301507	0.162585863	0.17468938	0.189172709	0.2043236	0.217701111	0.229469785	0.243373058	0.262670339	0.290087817	0.320481229	0.34580036	0.364058146	0.374929987	0.380760066	0.381999481	0.381498446	0.378890184	0.374406996	0.370933139	0.36669413	0.362344732	0.359142519	0.356221653	0.355169882	0.353646293	0.352855245	0.349403536	0.344601126	0.33907962	0.333116102	0.327768357	0.322784893	0.318704275	0.316974493	0.316475273	0.317958676	0.320612515	0.320595542	0.314399768	0.301262304	0.284120172	0.26531951	0.247119805	0.230433687	0.214838978	0.200641958	0.189281911	0.179224761	0.169944067
31	0.083615976	0.083996336	0.087114247	0.095689729	0.110961377	0.13037777	0.148717393	0.162299426	0.172402407	0.180925987	0.184399728	0.18205238	0.17531518	0.167888475	0.161696886	0.15863301	0.156706044	0.155038537	0.152647861	0.151313313	0.151590199	0.15506562	0.16238372	0.174458388	0.188875515	0.204089281	0.21745945	0.229257767	0.243146255	0.26247698	0.289883381	0.320207417	0.345522746	0.363860261	0.374773163	0.380688864	0.381950044	0.381447693	0.378860657	0.374410328	0.370965382	0.366732662	0.362424885	0.359219197	0.356324287	0.3553144	0.353803642	0.352982143	0.349508188	0.34471388	0.339209533	0.333267056	0.32792552	0.322892276	0.31888487	0.31709162	0.316615473	0.318094362	0.320611288	0.320546612	0.314435328	0.301238341	0.284049581	0.265041531	0.246841399	0.230376539	0.214778401	0.200254676	0.188795069	0.178575213	0.16961732
36	0.083856242	0.084308779	0.087389875	0.095978377	0.111121439	0.13064497	0.148880314	0.162373082	0.172447036	0.180978877	0.184470033	0.182181801	0.175349483	0.167850052	0.161735375	0.158698709	0.156799971	0.155093055	0.152652085	0.151329375	0.151599476	0.15515312	0.162482872	0.174447133	0.188948173	0.204085022	0.217489232	0.229247146	0.243174242	0.262449136	0.289866526	0.320257306	0.345544318	0.363796834	0.374675836	0.380529547	0.381772505	0.381306719	0.378647335	0.374152452	0.370712814	0.366445241	0.362143558	0.358951809	0.35605102	0.35498178	0.353436206	0.352642254	0.349213663	0.344381803	0.338870224	0.332891471	0.327548204	0.322503248	0.318430661	0.316703125	0.316239015	0.317749374	0.320345177	0.320400518	0.314271552	0.301158879	0.28399744	0.264978512	0.246995353	0.230715464	0.215197978	0.200946623	0.189161287	0.179024987	0.169956221
41	0.0838842	0.084359688	0.087454771	0.096028314	0.111234629	0.130657848	0.148877354	0.162428064	0.17245761	0.180975875	0.184481101	0.182113014	0.175370109	0.168016959	0.161786411	0.158665362	0.156786103	0.155041537	0.152657723	0.151342946	0.151668533	0.155161191	0.162477873	0.174470631	0.188898733	0.20405733	0.217399126	0.229228256	0.243166052	0.262435541	0.28979577	0.32011413	0.345454161	0.363718541	0.37459731	0.380335699	0.381579308	0.381168772	0.378553187	0.374104803	0.370571751	0.366352102	0.362027121	0.35882572	0.355916483	0.354885596	0.353382198	0.35256522	0.349084395	0.344145718	0.338694423	0.332819267	0.327399362	0.322433794	0.3183318	0.316631242	0.316127994	0.317564433	0.320220145	0.320157177	0.314119323	0.30109876	0.284114029	0.265191552	0.24654876	0.23049616	0.214905401	0.200143491	0.189574232	0.179158232	0.170059158
46	0.08324136	0.083696226	0.086816186	0.095462326	0.110601291	0.130104246	0.148366103	0.161844306	0.171806518	0.180408578	0.183902388	0.18146238	0.174720209	0.167306786	0.161207517	0.15808966	0.156205682	0.15450126	0.152083267	0.150727354	0.151044998	0.1545698	0.161866875	0.173906057	0.188315784	0.203494699	0.216883685	0.228705338	0.242603815	0.261925023	0.289282918	0.319640377	0.344777188	0.363043221	0.373843933	0.379620134	0.380826094	0.380347642	0.377692174	0.373222086	0.369779648	0.365447477	0.361222925	0.358031032	0.355104527	0.354125723	0.352583589	0.351740544	0.348232622	0.343412813	0.337949114	0.331997934	0.326677854	0.321718193	0.317550428	0.315853275	0.315405468	0.316875753	0.319462398	0.319699295	0.313513774	0.300438998	0.283554497	0.264672583	0.246067136	0.229779286	0.214606559	0.20036524	0.188332564	0.178528539	0.169550005
2	0.126416533	0.125486345	0.126551568	0.131596773	0.141216003	0.154006199	0.165676277	0.173765802	0.178811336	0.18312467	0.183679307	0.180536955	0.174798005	0.169189808	0.16423938	0.161570554	0.159613112	0.158121824	0.15634837	0.155872621	0.156644722	0.160158876	0.166633895	0.176530201	0.187818539	0.199387782	0.209510603	0.219846259	0.235141155	0.257734643	0.288273184	0.319541806	0.343512986	0.36037059	0.37035421	0.375483448	0.37590684	0.373996593	0.369521116	0.362909434	0.357444363	0.351239319	0.345277335	0.340417558	0.33588573	0.333119083	0.330039815	0.327989829	0.323799981	0.318447634	0.31293303	0.30686044	0.301584827	0.296781802	0.293107342	0.291785577	0.29225257	0.294774716	0.298838358	0.30198628	0.302525365	0.299530082	0.294561629	0.287175175	0.279272731	0.272624046	0.265791269	0.258111105	0.251635717	0.245777811	0.239551651
7	0.127543343	0.126567523	0.127616142	0.132654779	0.14244206	0.155169964	0.166866263	0.174817871	0.179816155	0.183925932	0.184631123	0.181439645	0.17573849	0.170005337	0.165025707	0.162272628	0.160391131	0.158884139	0.15704368	0.156564428	0.157324773	0.160844273	0.167413692	0.177272468	0.188668316	0.200244619	0.210467982	0.220844743	0.236174299	0.258811657	0.289508012	0.320785098	0.344845092	0.361598816	0.371342109	0.376265204	0.376718414	0.374702634	0.370149387	0.363550704	0.358001603	0.351727842	0.345781041	0.340907565	0.336448432	0.33371562	0.330528421	0.328514671	0.324316311	0.318914293	0.313373273	0.307263601	0.301984798	0.297251131	0.293483715	0.292269096	0.292727862	0.2953438	0.29937063	0.302787848	0.30317032	0.300200842	0.295342078	0.287745397	0.280345434	0.273221015	0.26643277	0.258782844	0.251874909	0.246947004	0.240198747
12	0.128546982	0.127614638	0.128648375	0.133743455	0.143475582	0.15615059	0.16780682	0.175702814	0.180644453	0.184788166	0.185426147	0.18224203	0.176549753	0.170804356	0.165776054	0.1630736	0.161115774	0.159610024	0.157720771	0.15726488	0.158044877	0.161585528	0.168032735	0.177954594	0.189262162	0.200852559	0.211110921	0.221512106	0.236835941	0.259487883	0.290212393	0.321563022	0.345524762	0.362229209	0.371894346	0.376754332	0.377153999	0.375017283	0.370463013	0.36377142	0.35821802	0.352010546	0.34601369	0.341169879	0.336638119	0.333963153	0.330828517	0.328790273	0.324511647	0.319097037	0.313636118	0.307474098	0.302182461	0.29743537	0.293625557	0.292460665	0.292942748	0.295582659	0.299697684	0.303149013	0.303782143	0.300703399	0.295862914	0.288577636	0.280750749	0.274170847	0.267502134	0.260356289	0.254086318	0.248090013	0.241687554
17	0.127752444	0.126769978	0.127849836	0.132807389	0.14246685	0.155151744	0.166709356	0.17449048	0.1794612	0.183552588	0.184127507	0.180957073	0.175309358	0.169572008	0.164517556	0.161814931	0.159894709	0.158378118	0.156552203	0.15601387	0.156800151	0.160314371	0.166729788	0.176625048	0.187845076	0.199329348	0.209458877	0.219841193	0.235098111	0.257601262	0.288150522	0.319399134	0.343291991	0.359870939	0.369474211	0.374279607	0.374573494	0.37251888	0.367865706	0.361239291	0.355701498	0.349498754	0.343486327	0.338649254	0.334228851	0.331477559	0.328377164	0.326395667	0.322139487	0.316749099	0.311152973	0.305116038	0.299811167	0.295042978	0.291356319	0.290197162	0.29067945	0.293296058	0.297348267	0.300761851	0.301534768	0.298835906	0.293819563	0.286746896	0.279087432	0.272555558	0.26540455	0.259295872	0.251849449	0.246834906	0.240683672
22	0.128366317	0.12738469	0.128355624	0.133487247	0.143153245	0.155931677	0.167527322	0.175455741	0.180466785	0.184510606	0.185206996	0.182013025	0.176243894	0.170517848	0.165436654	0.162705974	0.160758835	0.159165885	0.157342101	0.15678059	0.157614279	0.161147591	0.167624491	0.177506912	0.188865473	0.200439044	0.210643892	0.221046071	0.236379333	0.258967849	0.28955325	0.320902837	0.344747833	0.36140225	0.370941269	0.375803118	0.376038979	0.373906089	0.369284334	0.362719092	0.357138235	0.350933508	0.344953094	0.340121406	0.335600114	0.332929813	0.329857629	0.327884892	0.323589751	0.318136369	0.312605518	0.306542268	0.30129973	0.296487837	0.292808945	0.291610115	0.292148937	0.294724653	0.29857988	0.302298978	0.302825525	0.300084862	0.295155692	0.288044478	0.280139724	0.27394966	0.267096363	0.260403698	0.253386979	0.247633475	0.24183754
27	0.128823148	0.127858183	0.128825978	0.133826201	0.143651056	0.156263607	0.167858862	0.175788052	0.18073145	0.184847329	0.185480991	0.18226123	0.176494789	0.170786832	0.165672256	0.162893429	0.160983754	0.159501678	0.157562806	0.157085823	0.157816373	0.161331175	0.167771691	0.1776885	0.189017461	0.200560765	0.21077016	0.221182516	0.236442549	0.258987328	0.289668373	0.321054436	0.344927838	0.361553647	0.371157707	0.375910271	0.376199858	0.37408468	0.369421683	0.362864361	0.357286436	0.351091589	0.345118704	0.340234499	0.335713097	0.333057656	0.330028444	0.328075026	0.323746226	0.318288385	0.312742304	0.306617371	0.301419453	0.296691437	0.293000288	0.291688803	0.292232099	0.294806559	0.298800472	0.302313801	0.302987863	0.300284617	0.295292616	0.2882	0.280905171	0.274295805	0.267487764	0.260452142	0.253569124	0.24834599	0.241730959
32	0.128386863	0.127441872	0.128454953	0.13345986	0.143249918	0.155864321	0.167530135	0.175470901	0.180458623	0.184695335	0.185260013	0.182062086	0.176258962	0.170583003	0.165389469	0.162600288	0.160720263	0.159178264	0.157284833	0.156827389	0.157507104	0.160999138	0.167457923	0.177303825	0.188662664	0.200211577	0.210358912	0.220761714	0.235992686	0.258443301	0.288963238	0.320237741	0.34408999	0.360751951	0.37041389	0.375315247	0.375658385	0.373541918	0.36900039	0.362460166	0.356797162	0.350723223	0.344738528	0.339885676	0.335486602	0.332831125	0.329752282	0.327832305	0.323588832	0.318064253	0.312467275	0.306442015	0.301184858	0.29648114	0.292800778	0.291568066	0.29208805	0.294685344	0.298669635	0.302213814	0.302882535	0.300106992	0.295070684	0.287924213	0.280009931	0.2736222	0.267138555	0.260104888	0.253357068	0.247388333	0.241373173
37	0.129127668	0.128117381	0.12905846	0.13403205	0.14378025	0.156410497	0.16796035	0.175898551	0.180853194	0.18496018	0.185615732	0.182377592	0.17658818	0.170802558	0.165694551	0.162896285	0.161013896	0.159393259	0.157583477	0.157015251	0.157804425	0.161237539	0.167570562	0.177524797	0.188828189	0.20040679	0.210586337	0.220963975	0.236184416	0.258639974	0.289211388	0.320481672	0.344197152	0.360815469	0.370346031	0.374992598	0.375377481	0.37327746	0.368686117	0.362070334	0.356547263	0.350345027	0.344436181	0.339574912	0.335092721	0.332483385	0.329496497	0.327524663	0.323182561	0.317820912	0.312160605	0.306134823	0.300878806	0.296167712	0.292403512	0.29123369	0.291753303	0.294376747	0.298453201	0.301913015	0.302559775	0.299866462	0.294969867	0.288083016	0.280243678	0.274066044	0.267219608	0.260141197	0.25351303	0.247912301	0.24165281
42	0.128522738	0.127585361	0.128503971	0.133528491	0.14326515	0.155911521	0.167534675	0.17546318	0.180450572	0.184601167	0.185259562	0.18198048	0.176188937	0.170411868	0.165263682	0.162497061	0.1606452	0.159003267	0.157123607	0.156526367	0.157311342	0.160823778	0.167164438	0.177098813	0.188427529	0.199956602	0.210229717	0.220579408	0.235842487	0.258253515	0.288758444	0.319923376	0.343758423	0.360284598	0.369829136	0.374529634	0.374738399	0.37270395	0.368065497	0.361508266	0.356044245	0.349841049	0.343951843	0.339117136	0.334650506	0.332113958	0.32910506	0.327127054	0.322710415	0.317321775	0.311665809	0.305748307	0.300472673	0.295719713	0.291931541	0.290857714	0.291350137	0.293919809	0.297825	0.301593533	0.302223867	0.299496895	0.294692675	0.287311773	0.279853354	0.273467019	0.266479915	0.260067484	0.253072107	0.247506822	0.241146704
47	0.12902943	0.128072838	0.129015644	0.134012657	0.143838786	0.156416068	0.167984975	0.17588968	0.18077618	0.184861012	0.18558389	0.182296337	0.176515017	0.170770946	0.165572868	0.162796214	0.160883682	0.159289957	0.157350459	0.156823615	0.157622108	0.161105902	0.167361566	0.177329841	0.188612092	0.200163087	0.210429712	0.220853976	0.236085893	0.258490972	0.288953361	0.320103769	0.343821297	0.360256181	0.369724059	0.374348976	0.3745924	0.372451834	0.36782328	0.361247661	0.35577082	0.349627955	0.343700408	0.338895336	0.334477861	0.331803284	0.328879586	0.326946228	0.322609435	0.317177633	0.311560339	0.30559564	0.300378666	0.295573688	0.29187154	0.290741218	0.29127042	0.293854628	0.297889673	0.301648861	0.302322876	0.299671065	0.29481676	0.287637152	0.280269917	0.273968302	0.2670682	0.260095651	0.253619819	0.248507514	0.242123341
3	0.071045856	0.071419788	0.075044692	0.084522995	0.101271798	0.122078906	0.141337725	0.155179466	0.165222269	0.173732446	0.177184555	0.174936867	0.168252566	0.160786009	0.154624	0.151449072	0.14945913	0.147835144	0.14542501	0.144371882	0.145003154	0.148976037	0.156912551	0.169590607	0.184364779	0.199733383	0.213394388	0.225454327	0.240384228	0.261978906	0.292460463	0.326038933	0.353664191	0.373543401	0.385423533	0.391737731	0.393354407	0.392747568	0.389506393	0.384054112	0.379427203	0.373851248	0.368366274	0.364149156	0.360252616	0.358374635	0.355928935	0.35450114	0.350672552	0.345184823	0.338946984	0.332013119	0.325993011	0.320507298	0.315970944	0.314125951	0.313660068	0.314985299	0.3174759	0.317261221	0.311105649	0.298069255	0.28132695	0.261845058	0.24346946	0.227209991	0.211672296	0.197507375	0.185923201	0.175806144	0.166430299
8	0.071166153	0.071689221	0.075279696	0.084790739	0.101549726	0.122473554	0.141695396	0.155453389	0.165407979	0.174032876	0.177391531	0.175165492	0.168449262	0.160971591	0.154786293	0.151552008	0.14957472	0.147898285	0.145564315	0.144545955	0.145114071	0.149136851	0.157233296	0.169837666	0.184646102	0.200085739	0.213704895	0.225839756	0.240915572	0.262534376	0.292981247	0.326521341	0.353992902	0.373564202	0.385185947	0.391416992	0.39288516	0.392199475	0.388886247	0.383395358	0.378766167	0.373162705	0.367653895	0.363457214	0.359694439	0.357794258	0.355362484	0.3539281	0.350015326	0.344560235	0.338382456	0.331510525	0.325472505	0.319954923	0.315542586	0.313573896	0.313221355	0.314674651	0.317117344	0.317058402	0.310783744	0.297863439	0.280878668	0.262055275	0.243452451	0.227269972	0.211606708	0.197482541	0.185801201	0.175164937	0.165968006
13	0.071343554	0.071818683	0.075464391	0.085055209	0.101835513	0.122692867	0.141767813	0.155484674	0.165461873	0.17382014	0.177287648	0.175018021	0.168293344	0.160893757	0.1547373	0.151531849	0.149535882	0.14795517	0.145575581	0.144498108	0.145146926	0.149131468	0.157221996	0.169778889	0.184574043	0.199938786	0.213593464	0.225669853	0.240688488	0.262269964	0.292679218	0.326055192	0.353345133	0.372904027	0.384395106	0.390512877	0.391920291	0.391184646	0.387849898	0.382388006	0.377772484	0.372145669	0.366625439	0.362436902	0.358653767	0.35681434	0.354364472	0.352920473	0.349027887	0.343635979	0.337398113	0.330625687	0.324574303	0.31904225	0.314685963	0.312844406	0.3124386	0.313897417	0.316294599	0.31634194	0.310255064	0.297347098	0.280820449	0.261392872	0.243186244	0.226974521	0.211529366	0.197598144	0.18560702	0.175158058	0.165640582
18	0.071675441	0.072085442	0.075778543	0.085393834	0.102230717	0.123286961	0.142381873	0.156159408	0.166101239	0.174628592	0.178048122	0.175813861	0.169032637	0.161614009	0.155331682	0.152125026	0.150111778	0.148493794	0.146178253	0.145054286	0.145644301	0.149762502	0.157764245	0.170488136	0.185359419	0.200773444	0.214459746	0.226698258	0.24182769	0.263564456	0.294106471	0.327688668	0.355246084	0.37475913	0.38622156	0.392382868	0.393789297	0.392985527	0.389663741	0.384110366	0.379521056	0.373867291	0.368310242	0.364096406	0.360310135	0.358429512	0.356039423	0.354553349	0.350643543	0.345139371	0.338865499	0.332086599	0.326018648	0.320507875	0.316072345	0.314281264	0.313827543	0.315274499	0.317673398	0.317710958	0.311428043	0.298353633	0.281478823	0.262911034	0.244168527	0.227783285	0.211730809	0.198191282	0.185849055	0.176098738	0.166828606
23	0.071397741	0.071941551	0.075534792	0.085144291	0.101948919	0.122915776	0.142030602	0.155731724	0.165663954	0.174162111	0.177630245	0.175368932	0.16855335	0.16114761	0.154893388	0.151694815	0.149683151	0.147983458	0.145697485	0.144578778	0.14524562	0.14928246	0.157333266	0.17001575	0.184867384	0.200242918	0.213817557	0.226059717	0.24116287	0.262875902	0.293347942	0.326905655	0.354128952	0.373643812	0.385051101	0.391093716	0.392415059	0.391650463	0.388320722	0.382786612	0.37807006	0.372547108	0.36697666	0.362781275	0.358983717	0.357171894	0.354788492	0.353320648	0.349384083	0.343813491	0.337627911	0.330890664	0.324823079	0.319399201	0.314921046	0.313135584	0.312703667	0.314111829	0.3165315	0.316609078	0.310610917	0.297595033	0.280811353	0.262044398	0.243466306	0.2272685	0.211793259	0.198028115	0.185574825	0.175407669	0.166307463
28	0.071220869	0.071732808	0.075345304	0.084981989	0.10171988	0.122725713	0.141807601	0.155475321	0.165392823	0.173890954	0.177339909	0.175103319	0.16832703	0.160860106	0.154631852	0.151393935	0.149415292	0.147678668	0.145373231	0.144310023	0.145006171	0.149098792	0.157050268	0.169788495	0.184635876	0.200047263	0.213665581	0.225917738	0.241017601	0.262736283	0.293202794	0.32672695	0.354030641	0.373490271	0.38486024	0.390831555	0.392145707	0.391363577	0.38803137	0.382488635	0.377719353	0.37211082	0.366616794	0.362398873	0.358611702	0.356774694	0.354428169	0.35295504	0.3490108	0.3434127	0.337215587	0.330478621	0.324493701	0.31900749	0.314544307	0.312773635	0.312337023	0.313795212	0.316208725	0.316262311	0.310083452	0.297224286	0.280144799	0.261509676	0.243054601	0.226604071	0.211290975	0.197352024	0.185078769	0.174724045	0.165598026
33	0.071375535	0.071888718	0.075506299	0.08508183	0.10174856	0.122750813	0.141853326	0.155515832	0.165424824	0.174011906	0.177443805	0.175210991	0.168417842	0.161038391	0.154733438	0.15158492	0.149531469	0.147861944	0.145544808	0.144442823	0.145050245	0.149123884	0.157112693	0.169780327	0.18464479	0.200015818	0.213570535	0.225762304	0.240813136	0.262500045	0.293049232	0.326565709	0.353936443	0.373574207	0.385121259	0.391189206	0.392529352	0.391852034	0.388504373	0.382990891	0.378323152	0.372644276	0.367210134	0.362934774	0.359211605	0.357304133	0.354946542	0.353457555	0.349515999	0.343988948	0.337710873	0.33098437	0.324960255	0.319461709	0.315087892	0.313162842	0.312723565	0.314185004	0.316491286	0.316566667	0.310508785	0.297461326	0.281066551	0.261413492	0.243669866	0.227181862	0.211476156	0.197603123	0.185401172	0.175878138	0.166173145
38	0.072318193	0.07293248	0.076440416	0.086030235	0.102831126	0.123793832	0.142935359	0.156717579	0.166588491	0.175134912	0.178650161	0.176325894	0.169552761	0.162099861	0.155860323	0.152589639	0.150620488	0.148975183	0.146610241	0.145498927	0.146142337	0.150203584	0.158170518	0.170880723	0.185734548	0.20111099	0.214738276	0.226956604	0.242002797	0.263743102	0.29428864	0.32778934	0.355243062	0.374886952	0.386422445	0.392534587	0.393915707	0.393226837	0.389859821	0.38431136	0.379608656	0.373995859	0.368449707	0.364245283	0.360504814	0.358671089	0.356269557	0.354829889	0.35084858	0.345343945	0.339048655	0.332307776	0.326183365	0.320702557	0.316236638	0.314453149	0.31401405	0.3154689	0.317856616	0.318003252	0.311787766	0.298791055	0.282128323	0.263077723	0.244889974	0.2283051	0.212461241	0.198174918	0.186105355	0.176687649	0.167377592
43	0.071654211	0.072168193	0.075706915	0.08527337	0.102062691	0.122995094	0.14203941	0.155684733	0.165600862	0.1740446	0.177493332	0.175194634	0.168446898	0.161102189	0.154788404	0.151552388	0.149544239	0.147831399	0.145516375	0.144377015	0.145041793	0.149129774	0.157144556	0.169835652	0.18464755	0.199954216	0.213557079	0.225799042	0.240900022	0.262514382	0.293042898	0.32645403	0.353708518	0.373142926	0.384556034	0.390569649	0.391839573	0.391100556	0.387687332	0.382196708	0.37744563	0.37195088	0.36642926	0.362277823	0.35848808	0.356728785	0.354314908	0.352859523	0.34887546	0.343290691	0.33705928	0.330301588	0.324276406	0.318861321	0.314381371	0.312621616	0.312151454	0.313637101	0.316188141	0.316184183	0.310242889	0.297529238	0.280800043	0.261653557	0.243535668	0.22762381	0.212164273	0.197824837	0.185710044	0.176075322	0.167103558
48	0.071738742	0.072373889	0.075895897	0.085449728	0.102228428	0.123213961	0.142202249	0.155819524	0.165632321	0.17414739	0.177627652	0.175319816	0.168485434	0.161060722	0.154821315	0.151554878	0.149561423	0.147873178	0.14552839	0.144415282	0.145065011	0.149210792	0.157201897	0.169905766	0.184719251	0.200075079	0.213744588	0.225995108	0.241130988	0.262813463	0.293297726	0.326824701	0.354068999	0.373406875	0.384728798	0.390552164	0.391787679	0.390997385	0.387620137	0.382096803	0.377321915	0.371833454	0.366303382	0.362083847	0.358335927	0.35643038	0.354212057	0.352738381	0.348645544	0.34319758	0.336786472	0.330164024	0.324162555	0.318651796	0.314263554	0.312403747	0.312086666	0.31349964	0.316002644	0.316247576	0.310226047	0.297381891	0.280656198	0.261739689	0.243461663	0.227192847	0.211606367	0.198218464	0.185822884	0.176633585	0.166789723
4	0.079012224	0.079267541	0.082324557	0.090821507	0.105797355	0.124905996	0.143065376	0.156471914	0.166128778	0.174282118	0.177361731	0.175052021	0.16831287	0.160947912	0.154855196	0.151618574	0.149630497	0.147933031	0.145478096	0.144223017	0.144550641	0.148127998	0.155425746	0.167351114	0.181705253	0.196914783	0.210473218	0.22242639	0.236686139	0.256971043	0.285880237	0.318265336	0.345650979	0.365748021	0.377968711	0.384617809	0.386743664	0.386701311	0.384260858	0.379550268	0.375597527	0.370699866	0.36571974	0.362071982	0.358764976	0.357267192	0.355284857	0.354166999	0.350480334	0.345264921	0.339088591	0.332263999	0.326217622	0.320620588	0.316163413	0.314089036	0.313828104	0.315849398	0.319000638	0.319606983	0.313597477	0.300995759	0.284772643	0.265580042	0.248278997	0.231959751	0.216628917	0.202472276	0.190554179	0.180918202	0.172064278
9	0.078093045	0.078378071	0.08144594	0.09002358	0.105110551	0.124444221	0.142659474	0.156038949	0.165871407	0.174091372	0.177177338	0.174809722	0.168027036	0.16048281	0.154357788	0.151137825	0.149060236	0.147351525	0.144917387	0.143656408	0.143942624	0.147603787	0.154992988	0.167048673	0.181564771	0.196922633	0.210636579	0.222712627	0.237253429	0.257800157	0.287016263	0.319641935	0.347174052	0.367185173	0.379209866	0.385924121	0.387740141	0.38770982	0.385148361	0.380422078	0.376520065	0.371527941	0.366560019	0.362846915	0.359600369	0.358182436	0.35602089	0.354930777	0.351250652	0.345895696	0.339803954	0.332896497	0.326808983	0.321164476	0.316658138	0.314622213	0.314319833	0.316455672	0.319661084	0.320041866	0.314037497	0.301265592	0.284743808	0.265812707	0.247679839	0.231510674	0.216511391	0.202339358	0.190840701	0.180867243	0.171607205
14	0.076402734	0.076610036	0.079735136	0.08833503	0.103293092	0.122458649	0.140590334	0.153816588	0.163555981	0.171671154	0.174749105	0.172413938	0.165681281	0.15822603	0.152100756	0.148868707	0.146785811	0.145096367	0.142706501	0.141496349	0.141805582	0.145364402	0.152754573	0.164748623	0.17916092	0.194451319	0.208077869	0.22009236	0.234504937	0.254948275	0.28402265	0.316500576	0.343869209	0.363761239	0.37571699	0.382252832	0.384196505	0.384068678	0.381438997	0.376616595	0.372641814	0.367735235	0.362757282	0.359104475	0.355819786	0.354328522	0.3523026	0.351161513	0.347386119	0.342138333	0.336003325	0.329180014	0.323057407	0.317475042	0.312947652	0.311068794	0.310802909	0.312910319	0.316076896	0.31660918	0.310521808	0.298022968	0.281772049	0.263229863	0.244924725	0.229039252	0.213641831	0.200298631	0.188027857	0.178116224	0.169209603
19	0.07548012	0.075750288	0.078882527	0.087422919	0.102516604	0.121691267	0.139758808	0.153041602	0.162740112	0.170880754	0.173950967	0.17159102	0.164858558	0.157411246	0.151175043	0.147947999	0.145916304	0.144208025	0.141818272	0.140516933	0.140898249	0.144538465	0.151940256	0.163961888	0.178388301	0.193695897	0.207303775	0.219359058	0.233781715	0.254374234	0.283605593	0.316158337	0.343531446	0.363326286	0.375220721	0.381759628	0.383515118	0.383329833	0.380737073	0.375888579	0.371922591	0.366959481	0.361979171	0.358259429	0.354982716	0.353460351	0.351532039	0.350416898	0.346614593	0.341225344	0.335083995	0.328313214	0.322175834	0.31656836	0.312038317	0.310211318	0.309926548	0.312022982	0.315398291	0.315930329	0.310031323	0.297565936	0.2809093	0.262671819	0.244471708	0.228264459	0.212777274	0.199782645	0.187055488	0.178202808	0.169336558
24	0.07552574	0.075693422	0.078876815	0.0874254	0.102486692	0.121742037	0.139818082	0.153065709	0.16270901	0.170838174	0.173971044	0.171607244	0.164848531	0.157412053	0.151144221	0.147922208	0.145901311	0.144138646	0.141748374	0.140492263	0.140849962	0.144464384	0.151868255	0.163948005	0.178347939	0.193682569	0.207274041	0.21938515	0.23392357	0.254489576	0.283716333	0.316292483	0.343594114	0.363427861	0.375200521	0.381731394	0.383522199	0.383244293	0.380619199	0.375787428	0.371805931	0.366856499	0.361863708	0.35815883	0.354811118	0.353301378	0.351374979	0.350303426	0.346508221	0.341073013	0.334853817	0.32812902	0.322020834	0.316506637	0.312031761	0.310043439	0.309758235	0.31183397	0.315220242	0.315780812	0.309837143	0.297199391	0.280708078	0.262803682	0.244255338	0.228673754	0.213123406	0.199522995	0.187489635	0.178143009	0.168936834
29	0.074977495	0.075184672	0.078265793	0.086843341	0.101924655	0.120997322	0.13902486	0.152257267	0.161828761	0.169860099	0.173028084	0.170650175	0.163900376	0.156487439	0.150310644	0.147021653	0.145017312	0.143284096	0.140915383	0.139687668	0.140012314	0.143588516	0.15091507	0.162990213	0.177389632	0.192627208	0.206165484	0.218158928	0.232608399	0.253055254	0.282150922	0.31459042	0.341761112	0.36144578	0.373194095	0.379635054	0.381307744	0.381121065	0.378526975	0.373706234	0.369751047	0.364771234	0.359821317	0.356071125	0.352743375	0.351317432	0.349371565	0.34830178	0.344453615	0.339088048	0.332960181	0.32614861	0.320113035	0.314575934	0.31007769	0.308140224	0.307924469	0.310059941	0.313364259	0.313983633	0.308149518	0.295623124	0.279313791	0.260923747	0.242949961	0.227245375	0.212299864	0.19887266	0.186515566	0.176712593	0.16767185
34	0.075104368	0.075408519	0.078517491	0.087067137	0.102085806	0.121141599	0.13913979	0.15235274	0.161887086	0.170019015	0.173164678	0.170784763	0.16406237	0.156607184	0.15042633	0.14719946	0.145175066	0.143405952	0.141046509	0.139793683	0.140172803	0.143722416	0.151034106	0.163022529	0.177422226	0.192667638	0.206207874	0.21822064	0.2326164	0.253100215	0.282159075	0.314678042	0.341897836	0.361758004	0.373653845	0.380191982	0.381914461	0.381795752	0.379197327	0.374309627	0.370360677	0.365414934	0.360431516	0.356720428	0.35341371	0.351995281	0.349988833	0.348944104	0.345095153	0.339718365	0.333467757	0.326722856	0.320596751	0.315070837	0.310461621	0.308615117	0.308392752	0.310532406	0.313750601	0.314296268	0.308465194	0.295974692	0.27987133	0.261441874	0.24357038	0.227646678	0.212653774	0.198504454	0.186428467	0.177282818	0.167890824
39	0.075603063	0.075894211	0.078951522	0.087448963	0.102492961	0.121435815	0.139414999	0.152653555	0.162194338	0.17029133	0.173434458	0.171023278	0.164276306	0.156936231	0.150686551	0.147502143	0.145501396	0.143762447	0.141350328	0.140067828	0.140399968	0.14394308	0.151318812	0.163237485	0.177557381	0.192599276	0.206113418	0.218130365	0.23245309	0.25277023	0.281715032	0.314038758	0.341164428	0.361008973	0.37290625	0.379424522	0.381236952	0.381147304	0.378555985	0.373835922	0.369824015	0.364902229	0.359898711	0.356181325	0.353000684	0.351519023	0.349655256	0.348564042	0.344691099	0.339330227	0.333126453	0.326418598	0.320331518	0.314802876	0.310385636	0.308373095	0.308183098	0.310185763	0.313563442	0.314028409	0.308247042	0.295778959	0.279734553	0.261477362	0.243677778	0.22762767	0.2124792	0.199133081	0.187226405	0.177959855	0.168110199
44	0.074524424	0.074835007	0.077879115	0.086473232	0.101516562	0.120474422	0.138406531	0.151612189	0.161239612	0.169288589	0.17245281	0.170041923	0.16325927	0.155984612	0.149716964	0.146430972	0.144472715	0.142676204	0.140239145	0.138972182	0.139369796	0.142989764	0.150281344	0.162275501	0.176570071	0.191728567	0.205272281	0.217213125	0.231641753	0.251987757	0.28096784	0.313271335	0.340387337	0.360140165	0.371989147	0.378347148	0.380120646	0.379943782	0.377308238	0.372587071	0.368637872	0.363710587	0.358725488	0.355014456	0.351759877	0.350313471	0.348493948	0.34739804	0.343501877	0.338159305	0.331854395	0.325183532	0.319190286	0.313636076	0.309169653	0.307229677	0.306951766	0.308997506	0.312398177	0.313136077	0.307369693	0.294888786	0.278585784	0.260321593	0.242183451	0.22657403	0.211684538	0.198375848	0.186354609	0.1768356	0.167387959
49	0.075368875	0.075664509	0.078648627	0.087176438	0.102216511	0.121246006	0.139062376	0.152159704	0.161740622	0.169688117	0.172942452	0.170480387	0.163765023	0.156572447	0.150217244	0.146925049	0.144933578	0.143234929	0.140768804	0.139549859	0.139905959	0.143530652	0.150767776	0.162747625	0.176994336	0.192119929	0.205683285	0.217584974	0.231994722	0.252350454	0.281257763	0.313473373	0.340571373	0.360312434	0.37206451	0.378440051	0.380128862	0.379912542	0.377245253	0.372587009	0.368593872	0.363577389	0.358638938	0.354994719	0.351722572	0.350267222	0.348332613	0.347230626	0.343444769	0.338006492	0.33180522	0.325162796	0.319104936	0.313559359	0.309104424	0.307156644	0.307029945	0.309116103	0.312433093	0.313019455	0.307402465	0.295087327	0.278875154	0.260501289	0.242640407	0.227159572	0.211907057	0.198188143	0.186943321	0.177599624	0.168529049
5	0.116623031	0.115880323	0.117293148	0.123175511	0.13470532	0.150362912	0.165359898	0.176489011	0.184444745	0.191087793	0.192963386	0.189703804	0.18254758	0.175133101	0.169104369	0.165867284	0.163649376	0.161691445	0.159209422	0.157981856	0.158250378	0.161432587	0.168145955	0.179125856	0.192018441	0.20559638	0.217653287	0.22907711	0.243874516	0.265115708	0.294708533	0.326841295	0.352644814	0.37127369	0.382544999	0.38858557	0.389784741	0.388874185	0.385647252	0.380348711	0.376029595	0.371012646	0.366066276	0.362297603	0.358705015	0.357072956	0.354720501	0.353392182	0.349531496	0.344237172	0.338661926	0.332156162	0.326435213	0.321142475	0.316716141	0.31447217	0.313686139	0.315384487	0.318953254	0.321636947	0.319380249	0.311628888	0.300908743	0.288074854	0.27548346	0.264290942	0.253173617	0.242691744	0.233922403	0.225704852	0.218463028
10	0.117801237	0.116943799	0.118380341	0.12430788	0.135993737	0.151642068	0.166632148	0.177620869	0.185450177	0.192007014	0.193877467	0.190609749	0.183472354	0.176182992	0.170135848	0.166805709	0.164601289	0.162651011	0.16012266	0.15897281	0.159237575	0.162453735	0.169190961	0.180187118	0.193074258	0.206660467	0.218776473	0.230189975	0.245072444	0.266312759	0.295944079	0.327913949	0.353482792	0.371851887	0.382851908	0.388693705	0.389763024	0.388826363	0.385445105	0.38006516	0.375745369	0.370735012	0.365777914	0.362075361	0.358440864	0.356805685	0.354529246	0.353146632	0.34926815	0.343986593	0.338362513	0.331932021	0.326263183	0.320935549	0.316563187	0.31438145	0.313633488	0.315363332	0.319054513	0.321474902	0.319346982	0.311743275	0.301063011	0.28813763	0.2758011	0.264337206	0.253505536	0.242909422	0.23426294	0.226334174	0.219067117
15	0.117465984	0.116717516	0.118140258	0.124022169	0.135743555	0.151338018	0.166267312	0.177146748	0.184948183	0.191457579	0.193366163	0.190157506	0.183032869	0.175714749	0.169589979	0.166362269	0.164117106	0.162139783	0.159738096	0.158498787	0.158783748	0.162025928	0.168734379	0.179679608	0.192526485	0.206088199	0.218206338	0.229621495	0.244406294	0.265571274	0.295157846	0.326963888	0.352408031	0.370609018	0.381481358	0.387244778	0.388261691	0.387204398	0.383842706	0.378490723	0.374119908	0.369156256	0.364177338	0.360413872	0.356848618	0.355200832	0.352908466	0.351617615	0.347745647	0.342478948	0.336782897	0.330436735	0.324708201	0.319489548	0.315186874	0.312950672	0.31225449	0.314019407	0.317686764	0.320245538	0.318042906	0.310545699	0.300062671	0.287483178	0.275001835	0.263993562	0.252844629	0.242528104	0.233817003	0.225991934	0.21898019
20	0.116975536	0.116193577	0.117610847	0.123587767	0.135308483	0.151070325	0.166018988	0.176959906	0.184836807	0.19135691	0.193367053	0.190063906	0.182957157	0.175444507	0.169401574	0.166106808	0.163834099	0.16194283	0.159480285	0.158246627	0.158544952	0.161808733	0.168603737	0.17959074	0.192539066	0.206187298	0.218309605	0.229835239	0.244733595	0.266066808	0.295709307	0.327602909	0.353086204	0.371339691	0.38213	0.38786275	0.388836189	0.387727112	0.384357563	0.378988097	0.374773074	0.369661651	0.364730051	0.360962657	0.357426748	0.355781306	0.353558777	0.352196403	0.348305303	0.343015509	0.337300877	0.330966062	0.325306887	0.319988027	0.315635259	0.313477781	0.312757552	0.314547566	0.318244328	0.320749002	0.318580062	0.310756408	0.30025461	0.287833513	0.275207203	0.264131016	0.252657066	0.242316034	0.232797472	0.225823004	0.218447196
25	0.117255215	0.116461079	0.117840389	0.123921402	0.135645741	0.151456709	0.166369067	0.177274804	0.185054812	0.191659401	0.193582749	0.190332165	0.183178306	0.175733487	0.169633934	0.166341607	0.164114408	0.162128813	0.159671509	0.158431088	0.158766161	0.162037163	0.168786271	0.179858981	0.19275969	0.206436041	0.218589837	0.230048025	0.244957582	0.266266832	0.295813375	0.327708182	0.353021703	0.371202628	0.381932884	0.387553991	0.388461905	0.387354952	0.383984522	0.378652159	0.374357424	0.369383789	0.364447535	0.360665993	0.357072708	0.355471084	0.353287504	0.352044738	0.348066249	0.342712581	0.337060867	0.330725682	0.325073248	0.319858205	0.315482352	0.31330207	0.312620818	0.314371243	0.318124084	0.320776412	0.318710058	0.310969735	0.300333804	0.287719263	0.275382988	0.26378412	0.253132097	0.242733106	0.233512066	0.225973072	0.218515131
30	0.116867877	0.116120803	0.117477075	0.123368782	0.135080848	0.150658901	0.165428571	0.176317452	0.184025859	0.190503584	0.192492925	0.189175898	0.182068469	0.174788013	0.168620235	0.165327476	0.163126624	0.161105861	0.158730382	0.157469576	0.157755276	0.161011549	0.167643316	0.178630944	0.19150269	0.205050823	0.217077351	0.228477203	0.243221047	0.264358374	0.293823744	0.325498698	0.350864901	0.36895011	0.37972839	0.385382851	0.386299377	0.385202422	0.381836932	0.376508244	0.372213081	0.367229858	0.362257363	0.358532481	0.354914888	0.353304764	0.351177966	0.349921091	0.34592895	0.340736484	0.334945061	0.328626423	0.323012979	0.317780801	0.313470468	0.311294035	0.310642766	0.312352139	0.316126308	0.318735499	0.316769214	0.309193169	0.298737435	0.286188241	0.273873869	0.263175515	0.252018715	0.242209108	0.23258786	0.225291829	0.218251454
35	0.11768167	0.116836574	0.118203697	0.12410121	0.135642479	0.151288524	0.166085589	0.176983029	0.184825791	0.191276481	0.193256719	0.189905839	0.182768187	0.175442964	0.169341357	0.166060078	0.163851117	0.161842266	0.159414433	0.15814469	0.158463788	0.161600001	0.168271476	0.179234147	0.192049253	0.205624426	0.217689172	0.22906615	0.243778667	0.264847585	0.294350199	0.326100439	0.351513793	0.369764763	0.380636789	0.386321914	0.387334694	0.386368155	0.382961953	0.377672667	0.373363304	0.368323988	0.363398604	0.359593193	0.356072298	0.354504591	0.352280474	0.351045478	0.347045451	0.3418334	0.336064518	0.329710909	0.32406273	0.318872339	0.314444266	0.312309021	0.311595186	0.313363526	0.317158913	0.319785574	0.317798303	0.310242199	0.299665205	0.287464418	0.27431742	0.263771342	0.25285147	0.24244153	0.233757673	0.226244599	0.218846938
40	0.117837449	0.117141716	0.118425982	0.124380978	0.135950657	0.151608241	0.166526917	0.177431767	0.185269117	0.191855606	0.193750103	0.190421038	0.183235194	0.175961902	0.169826452	0.166492016	0.164312665	0.162262449	0.159866892	0.158553815	0.158838856	0.162012774	0.168650168	0.179660616	0.192482791	0.205994875	0.218056231	0.229456201	0.244193048	0.26526035	0.294625367	0.326294857	0.351773567	0.370073921	0.380963846	0.386723085	0.387797971	0.38677985	0.383502506	0.378241303	0.373945056	0.368964929	0.364064085	0.360263917	0.356760026	0.355201087	0.353082479	0.351836518	0.347807788	0.342501768	0.336806301	0.33047212	0.324821759	0.3196585	0.315149367	0.313096562	0.312355712	0.314055393	0.317760184	0.320442969	0.318542709	0.311088036	0.300400081	0.28799447	0.275008655	0.264472357	0.253492485	0.243223232	0.234243591	0.226602141	0.219121157
45	0.117734153	0.116963726	0.118261882	0.12418265	0.135802426	0.151350784	0.166138412	0.176987641	0.184767006	0.191277799	0.193193958	0.189853254	0.182730505	0.17548285	0.169219123	0.165952894	0.163801292	0.161750355	0.159305926	0.158019203	0.158312295	0.161536657	0.168147481	0.179084361	0.19193004	0.20542994	0.217457332	0.228772621	0.243569268	0.264599101	0.293920634	0.325555586	0.350879721	0.369007813	0.379792515	0.385481282	0.386406512	0.385377207	0.382053819	0.376747704	0.372481409	0.367431505	0.36255579	0.358770071	0.355221084	0.353704532	0.351588126	0.350336201	0.346283919	0.341007161	0.335203424	0.329004923	0.3233641	0.318136538	0.313793607	0.311606508	0.310948714	0.312751086	0.316534506	0.319110593	0.317241475	0.309774045	0.299269637	0.286805933	0.274699713	0.263850584	0.253092529	0.242655795	0.233462891	0.225967301	0.219396317
50	0.117236595	0.11646283	0.117824351	0.123809655	0.135443914	0.151247171	0.166153979	0.177157498	0.184960984	0.191508694	0.193443012	0.190161021	0.182978053	0.175622672	0.169409688	0.166122282	0.163918312	0.161880311	0.159471437	0.158139763	0.158477179	0.161717148	0.168410135	0.179489499	0.192394887	0.205965586	0.218096427	0.229623627	0.244452306	0.265639269	0.295158026	0.326996629	0.352361793	0.370546357	0.381372577	0.387003819	0.38788359	0.386828733	0.383454825	0.378190975	0.373921069	0.368863541	0.363971092	0.36022903	0.356688493	0.355180147	0.35309127	0.351793386	0.347721143	0.342449402	0.336681174	0.330440537	0.324772867	0.319530709	0.315026329	0.31300046	0.312262474	0.313974321	0.317782097	0.320442896	0.318453325	0.310914643	0.300103786	0.287694801	0.274709659	0.263864719	0.252836514	0.242460995	0.233484627	0.225957778	0.218343544
