1	0.103312365	0.104198685	0.107840578	0.116703743	0.132416242	0.15171887	0.168859133	0.181996367	0.192457908	0.201010103	0.204816461	0.20344319	0.197350436	0.189376017	0.183261231	0.179643531	0.177379352	0.175669068	0.173447673	0.170974104	0.171061134	0.174623843	0.181918752	0.193699761	0.208292348	0.223313236	0.237258998	0.248830195	0.261967365	0.281707074	0.308584671	0.338359092	0.365000889	0.382750057	0.393288354	0.39894954	0.401501553	0.401299635	0.399477897	0.395186162	0.390669461	0.387101826	0.382253157	0.378429897	0.375968796	0.374147426	0.373038766	0.371525729	0.369019485	0.364650019	0.358943545	0.352918226	0.34766077	0.343199897	0.339156422	0.337102593	0.336438005	0.337026501	0.339553074	0.340682587	0.335187473	0.322660819	0.306690944	0.289316692	0.272597666	0.256768373	0.242484165	0.230275269	0.218054063	0.208048908	0.197935368
6	0.102943438	0.103760751	0.107430017	0.116382622	0.132151256	0.151415521	0.168583464	0.18172487	0.19208826	0.200743709	0.204516206	0.20311015	0.197021586	0.189041888	0.182906106	0.17918337	0.176948836	0.175208417	0.17299927	0.170499467	0.170636542	0.174257725	0.181588708	0.193438193	0.208122918	0.223230585	0.237182203	0.248797279	0.261983318	0.281895693	0.308832091	0.33863573	0.365282556	0.382922288	0.393340692	0.39892293	0.401317922	0.401080583	0.399134655	0.394867117	0.390348634	0.386738425	0.381899404	0.378089466	0.375626716	0.37381714	0.372694444	0.371186312	0.368634064	0.364206412	0.358597332	0.352522378	0.347276692	0.342816883	0.338787767	0.33675574	0.336181607	0.336744706	0.33928269	0.340448344	0.335119719	0.322337341	0.306398074	0.288948299	0.271964738	0.256698943	0.24195412	0.22944385	0.218127818	0.207347141	0.198134352
11	0.103984212	0.104824751	0.108512516	0.117510411	0.133275545	0.152650462	0.169714736	0.182814215	0.19314883	0.201805439	0.205590124	0.204273089	0.198121377	0.190148051	0.184041811	0.180314572	0.177998334	0.176278919	0.174073469	0.171508795	0.171618953	0.175194426	0.182552774	0.194488384	0.209250248	0.224405621	0.238385425	0.249990277	0.263282091	0.283230255	0.310269719	0.340224833	0.366857666	0.384618061	0.395116783	0.400684901	0.40308825	0.402774189	0.4008601	0.396543348	0.391999617	0.388316712	0.383451971	0.379605768	0.377140518	0.375303794	0.37405034	0.372574561	0.37000861	0.365555021	0.359889199	0.353792203	0.348512877	0.344030057	0.34007664	0.337975658	0.337383645	0.337964814	0.340472103	0.341670226	0.336224489	0.323586149	0.307618216	0.289713178	0.273379151	0.257274298	0.243083407	0.230486124	0.218309466	0.2081223	0.198345948
16	0.104154211	0.105026082	0.108722118	0.117712453	0.133497064	0.152821967	0.169928496	0.182974022	0.193266807	0.201859121	0.205692003	0.204344179	0.198216328	0.190214256	0.184093869	0.180403731	0.17805245	0.176323545	0.174061971	0.171599254	0.171755241	0.175377998	0.182705355	0.194615564	0.209327524	0.22454408	0.238536463	0.250134963	0.263409483	0.283418387	0.310443255	0.340332635	0.366977091	0.384482186	0.394795368	0.400244612	0.402521045	0.402133966	0.400177717	0.395851174	0.391271811	0.38758927	0.382751456	0.378938004	0.376493595	0.374632874	0.373541515	0.371913654	0.369352302	0.364879868	0.359263266	0.353179316	0.347944494	0.343492735	0.339409854	0.337416655	0.336816023	0.337418034	0.340029071	0.341209218	0.335876759	0.323325046	0.307111981	0.290101759	0.272260748	0.257325094	0.242722264	0.230683692	0.218813228	0.208441219	0.199049862
21	0.103555963	0.104504444	0.108205961	0.117148692	0.132932892	0.152315146	0.169336753	0.182391616	0.192656857	0.201244834	0.20505426	0.203746431	0.197626846	0.189684553	0.183461386	0.179786558	0.177476709	0.17575934	0.173526477	0.171015145	0.171165088	0.174834639	0.182103508	0.194006472	0.208803268	0.223970064	0.237919344	0.249497726	0.262697565	0.282651954	0.309591558	0.339382325	0.365916582	0.383400279	0.393719177	0.399171982	0.401403336	0.401126124	0.399174227	0.394814835	0.390222335	0.386577351	0.381753955	0.377938485	0.375488798	0.373639889	0.372470942	0.370943174	0.368355356	0.363915842	0.358305363	0.352262276	0.347039983	0.342670131	0.338677067	0.336652688	0.336030061	0.336677798	0.339261723	0.340581599	0.335216538	0.32264081	0.306469871	0.28921194	0.272413342	0.256940576	0.242291981	0.22976128	0.218314374	0.207760151	0.197819115
26	0.10441399	0.105298801	0.108962144	0.117925577	0.133684575	0.153029444	0.170053116	0.183101995	0.193413273	0.201983381	0.205706504	0.204410225	0.198315128	0.190376515	0.184157515	0.180485575	0.17819347	0.176465422	0.174212845	0.171688225	0.171844737	0.175482256	0.182791661	0.194658471	0.209374439	0.224539025	0.238501884	0.250065963	0.263278028	0.283200808	0.310111794	0.339887752	0.366418482	0.383906456	0.394233436	0.399677998	0.401897775	0.401571614	0.399637584	0.395283654	0.390680368	0.387051088	0.382230378	0.378458669	0.375996705	0.374149388	0.372980763	0.371403689	0.36883135	0.364461376	0.358880865	0.352783153	0.347533145	0.343116671	0.339187262	0.337067079	0.336488275	0.3371104	0.339606554	0.340904305	0.33559893	0.323143291	0.307123081	0.290092747	0.272751891	0.257732087	0.243276623	0.230272558	0.219170627	0.208650106	0.199449543
31	0.104049495	0.104842895	0.108540645	0.117455808	0.133253504	0.152671678	0.169710804	0.1827977	0.193124749	0.201724136	0.205555398	0.204178365	0.198054196	0.190091093	0.183981643	0.180206913	0.177897954	0.176196448	0.173944613	0.171418238	0.171593321	0.175195751	0.182519524	0.194353665	0.209099198	0.224319781	0.238324619	0.249941544	0.263194849	0.283184802	0.31023411	0.340180752	0.366863142	0.384521426	0.394934572	0.40049046	0.40276949	0.402463994	0.400513864	0.3961952	0.391616376	0.3878924	0.383057279	0.379230402	0.376807949	0.374949227	0.373782462	0.372187374	0.369615433	0.365207727	0.359528123	0.353462496	0.348209552	0.343688931	0.339673589	0.337612406	0.337071472	0.337647495	0.340164049	0.341318457	0.335955264	0.323248222	0.307250402	0.289694688	0.272694347	0.257282932	0.242746997	0.230270026	0.218792957	0.207866513	0.198467616
36	0.104491143	0.105330319	0.108938611	0.117830446	0.133562038	0.152709137	0.169752441	0.182919914	0.193239202	0.20184949	0.205589259	0.204318434	0.198199134	0.190252933	0.184144278	0.18051074	0.178147054	0.176373914	0.174140292	0.171620132	0.171775489	0.1753026	0.182568513	0.194355037	0.208972992	0.224061532	0.237989616	0.249496117	0.262476932	0.282266132	0.309072277	0.338835287	0.365487431	0.383274406	0.393872272	0.39947721	0.401891989	0.401677918	0.399910012	0.395634127	0.391093426	0.387449942	0.382635167	0.378868681	0.376455406	0.374596009	0.373380313	0.371838007	0.369322016	0.364920772	0.359325488	0.353248132	0.348034367	0.343564329	0.339547668	0.33753217	0.336875531	0.337473597	0.33999484	0.341201059	0.335911717	0.323309803	0.307323142	0.290379687	0.272944983	0.257547922	0.24323081	0.231389	0.218735738	0.208898271	0.199420913
41	0.104805299	0.105668972	0.109372222	0.118299605	0.134120953	0.153395595	0.170380804	0.183464094	0.193711246	0.202262864	0.206042996	0.204799855	0.198715352	0.190678871	0.184450676	0.180855018	0.178472094	0.176729017	0.174509678	0.171944297	0.172144236	0.17573098	0.183054792	0.194867554	0.209624262	0.224792146	0.238801554	0.250349091	0.263434169	0.283416353	0.310380589	0.340232094	0.366765588	0.38431412	0.394653832	0.400131109	0.402350732	0.402097968	0.400193541	0.39580562	0.391167798	0.387515314	0.38272682	0.378935702	0.376511023	0.374642861	0.373432078	0.371826438	0.369291548	0.364867676	0.359219418	0.353163541	0.347930212	0.343475632	0.339462652	0.337436248	0.33688058	0.337471496	0.339980122	0.341237721	0.335838438	0.323347089	0.307471618	0.2898231	0.27334351	0.257872443	0.243566149	0.231341699	0.219838832	0.209126316	0.199360367
46	0.104379545	0.105166801	0.108873529	0.117847912	0.133612826	0.152890515	0.169864731	0.182858638	0.193075259	0.201566175	0.205384725	0.204101011	0.19808217	0.190083518	0.183970133	0.180275799	0.177903729	0.176145438	0.173913357	0.171389179	0.17160848	0.175164251	0.182514043	0.194328741	0.209024929	0.224139589	0.238079121	0.24960432	0.262657683	0.282576822	0.309444606	0.339144183	0.365685786	0.383063735	0.39327995	0.398672407	0.400907263	0.400616189	0.398703141	0.394340366	0.389729188	0.386031636	0.381279379	0.377516971	0.375114979	0.373265533	0.372029713	0.370399913	0.367879711	0.363480691	0.357867331	0.351817259	0.346650501	0.342248098	0.338360602	0.33618462	0.335665754	0.336322895	0.338854463	0.340143069	0.334916154	0.322288136	0.306443265	0.289090295	0.272395809	0.257175685	0.242904416	0.230872942	0.21914007	0.208799848	0.199141922
2	0.160232018	0.159807531	0.161275096	0.166619373	0.177207949	0.189977896	0.200731621	0.208398306	0.21378451	0.2179548	0.218903211	0.21672902	0.211519961	0.205117211	0.200195862	0.196862915	0.194530707	0.192891037	0.191234455	0.189641763	0.190334705	0.193911445	0.200389108	0.210206429	0.221877294	0.233301553	0.243896951	0.253857991	0.268197973	0.29098848	0.320591666	0.351078345	0.376077867	0.39153875	0.400639289	0.40522871	0.406576279	0.404859097	0.401033506	0.394639126	0.388036504	0.382649177	0.376388525	0.370996592	0.366944203	0.363582116	0.361069592	0.358464263	0.355077546	0.350221345	0.344396009	0.338549558	0.333654509	0.329620175	0.326122986	0.324433721	0.324480594	0.325927108	0.329849817	0.334282154	0.335145675	0.33207577	0.327390199	0.321120222	0.314511862	0.308764857	0.302465477	0.297137867	0.291101886	0.284067884	0.278065427
7	0.156813039	0.156272563	0.157877942	0.163384308	0.174041412	0.187058532	0.197904462	0.205631526	0.211106901	0.215378927	0.216312828	0.214093876	0.208835185	0.20240622	0.197405321	0.194011354	0.191637065	0.190047173	0.188393037	0.186685796	0.187419428	0.191092733	0.19761967	0.207686063	0.219474578	0.231086858	0.241811882	0.251857602	0.266324289	0.289276114	0.319061401	0.349673323	0.374781003	0.390300024	0.399285438	0.403771333	0.405108959	0.403316884	0.399438771	0.393075496	0.386489747	0.381180131	0.374873135	0.369573758	0.365561267	0.362284461	0.359686331	0.357093314	0.35373658	0.348814695	0.343030855	0.337154079	0.332314298	0.328257935	0.324618998	0.323020624	0.323063971	0.324591757	0.328691654	0.332994564	0.333929214	0.330628443	0.325452825	0.319703112	0.31252287	0.306812534	0.300381002	0.295332094	0.288480442	0.28177485	0.274814079
12	0.157310079	0.156844436	0.158323965	0.163819631	0.174584021	0.187462544	0.198220627	0.20584395	0.211260589	0.215603473	0.21655874	0.214340638	0.209018648	0.202583842	0.197522773	0.194203897	0.191804161	0.190231429	0.188536804	0.186906243	0.187629631	0.191246789	0.197808362	0.207858016	0.219537136	0.231159097	0.241916213	0.251888353	0.266294319	0.289300515	0.319077948	0.349650799	0.374686008	0.39003516	0.398900533	0.403368585	0.404604472	0.402775388	0.39885704	0.392419092	0.385826814	0.380412069	0.374131224	0.368808661	0.364849367	0.361480701	0.358950625	0.356325989	0.352982592	0.348065798	0.342299689	0.336376077	0.331542134	0.327553635	0.323948245	0.322430166	0.322435735	0.323934934	0.328045787	0.332330045	0.333301039	0.330147537	0.32546894	0.319299885	0.312754384	0.306646298	0.300385387	0.294789219	0.288583009	0.281870439	0.275981379
17	0.15975338	0.159350872	0.160883407	0.166399282	0.177212841	0.190144016	0.200985656	0.208591595	0.213994324	0.218290387	0.219189376	0.216947666	0.211647524	0.205178825	0.200081835	0.196714967	0.19435544	0.192735832	0.191065724	0.189393091	0.190103044	0.193770666	0.200355269	0.210356462	0.222135701	0.233794286	0.244655777	0.254767778	0.269253438	0.292332478	0.322267427	0.352899508	0.377952926	0.393190228	0.401978068	0.406345267	0.407511979	0.405575361	0.4016061	0.395128836	0.388556455	0.383100206	0.37679153	0.371516755	0.367526763	0.364101096	0.361556503	0.358908498	0.355554168	0.350657756	0.344914129	0.339034178	0.334229836	0.330190231	0.326618165	0.325060173	0.32512582	0.326660005	0.330775587	0.3351314	0.336143882	0.333047503	0.328131418	0.322110983	0.315211354	0.309075809	0.303024144	0.297883821	0.291189256	0.284271716	0.278317939
22	0.158393183	0.157935292	0.159496918	0.164922326	0.175768173	0.188725764	0.199565535	0.20729484	0.212653829	0.216869286	0.217801203	0.215603446	0.210326849	0.20376119	0.198672043	0.195277073	0.192930444	0.191321252	0.1895912	0.187917665	0.188628712	0.19221597	0.198777176	0.208880555	0.220703397	0.232397183	0.243226254	0.253353113	0.267848939	0.290886548	0.320777204	0.351540104	0.376633768	0.391976172	0.400797874	0.405155672	0.406312001	0.404411889	0.400505695	0.3940327	0.387424537	0.382052547	0.3757266	0.370441846	0.366514372	0.363172064	0.36059707	0.357916289	0.354510164	0.349662224	0.343824881	0.337972144	0.333070317	0.329105175	0.325530133	0.323874902	0.32393915	0.325534694	0.329610024	0.333950184	0.3349788	0.331853693	0.327020084	0.320676879	0.31380725	0.307886603	0.302131792	0.296488956	0.290732924	0.283100057	0.277565478
27	0.156689414	0.15624398	0.157777385	0.163179841	0.173821518	0.186691101	0.19738426	0.205085281	0.210463714	0.214707234	0.215664631	0.213419085	0.208089151	0.201611102	0.196639611	0.193192448	0.190827794	0.189238473	0.187500185	0.18582097	0.186522034	0.190122546	0.19659348	0.206592851	0.218334556	0.229938587	0.240709709	0.250774648	0.265142931	0.288114018	0.317918216	0.348630225	0.373723822	0.389165744	0.397986761	0.402374143	0.403611045	0.401715211	0.397792634	0.391347306	0.384703783	0.379277568	0.373002182	0.367732983	0.363785647	0.360396072	0.357880916	0.35511743	0.351761687	0.346873737	0.341051815	0.335184887	0.3303397	0.326282941	0.322761984	0.3211355	0.321195497	0.322745913	0.326823347	0.33119063	0.332271114	0.329236253	0.32427547	0.31844762	0.311864394	0.305472856	0.2996806	0.2943618	0.288291928	0.281243535	0.274918088
32	0.158372024	0.157906423	0.159418093	0.164825772	0.175533389	0.188459231	0.199263305	0.206928246	0.212317922	0.2165965	0.217578461	0.215349169	0.209979687	0.203498435	0.198425631	0.195073155	0.192680158	0.191079722	0.189353658	0.187624854	0.188260372	0.191849235	0.198353294	0.208432428	0.220159264	0.231815135	0.242584705	0.252595932	0.267001721	0.290025791	0.319836983	0.35048872	0.375644329	0.391025997	0.399900667	0.404291099	0.405500485	0.4035964	0.399670191	0.393228409	0.386577795	0.381112868	0.374860308	0.369592251	0.365645455	0.36234638	0.359806813	0.357060215	0.353738415	0.348843049	0.343032383	0.337225854	0.33242816	0.328407717	0.324782742	0.323138929	0.323232055	0.324868049	0.328914098	0.333265471	0.334214574	0.331259714	0.32655897	0.320374182	0.314169854	0.308097047	0.301827352	0.29579716	0.289930126	0.283003144	0.276987983
37	0.155788797	0.155384821	0.156867931	0.162306588	0.173026549	0.18589835	0.196766876	0.204510232	0.209947666	0.214214599	0.215158812	0.212956297	0.207591997	0.201004176	0.195875536	0.192502722	0.190102715	0.188471807	0.186747839	0.185088172	0.185745782	0.1892866	0.195841621	0.205885866	0.217680654	0.229333723	0.240180344	0.250183876	0.264525595	0.287436357	0.317230268	0.347881722	0.372959413	0.388440995	0.397313968	0.401678734	0.402891524	0.401093896	0.397306163	0.390907385	0.384294502	0.37899277	0.372757129	0.367532727	0.363623707	0.360304753	0.357721924	0.355012205	0.3517266	0.346771616	0.341001373	0.335067315	0.330192143	0.326130527	0.322522224	0.320899233	0.320955697	0.322478807	0.326668794	0.331053262	0.332161464	0.329000358	0.324121116	0.318080965	0.311381102	0.305362786	0.299442159	0.293741427	0.287780718	0.280825414	0.274481471
42	0.157424068	0.156883625	0.158355487	0.16384885	0.174620161	0.187603991	0.198330789	0.206115037	0.211589389	0.215891927	0.216800072	0.214573083	0.209180846	0.202628893	0.197515319	0.194058416	0.191614497	0.190001941	0.188298171	0.186540485	0.187222847	0.190788738	0.197341865	0.207347232	0.219241146	0.230948217	0.241814615	0.251847547	0.266189005	0.28918419	0.319039191	0.349801018	0.374988077	0.390318046	0.399129265	0.40346137	0.404611749	0.402798262	0.398923882	0.392540311	0.385918464	0.380472278	0.37426443	0.36902233	0.365165684	0.361833236	0.359273517	0.356562361	0.353217622	0.348282759	0.342507219	0.336669144	0.331806527	0.327792564	0.32416723	0.322517791	0.322574214	0.324196794	0.328278479	0.3326407	0.333763405	0.330794628	0.325806841	0.319527769	0.313444643	0.306920682	0.301314748	0.295941419	0.289811075	0.282748255	0.276791691
47	0.157772356	0.157254776	0.158794378	0.164213852	0.174898444	0.18779931	0.198503157	0.20620343	0.211580437	0.215875151	0.216850135	0.21454061	0.209195458	0.20260673	0.197451758	0.194100345	0.191668944	0.190005567	0.188277856	0.186549122	0.187213086	0.190774669	0.197288229	0.207356632	0.219115279	0.230834887	0.241722094	0.251763237	0.266082272	0.289055911	0.318888693	0.349656512	0.374802476	0.390120037	0.39886712	0.403137696	0.404279995	0.402386244	0.398479818	0.392075579	0.385455116	0.379995956	0.373747391	0.368545253	0.364641354	0.361293139	0.358755352	0.355993879	0.352654471	0.347776101	0.34197516	0.336106005	0.331252691	0.327228457	0.323662717	0.322083751	0.322210995	0.323788909	0.327921711	0.332415323	0.333709699	0.330490538	0.325767607	0.319776796	0.313290144	0.307447686	0.301119037	0.295670526	0.288806988	0.282622162	0.276118227
3	0.096791475	0.097882307	0.102073849	0.112276643	0.129890931	0.151065455	0.169387697	0.182970413	0.193522586	0.202159575	0.205994411	0.204742851	0.198414876	0.190277529	0.184081146	0.180200791	0.177776872	0.176040373	0.173852534	0.171558902	0.172130114	0.176379607	0.184507305	0.197165391	0.212541273	0.228087423	0.242420204	0.254566398	0.2691244	0.291521851	0.321729205	0.354996198	0.384260519	0.403467462	0.414810224	0.42085811	0.423508209	0.423025343	0.420442006	0.415148563	0.409448402	0.404524533	0.398434907	0.393606297	0.390306524	0.387641062	0.385613044	0.383474968	0.380337872	0.375170654	0.368638566	0.361799765	0.355819439	0.350739153	0.346171469	0.343845248	0.343241142	0.343840767	0.346151229	0.347173769	0.34135596	0.328414561	0.312140935	0.294252228	0.276536975	0.260843211	0.245772573	0.233235941	0.220332802	0.210106211	0.200941771
8	0.097460747	0.098486202	0.102694788	0.112903463	0.130602261	0.151831833	0.169918966	0.183415097	0.19385637	0.202533635	0.206289541	0.204963569	0.198753436	0.190589757	0.184392324	0.18056736	0.178137825	0.176378839	0.174188921	0.171873882	0.172406617	0.176646519	0.184778343	0.197490985	0.212850396	0.22845941	0.242864982	0.255014271	0.269586745	0.292006866	0.32227507	0.355481443	0.384575577	0.403685716	0.414873204	0.420775099	0.4232918	0.422841789	0.420225733	0.414908464	0.409176725	0.404203599	0.398144011	0.393327924	0.390051438	0.387344221	0.385339576	0.383227609	0.380087121	0.374925554	0.368366779	0.361589033	0.355618798	0.350515799	0.345997537	0.343734457	0.34308998	0.343668453	0.346053694	0.346991956	0.341263147	0.328354995	0.3119969	0.293928356	0.27679204	0.26103426	0.245932563	0.233605021	0.220749607	0.20999211	0.200864862
13	0.097746554	0.098827968	0.103058811	0.11331705	0.131065035	0.152267354	0.17040096	0.183822901	0.194258134	0.202903914	0.206671571	0.205360304	0.19915151	0.191061083	0.184737541	0.180932497	0.178475284	0.176668785	0.174436709	0.1721155	0.172712338	0.177008803	0.185110181	0.197928826	0.213308896	0.228920046	0.243347564	0.255527311	0.270147518	0.292667844	0.323048038	0.356345421	0.385423495	0.404353375	0.415413406	0.421230221	0.423676062	0.423156795	0.420468831	0.41511359	0.409332129	0.404416714	0.398337395	0.393499564	0.390189929	0.387483952	0.385503746	0.383340736	0.380224858	0.375029125	0.368501965	0.361678572	0.355679187	0.350654343	0.346224025	0.343899474	0.343324981	0.343877285	0.346249937	0.347192239	0.341575374	0.328637616	0.312224593	0.294563229	0.277195856	0.261043103	0.246418281	0.233825581	0.221501652	0.210941396	0.201303346
18	0.097977109	0.099022256	0.103198037	0.113488874	0.131249676	0.152496822	0.170645941	0.184139103	0.194579305	0.20318322	0.206940042	0.205699166	0.199439858	0.191269958	0.185007621	0.181104485	0.17867181	0.176908437	0.174644328	0.172370508	0.172933004	0.177190519	0.185367179	0.198178017	0.213644521	0.229237121	0.24368367	0.255878005	0.27043274	0.292970821	0.323303968	0.356637396	0.385664014	0.404604785	0.415690389	0.421431205	0.423822501	0.423311973	0.420676602	0.415310788	0.409517048	0.404505559	0.398472351	0.393633259	0.390362686	0.387666592	0.385642143	0.383459214	0.380371043	0.375177451	0.368634587	0.361841537	0.355899921	0.350795513	0.346298076	0.344041322	0.343468675	0.344066242	0.346451878	0.347339322	0.341723978	0.328810398	0.312341363	0.294552507	0.277465874	0.261573549	0.246574742	0.233152412	0.22203955	0.210862577	0.201330756
23	0.09785358	0.098888968	0.103111945	0.113389787	0.131164594	0.152440202	0.170594499	0.183998776	0.194382299	0.203043482	0.206866374	0.205577475	0.199325671	0.191197803	0.184854267	0.180986295	0.178536856	0.176719431	0.174576163	0.172271362	0.172822056	0.177080308	0.185232385	0.198072262	0.213516507	0.229155484	0.243605317	0.255813068	0.270377261	0.292945689	0.32333866	0.356544078	0.385677911	0.404527277	0.415514663	0.42122802	0.423662985	0.423074716	0.420367946	0.414967076	0.4091191	0.40416524	0.398075563	0.393299997	0.390040455	0.387340836	0.385363358	0.383153664	0.380026071	0.374847836	0.36831877	0.361505991	0.355532507	0.3504523	0.345952913	0.343778324	0.343170369	0.343727784	0.346163705	0.347107422	0.341448725	0.328492818	0.312197063	0.294538363	0.277399462	0.261300881	0.246468527	0.233820637	0.221830238	0.210829398	0.200942768
28	0.097640791	0.098676497	0.102936491	0.113149877	0.130945152	0.15215093	0.170276557	0.1836943	0.194094195	0.202714806	0.206570043	0.205344245	0.199085256	0.19084671	0.184551953	0.180698858	0.178215268	0.176430435	0.174252434	0.171931027	0.172530688	0.176822189	0.184974687	0.197683227	0.213172314	0.228832906	0.243236865	0.255384071	0.26997568	0.292519076	0.322866514	0.356069991	0.385113404	0.403881332	0.41487966	0.420595746	0.422904664	0.422283041	0.419625698	0.414234501	0.408453556	0.403461765	0.397413314	0.392611685	0.389406981	0.386714419	0.384738832	0.382523061	0.379353692	0.374176058	0.367732953	0.360939787	0.354982008	0.349919074	0.345431592	0.343183966	0.342530632	0.343152655	0.345566109	0.346538104	0.341004634	0.328047566	0.311858221	0.293977874	0.276783263	0.261139888	0.246307182	0.233088638	0.221303152	0.210461352	0.200827523
33	0.097938535	0.09897532	0.103162643	0.113375472	0.131120882	0.152307585	0.170409037	0.183814686	0.194224172	0.202875045	0.20666861	0.205425035	0.199218948	0.19102566	0.184730605	0.180828823	0.178356655	0.176578084	0.174328952	0.172006649	0.172628988	0.176892513	0.185042545	0.197783797	0.213238016	0.228824825	0.243237133	0.255437025	0.270006491	0.292523054	0.322895094	0.356152725	0.385217106	0.404088812	0.415133753	0.420852356	0.423295347	0.42273125	0.420078944	0.414708023	0.408939958	0.403970719	0.397839144	0.393054307	0.389824715	0.387110689	0.385128857	0.382928312	0.37984067	0.374693786	0.368156312	0.361324798	0.355386364	0.350351238	0.345890803	0.343645335	0.342987951	0.343572245	0.345983659	0.347058596	0.341565716	0.328710239	0.312298561	0.294448622	0.277100734	0.261176518	0.246398138	0.234001356	0.22164747	0.210829023	0.201453426
38	0.098415578	0.099397718	0.103641825	0.113825824	0.131503165	0.15278407	0.170853978	0.184301972	0.194694719	0.203240096	0.207084934	0.205825998	0.199699944	0.191471422	0.185085586	0.181268191	0.178752668	0.176953592	0.174734491	0.172435431	0.173059355	0.177342144	0.185413101	0.198174289	0.213541202	0.229148957	0.243604873	0.255759269	0.270273006	0.292857325	0.323244003	0.356473305	0.385592543	0.404458604	0.415466841	0.421235954	0.423619726	0.423060073	0.420375073	0.41502544	0.409267383	0.404271549	0.398277467	0.393429344	0.390138576	0.387481867	0.385480336	0.383227969	0.380077531	0.374944947	0.368537809	0.361626832	0.355668098	0.350647023	0.346200044	0.343928115	0.343273479	0.343828537	0.346206231	0.347237128	0.34163756	0.328735841	0.312364477	0.294819857	0.277409892	0.261763434	0.246761208	0.234022057	0.222258825	0.211266907	0.201625152
43	0.098316379	0.099227555	0.103459254	0.113715311	0.131529765	0.152692229	0.170725327	0.184169089	0.194536721	0.203129622	0.206953455	0.205720921	0.19949367	0.191278606	0.184968028	0.181118284	0.178575038	0.176816969	0.17457888	0.172276445	0.172870161	0.177117372	0.185236345	0.198000973	0.213408334	0.229044745	0.24348966	0.255625188	0.270157179	0.292714991	0.322978694	0.35617824	0.385196034	0.404000571	0.414939337	0.420667493	0.422927458	0.422443949	0.419786973	0.414376406	0.408557927	0.403562926	0.397507345	0.392785236	0.3895638	0.386835382	0.384792357	0.382616483	0.379443989	0.374254939	0.36785908	0.361038165	0.355071721	0.350067207	0.34558773	0.343356717	0.34271868	0.343336068	0.345742305	0.346869241	0.341398495	0.32880553	0.312318373	0.294752034	0.277643805	0.261497366	0.246758026	0.234546024	0.222066184	0.210992209	0.201859758
48	0.098207686	0.099155872	0.103405666	0.113662814	0.131490223	0.15260652	0.170697054	0.184077999	0.194346968	0.202976581	0.206763826	0.205495682	0.199324591	0.191128663	0.184795495	0.180910469	0.178403622	0.176617023	0.174407677	0.172081024	0.172671361	0.17692878	0.185089556	0.197813887	0.213226659	0.228912059	0.243396951	0.255572676	0.270106081	0.292712971	0.323078552	0.356220228	0.38524258	0.403925591	0.414792854	0.420420185	0.422630237	0.422058777	0.419361184	0.413963896	0.408157684	0.403124533	0.397114935	0.392388823	0.389126563	0.386473888	0.384407233	0.382207798	0.379028089	0.373923906	0.367422235	0.360603255	0.354653335	0.34964107	0.345229288	0.343031367	0.34239758	0.342983626	0.345368626	0.346350911	0.340875072	0.328134471	0.311944361	0.294668212	0.277189775	0.261601477	0.246652802	0.234018589	0.221998494	0.211431904	0.201382083
4	0.098059663	0.098808771	0.102369534	0.111355812	0.126986946	0.146158316	0.163117664	0.176090865	0.186230015	0.194422289	0.197893165	0.196451623	0.190259281	0.182226427	0.176020379	0.172192476	0.169747307	0.167963117	0.165734679	0.163325694	0.163577632	0.16729301	0.174673078	0.18654892	0.201310811	0.216551476	0.230689662	0.242582695	0.256350382	0.2774009	0.305994389	0.33789395	0.366552863	0.385639798	0.397174063	0.403554975	0.406555284	0.406690378	0.404905657	0.400381735	0.395446128	0.391261253	0.385905826	0.38166329	0.378828021	0.376633613	0.375021831	0.373264664	0.370382341	0.365408292	0.359017162	0.352229758	0.346321322	0.3412778	0.336738102	0.334358789	0.333902541	0.335019136	0.338290842	0.339965139	0.334640698	0.322372022	0.306927858	0.289602285	0.273143991	0.257747856	0.243295892	0.231161816	0.219021148	0.208543897	0.199118624
9	0.099936147	0.100678859	0.104327716	0.113349565	0.12916092	0.148404279	0.165419148	0.178414552	0.188489517	0.196751626	0.20023601	0.198765369	0.192515613	0.184421998	0.17820394	0.174326723	0.171862553	0.170052233	0.167805884	0.165314261	0.165570182	0.169368491	0.176842624	0.188718257	0.203599796	0.218980512	0.233235651	0.24522373	0.259115521	0.280290378	0.309067332	0.341095108	0.369832247	0.388872531	0.400315907	0.40658039	0.409472606	0.409538021	0.40766707	0.403103524	0.398113067	0.393898653	0.388417698	0.384180629	0.381380585	0.379190847	0.377664748	0.375846345	0.372948366	0.367895688	0.361426988	0.35466224	0.3487895	0.343712934	0.339212972	0.336891503	0.336313818	0.337528109	0.340820102	0.342412049	0.337121764	0.324531852	0.309004827	0.291702837	0.275212351	0.25967629	0.245445714	0.233400931	0.221173879	0.211026894	0.201286537
14	0.097800552	0.098533911	0.102166377	0.11115787	0.127012142	0.146196204	0.16313774	0.176049576	0.186053229	0.194294334	0.197800856	0.196353969	0.190177158	0.182089707	0.175849528	0.172033999	0.169567523	0.167750109	0.165499527	0.163025252	0.163364912	0.167130725	0.174593579	0.186517173	0.201347888	0.216700986	0.23098411	0.242957373	0.256885254	0.278131902	0.30691615	0.338990816	0.367673691	0.38663458	0.397924869	0.404097227	0.406978324	0.40695535	0.405028202	0.400455909	0.395429862	0.391101749	0.385694792	0.381463346	0.37862498	0.376373991	0.374888432	0.372997967	0.370166386	0.365086251	0.358634459	0.351938135	0.346030193	0.340978736	0.336509467	0.334180505	0.333648058	0.334820502	0.338173669	0.339853743	0.334618262	0.322236181	0.306627158	0.289457066	0.272551772	0.257464729	0.242813995	0.230239223	0.218974409	0.208426146	0.199010445
19	0.098144536	0.098908746	0.1026089	0.111568081	0.12738608	0.146601765	0.163579098	0.176450929	0.186535325	0.194730712	0.19820124	0.196765064	0.190598971	0.182495762	0.176189076	0.172328687	0.169839819	0.16802238	0.165838209	0.163340958	0.163632152	0.167430171	0.174891666	0.186831019	0.201675416	0.21706292	0.231337253	0.2433657	0.25727951	0.278591599	0.307480405	0.339630537	0.368308158	0.387261011	0.39858434	0.404733085	0.407562937	0.407569422	0.40563597	0.400985219	0.395860697	0.391658187	0.386254158	0.38197329	0.379199213	0.376930191	0.37539297	0.373538849	0.370632359	0.365519329	0.359097574	0.352377497	0.346460004	0.341435101	0.336974649	0.334607717	0.334179145	0.335341605	0.338651513	0.340359151	0.335189396	0.322788112	0.307299147	0.290094063	0.273372464	0.257994033	0.243540672	0.231522502	0.219058716	0.209160803	0.199637159
24	0.099173725	0.099934991	0.103574269	0.112591314	0.128420498	0.147614153	0.164567786	0.177406356	0.187364247	0.195595982	0.19905159	0.197672985	0.19144802	0.183326853	0.177124662	0.173260612	0.170783534	0.168962122	0.166710185	0.164261117	0.164550036	0.168313906	0.175730667	0.187674329	0.202555115	0.217896759	0.232197982	0.244165257	0.258049172	0.279291323	0.308088286	0.340175984	0.368871878	0.387714817	0.398954634	0.405077116	0.407854884	0.407784849	0.405809723	0.401170563	0.396064366	0.391815502	0.386409661	0.38216827	0.379347455	0.377096251	0.375507875	0.373663944	0.370840055	0.365818069	0.359384326	0.352577772	0.346712175	0.341659476	0.337194608	0.334884629	0.334430226	0.335605832	0.338887982	0.340771002	0.335577702	0.323226701	0.307723618	0.290804884	0.273710567	0.258696097	0.244565725	0.231824401	0.220100449	0.210127073	0.200651909
29	0.097785478	0.098490524	0.102096196	0.111115549	0.126943512	0.146109565	0.163025123	0.175829882	0.18578618	0.19396699	0.197445859	0.195998396	0.189844877	0.181785319	0.175494987	0.171626235	0.169092361	0.167307405	0.165140659	0.162708952	0.162990915	0.166740757	0.174152339	0.186045337	0.200913963	0.216216838	0.230543086	0.242503101	0.256352446	0.277624652	0.306420187	0.338540298	0.367231686	0.386068123	0.397240599	0.403320824	0.406035293	0.405977876	0.404042004	0.399352482	0.394250142	0.389880787	0.384584102	0.380371765	0.377575445	0.375375475	0.373751258	0.371877256	0.369003006	0.363971507	0.357597421	0.350797738	0.344925235	0.339911902	0.335442803	0.333152249	0.33260992	0.333806743	0.337124249	0.339013841	0.333875537	0.32150842	0.305841701	0.288838015	0.27252518	0.257045926	0.24270711	0.230261577	0.218572544	0.208537954	0.198926135
34	0.098365274	0.098993309	0.102642191	0.11168268	0.127467173	0.146636305	0.163488505	0.176340981	0.186327212	0.194509922	0.198028837	0.19655154	0.190364855	0.18226431	0.17602384	0.172177781	0.169695368	0.167865066	0.165638087	0.163179707	0.163484384	0.167234105	0.174599868	0.186524843	0.2013853	0.216714677	0.2309785	0.242943816	0.256819627	0.278075202	0.306847118	0.338928372	0.367598669	0.386434677	0.397613155	0.403735117	0.406510066	0.40642649	0.404478878	0.399867788	0.394747203	0.390437655	0.38509491	0.380945863	0.378114534	0.375921812	0.374355291	0.37243969	0.369521157	0.364551344	0.358085806	0.351365695	0.345464015	0.340468001	0.336023614	0.333683707	0.333155725	0.334247043	0.337597433	0.33937931	0.334299416	0.322003073	0.306258528	0.289322612	0.272729446	0.257357334	0.242899037	0.231068966	0.21971086	0.208714517	0.199736676
39	0.098710851	0.099417845	0.103035255	0.111988684	0.127726918	0.146859346	0.163762467	0.176640345	0.186554597	0.194700884	0.198216163	0.196812261	0.190631229	0.182556342	0.17624118	0.172431704	0.169922861	0.168083725	0.165841632	0.163420533	0.163699173	0.167437936	0.174837748	0.1867456	0.201555395	0.216831258	0.231069342	0.242978631	0.256760731	0.277922468	0.306617788	0.338583254	0.367205287	0.385989902	0.397223866	0.40334082	0.406144545	0.406193981	0.404293017	0.399670992	0.394505656	0.390189518	0.384895375	0.3807223	0.377955713	0.375763642	0.374151627	0.372238143	0.369397841	0.364418141	0.358066448	0.351286542	0.345404271	0.340401581	0.335919657	0.333626661	0.333073933	0.334248046	0.337621643	0.339341916	0.33438486	0.321981804	0.306624864	0.289522612	0.272790952	0.258290988	0.244049337	0.231309779	0.219612004	0.209213542	0.200148137
44	0.098612113	0.099384626	0.102973421	0.111976193	0.127650087	0.146685866	0.163538947	0.176299216	0.186232146	0.194360691	0.197876772	0.196445442	0.190329327	0.18219191	0.175963027	0.172154035	0.169572385	0.167804171	0.165535105	0.163102884	0.163368013	0.167105965	0.174518255	0.186348987	0.201097221	0.21636656	0.230588031	0.242489024	0.256177994	0.277286261	0.30589254	0.337762515	0.366339353	0.385071128	0.396227584	0.402258983	0.404997931	0.404985024	0.403142708	0.398511472	0.393422184	0.389106673	0.383784436	0.379649703	0.376908893	0.374748583	0.373131481	0.371198838	0.36832966	0.363333594	0.356974778	0.3502215	0.344368174	0.339407121	0.335035535	0.332664188	0.332244591	0.333383492	0.33677313	0.338549499	0.333592747	0.321629204	0.306238685	0.289336746	0.272203898	0.257473905	0.243270979	0.231160478	0.220135396	0.209119967	0.199693625
49	0.098159737	0.0988181	0.102505025	0.11146909	0.127115305	0.146182542	0.16292466	0.175637605	0.185528312	0.193683645	0.197095498	0.195686168	0.189582616	0.181533544	0.17528527	0.171405646	0.168859526	0.167051268	0.164854171	0.162384176	0.162683132	0.166398138	0.173765429	0.185639257	0.200422408	0.215628624	0.229838034	0.241694556	0.255396718	0.276463302	0.304984845	0.336723267	0.365166904	0.383828601	0.394921992	0.400904683	0.403513672	0.403489886	0.401581023	0.396969127	0.391941857	0.387646809	0.382310275	0.378177364	0.375409088	0.373137926	0.371627849	0.369705927	0.36682335	0.361893887	0.355566627	0.348799149	0.342973024	0.337989431	0.333567291	0.331253368	0.330821021	0.331973151	0.335308826	0.337079836	0.332130689	0.320019057	0.304693491	0.287837604	0.271424579	0.256394931	0.242404817	0.230224801	0.218527623	0.208441439	0.198723399
5	0.138055117	0.137761487	0.13951245	0.145649989	0.157855556	0.173258017	0.186899623	0.197362233	0.205434231	0.212045607	0.214297793	0.211974251	0.205439034	0.197510033	0.191470518	0.187731794	0.185054628	0.183111812	0.180858773	0.17841606	0.178476942	0.18191609	0.188665917	0.199481022	0.212548041	0.225867055	0.238482762	0.249564542	0.263647842	0.285485497	0.314730022	0.346108009	0.37299387	0.390483792	0.400874245	0.406385725	0.408579198	0.407864851	0.405354872	0.400176879	0.394679141	0.390296685	0.384877408	0.38049323	0.377338907	0.374804262	0.373094849	0.371052012	0.368110578	0.363200031	0.357053163	0.350700669	0.345226297	0.340504859	0.336097551	0.333527248	0.332601675	0.333242248	0.336960441	0.340534709	0.339222907	0.331776032	0.321760387	0.310711221	0.299070906	0.289355904	0.279374333	0.270875384	0.262065822	0.253871101	0.246847055
10	0.137369084	0.137071663	0.138907989	0.145101247	0.157321388	0.172785943	0.186462219	0.196941623	0.205059735	0.211690833	0.213930612	0.211621383	0.205042565	0.197035631	0.190947415	0.187270951	0.184600905	0.182642657	0.180420777	0.177921781	0.178032155	0.181482041	0.188307737	0.199151593	0.21238415	0.225868388	0.238506077	0.249657492	0.263972227	0.285969006	0.315395756	0.346979891	0.373975947	0.391370575	0.401683873	0.407157993	0.409180559	0.408438953	0.405854111	0.400633497	0.395128505	0.390707852	0.385250519	0.3808394	0.377713626	0.375163414	0.373449281	0.371443955	0.368395525	0.363407224	0.357272111	0.350997914	0.345463142	0.34063424	0.336186721	0.333669331	0.332651799	0.333435801	0.337122648	0.340773267	0.339300285	0.331878331	0.321720134	0.310738055	0.299352939	0.288783221	0.278879137	0.270403385	0.261401554	0.253261627	0.246053999
15	0.138644847	0.138290203	0.140148715	0.146248569	0.158402444	0.17381824	0.187320503	0.19772642	0.205715058	0.212304831	0.214531566	0.212177073	0.205691658	0.197714968	0.191623989	0.187884648	0.185243717	0.183276285	0.181037889	0.17857661	0.178725323	0.182167664	0.188891537	0.199637243	0.212775321	0.226201251	0.238781819	0.249954835	0.264113207	0.286063935	0.31534497	0.346740029	0.373690033	0.390967664	0.401117612	0.406445334	0.408505924	0.407667985	0.405088666	0.399873218	0.394290676	0.389869515	0.38442541	0.380007234	0.376887524	0.374360061	0.372639946	0.370561844	0.367571383	0.362612802	0.3565583	0.35020125	0.344708919	0.339928881	0.335525725	0.332997335	0.332009716	0.332778208	0.336519246	0.340415732	0.338853976	0.331714406	0.321957739	0.310636256	0.299804439	0.289329832	0.279640188	0.271460838	0.262325835	0.254352082	0.246803002
20	0.139466173	0.139119444	0.140932894	0.147057774	0.159199922	0.174423981	0.18801455	0.198239279	0.206200584	0.212715741	0.214880144	0.212548758	0.206095164	0.198092959	0.192033336	0.188279851	0.185621959	0.183703067	0.181397174	0.178918397	0.179047424	0.182469673	0.189206599	0.199970978	0.213110323	0.226545097	0.239104513	0.250185483	0.264326234	0.286231102	0.315435599	0.346758398	0.373477217	0.390583251	0.400645589	0.405864141	0.407815487	0.406901437	0.4042453	0.398971527	0.393447615	0.389092762	0.383594396	0.37924934	0.376162524	0.373673677	0.371838395	0.369770803	0.366790827	0.361863909	0.355825034	0.349495513	0.344022676	0.339273222	0.334808922	0.332330225	0.331391751	0.332206263	0.336041248	0.339798435	0.338537283	0.331364415	0.321301563	0.310485961	0.299043695	0.28944781	0.27957226	0.271600753	0.262168652	0.254223191	0.246823083
25	0.138847758	0.138500855	0.140373469	0.146493842	0.15868198	0.174028223	0.187582092	0.19785408	0.205782365	0.212361455	0.214593575	0.212298327	0.205773063	0.197755612	0.191657976	0.187848059	0.185161878	0.183174541	0.180939138	0.178475762	0.178608749	0.181999203	0.188701087	0.199537494	0.212693593	0.226164697	0.238834557	0.249953412	0.264108414	0.286075942	0.315361039	0.346720703	0.373585401	0.390698945	0.400742632	0.405959035	0.407788674	0.406957236	0.404343133	0.399042383	0.393537396	0.38905466	0.383703019	0.379366775	0.376231066	0.373668309	0.371999853	0.369872379	0.366839728	0.361960011	0.35586362	0.349582932	0.344018652	0.339314929	0.33492845	0.332381391	0.331463467	0.332283196	0.336129806	0.339907583	0.338730371	0.331400756	0.321452469	0.310796344	0.299242825	0.289096737	0.279504292	0.271175406	0.262625693	0.254569996	0.247050132
30	0.137280565	0.137077276	0.138884191	0.145052742	0.157312567	0.172714724	0.18639866	0.196768646	0.204805644	0.211430256	0.213700037	0.211395911	0.204840014	0.196790708	0.190698969	0.186859466	0.184264371	0.182277445	0.180012937	0.177505484	0.17767178	0.181091366	0.18783574	0.198655379	0.21192711	0.225467978	0.238160062	0.249352928	0.263538527	0.285513624	0.314819321	0.346251329	0.373167528	0.390387817	0.400491127	0.40574637	0.407694535	0.40687162	0.404256182	0.399027595	0.393519628	0.389061494	0.383648119	0.379307763	0.376247449	0.373786907	0.372043067	0.36992572	0.366945566	0.362036252	0.355967437	0.349657252	0.344095394	0.339384934	0.334915523	0.332356668	0.331446317	0.332220137	0.336053797	0.339852082	0.338448516	0.331290591	0.32128104	0.309765631	0.298531992	0.288561684	0.278562728	0.270362022	0.261550949	0.252920424	0.245879122
35	0.138740067	0.13836057	0.140208874	0.146321512	0.158495142	0.173847931	0.187376063	0.197647696	0.205578176	0.212210438	0.214400018	0.212094759	0.205556672	0.197529262	0.19149683	0.187694824	0.185036656	0.183041475	0.180779115	0.178288738	0.178371974	0.18174188	0.188495554	0.199224447	0.212428426	0.225897139	0.238576488	0.249672325	0.263784607	0.285689102	0.314924152	0.346260222	0.373170479	0.390383587	0.40050658	0.405780897	0.407708674	0.406882756	0.404208922	0.398962876	0.393455878	0.389075516	0.383640479	0.379296805	0.376197186	0.37365595	0.371913389	0.36990527	0.366935579	0.361959243	0.355923372	0.349651196	0.344133786	0.339349664	0.334885372	0.332270301	0.331408707	0.332263579	0.336130775	0.339984657	0.338817254	0.331599992	0.321697841	0.310573667	0.299687117	0.289351218	0.279743031	0.270903505	0.262632313	0.254289229	0.247212308
40	0.139165863	0.13880336	0.140581169	0.146697193	0.158733841	0.17393448	0.187434155	0.197734162	0.205714311	0.212179237	0.214465273	0.212185794	0.205696789	0.197649411	0.191491201	0.187799816	0.185096004	0.183114589	0.180860544	0.178358807	0.178461975	0.181797092	0.188455279	0.199159768	0.212291082	0.225657002	0.238234168	0.249316004	0.263259594	0.285104927	0.314214109	0.345495138	0.372449728	0.389748605	0.399948578	0.405308671	0.407323926	0.406546105	0.403964357	0.398712726	0.393255522	0.388827666	0.383402732	0.379087607	0.37597985	0.373456637	0.371706754	0.369609861	0.366668098	0.361771541	0.355735976	0.349460714	0.343926585	0.339157276	0.334742512	0.332181664	0.331202032	0.332008907	0.335763217	0.339561811	0.338344768	0.331267806	0.321256845	0.310287	0.299384495	0.289414971	0.27952048	0.271151946	0.262869006	0.254851704	0.24741525
45	0.138109987	0.137773912	0.139577293	0.145715571	0.157885025	0.173293977	0.186902391	0.19729825	0.205333065	0.211925272	0.214182558	0.21187612	0.205331105	0.197232235	0.191155375	0.187322154	0.184658102	0.18263971	0.180339491	0.177857946	0.178060485	0.181414568	0.188155354	0.198998957	0.212222245	0.225692653	0.238437439	0.24957571	0.263672532	0.285630634	0.314935683	0.346388387	0.373350314	0.390600357	0.400793263	0.406071678	0.408057381	0.407244186	0.404654223	0.39939771	0.393910563	0.389500397	0.384115032	0.379765701	0.376747936	0.374245001	0.372518654	0.370352116	0.367391161	0.362493379	0.356381305	0.350077335	0.344513807	0.33976041	0.335374162	0.332802428	0.331814954	0.332671281	0.336525869	0.340348705	0.339123061	0.331700358	0.321712425	0.310391564	0.299392486	0.289293189	0.279086839	0.270603414	0.262080394	0.254096768	0.246634268
50	0.139261052	0.139004862	0.140785331	0.14685673	0.158960718	0.174264718	0.187722672	0.197939623	0.205879186	0.212422395	0.214645542	0.212437076	0.205937121	0.197880569	0.191778025	0.1879559	0.185268616	0.183280194	0.181014527	0.178579831	0.178659905	0.182026706	0.188727128	0.199438897	0.212608132	0.226028017	0.23864882	0.249755018	0.263736141	0.285515835	0.314600162	0.345778016	0.372513698	0.38950744	0.39954742	0.404729047	0.406623466	0.405768037	0.403178536	0.397960205	0.392438373	0.388046052	0.382640776	0.378342534	0.375281662	0.372770347	0.371105376	0.368996881	0.366008871	0.361153233	0.355017373	0.348797396	0.343247583	0.338541878	0.334160646	0.331646579	0.330764685	0.331641689	0.33539195	0.339227051	0.337955156	0.330773185	0.321124833	0.30991795	0.298994667	0.289093645	0.279410114	0.27137206	0.262489595	0.254452546	0.247455689
