4456	0.253833333	0.25445	0.259483333	0.272516667	0.2965	0.327016667	0.3549	0.376483333	0.393583333	0.40625	0.410616667	0.404416667	0.3925	0.380333333	0.37095	0.3645	0.360516667	0.3572	0.353666667	0.351216667	0.351933333	0.357883333	0.370366667	0.38845	0.409916667	0.4322	0.4537	0.4751	0.50415	0.547083333	0.597133333	0.645066667	0.68215	0.704466667	0.716066667	0.721533333	0.723183333	0.72055	0.71515	0.708066667	0.700066667	0.6916	0.684483333	0.679616667	0.675183333	0.670766667	0.666683333	0.663066667	0.65785	0.649816667	0.6406	0.631683333	0.6219	0.612766667	0.6054	0.599283333	0.596466667	0.5964	0.599133333	0.6011	0.596516667	0.579716667	0.552716667	0.520333333	0.488066667	0.45835	0.431983333	0.408133333	0.389016667	0.372916667	0.359566667
8249	0.218666667	0.21925	0.224366667	0.237683333	0.2618	0.2925	0.32115	0.343766667	0.362066667	0.375916667	0.38115	0.375083333	0.362816667	0.35	0.340183333	0.333533333	0.329333333	0.3259	0.322066667	0.3189	0.318816667	0.323966667	0.335683333	0.35335	0.375116667	0.398266667	0.420733333	0.4424	0.4707	0.512333333	0.562666667	0.613683333	0.65615	0.683733333	0.698883333	0.706416667	0.709283333	0.707466667	0.7026	0.695716667	0.687916667	0.679516667	0.672416667	0.6675	0.663183333	0.6592	0.6556	0.652116667	0.64655	0.6378	0.62755	0.6175	0.606583333	0.59645	0.588133333	0.581283333	0.578183333	0.578416667	0.5821	0.5853	0.580566667	0.561233333	0.530483333	0.494083333	0.458183333	0.425933333	0.397416667	0.372416667	0.351833333	0.334983333	0.32125
8539	0.230016667	0.23095	0.2355	0.246716667	0.2671	0.292166667	0.313666667	0.32925	0.341116667	0.34965	0.35195	0.346533333	0.33725	0.328066667	0.3209	0.3156	0.312183333	0.309716667	0.30765	0.306983333	0.309233333	0.316166667	0.3286	0.345433333	0.364283333	0.383216667	0.402166667	0.423666667	0.457383333	0.509416667	0.56925	0.62395	0.66425	0.687883333	0.700116667	0.705583333	0.706366667	0.701466667	0.692416667	0.681033333	0.668766667	0.6563	0.645383333	0.636933333	0.629166667	0.6217	0.614833333	0.608716667	0.601266667	0.59135	0.5804	0.57015	0.559533333	0.5499	0.542033333	0.5356	0.53255	0.532483333	0.535566667	0.5386	0.53655	0.52415	0.50355	0.477816667	0.45165	0.426766667	0.404116667	0.383516667	0.366233333	0.351366667	0.338866667
8540	0.255366667	0.25575	0.259883333	0.27085	0.290966667	0.3154	0.3355	0.349516667	0.35995	0.367233333	0.368683333	0.3631	0.3539	0.3448	0.337566667	0.332033333	0.3283	0.325566667	0.323433333	0.322816667	0.325266667	0.332383333	0.3449	0.361516667	0.379666667	0.397716667	0.415816667	0.437083333	0.47145	0.52435	0.583433333	0.63535	0.67215	0.692966667	0.7034	0.70785	0.707733333	0.702116667	0.69235	0.68025	0.667283333	0.654183333	0.642666667	0.633716667	0.625483333	0.6175	0.6101	0.6037	0.5962	0.5866	0.57635	0.566933333	0.557183333	0.54825	0.54115	0.535216667	0.532483333	0.53245	0.535233333	0.5379	0.536683333	0.527466667	0.511566667	0.491166667	0.469583333	0.448816667	0.429933333	0.412083333	0.397183333	0.384416667	0.373016667
8541	0.2376	0.23895	0.244883333	0.259383333	0.285283333	0.31745	0.345633333	0.366616667	0.38305	0.395133333	0.39925	0.3932	0.38165	0.370033333	0.361066667	0.35485	0.35105	0.348066667	0.34515	0.343616667	0.34545	0.352716667	0.3664	0.385466667	0.407366667	0.42965	0.45125	0.473783333	0.5059	0.554183333	0.610133333	0.662766667	0.702916667	0.7272	0.739833333	0.74575	0.747266667	0.74375	0.736866667	0.7278	0.717933333	0.707733333	0.698966667	0.69265	0.68675	0.680966667	0.675716667	0.671	0.664583333	0.655333333	0.644766667	0.634683333	0.624016667	0.614116667	0.606066667	0.5993	0.595966667	0.595616667	0.598233333	0.599966667	0.5943	0.575	0.545266667	0.51025	0.4753	0.4434	0.41535	0.390533333	0.370116667	0.353383333	0.339633333
8542	0.270383333	0.271866667	0.277833333	0.2923	0.317966667	0.349316667	0.37595	0.395166667	0.409883333	0.420516667	0.423866667	0.418016667	0.407266667	0.396516667	0.388216667	0.382283333	0.3786	0.375883333	0.37355	0.372766667	0.375483333	0.3835	0.397683333	0.4167	0.437833333	0.458783333	0.479216667	0.501716667	0.535566667	0.586716667	0.644466667	0.696516667	0.7346	0.756716667	0.76805	0.773083333	0.773933333	0.769533333	0.761466667	0.751133333	0.74	0.728566667	0.71865	0.711066667	0.7041	0.697333333	0.691083333	0.685583333	0.67875	0.669466667	0.65925	0.64975	0.639733333	0.630416667	0.623	0.6167	0.613533333	0.613233333	0.6156	0.616866667	0.6116	0.59455	0.567816667	0.535716667	0.5035	0.474083333	0.447733333	0.424066667	0.404983333	0.388866667	0.3754
8543	0.263633333	0.26475	0.270316667	0.284316667	0.309433333	0.340566667	0.36745	0.387133333	0.402366667	0.413466667	0.417083333	0.41115	0.4002	0.389266667	0.3808	0.37485	0.3711	0.368316667	0.365733333	0.3645	0.366666667	0.37415	0.3879	0.406583333	0.427583333	0.448483333	0.4688	0.490416667	0.522083333	0.569366667	0.622533333	0.670233333	0.704816667	0.724533333	0.734483333	0.738983333	0.7399	0.736183333	0.729416667	0.720733333	0.7113	0.701516667	0.69315	0.686966667	0.681283333	0.675616667	0.670383333	0.665866667	0.659983333	0.6516	0.64225	0.633566667	0.624216667	0.61555	0.6085	0.602416667	0.599333333	0.598766667	0.600633333	0.601583333	0.59645	0.5802	0.55465	0.524	0.49315	0.464666667	0.43935	0.4164	0.397766667	0.382	0.368866667
8544	0.23155	0.2326	0.237783333	0.250366667	0.27285	0.300433333	0.324033333	0.3412	0.354266667	0.3636	0.366266667	0.360733333	0.351016667	0.3413	0.333683333	0.328066667	0.3245	0.32195	0.319666667	0.318633333	0.320666667	0.327566667	0.3402	0.357433333	0.376833333	0.396316667	0.415466667	0.436416667	0.468066667	0.51635	0.571666667	0.622283333	0.659583333	0.6813	0.69225	0.697133333	0.697766667	0.693366667	0.685333333	0.675183333	0.664316667	0.653166667	0.643483333	0.636233333	0.629566667	0.6231	0.6171	0.611833333	0.60515	0.596016667	0.585933333	0.5766	0.566683333	0.557683333	0.550416667	0.544466667	0.54175	0.541866667	0.54465	0.546816667	0.54355	0.529716667	0.507216667	0.479716667	0.451533333	0.425483333	0.401916667	0.380833333	0.363266667	0.348316667	0.33575
8549	0.266916667	0.269183333	0.2763	0.29285	0.3217	0.355983333	0.383566667	0.402683333	0.41715	0.427633333	0.430966667	0.425283333	0.414966667	0.404666667	0.396783333	0.3912	0.387783333	0.3856	0.3841	0.384466667	0.38865	0.398533333	0.414766667	0.4358	0.458416667	0.480133333	0.501366667	0.525766667	0.5636	0.6194	0.679083333	0.728866667	0.762266667	0.7803	0.789183333	0.793083333	0.79295	0.787716667	0.778866667	0.767916667	0.756266667	0.744366667	0.733966667	0.72595	0.71835	0.711	0.704216667	0.69835	0.691533333	0.682683333	0.673333333	0.66495	0.655883333	0.64745	0.6405	0.634516667	0.631266667	0.630266667	0.631216667	0.630566667	0.623283333	0.6047	0.576583333	0.543466667	0.510116667	0.479616667	0.452416667	0.427833333	0.407616667	0.3907	0.376533333
8552	0.228733333	0.229633333	0.235116667	0.248816667	0.273583333	0.304833333	0.33325	0.355183333	0.372566667	0.3856	0.390433333	0.384566667	0.37275	0.360616667	0.35125	0.34485	0.340883333	0.337616667	0.334116667	0.3316	0.332283333	0.338366667	0.35105	0.369516667	0.391416667	0.414183333	0.43625	0.4582	0.48795	0.532533333	0.58575	0.63825	0.680516667	0.7071	0.72145	0.728416667	0.730783333	0.72825	0.7223	0.71425	0.7054	0.696083333	0.6881	0.682516667	0.67755	0.672866667	0.668566667	0.664483333	0.65855	0.64955	0.639133333	0.629016667	0.618166667	0.608116667	0.599883333	0.593083333	0.589833333	0.58965	0.5926	0.59465	0.589166667	0.5697	0.539133333	0.502966667	0.467166667	0.43485	0.406483333	0.38125	0.360666667	0.343833333	0.3299
8556	0.260866667	0.261866667	0.266933333	0.27975	0.302716667	0.3301	0.352433333	0.368	0.379516667	0.38745	0.389166667	0.38345	0.374116667	0.364933333	0.357683333	0.352016667	0.348383333	0.3459	0.344	0.343666667	0.346633333	0.35465	0.368333333	0.386366667	0.406	0.42525	0.444433333	0.466783333	0.5027	0.557566667	0.618716667	0.67205	0.709383333	0.730316667	0.740866667	0.74535	0.745216667	0.73945	0.729283333	0.71665	0.703283333	0.689733333	0.677783333	0.668283333	0.659516667	0.651133333	0.643566667	0.63685	0.629116667	0.6192	0.608783333	0.59945	0.5895	0.5804	0.573116667	0.567066667	0.564216667	0.564233333	0.566816667	0.568683333	0.565583333	0.553583333	0.533983333	0.509616667	0.484416667	0.460233333	0.438616667	0.418516667	0.401733333	0.3875	0.374966667
8557	0.25605	0.25655	0.261033333	0.272666667	0.294366667	0.321616667	0.345283333	0.362516667	0.375783333	0.38555	0.388583333	0.382916667	0.372666667	0.362466667	0.354466667	0.34875	0.345	0.341966667	0.339233333	0.337933333	0.339716667	0.346466667	0.359033333	0.376283333	0.39565	0.415	0.434	0.454583333	0.4854	0.531983333	0.585216667	0.633783333	0.669466667	0.690233333	0.7008	0.705533333	0.7064	0.702483333	0.695233333	0.685783333	0.675716667	0.665433333	0.656566667	0.650066667	0.64415	0.638266667	0.632866667	0.628233333	0.622133333	0.613433333	0.6037	0.594633333	0.585083333	0.57625	0.5691	0.562833333	0.559466667	0.55875	0.560933333	0.562983333	0.560383333	0.547966667	0.5275	0.5021	0.47635	0.451966667	0.42985	0.409466667	0.392716667	0.3787	0.366316667
8558	0.227333333	0.228333333	0.233933333	0.2478	0.27275	0.304066667	0.332533333	0.3545	0.371816667	0.384683333	0.3892	0.383066667	0.3713	0.359416667	0.350183333	0.343916667	0.340083333	0.336883333	0.333416667	0.331083333	0.33185	0.337933333	0.35065	0.369066667	0.391033333	0.413916667	0.436016667	0.458016667	0.488033333	0.5333	0.587466667	0.641066667	0.684283333	0.71155	0.726316667	0.733616667	0.736083333	0.7335	0.727633333	0.7195	0.710383333	0.700783333	0.692466667	0.68645	0.681216667	0.676133333	0.671566667	0.667383333	0.661316667	0.651816667	0.640833333	0.630266667	0.6191	0.608766667	0.600316667	0.593283333	0.58995	0.589916667	0.593233333	0.59545	0.589666667	0.569866667	0.539116667	0.50295	0.466983333	0.4342	0.405616667	0.380483333	0.359633333	0.3428	0.32875
8561	0.272516667	0.2739	0.279766667	0.294016667	0.3194	0.34995	0.375033333	0.3924	0.40545	0.4148	0.417366667	0.411366667	0.400983333	0.390633333	0.382483333	0.3765	0.37265	0.370116667	0.368166667	0.367983333	0.3713	0.379916667	0.3947	0.41415	0.43545	0.456266667	0.4769	0.5005	0.5373	0.593	0.654616667	0.708083333	0.7454	0.766	0.7761	0.780383333	0.780233333	0.774683333	0.76515	0.75345	0.740883333	0.728116667	0.71695	0.708216667	0.700016667	0.69215	0.685016667	0.678683333	0.671233333	0.661516667	0.6513	0.641966667	0.631966667	0.622783333	0.615416667	0.6094	0.606666667	0.60655	0.608966667	0.610483333	0.606383333	0.591783333	0.5681	0.5392	0.509516667	0.48235	0.457683333	0.434933333	0.416616667	0.400866667	0.387266667
8570	0.27065	0.271916667	0.278133333	0.2936	0.321583333	0.3563	0.3864	0.40835	0.425316667	0.4377	0.4418	0.434983333	0.422283333	0.409433333	0.399616667	0.392883333	0.3887	0.385633333	0.38285	0.381783333	0.3845	0.393066667	0.40855	0.429716667	0.453416667	0.47715	0.500216667	0.52495	0.561016667	0.614733333	0.675066667	0.729016667	0.767766667	0.789816667	0.800833333	0.805816667	0.806883333	0.802933333	0.79555	0.786016667	0.7756	0.764933333	0.755583333	0.748483333	0.741883333	0.735416667	0.7294	0.724116667	0.717383333	0.708116667	0.69785	0.6881	0.677666667	0.668016667	0.660033333	0.6534	0.650066667	0.649566667	0.651966667	0.653283333	0.6472	0.627533333	0.597	0.560883333	0.5251	0.49245	0.463916667	0.4384	0.417466667	0.400333333	0.385716667
8571	0.2729	0.273666667	0.2788	0.292333333	0.317033333	0.348	0.37505	0.394883333	0.410216667	0.421333333	0.424783333	0.4184	0.406683333	0.394933333	0.3858	0.379366667	0.375233333	0.37205	0.369116667	0.367516667	0.3694	0.376616667	0.390266667	0.4091	0.430566667	0.452216667	0.4733	0.495633333	0.52825	0.57735	0.633583333	0.685466667	0.724	0.7466	0.75825	0.763666667	0.76495	0.761316667	0.754366667	0.745183333	0.735166667	0.724833333	0.71585	0.709133333	0.70295	0.696933333	0.691466667	0.686516667	0.680166667	0.671033333	0.660833333	0.6511	0.640733333	0.6312	0.62345	0.6169	0.613683333	0.613433333	0.616166667	0.61835	0.614433333	0.5987	0.573233333	0.542683333	0.511766667	0.483216667	0.4578	0.434866667	0.4161	0.40015	0.38685
8582	0.246866667	0.247966667	0.25295	0.265483333	0.28835	0.316716667	0.341216667	0.359033333	0.372766667	0.38285	0.3859	0.38015	0.369816667	0.359466667	0.351533333	0.345816667	0.342233333	0.33955	0.337316667	0.33665	0.3392	0.346933333	0.360733333	0.379416667	0.4002	0.420983333	0.441516667	0.464433333	0.499383333	0.55275	0.613483333	0.66865	0.709216667	0.732933333	0.745066667	0.750583333	0.751533333	0.74685	0.73815	0.7272	0.715383333	0.703316667	0.69275	0.684666667	0.677283333	0.670133333	0.663616667	0.657866667	0.650566667	0.640733333	0.629966667	0.62	0.609516667	0.599666667	0.59165	0.584966667	0.58155	0.5811	0.5837	0.585733333	0.581533333	0.5656	0.540683333	0.510666667	0.480316667	0.45215	0.42695	0.40405	0.385233333	0.36945	0.355916667
8583	0.229666667	0.230933333	0.2363	0.249133333	0.271766667	0.299516667	0.323283333	0.340366667	0.35325	0.362683333	0.365566667	0.360366667	0.350816667	0.341166667	0.33355	0.327983333	0.324433333	0.321866667	0.319616667	0.318616667	0.320633333	0.32745	0.34	0.357166667	0.376633333	0.396333333	0.415733333	0.4369	0.46895	0.518283333	0.576	0.630283333	0.671533333	0.69605	0.708616667	0.714266667	0.7153	0.710833333	0.702183333	0.691166667	0.6794	0.667266667	0.656833333	0.648916667	0.64165	0.6348	0.628466667	0.622766667	0.615616667	0.605716667	0.594966667	0.584916667	0.574216667	0.5644	0.5566	0.550283333	0.5476	0.547833333	0.550833333	0.5532	0.549733333	0.535133333	0.511383333	0.482116667	0.452533333	0.425083333	0.40025	0.378116667	0.359833333	0.3444	0.331183333
8584	0.2674	0.26855	0.274433333	0.289166667	0.315783333	0.34915	0.37855	0.400316667	0.417383333	0.430166667	0.434683333	0.42855	0.416383333	0.404116667	0.394733333	0.3883	0.384283333	0.381183333	0.378233333	0.376683333	0.378683333	0.386333333	0.400733333	0.420666667	0.4433	0.46605	0.488083333	0.511116667	0.54385	0.592383333	0.6474	0.697266667	0.7336	0.754533333	0.76515	0.77	0.7712	0.767916667	0.761683333	0.753483333	0.744533333	0.73535	0.727333333	0.721466667	0.716	0.710683333	0.70575	0.701316667	0.695616667	0.687283333	0.6779	0.668916667	0.659133333	0.649983333	0.642466667	0.635983333	0.6325	0.631633333	0.633383333	0.634083333	0.627833333	0.608716667	0.579166667	0.544116667	0.509383333	0.477633333	0.449816667	0.424866667	0.404666667	0.387716667	0.3736
8585	0.217916667	0.218583333	0.223283333	0.23515	0.256683333	0.283866667	0.3082	0.326583333	0.34095	0.351583333	0.355083333	0.3493	0.338533333	0.327716667	0.3193	0.313383333	0.309633333	0.306716667	0.303866667	0.302166667	0.30335	0.309366667	0.32125	0.338083333	0.357666667	0.37795	0.397916667	0.418933333	0.449383333	0.495583333	0.550166667	0.602633333	0.643816667	0.669283333	0.683033333	0.689666667	0.691716667	0.688666667	0.682	0.67305	0.663183333	0.653033333	0.644233333	0.63775	0.631883333	0.626283333	0.621116667	0.616416667	0.61	0.600566667	0.589783333	0.579433333	0.56865	0.558733333	0.5506	0.54375	0.540333333	0.540233333	0.543616667	0.546866667	0.544016667	0.5293	0.50495	0.475366667	0.44515	0.417633333	0.3928	0.370483333	0.3519	0.336666667	0.323733333
8587	0.253733333	0.254833333	0.2602	0.27335	0.297133333	0.3267	0.352466667	0.371433333	0.3861	0.396933333	0.4006	0.394916667	0.38435	0.373716667	0.365516667	0.359733333	0.356066667	0.353316667	0.350783333	0.3495	0.3514	0.3584	0.3715	0.389533333	0.409866667	0.430266667	0.450183333	0.47135	0.502383333	0.549083333	0.602616667	0.651716667	0.688133333	0.709383333	0.720316667	0.725383333	0.726583333	0.722983333	0.7161	0.707083333	0.697383333	0.68745	0.678916667	0.672683333	0.666916667	0.661333333	0.656166667	0.651616667	0.645683333	0.637033333	0.627416667	0.618466667	0.6089	0.600066667	0.593	0.586916667	0.583866667	0.583516667	0.5858	0.587466667	0.583316667	0.5678	0.543216667	0.513266667	0.482933333	0.454866667	0.42995	0.40745	0.388666667	0.373	0.360016667
8588	0.247916667	0.249066667	0.255066667	0.269933333	0.296716667	0.330483333	0.361	0.384166667	0.40255	0.416366667	0.421433333	0.415233333	0.402766667	0.389966667	0.380133333	0.3735	0.3694	0.366033333	0.362566667	0.3603	0.36145	0.36825	0.38205	0.40185	0.425266667	0.449533333	0.472916667	0.49635	0.528416667	0.576633333	0.633866667	0.689716667	0.73415	0.761716667	0.776383333	0.783416667	0.7856	0.782766667	0.776483333	0.767966667	0.758483333	0.748583333	0.740083333	0.734066667	0.728683333	0.72345	0.718716667	0.714283333	0.707866667	0.698266667	0.687266667	0.676533333	0.66505	0.654433333	0.6456	0.63835	0.634783333	0.634383333	0.637233333	0.6389	0.631883333	0.609416667	0.575316667	0.535683333	0.49675	0.46195	0.431516667	0.404716667	0.382966667	0.365266667	0.350916667
8589	0.233833333	0.234333333	0.238383333	0.249116667	0.268916667	0.293833333	0.315316667	0.331	0.342966667	0.351833333	0.35445	0.349083333	0.339616667	0.33015	0.322866667	0.317366667	0.3138	0.311083333	0.308683333	0.307533333	0.3093	0.315716667	0.327583333	0.343833333	0.362216667	0.380733333	0.399133333	0.4194	0.450433333	0.4982	0.553166667	0.6039	0.641666667	0.663733333	0.675116667	0.6802	0.681133333	0.6769	0.669	0.65885	0.647966667	0.636833333	0.627333333	0.620316667	0.61385	0.607616667	0.601783333	0.596683333	0.5902	0.581216667	0.571233333	0.561933333	0.55215	0.543216667	0.536016667	0.529966667	0.52705	0.526783333	0.52935	0.532066667	0.530333333	0.519083333	0.499583333	0.475183333	0.450033333	0.42655	0.404983333	0.3853	0.3688	0.354583333	0.342416667
8590	0.255383333	0.256783333	0.26315	0.279033333	0.307533333	0.343366667	0.375383333	0.39975	0.41895	0.43325	0.43845	0.431866667	0.418983333	0.40585	0.395816667	0.38905	0.384883333	0.3816	0.378333333	0.3763	0.377966667	0.385533333	0.4004	0.421383333	0.446	0.471066667	0.495333333	0.51995	0.553983333	0.60515	0.66545	0.723166667	0.76805	0.795433333	0.8099	0.817	0.819316667	0.816516667	0.8101	0.801366667	0.791633333	0.7816	0.772866667	0.7665	0.760583333	0.755116667	0.750033333	0.745133333	0.7385	0.7287	0.717433333	0.706416667	0.694566667	0.683566667	0.6744	0.666666667	0.662533333	0.661616667	0.6639	0.664933333	0.656783333	0.6324	0.596016667	0.554316667	0.513533333	0.477116667	0.445083333	0.4174	0.394716667	0.37615	0.3613
8593	0.1954	0.196216667	0.201016667	0.212816667	0.233933333	0.260733333	0.28515	0.304	0.319066667	0.330233333	0.334016667	0.328316667	0.3175	0.306533333	0.298066667	0.292183333	0.288533333	0.2857	0.2828	0.280766667	0.281583333	0.28715	0.298483333	0.31495	0.33445	0.355183333	0.37575	0.396916667	0.42685	0.472566667	0.528016667	0.58365	0.62945	0.659216667	0.675766667	0.684083333	0.687016667	0.68445	0.677933333	0.668966667	0.658966667	0.6485	0.639366667	0.6327	0.62685	0.621266667	0.616183333	0.611416667	0.604683333	0.594666667	0.5831	0.571833333	0.56	0.549166667	0.540216667	0.532916667	0.529583333	0.52995	0.534116667	0.53835	0.5355	0.5189	0.491783333	0.459233333	0.42655	0.396816667	0.369916667	0.346383333	0.326983333	0.311066667	0.297333333
8594	0.185866667	0.186416667	0.19095	0.202183333	0.222483333	0.248416667	0.272583333	0.291616667	0.306983333	0.318483333	0.3225	0.316866667	0.305966667	0.2948	0.286183333	0.280266667	0.27655	0.273533333	0.270283333	0.267916667	0.268266667	0.2732	0.283983333	0.299983333	0.3195	0.340483333	0.361183333	0.38215	0.411116667	0.455016667	0.5087	0.5635	0.6094	0.63945	0.656116667	0.6644	0.667466667	0.66525	0.659266667	0.65105	0.641683333	0.63185	0.623283333	0.61715	0.611883333	0.60685	0.602316667	0.598116667	0.591666667	0.581816667	0.570316667	0.559033333	0.547166667	0.536283333	0.52735	0.520033333	0.5166	0.5171	0.521483333	0.525883333	0.52335	0.5072	0.480533333	0.4485	0.416083333	0.386866667	0.360216667	0.336766667	0.317516667	0.30175	0.28835
8595	0.203933333	0.205	0.210133333	0.222466667	0.244216667	0.271183333	0.295116667	0.313	0.326933333	0.33715	0.340633333	0.335383333	0.325533333	0.31555	0.307733333	0.302133333	0.298683333	0.29595	0.293333333	0.291733333	0.29295	0.29875	0.3103	0.326483333	0.3453	0.364766667	0.3839	0.403866667	0.4327	0.4766	0.528366667	0.57835	0.617566667	0.641716667	0.654583333	0.6607	0.6624	0.659166667	0.652433333	0.643666667	0.633933333	0.623866667	0.615216667	0.608983333	0.603383333	0.597983333	0.593	0.588533333	0.582416667	0.573533333	0.5635	0.55385	0.5436	0.534283333	0.526716667	0.520466667	0.517716667	0.51785	0.520833333	0.523416667	0.520316667	0.50585	0.4819	0.452716667	0.423116667	0.39585	0.371066667	0.3491	0.331033333	0.315633333	0.303083333
8596	0.200666667	0.20155	0.2064	0.218266667	0.239333333	0.265916667	0.290033333	0.3085	0.323133333	0.333916667	0.3374	0.331733333	0.32115	0.3105	0.302233333	0.29645	0.292866667	0.2901	0.28725	0.28545	0.286466667	0.292066667	0.303566667	0.319983333	0.33945	0.3601	0.38055	0.4019	0.432416667	0.479233333	0.5359	0.592616667	0.638983333	0.668766667	0.685216667	0.6933	0.695983333	0.692983333	0.686083333	0.6767	0.666183333	0.655283333	0.645683333	0.6386	0.632366667	0.626383333	0.620916667	0.6159	0.6089	0.598516667	0.5866	0.575016667	0.563016667	0.552116667	0.543116667	0.535866667	0.532516667	0.53305	0.537516667	0.541916667	0.5392	0.522866667	0.496116667	0.46385	0.4317	0.4019	0.375183333	0.351666667	0.3324	0.316433333	0.30295
8597	0.270816667	0.272516667	0.279416667	0.296	0.325266667	0.361233333	0.392633333	0.415883333	0.433833333	0.446933333	0.45145	0.445	0.4325	0.41975	0.410033333	0.403433333	0.399433333	0.3964	0.393483333	0.39195	0.3941	0.402066667	0.417066667	0.437766667	0.461466667	0.485266667	0.508166667	0.5318	0.565066667	0.614266667	0.670233333	0.721383333	0.759116667	0.7808	0.7918	0.796816667	0.797983333	0.794483333	0.788	0.779566667	0.7703	0.760766667	0.7525	0.74645	0.740833333	0.735316667	0.730316667	0.725883333	0.719966667	0.711366667	0.701716667	0.692583333	0.682616667	0.6734	0.665966667	0.659766667	0.656833333	0.656466667	0.65845	0.658733333	0.650983333	0.629166667	0.5959	0.557216667	0.519283333	0.484716667	0.4549	0.428483333	0.406883333	0.389666667	0.375116667
