4456 	 0.25941	 0.25981	 0.26505	 0.27897	 0.30408	 0.33550	 0.36363	 0.38497	 0.40197	 0.41463	 0.41921	 0.41292	 0.40069	 0.38779	 0.37762	 0.37066	 0.36659	 0.36346	 0.35973	 0.35730	 0.35810	 0.36428	 0.37691	 0.39544	 0.41749	 0.44060	 0.46289	 0.48493	 0.51575	 0.56076	 0.61235	 0.66138	 0.69878	 0.72023	 0.73066	 0.73514	 0.73649	 0.73355	 0.72727	 0.71929	 0.71110	 0.70233	 0.69516	 0.69029	 0.68574	 0.68141	 0.67736	 0.67343	 0.66785	 0.65934	 0.64962	 0.64041	 0.63061	 0.62159	 0.61380	 0.60754	 0.60509	 0.60505	 0.60815	 0.61112	 0.60669	 0.58882	 0.56068	 0.52746	 0.49346	 0.46282	 0.43628	 0.41249	 0.39265	 0.37698	 0.36449
8249 	 0.22895	 0.22929	 0.23401	 0.24655	 0.26917	 0.29751	 0.32337	 0.34302	 0.35862	 0.37045	 0.37496	 0.36967	 0.35851	 0.34652	 0.33736	 0.33091	 0.32690	 0.32366	 0.32017	 0.31737	 0.31719	 0.32193	 0.33245	 0.34847	 0.36799	 0.38866	 0.40877	 0.42825	 0.45438	 0.49266	 0.53789	 0.58318	 0.62049	 0.64402	 0.65658	 0.66214	 0.66404	 0.66160	 0.65615	 0.64903	 0.64125	 0.63296	 0.62626	 0.62180	 0.61806	 0.61424	 0.61072	 0.60764	 0.60255	 0.59431	 0.58481	 0.57570	 0.56611	 0.55736	 0.55015	 0.54425	 0.54197	 0.54277	 0.54638	 0.54945	 0.54609	 0.53021	 0.50462	 0.47423	 0.44292	 0.41442	 0.38936	 0.36763	 0.34948	 0.33512	 0.32315
8539 	 0.24809	 0.24879	 0.25341	 0.26482	 0.28442	 0.30738	 0.32602	 0.33846	 0.34754	 0.35373	 0.35456	 0.34868	 0.34008	 0.33196	 0.32549	 0.32054	 0.31733	 0.31495	 0.31287	 0.31227	 0.31435	 0.32089	 0.33232	 0.34757	 0.36462	 0.38163	 0.39804	 0.41694	 0.44797	 0.49601	 0.55085	 0.59905	 0.63288	 0.65112	 0.65951	 0.66256	 0.66227	 0.65700	 0.64785	 0.63669	 0.62519	 0.61349	 0.60357	 0.59606	 0.58907	 0.58245	 0.57635	 0.57076	 0.56382	 0.55466	 0.54460	 0.53557	 0.52631	 0.51790	 0.51112	 0.50567	 0.50366	 0.50425	 0.50778	 0.51191	 0.51231	 0.50430	 0.48919	 0.46941	 0.44774	 0.42797	 0.41045	 0.39352	 0.37843	 0.36631	 0.35626
8540 	 0.28231	 0.28205	 0.28615	 0.29718	 0.31630	 0.33843	 0.35566	 0.36672	 0.37452	 0.37963	 0.37957	 0.37296	 0.36401	 0.35546	 0.34814	 0.34253	 0.33872	 0.33578	 0.33322	 0.33245	 0.33477	 0.34143	 0.35314	 0.36860	 0.38563	 0.40274	 0.41923	 0.43891	 0.47234	 0.52337	 0.58059	 0.62947	 0.66272	 0.67974	 0.68693	 0.68933	 0.68845	 0.68224	 0.67181	 0.65949	 0.64693	 0.63429	 0.62363	 0.61530	 0.60742	 0.60016	 0.59358	 0.58726	 0.57991	 0.57091	 0.56101	 0.55225	 0.54337	 0.53527	 0.52849	 0.52314	 0.52137	 0.52190	 0.52611	 0.53159	 0.53478	 0.53127	 0.52082	 0.50496	 0.48684	 0.47041	 0.45646	 0.44219	 0.42931	 0.41802	 0.40909
8541 	 0.24890	 0.25005	 0.25589	 0.26994	 0.29500	 0.32585	 0.35246	 0.37165	 0.38644	 0.39734	 0.40085	 0.39485	 0.38402	 0.37272	 0.36366	 0.35738	 0.35358	 0.35080	 0.34780	 0.34632	 0.34818	 0.35520	 0.36822	 0.38642	 0.40744	 0.42900	 0.44962	 0.47106	 0.50299	 0.55021	 0.60424	 0.65447	 0.69209	 0.71349	 0.72383	 0.72816	 0.72903	 0.72515	 0.71747	 0.70790	 0.69823	 0.68812	 0.67972	 0.67360	 0.66779	 0.66244	 0.65746	 0.65261	 0.64616	 0.63715	 0.62697	 0.61749	 0.60762	 0.59850	 0.59073	 0.58460	 0.58220	 0.58198	 0.58454	 0.58655	 0.58142	 0.56364	 0.53647	 0.50485	 0.47239	 0.44253	 0.41715	 0.39438	 0.37524	 0.35920	 0.34746
8542 	 0.27274	 0.27402	 0.28022	 0.29506	 0.32101	 0.35223	 0.37802	 0.39588	 0.40929	 0.41907	 0.42202	 0.41583	 0.40513	 0.39414	 0.38537	 0.37929	 0.37561	 0.37295	 0.37051	 0.36984	 0.37267	 0.38064	 0.39461	 0.41333	 0.43417	 0.45506	 0.47505	 0.49692	 0.53092	 0.58091	 0.63603	 0.68405	 0.71753	 0.73507	 0.74284	 0.74573	 0.74573	 0.74107	 0.73262	 0.72244	 0.71212	 0.70156	 0.69280	 0.68626	 0.67996	 0.67410	 0.66877	 0.66362	 0.65712	 0.64841	 0.63888	 0.63020	 0.62111	 0.61276	 0.60558	 0.59974	 0.59736	 0.59706	 0.59978	 0.60242	 0.59905	 0.58423	 0.55941	 0.52950	 0.49848	 0.47020	 0.44563	 0.42379	 0.40477	 0.38928	 0.37736
8543 	 0.25862	 0.25952	 0.26500	 0.27871	 0.30330	 0.33347	 0.35904	 0.37719	 0.39097	 0.40099	 0.40399	 0.39780	 0.38716	 0.37634	 0.36757	 0.36153	 0.35776	 0.35494	 0.35218	 0.35097	 0.35308	 0.36034	 0.37365	 0.39179	 0.41218	 0.43268	 0.45219	 0.47308	 0.50490	 0.55143	 0.60274	 0.64759	 0.67916	 0.69565	 0.70296	 0.70596	 0.70633	 0.70250	 0.69526	 0.68641	 0.67738	 0.66802	 0.66036	 0.65476	 0.64934	 0.64425	 0.63957	 0.63506	 0.62925	 0.62128	 0.61219	 0.60393	 0.59529	 0.58722	 0.58033	 0.57464	 0.57217	 0.57152	 0.57397	 0.57658	 0.57351	 0.55955	 0.53665	 0.50885	 0.47989	 0.45325	 0.42992	 0.40882	 0.39136	 0.37592	 0.36477
8544 	 0.24172	 0.24247	 0.24728	 0.25920	 0.28000	 0.30497	 0.32584	 0.34014	 0.35065	 0.35790	 0.35944	 0.35353	 0.34429	 0.33533	 0.32842	 0.32320	 0.31984	 0.31720	 0.31492	 0.31399	 0.31578	 0.32219	 0.33382	 0.34967	 0.36755	 0.38529	 0.40226	 0.42106	 0.45090	 0.49659	 0.54877	 0.59542	 0.62899	 0.64725	 0.65567	 0.65888	 0.65883	 0.65403	 0.64590	 0.63590	 0.62545	 0.61470	 0.60568	 0.59895	 0.59272	 0.58672	 0.58140	 0.57654	 0.57013	 0.56128	 0.55158	 0.54283	 0.53376	 0.52544	 0.51868	 0.51320	 0.51120	 0.51198	 0.51521	 0.51848	 0.51767	 0.50794	 0.49072	 0.46841	 0.44440	 0.42258	 0.40316	 0.38482	 0.36918	 0.35677	 0.34606
8549 	 0.27708	 0.27916	 0.28632	 0.30305	 0.33245	 0.36707	 0.39467	 0.41292	 0.42641	 0.43595	 0.43867	 0.43229	 0.42163	 0.41124	 0.40348	 0.39799	 0.39476	 0.39249	 0.39090	 0.39124	 0.39514	 0.40475	 0.42063	 0.44145	 0.46379	 0.48510	 0.50529	 0.52849	 0.56506	 0.61824	 0.67423	 0.71901	 0.74811	 0.76250	 0.76873	 0.77096	 0.77064	 0.76557	 0.75713	 0.74692	 0.73627	 0.72528	 0.71622	 0.70933	 0.70277	 0.69627	 0.69044	 0.68542	 0.67913	 0.67071	 0.66197	 0.65419	 0.64585	 0.63799	 0.63129	 0.62552	 0.62258	 0.62207	 0.62345	 0.62394	 0.61863	 0.60185	 0.57552	 0.54445	 0.51232	 0.48330	 0.45735	 0.43308	 0.41331	 0.39722	 0.38444
8552 	 0.22741	 0.22812	 0.23336	 0.24708	 0.27237	 0.30436	 0.33322	 0.35501	 0.37229	 0.38525	 0.39012	 0.38432	 0.37254	 0.35991	 0.34991	 0.34305	 0.33898	 0.33573	 0.33199	 0.32947	 0.33022	 0.33630	 0.34899	 0.36765	 0.38994	 0.41335	 0.43573	 0.45769	 0.48829	 0.53330	 0.58587	 0.63665	 0.67632	 0.69991	 0.71177	 0.71702	 0.71855	 0.71552	 0.70895	 0.70063	 0.69206	 0.68299	 0.67551	 0.67034	 0.66564	 0.66119	 0.65714	 0.65313	 0.64713	 0.63828	 0.62815	 0.61861	 0.60843	 0.59898	 0.59093	 0.58454	 0.58191	 0.58155	 0.58411	 0.58570	 0.57925	 0.55919	 0.52879	 0.49403	 0.45885	 0.42677	 0.39875	 0.37507	 0.35508	 0.33891	 0.32603
8556 	 0.26754	 0.26841	 0.27360	 0.28634	 0.30853	 0.33449	 0.35498	 0.36832	 0.37788	 0.38425	 0.38502	 0.37865	 0.36939	 0.36065	 0.35393	 0.34873	 0.34533	 0.34289	 0.34105	 0.34083	 0.34369	 0.35137	 0.36440	 0.38173	 0.40061	 0.41884	 0.43648	 0.45764	 0.49261	 0.54620	 0.60634	 0.65780	 0.69304	 0.71179	 0.72025	 0.72323	 0.72262	 0.71627	 0.70574	 0.69311	 0.67985	 0.66633	 0.65479	 0.64575	 0.63744	 0.62932	 0.62202	 0.61571	 0.60811	 0.59836	 0.58814	 0.57906	 0.56980	 0.56129	 0.55433	 0.54869	 0.54645	 0.54742	 0.55091	 0.55472	 0.55512	 0.54675	 0.53055	 0.50855	 0.48517	 0.46394	 0.44493	 0.42645	 0.41023	 0.39753	 0.38735
8557 	 0.25990	 0.26002	 0.26443	 0.27613	 0.29717	 0.32293	 0.34439	 0.35914	 0.37024	 0.37837	 0.38041	 0.37441	 0.36467	 0.35479	 0.34661	 0.34077	 0.33706	 0.33403	 0.33115	 0.32984	 0.33161	 0.33802	 0.34982	 0.36594	 0.38409	 0.40245	 0.41998	 0.43907	 0.46897	 0.51352	 0.56355	 0.60774	 0.63927	 0.65613	 0.66374	 0.66668	 0.66692	 0.66276	 0.65513	 0.64581	 0.63635	 0.62672	 0.61893	 0.61338	 0.60799	 0.60295	 0.59832	 0.59366	 0.58772	 0.57968	 0.57037	 0.56178	 0.55298	 0.54482	 0.53786	 0.53202	 0.52924	 0.52850	 0.53142	 0.53576	 0.53614	 0.52761	 0.51132	 0.49016	 0.46711	 0.44635	 0.42805	 0.41030	 0.39519	 0.38261	 0.37225
8558 	 0.24165	 0.24228	 0.24766	 0.26141	 0.28635	 0.31728	 0.34460	 0.36522	 0.38149	 0.39343	 0.39753	 0.39164	 0.38057	 0.36903	 0.35974	 0.35333	 0.34960	 0.34664	 0.34314	 0.34081	 0.34160	 0.34761	 0.35969	 0.37745	 0.39850	 0.42054	 0.44157	 0.46237	 0.49200	 0.53581	 0.58717	 0.63726	 0.67713	 0.70135	 0.71381	 0.71946	 0.72130	 0.71845	 0.71193	 0.70336	 0.69437	 0.68495	 0.67725	 0.67188	 0.66687	 0.66236	 0.65810	 0.65376	 0.64769	 0.63867	 0.62817	 0.61812	 0.60753	 0.59786	 0.58953	 0.58267	 0.57954	 0.57895	 0.58175	 0.58410	 0.57851	 0.55960	 0.53116	 0.49808	 0.46447	 0.43389	 0.40722	 0.38401	 0.36440	 0.34825	 0.33695
8561 	 0.28725	 0.28860	 0.29495	 0.31043	 0.33757	 0.36999	 0.39633	 0.41416	 0.42740	 0.43664	 0.43900	 0.43217	 0.42087	 0.40979	 0.40136	 0.39526	 0.39157	 0.38891	 0.38684	 0.38664	 0.38996	 0.39902	 0.41434	 0.43478	 0.45725	 0.47920	 0.50023	 0.52402	 0.56152	 0.61713	 0.67768	 0.72856	 0.76290	 0.78038	 0.78798	 0.79062	 0.79016	 0.78465	 0.77536	 0.76405	 0.75245	 0.74046	 0.73044	 0.72276	 0.71552	 0.70858	 0.70219	 0.69645	 0.68946	 0.68003	 0.67009	 0.66098	 0.65140	 0.64261	 0.63504	 0.62891	 0.62633	 0.62631	 0.62903	 0.63176	 0.62859	 0.61349	 0.58847	 0.55810	 0.52686	 0.49913	 0.47372	 0.45094	 0.43131	 0.41483	 0.40259
8570 	 0.28121	 0.28230	 0.28866	 0.30433	 0.33256	 0.36709	 0.39623	 0.41693	 0.43272	 0.44439	 0.44809	 0.44127	 0.42892	 0.41610	 0.40589	 0.39889	 0.39466	 0.39168	 0.38885	 0.38771	 0.39038	 0.39885	 0.41400	 0.43479	 0.45820	 0.48180	 0.50451	 0.52881	 0.56539	 0.61858	 0.67740	 0.72913	 0.76562	 0.78498	 0.79368	 0.79716	 0.79755	 0.79314	 0.78483	 0.77469	 0.76440	 0.75378	 0.74495	 0.73824	 0.73178	 0.72578	 0.72025	 0.71497	 0.70826	 0.69914	 0.68892	 0.67942	 0.66954	 0.66030	 0.65226	 0.64584	 0.64314	 0.64271	 0.64576	 0.64859	 0.64394	 0.62559	 0.59614	 0.56158	 0.52619	 0.49440	 0.46673	 0.44174	 0.42164	 0.40467	 0.39249
8571 	 0.29136	 0.29195	 0.29783	 0.31303	 0.34057	 0.37460	 0.40375	 0.42474	 0.44090	 0.45278	 0.45658	 0.44965	 0.43710	 0.42408	 0.41372	 0.40660	 0.40231	 0.39904	 0.39568	 0.39407	 0.39617	 0.40408	 0.41883	 0.43945	 0.46293	 0.48667	 0.50947	 0.53320	 0.56840	 0.61981	 0.67716	 0.72851	 0.76531	 0.78517	 0.79415	 0.79776	 0.79835	 0.79429	 0.78645	 0.77682	 0.76693	 0.75651	 0.74811	 0.74197	 0.73608	 0.73068	 0.72553	 0.72053	 0.71415	 0.70509	 0.69503	 0.68547	 0.67534	 0.66603	 0.65794	 0.65142	 0.64847	 0.64785	 0.65098	 0.65441	 0.65093	 0.63405	 0.60616	 0.57286	 0.53904	 0.50866	 0.48241	 0.45790	 0.43772	 0.42121	 0.40843
8582 	 0.25397	 0.25493	 0.26027	 0.27324	 0.29604	 0.32331	 0.34561	 0.36082	 0.37207	 0.38016	 0.38208	 0.37612	 0.36669	 0.35726	 0.34959	 0.34405	 0.34058	 0.33801	 0.33558	 0.33492	 0.33747	 0.34465	 0.35733	 0.37431	 0.39323	 0.41211	 0.43024	 0.45048	 0.48280	 0.53129	 0.58569	 0.63337	 0.66678	 0.68438	 0.69209	 0.69500	 0.69491	 0.69012	 0.68152	 0.67099	 0.66032	 0.64949	 0.64042	 0.63361	 0.62714	 0.62109	 0.61551	 0.61018	 0.60355	 0.59486	 0.58516	 0.57628	 0.56711	 0.55870	 0.55162	 0.54590	 0.54356	 0.54334	 0.54639	 0.54987	 0.54858	 0.53718	 0.51782	 0.49333	 0.46730	 0.44352	 0.42211	 0.40325	 0.38603	 0.37257	 0.36184
8583 	 0.24223	 0.24354	 0.24938	 0.26353	 0.28860	 0.31924	 0.34524	 0.36336	 0.37674	 0.38628	 0.38905	 0.38291	 0.37243	 0.36196	 0.35393	 0.34806	 0.34444	 0.34174	 0.33931	 0.33842	 0.34068	 0.34822	 0.36173	 0.38042	 0.40165	 0.42288	 0.44320	 0.46523	 0.49914	 0.55087	 0.61088	 0.66631	 0.70755	 0.73119	 0.74260	 0.74715	 0.74752	 0.74248	 0.73331	 0.72197	 0.71005	 0.69771	 0.68726	 0.67927	 0.67209	 0.66524	 0.65904	 0.65332	 0.64580	 0.63550	 0.62431	 0.61393	 0.60307	 0.59306	 0.58476	 0.57818	 0.57564	 0.57605	 0.57909	 0.58146	 0.57711	 0.56032	 0.53366	 0.50174	 0.46927	 0.44003	 0.41451	 0.39140	 0.37137	 0.35508	 0.34284
8584 	 0.27546	 0.27658	 0.28287	 0.29849	 0.32678	 0.36168	 0.39162	 0.41331	 0.43015	 0.44273	 0.44718	 0.44069	 0.42841	 0.41562	 0.40553	 0.39873	 0.39472	 0.39164	 0.38840	 0.38687	 0.38909	 0.39708	 0.41187	 0.43256	 0.45619	 0.48019	 0.50322	 0.52710	 0.56215	 0.61319	 0.67017	 0.72136	 0.75813	 0.77787	 0.78692	 0.79058	 0.79122	 0.78738	 0.77996	 0.77079	 0.76149	 0.75162	 0.74360	 0.73783	 0.73226	 0.72702	 0.72216	 0.71743	 0.71122	 0.70235	 0.69231	 0.68287	 0.67289	 0.66349	 0.65518	 0.64835	 0.64518	 0.64416	 0.64644	 0.64828	 0.64216	 0.62184	 0.59060	 0.55475	 0.51832	 0.48570	 0.45730	 0.43192	 0.41092	 0.39313	 0.38034
8585 	 0.21029	 0.21120	 0.21610	 0.22834	 0.25108	 0.27976	 0.30514	 0.32396	 0.33859	 0.34936	 0.35267	 0.34660	 0.33582	 0.32469	 0.31570	 0.30947	 0.30561	 0.30264	 0.29958	 0.29802	 0.29965	 0.30618	 0.31893	 0.33696	 0.35809	 0.38022	 0.40162	 0.42405	 0.45748	 0.50781	 0.56761	 0.62518	 0.66980	 0.69656	 0.71025	 0.71640	 0.71815	 0.71448	 0.70650	 0.69624	 0.68551	 0.67445	 0.66519	 0.65827	 0.65181	 0.64601	 0.64068	 0.63532	 0.62805	 0.61773	 0.60572	 0.59424	 0.58244	 0.57148	 0.56220	 0.55463	 0.55106	 0.55049	 0.55411	 0.55776	 0.55351	 0.53550	 0.50773	 0.47585	 0.44286	 0.41283	 0.38614	 0.36246	 0.34314	 0.32690	 0.31445
8587 	 0.24522	 0.24610	 0.25127	 0.26414	 0.28728	 0.31587	 0.34047	 0.35827	 0.37177	 0.38170	 0.38477	 0.37878	 0.36850	 0.35791	 0.34928	 0.34321	 0.33942	 0.33658	 0.33379	 0.33254	 0.33457	 0.34162	 0.35456	 0.37235	 0.39266	 0.41337	 0.43317	 0.45429	 0.48637	 0.53414	 0.58848	 0.63764	 0.67333	 0.69301	 0.70224	 0.70622	 0.70704	 0.70316	 0.69548	 0.68596	 0.67633	 0.66634	 0.65815	 0.65219	 0.64642	 0.64114	 0.63634	 0.63159	 0.62543	 0.61696	 0.60730	 0.59829	 0.58891	 0.58028	 0.57299	 0.56704	 0.56456	 0.56414	 0.56692	 0.57006	 0.56741	 0.55367	 0.53092	 0.50278	 0.47316	 0.44597	 0.42279	 0.40095	 0.38183	 0.36668	 0.35527
8588 	 0.23030	 0.23122	 0.23676	 0.25068	 0.27606	 0.30810	 0.33671	 0.35788	 0.37443	 0.38715	 0.39204	 0.38642	 0.37467	 0.36171	 0.35139	 0.34447	 0.34032	 0.33717	 0.33360	 0.33144	 0.33261	 0.33895	 0.35174	 0.37024	 0.39223	 0.41537	 0.43767	 0.46011	 0.49205	 0.53913	 0.59445	 0.64859	 0.69149	 0.71740	 0.73062	 0.73647	 0.73810	 0.73450	 0.72686	 0.71721	 0.70741	 0.69723	 0.68876	 0.68268	 0.67714	 0.67218	 0.66763	 0.66300	 0.65647	 0.64700	 0.63604	 0.62571	 0.61499	 0.60495	 0.59646	 0.58990	 0.58731	 0.58713	 0.59023	 0.59269	 0.58696	 0.56676	 0.53571	 0.49979	 0.46332	 0.43061	 0.40222	 0.37740	 0.35705	 0.34071	 0.32846
8589 	 0.24642	 0.24698	 0.25164	 0.26341	 0.28473	 0.31100	 0.33332	 0.34884	 0.36061	 0.36919	 0.37153	 0.36545	 0.35550	 0.34571	 0.33822	 0.33278	 0.32925	 0.32647	 0.32402	 0.32294	 0.32490	 0.33166	 0.34405	 0.36124	 0.38057	 0.39973	 0.41822	 0.43864	 0.47024	 0.51830	 0.57368	 0.62358	 0.65962	 0.67981	 0.68949	 0.69346	 0.69395	 0.68955	 0.68157	 0.67161	 0.66098	 0.65010	 0.64113	 0.63452	 0.62856	 0.62264	 0.61721	 0.61251	 0.60614	 0.59722	 0.58731	 0.57808	 0.56841	 0.55951	 0.55223	 0.54611	 0.54310	 0.54316	 0.54632	 0.54992	 0.54906	 0.53779	 0.51797	 0.49314	 0.46683	 0.44259	 0.42101	 0.40164	 0.38451	 0.37025	 0.35914
8590 	 0.25091	 0.25195	 0.25768	 0.27189	 0.29735	 0.32895	 0.35661	 0.37665	 0.39206	 0.40382	 0.40819	 0.40245	 0.39083	 0.37819	 0.36806	 0.36119	 0.35704	 0.35392	 0.35067	 0.34885	 0.35042	 0.35712	 0.37001	 0.38830	 0.40962	 0.43177	 0.45320	 0.47531	 0.50761	 0.55485	 0.60914	 0.66047	 0.69969	 0.72221	 0.73308	 0.73775	 0.73887	 0.73511	 0.72741	 0.71786	 0.70813	 0.69792	 0.68952	 0.68338	 0.67766	 0.67243	 0.66766	 0.66294	 0.65652	 0.64732	 0.63683	 0.62710	 0.61696	 0.60756	 0.59960	 0.59341	 0.59108	 0.59110	 0.59435	 0.59733	 0.59307	 0.57526	 0.54656	 0.51298	 0.47896	 0.44812	 0.42142	 0.39780	 0.37792	 0.36246	 0.35017
8593 	 0.18938	 0.19010	 0.19443	 0.20550	 0.22583	 0.25123	 0.27392	 0.29068	 0.30375	 0.31343	 0.31649	 0.31112	 0.30125	 0.29102	 0.28308	 0.27738	 0.27379	 0.27093	 0.26798	 0.26628	 0.26714	 0.27241	 0.28313	 0.29862	 0.31701	 0.33642	 0.35524	 0.37459	 0.40304	 0.44667	 0.49964	 0.55230	 0.59487	 0.62167	 0.63615	 0.64284	 0.64465	 0.64132	 0.63414	 0.62484	 0.61488	 0.60448	 0.59569	 0.58930	 0.58371	 0.57858	 0.57386	 0.56913	 0.56235	 0.55243	 0.54099	 0.53012	 0.51892	 0.50873	 0.50027	 0.49347	 0.49054	 0.49079	 0.49461	 0.49831	 0.49549	 0.48059	 0.45680	 0.42889	 0.39980	 0.37306	 0.34899	 0.32833	 0.31056	 0.29593	 0.28471
8594 	 0.20976	 0.21032	 0.21497	 0.22710	 0.24938	 0.27714	 0.30222	 0.32125	 0.33635	 0.34757	 0.35127	 0.34554	 0.33478	 0.32342	 0.31434	 0.30797	 0.30411	 0.30108	 0.29757	 0.29524	 0.29583	 0.30120	 0.31248	 0.32912	 0.34927	 0.37075	 0.39146	 0.41204	 0.44135	 0.48516	 0.53759	 0.58959	 0.63146	 0.65725	 0.67067	 0.67675	 0.67868	 0.67578	 0.66918	 0.66059	 0.65155	 0.64202	 0.63406	 0.62849	 0.62338	 0.61874	 0.61441	 0.61003	 0.60366	 0.59428	 0.58321	 0.57263	 0.56165	 0.55166	 0.54322	 0.53644	 0.53370	 0.53375	 0.53742	 0.54077	 0.53658	 0.51944	 0.49284	 0.46231	 0.43049	 0.40144	 0.37557	 0.35318	 0.33410	 0.31895	 0.30781
8595 	 0.21929	 0.22027	 0.22558	 0.23858	 0.26194	 0.29060	 0.31561	 0.33377	 0.34762	 0.35779	 0.36105	 0.35548	 0.34537	 0.33496	 0.32667	 0.32079	 0.31721	 0.31447	 0.31162	 0.31005	 0.31151	 0.31783	 0.32993	 0.34689	 0.36664	 0.38701	 0.40659	 0.42669	 0.45650	 0.50163	 0.55449	 0.60483	 0.64370	 0.66683	 0.67869	 0.68392	 0.68533	 0.68182	 0.67446	 0.66502	 0.65521	 0.64508	 0.63659	 0.63048	 0.62497	 0.61977	 0.61491	 0.61018	 0.60389	 0.59479	 0.58437	 0.57461	 0.56443	 0.55516	 0.54746	 0.54118	 0.53855	 0.53824	 0.54085	 0.54273	 0.53766	 0.52076	 0.49496	 0.46493	 0.43384	 0.40554	 0.37997	 0.35870	 0.33970	 0.32396	 0.31269
8596 	 0.19652	 0.19744	 0.20229	 0.21435	 0.23654	 0.26429	 0.28896	 0.30723	 0.32143	 0.33191	 0.33508	 0.32929	 0.31899	 0.30828	 0.29964	 0.29358	 0.28992	 0.28713	 0.28400	 0.28225	 0.28352	 0.28959	 0.30152	 0.31848	 0.33865	 0.36001	 0.38062	 0.40182	 0.43316	 0.48067	 0.53772	 0.59360	 0.63777	 0.66476	 0.67871	 0.68500	 0.68678	 0.68314	 0.67528	 0.66536	 0.65494	 0.64402	 0.63478	 0.62807	 0.62199	 0.61635	 0.61121	 0.60603	 0.59892	 0.58887	 0.57710	 0.56596	 0.55454	 0.54406	 0.53519	 0.52826	 0.52550	 0.52569	 0.52957	 0.53300	 0.52845	 0.51070	 0.48390	 0.45261	 0.42065	 0.39101	 0.36491	 0.34227	 0.32302	 0.30744	 0.29503
8597 	 0.26521	 0.26654	 0.27301	 0.28876	 0.31651	 0.35022	 0.37920	 0.40017	 0.41629	 0.42805	 0.43189	 0.42556	 0.41368	 0.40123	 0.39153	 0.38486	 0.38101	 0.37821	 0.37524	 0.37371	 0.37570	 0.38328	 0.39725	 0.41679	 0.43932	 0.46229	 0.48421	 0.50693	 0.54033	 0.58938	 0.64483	 0.69586	 0.73361	 0.75471	 0.76464	 0.76867	 0.76937	 0.76529	 0.75749	 0.74795	 0.73827	 0.72807	 0.71962	 0.71341	 0.70755	 0.70204	 0.69700	 0.69211	 0.68552	 0.67648	 0.66645	 0.65714	 0.64732	 0.63816	 0.63029	 0.62423	 0.62202	 0.62205	 0.62462	 0.62629	 0.62025	 0.60061	 0.57023	 0.53479	 0.49900	 0.46670	 0.43895	 0.41522	 0.39421	 0.37773	 0.36543
