4456 	 0.25989	 0.26019	 0.26490	 0.27903	 0.30435	 0.33602	 0.36501	 0.38676	 0.40400	 0.41658	 0.42101	 0.41441	 0.40204	 0.38908	 0.37940	 0.37278	 0.36850	 0.36524	 0.36123	 0.35848	 0.35915	 0.36586	 0.37902	 0.39802	 0.42044	 0.44315	 0.46590	 0.48822	 0.51866	 0.56378	 0.61655	 0.66692	 0.70407	 0.72567	 0.73669	 0.74168	 0.74288	 0.74003	 0.73363	 0.72522	 0.71677	 0.70826	 0.70057	 0.69511	 0.69110	 0.68767	 0.68359	 0.67953	 0.67359	 0.66449	 0.65436	 0.64552	 0.63569	 0.62662	 0.62036	 0.61412	 0.61099	 0.61091	 0.61448	 0.61829	 0.61527	 0.59780	 0.56889	 0.53558	 0.50058	 0.46989	 0.44296	 0.41881	 0.39927	 0.38242	 0.36874
8249 	 0.23006	 0.23026	 0.23488	 0.24766	 0.27037	 0.29877	 0.32470	 0.34448	 0.36056	 0.37263	 0.37681	 0.37151	 0.36018	 0.34825	 0.33918	 0.33288	 0.32887	 0.32572	 0.32169	 0.31884	 0.31884	 0.32367	 0.33443	 0.35064	 0.37043	 0.39114	 0.41159	 0.43107	 0.45730	 0.49578	 0.54150	 0.58709	 0.62419	 0.64806	 0.66084	 0.66652	 0.66848	 0.66642	 0.66085	 0.65326	 0.64533	 0.63735	 0.63047	 0.62590	 0.62233	 0.61936	 0.61572	 0.61227	 0.60712	 0.59880	 0.58911	 0.58022	 0.57075	 0.56193	 0.55550	 0.54977	 0.54707	 0.54763	 0.55141	 0.55513	 0.55290	 0.53692	 0.51091	 0.48058	 0.44959	 0.42126	 0.39580	 0.37408	 0.35547	 0.34035	 0.32859
8539 	 0.24329	 0.24375	 0.24752	 0.25847	 0.27757	 0.30041	 0.31946	 0.33234	 0.34196	 0.34849	 0.34978	 0.34470	 0.33657	 0.32828	 0.32190	 0.31689	 0.31335	 0.31102	 0.30859	 0.30796	 0.30995	 0.31668	 0.32821	 0.34345	 0.36009	 0.37658	 0.39384	 0.41336	 0.44508	 0.49310	 0.54716	 0.59505	 0.62757	 0.64559	 0.65446	 0.65780	 0.65744	 0.65232	 0.64284	 0.63136	 0.61964	 0.60850	 0.59850	 0.59090	 0.58440	 0.57854	 0.57240	 0.56680	 0.55989	 0.55051	 0.54035	 0.53201	 0.52290	 0.51455	 0.50894	 0.50352	 0.50103	 0.50138	 0.50512	 0.51076	 0.51418	 0.50872	 0.49521	 0.47600	 0.45411	 0.43340	 0.41454	 0.39739	 0.38045	 0.36733	 0.35636
8540 	 0.27662	 0.27637	 0.27956	 0.28990	 0.30858	 0.33105	 0.34937	 0.36118	 0.36965	 0.37563	 0.37638	 0.37045	 0.36159	 0.35242	 0.34553	 0.33970	 0.33574	 0.33292	 0.33023	 0.32914	 0.33125	 0.33841	 0.35035	 0.36629	 0.38332	 0.39997	 0.41746	 0.43799	 0.47195	 0.52326	 0.58005	 0.62892	 0.66087	 0.67775	 0.68558	 0.68835	 0.68750	 0.68106	 0.67054	 0.65795	 0.64502	 0.63309	 0.62211	 0.61347	 0.60638	 0.59963	 0.59307	 0.58718	 0.57971	 0.56992	 0.56017	 0.55219	 0.54311	 0.53493	 0.52941	 0.52412	 0.52184	 0.52239	 0.52730	 0.53515	 0.54262	 0.54295	 0.53480	 0.51871	 0.50021	 0.48150	 0.46465	 0.44865	 0.43363	 0.42049	 0.40926
8541 	 0.24669	 0.24769	 0.25285	 0.26697	 0.29188	 0.32252	 0.34927	 0.36842	 0.38327	 0.39432	 0.39791	 0.39181	 0.38094	 0.36955	 0.36116	 0.35512	 0.35117	 0.34842	 0.34519	 0.34353	 0.34517	 0.35259	 0.36584	 0.38437	 0.40530	 0.42595	 0.44694	 0.46851	 0.49993	 0.54682	 0.60136	 0.65248	 0.68944	 0.71083	 0.72180	 0.72661	 0.72736	 0.72342	 0.71560	 0.70567	 0.69564	 0.68577	 0.67692	 0.67034	 0.66521	 0.66063	 0.65563	 0.65086	 0.64406	 0.63439	 0.62392	 0.61489	 0.60495	 0.59577	 0.58941	 0.58319	 0.58005	 0.57951	 0.58206	 0.58463	 0.58063	 0.56419	 0.53734	 0.50551	 0.47299	 0.44402	 0.41831	 0.39578	 0.37623	 0.36078	 0.34719
8542 	 0.27256	 0.27382	 0.27933	 0.29412	 0.31997	 0.35121	 0.37745	 0.39566	 0.40950	 0.41963	 0.42301	 0.41678	 0.40598	 0.39482	 0.38659	 0.38058	 0.37667	 0.37413	 0.37144	 0.37053	 0.37305	 0.38151	 0.39578	 0.41497	 0.43601	 0.45631	 0.47702	 0.49933	 0.53325	 0.58331	 0.63912	 0.68829	 0.72135	 0.73934	 0.74803	 0.75149	 0.75149	 0.74680	 0.73827	 0.72760	 0.71698	 0.70662	 0.69725	 0.69012	 0.68451	 0.67944	 0.67392	 0.66885	 0.66210	 0.65264	 0.64289	 0.63467	 0.62542	 0.61692	 0.61104	 0.60516	 0.60210	 0.60177	 0.60481	 0.60864	 0.60727	 0.59338	 0.56881	 0.53851	 0.50654	 0.47770	 0.45214	 0.42944	 0.41077	 0.39353	 0.38055
8543 	 0.25614	 0.25696	 0.26182	 0.27556	 0.29997	 0.33008	 0.35581	 0.37394	 0.38783	 0.39830	 0.40156	 0.39527	 0.38457	 0.37344	 0.36542	 0.35939	 0.35554	 0.35282	 0.34983	 0.34848	 0.35043	 0.35817	 0.37163	 0.38992	 0.41026	 0.42994	 0.44988	 0.47115	 0.50255	 0.54840	 0.59952	 0.64467	 0.67503	 0.69142	 0.69955	 0.70309	 0.70346	 0.69951	 0.69246	 0.68332	 0.67396	 0.66512	 0.65693	 0.65086	 0.64624	 0.64175	 0.63714	 0.63287	 0.62676	 0.61809	 0.60918	 0.60166	 0.59277	 0.58467	 0.57910	 0.57340	 0.57028	 0.56958	 0.57253	 0.57597	 0.57494	 0.56294	 0.54102	 0.51323	 0.48425	 0.45747	 0.43364	 0.41145	 0.39464	 0.37841	 0.36562
8544 	 0.23328	 0.23390	 0.23810	 0.24973	 0.27022	 0.29499	 0.31583	 0.33029	 0.34132	 0.34894	 0.35063	 0.34553	 0.33674	 0.32777	 0.32087	 0.31563	 0.31206	 0.30963	 0.30684	 0.30595	 0.30783	 0.31438	 0.32616	 0.34191	 0.35945	 0.37685	 0.39445	 0.41361	 0.44402	 0.48986	 0.54184	 0.58845	 0.62117	 0.63989	 0.64900	 0.65216	 0.65231	 0.64810	 0.63956	 0.62905	 0.61822	 0.60781	 0.59875	 0.59200	 0.58613	 0.58092	 0.57528	 0.57007	 0.56374	 0.55488	 0.54491	 0.53654	 0.52770	 0.51951	 0.51354	 0.50813	 0.50556	 0.50594	 0.50917	 0.51320	 0.51484	 0.50688	 0.49057	 0.46891	 0.44454	 0.42209	 0.40153	 0.38281	 0.36577	 0.35223	 0.34006
8549 	 0.27487	 0.27679	 0.28367	 0.30060	 0.33004	 0.36413	 0.39122	 0.40979	 0.42396	 0.43357	 0.43640	 0.43063	 0.42039	 0.41017	 0.40245	 0.39696	 0.39344	 0.39121	 0.38903	 0.38936	 0.39346	 0.40320	 0.41924	 0.44006	 0.46256	 0.48350	 0.50425	 0.52760	 0.56455	 0.61802	 0.67418	 0.71937	 0.74810	 0.76365	 0.77095	 0.77339	 0.77324	 0.76865	 0.75995	 0.74906	 0.73825	 0.72736	 0.71799	 0.71075	 0.70453	 0.69888	 0.69276	 0.68736	 0.68111	 0.67263	 0.66354	 0.65582	 0.64753	 0.63962	 0.63385	 0.62821	 0.62464	 0.62393	 0.62553	 0.62680	 0.62363	 0.60809	 0.58172	 0.55040	 0.51766	 0.48706	 0.46009	 0.43660	 0.41594	 0.39921	 0.38521
8552 	 0.22828	 0.22886	 0.23391	 0.24835	 0.27393	 0.30616	 0.33546	 0.35727	 0.37468	 0.38776	 0.39234	 0.38609	 0.37391	 0.36109	 0.35159	 0.34507	 0.34083	 0.33751	 0.33341	 0.33082	 0.33157	 0.33828	 0.35146	 0.37055	 0.39319	 0.41611	 0.43896	 0.46122	 0.49157	 0.53665	 0.58998	 0.64167	 0.68081	 0.70404	 0.71630	 0.72190	 0.72338	 0.72057	 0.71383	 0.70521	 0.69630	 0.68734	 0.67943	 0.67405	 0.66987	 0.66622	 0.66195	 0.65785	 0.65182	 0.64248	 0.63177	 0.62254	 0.61245	 0.60288	 0.59617	 0.58964	 0.58621	 0.58553	 0.58764	 0.58890	 0.58264	 0.56232	 0.53137	 0.49639	 0.46124	 0.42981	 0.40265	 0.37874	 0.35814	 0.34251	 0.32933
8556 	 0.26239	 0.26315	 0.26801	 0.28041	 0.30245	 0.32821	 0.34885	 0.36279	 0.37315	 0.37986	 0.38118	 0.37569	 0.36684	 0.35816	 0.35134	 0.34598	 0.34232	 0.33993	 0.33773	 0.33753	 0.34062	 0.34830	 0.36139	 0.37870	 0.39765	 0.41574	 0.43411	 0.45536	 0.49140	 0.54554	 0.60534	 0.65624	 0.69065	 0.70974	 0.71870	 0.72151	 0.72102	 0.71503	 0.70422	 0.69112	 0.67765	 0.66443	 0.65295	 0.64398	 0.63590	 0.62854	 0.62110	 0.61450	 0.60709	 0.59755	 0.58737	 0.57853	 0.56940	 0.56090	 0.55448	 0.54904	 0.54657	 0.54750	 0.55146	 0.55675	 0.56017	 0.55436	 0.53906	 0.51784	 0.49327	 0.47049	 0.44935	 0.42874	 0.41269	 0.39752	 0.38568
8557 	 0.25619	 0.25630	 0.25983	 0.27118	 0.29207	 0.31799	 0.33996	 0.35513	 0.36662	 0.37529	 0.37794	 0.37194	 0.36216	 0.35196	 0.34436	 0.33862	 0.33465	 0.33178	 0.32872	 0.32721	 0.32871	 0.33557	 0.34758	 0.36403	 0.38211	 0.39981	 0.41814	 0.43793	 0.46785	 0.51221	 0.56210	 0.60664	 0.63732	 0.65435	 0.66281	 0.66640	 0.66651	 0.66228	 0.65455	 0.64486	 0.63509	 0.62600	 0.61774	 0.61178	 0.60708	 0.60280	 0.59819	 0.59383	 0.58763	 0.57881	 0.56960	 0.56183	 0.55277	 0.54458	 0.53893	 0.53293	 0.52952	 0.52887	 0.53255	 0.53871	 0.54216	 0.53627	 0.52094	 0.49946	 0.47667	 0.45447	 0.43491	 0.41610	 0.39993	 0.38499	 0.37344
8558 	 0.23851	 0.23913	 0.24408	 0.25829	 0.28331	 0.31442	 0.34237	 0.36326	 0.37977	 0.39189	 0.39601	 0.38983	 0.37859	 0.36678	 0.35802	 0.35191	 0.34788	 0.34487	 0.34108	 0.33861	 0.33930	 0.34576	 0.35827	 0.37644	 0.39779	 0.41938	 0.44107	 0.46235	 0.49171	 0.53561	 0.58802	 0.63938	 0.67883	 0.70301	 0.71578	 0.72175	 0.72337	 0.72038	 0.71368	 0.70474	 0.69558	 0.68647	 0.67818	 0.67228	 0.66800	 0.66426	 0.66002	 0.65579	 0.64931	 0.63944	 0.62873	 0.61907	 0.60838	 0.59860	 0.59176	 0.58501	 0.58115	 0.58065	 0.58383	 0.58674	 0.58192	 0.56261	 0.53348	 0.50053	 0.46686	 0.43583	 0.40894	 0.38590	 0.36634	 0.34966	 0.33714
8561 	 0.28644	 0.28759	 0.29316	 0.30861	 0.33566	 0.36775	 0.39410	 0.41224	 0.42604	 0.43533	 0.43770	 0.43134	 0.42045	 0.40950	 0.40122	 0.39522	 0.39125	 0.38865	 0.38596	 0.38560	 0.38903	 0.39836	 0.41396	 0.43449	 0.45698	 0.47841	 0.50007	 0.52414	 0.56191	 0.61786	 0.67910	 0.73120	 0.76520	 0.78336	 0.79191	 0.79501	 0.79455	 0.78931	 0.77967	 0.76774	 0.75584	 0.74409	 0.73356	 0.72539	 0.71854	 0.71241	 0.70583	 0.69991	 0.69263	 0.68280	 0.67235	 0.66346	 0.65402	 0.64513	 0.63902	 0.63306	 0.62989	 0.62989	 0.63312	 0.63757	 0.63710	 0.62379	 0.59909	 0.56874	 0.53666	 0.50708	 0.48140	 0.45713	 0.43718	 0.41953	 0.40634
8570 	 0.27735	 0.27862	 0.28437	 0.30029	 0.32850	 0.36308	 0.39276	 0.41365	 0.42956	 0.44162	 0.44528	 0.43828	 0.42569	 0.41264	 0.40321	 0.39644	 0.39216	 0.38919	 0.38596	 0.38464	 0.38724	 0.39633	 0.41184	 0.43304	 0.45677	 0.47971	 0.50283	 0.52746	 0.56385	 0.61710	 0.67687	 0.72992	 0.76579	 0.78524	 0.79461	 0.79844	 0.79874	 0.79435	 0.78604	 0.77550	 0.76488	 0.75458	 0.74502	 0.73770	 0.73195	 0.72668	 0.72105	 0.71593	 0.70875	 0.69874	 0.68843	 0.67957	 0.66940	 0.65998	 0.65360	 0.64715	 0.64374	 0.64341	 0.64690	 0.65034	 0.64690	 0.62897	 0.59932	 0.56367	 0.52820	 0.49587	 0.46760	 0.44302	 0.42215	 0.40414	 0.39036
8571 	 0.28949	 0.29014	 0.29540	 0.31074	 0.33839	 0.37267	 0.40256	 0.42397	 0.44046	 0.45258	 0.45650	 0.44920	 0.43655	 0.42350	 0.41383	 0.40693	 0.40240	 0.39915	 0.39556	 0.39366	 0.39565	 0.40418	 0.41930	 0.44043	 0.46440	 0.48770	 0.51098	 0.53506	 0.57013	 0.62193	 0.68073	 0.73374	 0.77020	 0.79047	 0.80026	 0.80440	 0.80490	 0.80084	 0.79296	 0.78279	 0.77256	 0.76252	 0.75325	 0.74631	 0.74100	 0.73637	 0.73129	 0.72645	 0.71949	 0.70956	 0.69927	 0.69008	 0.67977	 0.67036	 0.66382	 0.65749	 0.65386	 0.65361	 0.65769	 0.66272	 0.66109	 0.64476	 0.61659	 0.58210	 0.54756	 0.51557	 0.48761	 0.46290	 0.44198	 0.42496	 0.41092
8582 	 0.24697	 0.24775	 0.25218	 0.26478	 0.28700	 0.31373	 0.33591	 0.35103	 0.36233	 0.37083	 0.37321	 0.36758	 0.35829	 0.34872	 0.34159	 0.33613	 0.33248	 0.33004	 0.32767	 0.32676	 0.32890	 0.33643	 0.34905	 0.36595	 0.38442	 0.40238	 0.42092	 0.44155	 0.47380	 0.52180	 0.57575	 0.62343	 0.65568	 0.67326	 0.68178	 0.68527	 0.68512	 0.68008	 0.67142	 0.66055	 0.64951	 0.63899	 0.62945	 0.62217	 0.61644	 0.61125	 0.60572	 0.60068	 0.59386	 0.58447	 0.57478	 0.56657	 0.55729	 0.54901	 0.54328	 0.53761	 0.53462	 0.53429	 0.53795	 0.54280	 0.54403	 0.53521	 0.51692	 0.49355	 0.46764	 0.44368	 0.42210	 0.40220	 0.38502	 0.37008	 0.35831
8583 	 0.23940	 0.24053	 0.24582	 0.26029	 0.28553	 0.31611	 0.34183	 0.35992	 0.37378	 0.38342	 0.38609	 0.38049	 0.37026	 0.35970	 0.35173	 0.34596	 0.34206	 0.33953	 0.33664	 0.33573	 0.33809	 0.34588	 0.35974	 0.37852	 0.39961	 0.42036	 0.44124	 0.46350	 0.49758	 0.54946	 0.60958	 0.66542	 0.70574	 0.72904	 0.74073	 0.74524	 0.74569	 0.74098	 0.73146	 0.71950	 0.70741	 0.69535	 0.68478	 0.67668	 0.66997	 0.66405	 0.65767	 0.65162	 0.64410	 0.63375	 0.62215	 0.61203	 0.60148	 0.59166	 0.58460	 0.57822	 0.57508	 0.57517	 0.57820	 0.58093	 0.57757	 0.56099	 0.53440	 0.50249	 0.46997	 0.44060	 0.41424	 0.39131	 0.37221	 0.35546	 0.34263
8584 	 0.27282	 0.27389	 0.27959	 0.29548	 0.32375	 0.35871	 0.38905	 0.41077	 0.42774	 0.44040	 0.44476	 0.43792	 0.42553	 0.41272	 0.40341	 0.39684	 0.39259	 0.38953	 0.38599	 0.38425	 0.38635	 0.39490	 0.41010	 0.43124	 0.45517	 0.47849	 0.50186	 0.52591	 0.56056	 0.61162	 0.66995	 0.72269	 0.75911	 0.77906	 0.78874	 0.79293	 0.79348	 0.78977	 0.78222	 0.77256	 0.76292	 0.75328	 0.74456	 0.73812	 0.73321	 0.72870	 0.72371	 0.71907	 0.71239	 0.70259	 0.69217	 0.68317	 0.67299	 0.66338	 0.65658	 0.64988	 0.64580	 0.64469	 0.64725	 0.64955	 0.64460	 0.62485	 0.59320	 0.55691	 0.52012	 0.48736	 0.45836	 0.43367	 0.41195	 0.39501	 0.38135
8585 	 0.20949	 0.21029	 0.21470	 0.22759	 0.25059	 0.27958	 0.30500	 0.32364	 0.33844	 0.34971	 0.35310	 0.34657	 0.33547	 0.32392	 0.31569	 0.30962	 0.30571	 0.30288	 0.29983	 0.29797	 0.29944	 0.30666	 0.31969	 0.33822	 0.35943	 0.38094	 0.40295	 0.42589	 0.45944	 0.50997	 0.57027	 0.62853	 0.67218	 0.69838	 0.71217	 0.71850	 0.72013	 0.71627	 0.70815	 0.69750	 0.68644	 0.67571	 0.66583	 0.65847	 0.65291	 0.64799	 0.64255	 0.63729	 0.62954	 0.61846	 0.60648	 0.59550	 0.58346	 0.57263	 0.56455	 0.55696	 0.55280	 0.55224	 0.55596	 0.55976	 0.55520	 0.53693	 0.50893	 0.47619	 0.44306	 0.41322	 0.38707	 0.36409	 0.34363	 0.32808	 0.31456
8587 	 0.24103	 0.24176	 0.24633	 0.25922	 0.28230	 0.31106	 0.33608	 0.35388	 0.36753	 0.37803	 0.38137	 0.37522	 0.36477	 0.35389	 0.34584	 0.33989	 0.33604	 0.33332	 0.33028	 0.32891	 0.33072	 0.33826	 0.35144	 0.36970	 0.38993	 0.40998	 0.43047	 0.45219	 0.48435	 0.53199	 0.58667	 0.63669	 0.67172	 0.69144	 0.70151	 0.70596	 0.70665	 0.70269	 0.69504	 0.68511	 0.67502	 0.66542	 0.65666	 0.65015	 0.64527	 0.64066	 0.63582	 0.63121	 0.62460	 0.61530	 0.60557	 0.59717	 0.58755	 0.57877	 0.57276	 0.56672	 0.56357	 0.56293	 0.56612	 0.57009	 0.56921	 0.55661	 0.53364	 0.50591	 0.47579	 0.44822	 0.42389	 0.40179	 0.38308	 0.36706	 0.35393
8588 	 0.22957	 0.23049	 0.23562	 0.25004	 0.27555	 0.30773	 0.33657	 0.35760	 0.37430	 0.38715	 0.39186	 0.38571	 0.37345	 0.36034	 0.35074	 0.34412	 0.33984	 0.33674	 0.33295	 0.33067	 0.33166	 0.33865	 0.35185	 0.37078	 0.39288	 0.41525	 0.43800	 0.46061	 0.49214	 0.53891	 0.59485	 0.65001	 0.69209	 0.71743	 0.73075	 0.73668	 0.73803	 0.73458	 0.72692	 0.71692	 0.70676	 0.69689	 0.68805	 0.68168	 0.67696	 0.67275	 0.66816	 0.66350	 0.65665	 0.64648	 0.63530	 0.62553	 0.61479	 0.60489	 0.59788	 0.59122	 0.58789	 0.58757	 0.59036	 0.59274	 0.58704	 0.56655	 0.53491	 0.49890	 0.46307	 0.43107	 0.40375	 0.37824	 0.35998	 0.34255	 0.32918
8589 	 0.23819	 0.23852	 0.24292	 0.25445	 0.27579	 0.30207	 0.32449	 0.34048	 0.35290	 0.36184	 0.36459	 0.35874	 0.34884	 0.33913	 0.33164	 0.32599	 0.32230	 0.31964	 0.31697	 0.31581	 0.31791	 0.32467	 0.33708	 0.35432	 0.37385	 0.39304	 0.41225	 0.43290	 0.46546	 0.51427	 0.56972	 0.61920	 0.65479	 0.67536	 0.68546	 0.68944	 0.69023	 0.68622	 0.67797	 0.66761	 0.65680	 0.64619	 0.63713	 0.63037	 0.62453	 0.61924	 0.61370	 0.60875	 0.60242	 0.59340	 0.58344	 0.57434	 0.56481	 0.55581	 0.54892	 0.54298	 0.53971	 0.53974	 0.54317	 0.54767	 0.54891	 0.53894	 0.51937	 0.49470	 0.46798	 0.44276	 0.41971	 0.39820	 0.38125	 0.36591	 0.35365
8590 	 0.24733	 0.24835	 0.25365	 0.26811	 0.29351	 0.32517	 0.35315	 0.37311	 0.38866	 0.40090	 0.40529	 0.39913	 0.38701	 0.37403	 0.36472	 0.35809	 0.35391	 0.35089	 0.34741	 0.34537	 0.34676	 0.35404	 0.36726	 0.38604	 0.40751	 0.42906	 0.45094	 0.47344	 0.50540	 0.55248	 0.60749	 0.65998	 0.69843	 0.72063	 0.73196	 0.73689	 0.73792	 0.73410	 0.72637	 0.71644	 0.70622	 0.69637	 0.68753	 0.68104	 0.67608	 0.67144	 0.66659	 0.66202	 0.65516	 0.64515	 0.63464	 0.62551	 0.61518	 0.60574	 0.59910	 0.59301	 0.58996	 0.58973	 0.59312	 0.59641	 0.59253	 0.57501	 0.54641	 0.51259	 0.47841	 0.44819	 0.42171	 0.39830	 0.37950	 0.36293	 0.35005
8593 	 0.18427	 0.18471	 0.18861	 0.20018	 0.22042	 0.24554	 0.26808	 0.28456	 0.29770	 0.30755	 0.31061	 0.30531	 0.29551	 0.28515	 0.27749	 0.27192	 0.26831	 0.26566	 0.26248	 0.26069	 0.26148	 0.26722	 0.27822	 0.29373	 0.31164	 0.33043	 0.34978	 0.36960	 0.39832	 0.44208	 0.49488	 0.54767	 0.58926	 0.61544	 0.62980	 0.63644	 0.63828	 0.63514	 0.62765	 0.61793	 0.60767	 0.59775	 0.58886	 0.58245	 0.57735	 0.57290	 0.56818	 0.56337	 0.55653	 0.54634	 0.53446	 0.52411	 0.51316	 0.50302	 0.49558	 0.48867	 0.48520	 0.48501	 0.48839	 0.49213	 0.48930	 0.47428	 0.45071	 0.42335	 0.39419	 0.36830	 0.34464	 0.32417	 0.30689	 0.29188	 0.27992
8594 	 0.20719	 0.20755	 0.21197	 0.22462	 0.24687	 0.27474	 0.30012	 0.31912	 0.33436	 0.34581	 0.34945	 0.34342	 0.33245	 0.32086	 0.31222	 0.30618	 0.30218	 0.29916	 0.29552	 0.29305	 0.29346	 0.29944	 0.31104	 0.32803	 0.34811	 0.36910	 0.39046	 0.41150	 0.44066	 0.48449	 0.53720	 0.58976	 0.63077	 0.65593	 0.66943	 0.67580	 0.67757	 0.67460	 0.66787	 0.65896	 0.64960	 0.64058	 0.63212	 0.62612	 0.62166	 0.61779	 0.61348	 0.60908	 0.60248	 0.59240	 0.58110	 0.57109	 0.56015	 0.55009	 0.54294	 0.53616	 0.53279	 0.53280	 0.53649	 0.54004	 0.53616	 0.51887	 0.49251	 0.46093	 0.42964	 0.40125	 0.37588	 0.35384	 0.33473	 0.31887	 0.30605
8595 	 0.21811	 0.21896	 0.22372	 0.23703	 0.26016	 0.28854	 0.31343	 0.33133	 0.34524	 0.35549	 0.35875	 0.35322	 0.34323	 0.33272	 0.32485	 0.31921	 0.31546	 0.31281	 0.30961	 0.30807	 0.30942	 0.31606	 0.32835	 0.34543	 0.36485	 0.38442	 0.40437	 0.42479	 0.45449	 0.49938	 0.55233	 0.60297	 0.64096	 0.66389	 0.67611	 0.68167	 0.68292	 0.67942	 0.67175	 0.66189	 0.65177	 0.64189	 0.63309	 0.62675	 0.62172	 0.61727	 0.61245	 0.60773	 0.60115	 0.59166	 0.58095	 0.57169	 0.56164	 0.55239	 0.54585	 0.53961	 0.53637	 0.53584	 0.53815	 0.54058	 0.53680	 0.52079	 0.49580	 0.46537	 0.43490	 0.40733	 0.38238	 0.36072	 0.34211	 0.32681	 0.31439
8596 	 0.19442	 0.19522	 0.19973	 0.21238	 0.23453	 0.26213	 0.28670	 0.30478	 0.31902	 0.32964	 0.33294	 0.32697	 0.31641	 0.30544	 0.29739	 0.29152	 0.28772	 0.28506	 0.28184	 0.28000	 0.28113	 0.28771	 0.29991	 0.31721	 0.33718	 0.35771	 0.37881	 0.40048	 0.43177	 0.47925	 0.53630	 0.59229	 0.63518	 0.66119	 0.67513	 0.68157	 0.68320	 0.67959	 0.67147	 0.66126	 0.65059	 0.64021	 0.63069	 0.62376	 0.61824	 0.61326	 0.60809	 0.60302	 0.59578	 0.58507	 0.57303	 0.56259	 0.55118	 0.54067	 0.53309	 0.52622	 0.52298	 0.52300	 0.52675	 0.53000	 0.52572	 0.50795	 0.48105	 0.45002	 0.41809	 0.38967	 0.36364	 0.34272	 0.32286	 0.30771	 0.29449
8597 	 0.26289	 0.26411	 0.26993	 0.28582	 0.31336	 0.34682	 0.37598	 0.39683	 0.41294	 0.42458	 0.42835	 0.42183	 0.40992	 0.39763	 0.38854	 0.38217	 0.37805	 0.37525	 0.37192	 0.37027	 0.37219	 0.38015	 0.39437	 0.41407	 0.43649	 0.45861	 0.48079	 0.50349	 0.53619	 0.58480	 0.64062	 0.69230	 0.72917	 0.74983	 0.76020	 0.76451	 0.76515	 0.76136	 0.75342	 0.74347	 0.73349	 0.72370	 0.71475	 0.70820	 0.70296	 0.69833	 0.69322	 0.68845	 0.68187	 0.67232	 0.66192	 0.65308	 0.64342	 0.63443	 0.62817	 0.62206	 0.61910	 0.61902	 0.62152	 0.62353	 0.61853	 0.59937	 0.56950	 0.53407	 0.49869	 0.46683	 0.43899	 0.41406	 0.39463	 0.37760	 0.36465
