4456 	 0.25636	 0.25695	 0.26256	 0.27628	 0.30165	 0.33414	 0.36319	 0.38487	 0.40235	 0.41504	 0.41967	 0.41312	 0.40007	 0.38659	 0.37690	 0.37027	 0.36613	 0.36285	 0.35916	 0.35622	 0.35689	 0.36328	 0.37627	 0.39545	 0.41852	 0.44231	 0.46498	 0.48759	 0.51876	 0.56466	 0.61799	 0.66787	 0.70534	 0.72634	 0.73652	 0.74154	 0.74297	 0.73950	 0.73297	 0.72484	 0.71644	 0.70750	 0.69987	 0.69478	 0.68980	 0.68499	 0.68122	 0.67750	 0.67143	 0.66271	 0.65257	 0.64319	 0.63319	 0.62393	 0.61653	 0.61023	 0.60738	 0.60735	 0.61065	 0.61374	 0.61053	 0.59255	 0.56343	 0.52967	 0.49523	 0.46436	 0.43716	 0.41250	 0.39253	 0.37635	 0.36345
8249 	 0.22266	 0.22305	 0.22800	 0.24061	 0.26320	 0.29176	 0.31794	 0.33743	 0.35326	 0.36556	 0.37021	 0.36472	 0.35334	 0.34115	 0.33189	 0.32542	 0.32154	 0.31845	 0.31472	 0.31161	 0.31126	 0.31615	 0.32687	 0.34309	 0.36304	 0.38414	 0.40469	 0.42467	 0.45134	 0.49011	 0.53643	 0.58253	 0.62032	 0.64384	 0.65618	 0.66227	 0.66417	 0.66151	 0.65561	 0.64834	 0.64071	 0.63230	 0.62512	 0.62075	 0.61667	 0.61266	 0.60950	 0.60642	 0.60108	 0.59280	 0.58280	 0.57363	 0.56410	 0.55498	 0.54767	 0.54138	 0.53904	 0.53970	 0.54343	 0.54714	 0.54443	 0.52823	 0.50213	 0.47145	 0.43977	 0.41152	 0.38679	 0.36463	 0.34590	 0.33195	 0.31953
8539 	 0.24500	 0.24570	 0.25031	 0.26089	 0.27985	 0.30293	 0.32178	 0.33423	 0.34362	 0.35001	 0.35124	 0.34588	 0.33730	 0.32880	 0.32255	 0.31759	 0.31433	 0.31213	 0.31006	 0.30905	 0.31092	 0.31726	 0.32848	 0.34384	 0.36109	 0.37826	 0.39513	 0.41451	 0.44583	 0.49429	 0.54898	 0.59717	 0.63092	 0.64882	 0.65722	 0.66079	 0.66073	 0.65532	 0.64590	 0.63474	 0.62339	 0.61178	 0.60168	 0.59426	 0.58704	 0.58021	 0.57458	 0.56925	 0.56218	 0.55308	 0.54280	 0.53381	 0.52450	 0.51588	 0.50925	 0.50370	 0.50148	 0.50201	 0.50585	 0.51022	 0.51208	 0.50524	 0.49059	 0.47098	 0.44923	 0.42833	 0.40923	 0.39068	 0.37539	 0.36257	 0.35182
8540 	 0.27790	 0.27775	 0.28179	 0.29139	 0.30952	 0.33171	 0.34924	 0.36086	 0.36921	 0.37404	 0.37417	 0.36831	 0.35886	 0.34944	 0.34267	 0.33746	 0.33371	 0.33101	 0.32850	 0.32695	 0.32893	 0.33554	 0.34699	 0.36244	 0.38004	 0.39718	 0.41382	 0.43353	 0.46677	 0.51819	 0.57516	 0.62410	 0.65718	 0.67412	 0.68169	 0.68467	 0.68436	 0.67792	 0.66701	 0.65441	 0.64157	 0.62902	 0.61863	 0.61062	 0.60241	 0.59454	 0.58832	 0.58276	 0.57527	 0.56594	 0.55588	 0.54725	 0.53803	 0.52967	 0.52344	 0.51825	 0.51629	 0.51677	 0.52072	 0.52636	 0.53154	 0.52994	 0.52071	 0.50584	 0.48756	 0.46992	 0.45303	 0.43690	 0.42324	 0.41122	 0.40189
8541 	 0.25394	 0.25519	 0.26134	 0.27502	 0.29977	 0.33074	 0.35718	 0.37629	 0.39110	 0.40157	 0.40519	 0.39935	 0.38786	 0.37602	 0.36765	 0.36194	 0.35822	 0.35554	 0.35264	 0.35061	 0.35226	 0.35923	 0.37215	 0.39037	 0.41169	 0.43310	 0.45351	 0.47479	 0.50623	 0.55353	 0.60770	 0.65742	 0.69418	 0.71478	 0.72478	 0.72947	 0.73053	 0.72634	 0.71836	 0.70880	 0.69891	 0.68888	 0.68047	 0.67438	 0.66825	 0.66234	 0.65778	 0.65344	 0.64686	 0.63769	 0.62733	 0.61796	 0.60806	 0.59890	 0.59171	 0.58561	 0.58294	 0.58273	 0.58545	 0.58799	 0.58508	 0.56883	 0.54211	 0.51076	 0.47836	 0.44971	 0.42364	 0.40001	 0.38175	 0.36544	 0.35358
8542 	 0.27525	 0.27686	 0.28325	 0.29735	 0.32265	 0.35368	 0.37922	 0.39691	 0.41044	 0.41986	 0.42292	 0.41703	 0.40583	 0.39445	 0.38641	 0.38088	 0.37731	 0.37478	 0.37235	 0.37108	 0.37366	 0.38151	 0.39518	 0.41383	 0.43487	 0.45556	 0.47535	 0.49696	 0.53015	 0.57977	 0.63441	 0.68151	 0.71397	 0.73080	 0.73839	 0.74179	 0.74216	 0.73719	 0.72859	 0.71848	 0.70819	 0.69783	 0.68906	 0.68260	 0.67604	 0.66972	 0.66479	 0.66026	 0.65378	 0.64508	 0.63555	 0.62711	 0.61796	 0.60969	 0.60326	 0.59780	 0.59532	 0.59492	 0.59747	 0.60032	 0.59886	 0.58547	 0.56157	 0.53233	 0.50176	 0.47402	 0.44911	 0.42620	 0.40745	 0.39186	 0.37949
8543 	 0.25795	 0.25900	 0.26488	 0.27789	 0.30190	 0.33206	 0.35757	 0.37570	 0.38961	 0.39920	 0.40221	 0.39627	 0.38506	 0.37364	 0.36565	 0.36010	 0.35645	 0.35385	 0.35106	 0.34912	 0.35116	 0.35844	 0.37167	 0.38989	 0.41073	 0.43120	 0.45065	 0.47137	 0.50286	 0.54939	 0.60065	 0.64504	 0.67570	 0.69186	 0.69952	 0.70305	 0.70380	 0.69966	 0.69221	 0.68328	 0.67401	 0.66478	 0.65728	 0.65190	 0.64616	 0.64052	 0.63621	 0.63231	 0.62629	 0.61810	 0.60895	 0.60088	 0.59210	 0.58386	 0.57757	 0.57208	 0.56926	 0.56863	 0.57090	 0.57395	 0.57273	 0.56010	 0.53790	 0.51065	 0.48200	 0.45535	 0.43166	 0.40952	 0.39118	 0.37712	 0.36456
8544 	 0.23688	 0.23770	 0.24252	 0.25384	 0.27377	 0.29823	 0.31865	 0.33248	 0.34286	 0.35035	 0.35205	 0.34674	 0.33781	 0.32876	 0.32197	 0.31677	 0.31338	 0.31107	 0.30890	 0.30771	 0.30938	 0.31571	 0.32693	 0.34231	 0.35973	 0.37736	 0.39469	 0.41373	 0.44331	 0.48853	 0.54004	 0.58625	 0.61934	 0.63703	 0.64536	 0.64899	 0.64920	 0.64448	 0.63608	 0.62620	 0.61609	 0.60553	 0.59632	 0.58987	 0.58362	 0.57759	 0.57259	 0.56791	 0.56162	 0.55298	 0.54325	 0.53479	 0.52569	 0.51720	 0.51068	 0.50525	 0.50315	 0.50370	 0.50704	 0.51077	 0.51154	 0.50309	 0.48654	 0.46504	 0.44136	 0.41902	 0.39887	 0.37998	 0.36457	 0.35046	 0.33988
8549 	 0.27684	 0.27901	 0.28646	 0.30323	 0.33238	 0.36690	 0.39446	 0.41262	 0.42635	 0.43627	 0.43929	 0.43298	 0.42243	 0.41195	 0.40418	 0.39863	 0.39535	 0.39327	 0.39146	 0.39136	 0.39523	 0.40494	 0.42084	 0.44174	 0.46427	 0.48575	 0.50665	 0.53020	 0.56674	 0.62003	 0.67615	 0.72145	 0.75075	 0.76513	 0.77156	 0.77448	 0.77419	 0.76887	 0.76015	 0.74979	 0.73926	 0.72828	 0.71874	 0.71191	 0.70521	 0.69868	 0.69315	 0.68806	 0.68176	 0.67365	 0.66481	 0.65708	 0.64850	 0.64057	 0.63411	 0.62825	 0.62534	 0.62456	 0.62609	 0.62680	 0.62235	 0.60581	 0.57953	 0.54809	 0.51538	 0.48557	 0.45861	 0.43479	 0.41480	 0.39794	 0.38447
8552 	 0.22452	 0.22540	 0.23106	 0.24469	 0.26958	 0.30136	 0.32989	 0.35107	 0.36805	 0.38056	 0.38529	 0.37936	 0.36712	 0.35426	 0.34494	 0.33843	 0.33431	 0.33112	 0.32762	 0.32478	 0.32537	 0.33158	 0.34415	 0.36280	 0.38522	 0.40844	 0.43061	 0.45242	 0.48260	 0.52760	 0.58027	 0.63071	 0.66976	 0.69242	 0.70367	 0.70906	 0.71084	 0.70761	 0.70082	 0.69246	 0.68376	 0.67451	 0.66673	 0.66146	 0.65631	 0.65147	 0.64765	 0.64387	 0.63778	 0.62896	 0.61862	 0.60895	 0.59881	 0.58927	 0.58159	 0.57528	 0.57243	 0.57214	 0.57472	 0.57635	 0.57120	 0.55174	 0.52194	 0.48788	 0.45343	 0.42314	 0.39578	 0.37178	 0.35269	 0.33689	 0.32397
8556 	 0.26780	 0.26870	 0.27376	 0.28604	 0.30765	 0.33337	 0.35393	 0.36714	 0.37689	 0.38380	 0.38493	 0.37910	 0.37018	 0.36122	 0.35433	 0.34888	 0.34549	 0.34327	 0.34134	 0.34090	 0.34348	 0.35112	 0.36409	 0.38127	 0.39996	 0.41827	 0.43667	 0.45819	 0.49315	 0.54686	 0.60652	 0.65767	 0.69287	 0.71114	 0.71944	 0.72290	 0.72231	 0.71584	 0.70496	 0.69231	 0.67946	 0.66602	 0.65428	 0.64553	 0.63721	 0.62928	 0.62249	 0.61627	 0.60886	 0.59943	 0.58914	 0.58032	 0.57090	 0.56224	 0.55551	 0.54980	 0.54770	 0.54846	 0.55215	 0.55653	 0.55801	 0.55104	 0.53568	 0.51457	 0.49113	 0.46869	 0.44796	 0.42842	 0.41206	 0.39743	 0.38632
8557 	 0.25848	 0.25875	 0.26321	 0.27400	 0.29434	 0.32006	 0.34152	 0.35644	 0.36787	 0.37574	 0.37793	 0.37231	 0.36195	 0.35142	 0.34393	 0.33852	 0.33482	 0.33208	 0.32925	 0.32726	 0.32881	 0.33514	 0.34682	 0.36299	 0.38158	 0.40000	 0.41760	 0.43683	 0.46660	 0.51146	 0.56158	 0.60568	 0.63679	 0.65345	 0.66143	 0.66510	 0.66567	 0.66120	 0.65332	 0.64388	 0.63426	 0.62470	 0.61680	 0.61137	 0.60557	 0.59997	 0.59571	 0.59168	 0.58556	 0.57716	 0.56768	 0.55930	 0.55022	 0.54181	 0.53539	 0.52958	 0.52652	 0.52592	 0.52883	 0.53354	 0.53621	 0.52918	 0.51362	 0.49313	 0.47010	 0.44894	 0.42880	 0.40985	 0.39413	 0.38050	 0.37029
8558 	 0.23878	 0.23960	 0.24533	 0.25882	 0.28355	 0.31484	 0.34252	 0.36320	 0.37967	 0.39140	 0.39565	 0.38966	 0.37790	 0.36575	 0.35704	 0.35110	 0.34730	 0.34426	 0.34081	 0.33801	 0.33863	 0.34469	 0.35705	 0.37522	 0.39701	 0.41952	 0.44072	 0.46194	 0.49163	 0.53616	 0.58880	 0.63923	 0.67854	 0.70182	 0.71374	 0.71971	 0.72152	 0.71808	 0.71115	 0.70240	 0.69325	 0.68383	 0.67571	 0.67024	 0.66496	 0.65995	 0.65600	 0.65196	 0.64540	 0.63603	 0.62513	 0.61499	 0.60430	 0.59443	 0.58669	 0.57981	 0.57642	 0.57599	 0.57892	 0.58195	 0.57802	 0.55954	 0.53104	 0.49820	 0.46500	 0.43509	 0.40845	 0.38458	 0.36553	 0.34958	 0.33668
8561 	 0.28454	 0.28607	 0.29255	 0.30761	 0.33450	 0.36713	 0.39374	 0.41162	 0.42515	 0.43466	 0.43731	 0.43059	 0.41919	 0.40788	 0.39962	 0.39364	 0.38990	 0.38742	 0.38514	 0.38444	 0.38774	 0.39690	 0.41236	 0.43314	 0.45608	 0.47837	 0.50011	 0.52447	 0.56233	 0.61895	 0.68088	 0.73313	 0.76810	 0.78561	 0.79334	 0.79668	 0.79638	 0.79052	 0.78066	 0.76913	 0.75754	 0.74540	 0.73479	 0.72685	 0.71929	 0.71208	 0.70600	 0.70031	 0.69299	 0.68361	 0.67322	 0.66399	 0.65419	 0.64521	 0.63798	 0.63183	 0.62890	 0.62877	 0.63172	 0.63454	 0.63236	 0.61737	 0.59203	 0.56151	 0.52942	 0.50029	 0.47399	 0.45020	 0.43037	 0.41357	 0.40051
8570 	 0.27792	 0.27932	 0.28598	 0.30125	 0.32912	 0.36401	 0.39344	 0.41447	 0.43051	 0.44172	 0.44561	 0.43890	 0.42572	 0.41215	 0.40261	 0.39622	 0.39213	 0.38929	 0.38632	 0.38450	 0.38715	 0.39579	 0.41113	 0.43224	 0.45655	 0.48050	 0.50327	 0.52755	 0.56389	 0.61770	 0.67714	 0.72877	 0.76443	 0.78289	 0.79130	 0.79520	 0.79595	 0.79112	 0.78261	 0.77256	 0.76210	 0.75158	 0.74288	 0.73631	 0.72948	 0.72280	 0.71764	 0.71292	 0.70592	 0.69659	 0.68646	 0.67713	 0.66712	 0.65796	 0.65066	 0.64444	 0.64155	 0.64107	 0.64371	 0.64637	 0.64264	 0.62436	 0.59461	 0.55964	 0.52438	 0.49265	 0.46406	 0.43888	 0.41850	 0.40173	 0.38812
8571 	 0.29280	 0.29363	 0.29993	 0.31481	 0.34243	 0.37737	 0.40715	 0.42865	 0.44526	 0.45688	 0.46086	 0.45376	 0.44039	 0.42671	 0.41705	 0.41052	 0.40625	 0.40304	 0.39960	 0.39724	 0.39923	 0.40733	 0.42237	 0.44348	 0.46804	 0.49225	 0.51517	 0.53917	 0.57426	 0.62623	 0.68445	 0.73566	 0.77150	 0.79047	 0.79915	 0.80341	 0.80424	 0.79962	 0.79153	 0.78184	 0.77199	 0.76193	 0.75331	 0.74722	 0.74110	 0.73501	 0.73025	 0.72584	 0.71902	 0.70969	 0.69945	 0.69014	 0.68003	 0.67077	 0.66340	 0.65689	 0.65391	 0.65349	 0.65637	 0.65991	 0.65789	 0.64110	 0.61292	 0.57927	 0.54501	 0.51386	 0.48611	 0.46115	 0.44058	 0.42441	 0.41102
8582 	 0.25270	 0.25381	 0.25932	 0.27166	 0.29409	 0.32171	 0.34435	 0.35989	 0.37165	 0.37958	 0.38180	 0.37629	 0.36619	 0.35597	 0.34878	 0.34369	 0.34030	 0.33796	 0.33567	 0.33436	 0.33667	 0.34389	 0.35653	 0.37367	 0.39318	 0.41243	 0.43082	 0.45136	 0.48383	 0.53292	 0.58761	 0.63521	 0.66821	 0.68560	 0.69370	 0.69727	 0.69752	 0.69237	 0.68346	 0.67280	 0.66193	 0.65112	 0.64200	 0.63537	 0.62860	 0.62202	 0.61682	 0.61203	 0.60523	 0.59611	 0.58619	 0.57756	 0.56818	 0.55956	 0.55299	 0.54724	 0.54456	 0.54430	 0.54727	 0.55131	 0.55213	 0.54214	 0.52266	 0.49813	 0.47179	 0.44746	 0.42526	 0.40432	 0.38694	 0.37242	 0.36093
8583 	 0.24087	 0.24233	 0.24838	 0.26217	 0.28664	 0.31664	 0.34203	 0.35939	 0.37261	 0.38209	 0.38498	 0.37911	 0.36876	 0.35826	 0.35050	 0.34479	 0.34121	 0.33870	 0.33631	 0.33510	 0.33727	 0.34477	 0.35803	 0.37637	 0.39725	 0.41820	 0.43872	 0.46075	 0.49406	 0.54528	 0.60449	 0.65877	 0.69882	 0.72098	 0.73134	 0.73600	 0.73660	 0.73133	 0.72193	 0.71079	 0.69931	 0.68725	 0.67674	 0.66910	 0.66194	 0.65515	 0.64950	 0.64405	 0.63668	 0.62674	 0.61549	 0.60536	 0.59472	 0.58492	 0.57711	 0.57071	 0.56808	 0.56830	 0.57153	 0.57434	 0.57137	 0.55556	 0.52959	 0.49864	 0.46723	 0.43816	 0.41243	 0.38932	 0.36998	 0.35459	 0.34174
8584 	 0.27367	 0.27500	 0.28169	 0.29707	 0.32520	 0.36060	 0.39090	 0.41275	 0.42987	 0.44215	 0.44659	 0.44001	 0.42703	 0.41380	 0.40447	 0.39815	 0.39418	 0.39126	 0.38806	 0.38587	 0.38793	 0.39611	 0.41116	 0.43225	 0.45668	 0.48084	 0.50383	 0.52772	 0.56246	 0.61404	 0.67199	 0.72329	 0.75935	 0.77833	 0.78711	 0.79127	 0.79225	 0.78807	 0.78048	 0.77126	 0.76180	 0.75204	 0.74393	 0.73815	 0.73224	 0.72647	 0.72200	 0.71766	 0.71110	 0.70204	 0.69182	 0.68229	 0.67211	 0.66266	 0.65501	 0.64842	 0.64489	 0.64376	 0.64572	 0.64730	 0.64215	 0.62193	 0.59030	 0.55423	 0.51734	 0.48464	 0.45596	 0.43029	 0.40983	 0.39236	 0.37926
8585 	 0.20717	 0.20815	 0.21328	 0.22525	 0.24752	 0.27602	 0.30095	 0.31944	 0.33404	 0.34431	 0.34767	 0.34183	 0.33036	 0.31859	 0.31037	 0.30478	 0.30114	 0.29845	 0.29557	 0.29345	 0.29488	 0.30154	 0.31421	 0.33218	 0.35378	 0.37583	 0.39710	 0.41955	 0.45259	 0.50329	 0.56300	 0.61966	 0.66309	 0.68856	 0.70138	 0.70764	 0.70949	 0.70543	 0.69713	 0.68692	 0.67619	 0.66524	 0.65603	 0.64937	 0.64266	 0.63631	 0.63138	 0.62652	 0.61898	 0.60845	 0.59637	 0.58519	 0.57345	 0.56254	 0.55378	 0.54627	 0.54272	 0.54227	 0.54575	 0.54993	 0.54744	 0.53036	 0.50309	 0.47158	 0.43913	 0.41006	 0.38387	 0.35981	 0.34036	 0.32483	 0.31185
8587 	 0.24758	 0.24875	 0.25446	 0.26735	 0.29103	 0.32124	 0.34743	 0.36641	 0.38127	 0.39159	 0.39512	 0.38921	 0.37773	 0.36603	 0.35793	 0.35230	 0.34863	 0.34598	 0.34316	 0.34125	 0.34319	 0.35051	 0.36385	 0.38255	 0.40430	 0.42601	 0.44682	 0.46876	 0.50164	 0.55125	 0.60773	 0.65877	 0.69572	 0.71618	 0.72612	 0.73100	 0.73234	 0.72820	 0.72027	 0.71052	 0.70043	 0.69028	 0.68183	 0.67572	 0.66938	 0.66327	 0.65862	 0.65426	 0.64760	 0.63853	 0.62842	 0.61917	 0.60922	 0.59999	 0.59272	 0.58661	 0.58357	 0.58279	 0.58520	 0.58826	 0.58632	 0.57141	 0.54634	 0.51615	 0.48430	 0.45577	 0.42993	 0.40613	 0.38675	 0.37014	 0.35762
8588 	 0.22549	 0.22655	 0.23236	 0.24605	 0.27109	 0.30294	 0.33121	 0.35193	 0.36838	 0.38059	 0.38541	 0.37978	 0.36718	 0.35385	 0.34438	 0.33794	 0.33389	 0.33089	 0.32758	 0.32497	 0.32602	 0.33248	 0.34517	 0.36373	 0.38604	 0.40913	 0.43129	 0.45358	 0.48506	 0.53236	 0.58825	 0.64238	 0.68476	 0.70981	 0.72228	 0.72827	 0.73013	 0.72621	 0.71829	 0.70866	 0.69864	 0.68836	 0.67975	 0.67371	 0.66780	 0.66228	 0.65798	 0.65366	 0.64686	 0.63721	 0.62603	 0.61552	 0.60472	 0.59468	 0.58671	 0.58030	 0.57746	 0.57725	 0.58024	 0.58287	 0.57835	 0.55879	 0.52779	 0.49247	 0.45690	 0.42546	 0.39772	 0.37315	 0.35341	 0.33653	 0.32403
8589 	 0.24287	 0.24345	 0.24815	 0.25966	 0.28068	 0.30709	 0.32971	 0.34515	 0.35706	 0.36610	 0.36863	 0.36291	 0.35313	 0.34321	 0.33555	 0.32987	 0.32639	 0.32391	 0.32142	 0.32010	 0.32175	 0.32856	 0.34109	 0.35822	 0.37758	 0.39691	 0.41601	 0.43692	 0.46884	 0.51719	 0.57222	 0.62173	 0.65760	 0.67737	 0.68694	 0.69125	 0.69170	 0.68734	 0.67902	 0.66897	 0.65868	 0.64782	 0.63859	 0.63225	 0.62622	 0.62033	 0.61534	 0.61064	 0.60425	 0.59544	 0.58537	 0.57651	 0.56706	 0.55806	 0.55074	 0.54432	 0.54161	 0.54165	 0.54489	 0.54903	 0.54928	 0.53883	 0.51921	 0.49437	 0.46745	 0.44291	 0.42031	 0.39947	 0.38195	 0.36725	 0.35500
8590 	 0.25190	 0.25303	 0.25920	 0.27289	 0.29767	 0.32917	 0.35654	 0.37632	 0.39177	 0.40287	 0.40702	 0.40131	 0.38892	 0.37581	 0.36661	 0.36041	 0.35646	 0.35351	 0.35022	 0.34771	 0.34905	 0.35571	 0.36857	 0.38683	 0.40856	 0.43060	 0.45165	 0.47335	 0.50497	 0.55221	 0.60659	 0.65737	 0.69552	 0.71719	 0.72762	 0.73246	 0.73376	 0.72963	 0.72173	 0.71216	 0.70217	 0.69213	 0.68392	 0.67802	 0.67192	 0.66609	 0.66170	 0.65741	 0.65079	 0.64146	 0.63089	 0.62123	 0.61100	 0.60160	 0.59433	 0.58845	 0.58596	 0.58584	 0.58882	 0.59204	 0.58930	 0.57250	 0.54471	 0.51178	 0.47857	 0.44897	 0.42259	 0.39878	 0.37988	 0.36472	 0.35220
8593 	 0.18524	 0.18607	 0.19065	 0.20154	 0.22133	 0.24628	 0.26855	 0.28461	 0.29747	 0.30699	 0.31008	 0.30500	 0.29489	 0.28436	 0.27676	 0.27133	 0.26786	 0.26528	 0.26253	 0.26042	 0.26115	 0.26649	 0.27696	 0.29223	 0.31048	 0.32965	 0.34844	 0.36796	 0.39647	 0.44024	 0.49288	 0.54481	 0.58646	 0.61201	 0.62547	 0.63198	 0.63409	 0.63065	 0.62305	 0.61370	 0.60395	 0.59368	 0.58494	 0.57893	 0.57304	 0.56754	 0.56321	 0.55878	 0.55198	 0.54225	 0.53059	 0.51982	 0.50895	 0.49853	 0.49020	 0.48332	 0.48024	 0.48050	 0.48442	 0.48853	 0.48701	 0.47278	 0.44955	 0.42192	 0.39375	 0.36792	 0.34496	 0.32348	 0.30599	 0.29227	 0.27990
8594 	 0.20748	 0.20821	 0.21312	 0.22507	 0.24700	 0.27503	 0.30026	 0.31923	 0.33453	 0.34554	 0.34933	 0.34365	 0.33215	 0.32021	 0.31166	 0.30569	 0.30182	 0.29887	 0.29559	 0.29279	 0.29317	 0.29867	 0.31002	 0.32695	 0.34771	 0.36946	 0.39031	 0.41138	 0.44086	 0.48546	 0.53895	 0.59149	 0.63328	 0.65863	 0.67176	 0.67825	 0.68038	 0.67709	 0.67015	 0.66140	 0.65213	 0.64237	 0.63408	 0.62841	 0.62286	 0.61766	 0.61357	 0.60946	 0.60270	 0.59295	 0.58140	 0.57063	 0.55959	 0.54927	 0.54105	 0.53428	 0.53119	 0.53141	 0.53522	 0.53901	 0.53629	 0.51947	 0.49286	 0.46166	 0.43035	 0.40197	 0.37684	 0.35344	 0.33466	 0.31972	 0.30698
8595 	 0.21839	 0.21951	 0.22502	 0.23764	 0.26018	 0.28832	 0.31273	 0.33028	 0.34401	 0.35382	 0.35712	 0.35174	 0.34137	 0.33073	 0.32307	 0.31752	 0.31396	 0.31139	 0.30861	 0.30678	 0.30802	 0.31422	 0.32606	 0.34289	 0.36259	 0.38280	 0.40217	 0.42236	 0.45199	 0.49715	 0.55006	 0.60006	 0.63845	 0.66091	 0.67238	 0.67799	 0.67959	 0.67585	 0.66817	 0.65867	 0.64883	 0.63869	 0.62992	 0.62385	 0.61799	 0.61239	 0.60793	 0.60354	 0.59695	 0.58775	 0.57709	 0.56734	 0.55729	 0.54789	 0.54045	 0.53411	 0.53124	 0.53111	 0.53390	 0.53632	 0.53320	 0.51755	 0.49262	 0.46329	 0.43303	 0.40575	 0.38115	 0.35905	 0.34073	 0.32560	 0.31354
8596 	 0.19285	 0.19388	 0.19906	 0.21103	 0.23284	 0.26037	 0.28483	 0.30270	 0.31695	 0.32702	 0.33025	 0.32479	 0.31381	 0.30246	 0.29439	 0.28874	 0.28510	 0.28247	 0.27964	 0.27744	 0.27850	 0.28467	 0.29663	 0.31376	 0.33437	 0.35572	 0.37628	 0.39772	 0.42912	 0.47731	 0.53466	 0.59008	 0.63329	 0.65898	 0.67211	 0.67836	 0.68032	 0.67647	 0.66825	 0.65825	 0.64774	 0.63697	 0.62778	 0.62116	 0.61456	 0.60839	 0.60355	 0.59880	 0.59153	 0.58132	 0.56926	 0.55800	 0.54675	 0.53609	 0.52759	 0.52068	 0.51774	 0.51800	 0.52200	 0.52559	 0.52247	 0.50548	 0.47873	 0.44775	 0.41597	 0.38801	 0.36245	 0.33956	 0.32007	 0.30536	 0.29216
8597 	 0.26597	 0.26744	 0.27418	 0.28937	 0.31647	 0.35001	 0.37874	 0.39926	 0.41518	 0.42646	 0.43026	 0.42394	 0.41162	 0.39899	 0.39003	 0.38380	 0.37993	 0.37720	 0.37425	 0.37227	 0.37408	 0.38157	 0.39535	 0.41486	 0.43738	 0.46008	 0.48186	 0.50434	 0.53703	 0.58587	 0.64152	 0.69225	 0.72926	 0.74941	 0.75881	 0.76316	 0.76421	 0.75988	 0.75185	 0.74232	 0.73261	 0.72234	 0.71369	 0.70751	 0.70138	 0.69547	 0.69086	 0.68646	 0.67992	 0.67092	 0.66056	 0.65124	 0.64146	 0.63246	 0.62519	 0.61936	 0.61699	 0.61685	 0.61954	 0.62121	 0.61639	 0.59759	 0.56798	 0.53325	 0.49831	 0.46728	 0.43962	 0.41489	 0.39480	 0.37902	 0.36570
