4456 	 0.26143	 0.26226	 0.26788	 0.28197	 0.30765	 0.34019	 0.36895	 0.39084	 0.40818	 0.42101	 0.42546	 0.41888	 0.40624	 0.39325	 0.38312	 0.37620	 0.37193	 0.36844	 0.36476	 0.36225	 0.36309	 0.36952	 0.38270	 0.40195	 0.42500	 0.44852	 0.47128	 0.49434	 0.52560	 0.57097	 0.62327	 0.67277	 0.71019	 0.73160	 0.74190	 0.74633	 0.74724	 0.74391	 0.73770	 0.72963	 0.72107	 0.71244	 0.70502	 0.69960	 0.69502	 0.69040	 0.68603	 0.68195	 0.67628	 0.66813	 0.65832	 0.64881	 0.63881	 0.62961	 0.62220	 0.61594	 0.61285	 0.61303	 0.61677	 0.62020	 0.61655	 0.59900	 0.57036	 0.53576	 0.50158	 0.47041	 0.44323	 0.41916	 0.39884	 0.38233	 0.37003
8249 	 0.23012	 0.23056	 0.23542	 0.24793	 0.27021	 0.29854	 0.32408	 0.34383	 0.35959	 0.37166	 0.37616	 0.37085	 0.35951	 0.34743	 0.33802	 0.33145	 0.32748	 0.32417	 0.32051	 0.31761	 0.31748	 0.32213	 0.33270	 0.34859	 0.36815	 0.38888	 0.40905	 0.42893	 0.45535	 0.49381	 0.53882	 0.58429	 0.62148	 0.64457	 0.65662	 0.66207	 0.66357	 0.66089	 0.65530	 0.64795	 0.64005	 0.63190	 0.62499	 0.62031	 0.61641	 0.61261	 0.60890	 0.60544	 0.60018	 0.59247	 0.58295	 0.57385	 0.56442	 0.55565	 0.54889	 0.54334	 0.54096	 0.54172	 0.54608	 0.55040	 0.54859	 0.53424	 0.50884	 0.47859	 0.44817	 0.41985	 0.39542	 0.37320	 0.35576	 0.34032	 0.32869
8539 	 0.25303	 0.25379	 0.25823	 0.26866	 0.28729	 0.31031	 0.32900	 0.34203	 0.35183	 0.35883	 0.36064	 0.35530	 0.34698	 0.33849	 0.33162	 0.32630	 0.32292	 0.32041	 0.31828	 0.31751	 0.31956	 0.32577	 0.33695	 0.35204	 0.36898	 0.38575	 0.40260	 0.42242	 0.45401	 0.50231	 0.55632	 0.60399	 0.63762	 0.65580	 0.66399	 0.66714	 0.66651	 0.66079	 0.65167	 0.64036	 0.62871	 0.61708	 0.60693	 0.59896	 0.59201	 0.58541	 0.57917	 0.57367	 0.56697	 0.55834	 0.54850	 0.53960	 0.53043	 0.52205	 0.51577	 0.51050	 0.50835	 0.50943	 0.51388	 0.51941	 0.52212	 0.51625	 0.50200	 0.48167	 0.45977	 0.43981	 0.42054	 0.40319	 0.38750	 0.37399	 0.36389
8540 	 0.28658	 0.28665	 0.29045	 0.29993	 0.31779	 0.33984	 0.35730	 0.36934	 0.37820	 0.38400	 0.38485	 0.37887	 0.36992	 0.36100	 0.35360	 0.34780	 0.34400	 0.34090	 0.33852	 0.33751	 0.33952	 0.34592	 0.35725	 0.37249	 0.38958	 0.40625	 0.42301	 0.44353	 0.47697	 0.52772	 0.58376	 0.63202	 0.66499	 0.68220	 0.68957	 0.69196	 0.69059	 0.68397	 0.67347	 0.66098	 0.64815	 0.63549	 0.62444	 0.61569	 0.60796	 0.60066	 0.59405	 0.58816	 0.58106	 0.57252	 0.56300	 0.55422	 0.54548	 0.53732	 0.53121	 0.52607	 0.52421	 0.52548	 0.53049	 0.53737	 0.54321	 0.54261	 0.53307	 0.51655	 0.49867	 0.48184	 0.46581	 0.45024	 0.43666	 0.42485	 0.41456
8541 	 0.26466	 0.26612	 0.27217	 0.28606	 0.31071	 0.34132	 0.36736	 0.38646	 0.40133	 0.41219	 0.41586	 0.40994	 0.39895	 0.38788	 0.37911	 0.37293	 0.36909	 0.36610	 0.36318	 0.36164	 0.36342	 0.37028	 0.38331	 0.40148	 0.42249	 0.44333	 0.46366	 0.48545	 0.51682	 0.56306	 0.61584	 0.66496	 0.70136	 0.72199	 0.73188	 0.73599	 0.73649	 0.73222	 0.72464	 0.71521	 0.70533	 0.69544	 0.68689	 0.68046	 0.67493	 0.66942	 0.66448	 0.65997	 0.65378	 0.64535	 0.63540	 0.62597	 0.61626	 0.60728	 0.60019	 0.59430	 0.59160	 0.59161	 0.59505	 0.59835	 0.59535	 0.57980	 0.55382	 0.52236	 0.49025	 0.46162	 0.43599	 0.41291	 0.39405	 0.37867	 0.36659
8542 	 0.28298	 0.28465	 0.29077	 0.30484	 0.32965	 0.35973	 0.38431	 0.40181	 0.41525	 0.42485	 0.42792	 0.42213	 0.41167	 0.40117	 0.39288	 0.38695	 0.38338	 0.38056	 0.37826	 0.37749	 0.38011	 0.38784	 0.40136	 0.41964	 0.44009	 0.45974	 0.47910	 0.50102	 0.53393	 0.58219	 0.63501	 0.68115	 0.71315	 0.73002	 0.73741	 0.74034	 0.73992	 0.73493	 0.72679	 0.71669	 0.70639	 0.69603	 0.68707	 0.68026	 0.67430	 0.66853	 0.66321	 0.65837	 0.65232	 0.64447	 0.63534	 0.62679	 0.61801	 0.60993	 0.60374	 0.59837	 0.59592	 0.59606	 0.59941	 0.60325	 0.60224	 0.59025	 0.56743	 0.53850	 0.50850	 0.48173	 0.45712	 0.43530	 0.41665	 0.40142	 0.38912
8543 	 0.26397	 0.26517	 0.27071	 0.28401	 0.30810	 0.33781	 0.36275	 0.38091	 0.39492	 0.40492	 0.40806	 0.40200	 0.39131	 0.38063	 0.37215	 0.36611	 0.36243	 0.35942	 0.35677	 0.35549	 0.35747	 0.36467	 0.37776	 0.39577	 0.41622	 0.43615	 0.45546	 0.47672	 0.50795	 0.55340	 0.60318	 0.64668	 0.67704	 0.69304	 0.70024	 0.70336	 0.70339	 0.69920	 0.69211	 0.68326	 0.67419	 0.66503	 0.65705	 0.65122	 0.64600	 0.64080	 0.63620	 0.63199	 0.62642	 0.61915	 0.61059	 0.60247	 0.59393	 0.58605	 0.57993	 0.57457	 0.57195	 0.57182	 0.57495	 0.57839	 0.57729	 0.56557	 0.54393	 0.51629	 0.48798	 0.46189	 0.43874	 0.41731	 0.39956	 0.38504	 0.37209
8544 	 0.24127	 0.24210	 0.24676	 0.25775	 0.27739	 0.30142	 0.32146	 0.33561	 0.34633	 0.35415	 0.35636	 0.35129	 0.34240	 0.33336	 0.32607	 0.32055	 0.31719	 0.31451	 0.31218	 0.31103	 0.31287	 0.31887	 0.33005	 0.34518	 0.36247	 0.37950	 0.39638	 0.41568	 0.44558	 0.49085	 0.54168	 0.58722	 0.61987	 0.63750	 0.64538	 0.64865	 0.64836	 0.64346	 0.63528	 0.62514	 0.61457	 0.60398	 0.59480	 0.58790	 0.58182	 0.57598	 0.57047	 0.56571	 0.55961	 0.55147	 0.54213	 0.53352	 0.52468	 0.51667	 0.51085	 0.50582	 0.50392	 0.50494	 0.50918	 0.51403	 0.51590	 0.50878	 0.49261	 0.47083	 0.44749	 0.42609	 0.40573	 0.38838	 0.37218	 0.35893	 0.34802
8549 	 0.28170	 0.28407	 0.29140	 0.30821	 0.33712	 0.37071	 0.39710	 0.41514	 0.42884	 0.43864	 0.44158	 0.43571	 0.42578	 0.41563	 0.40773	 0.40208	 0.39875	 0.39649	 0.39488	 0.39512	 0.39929	 0.40898	 0.42483	 0.44534	 0.46752	 0.48847	 0.50870	 0.53237	 0.56866	 0.62116	 0.67555	 0.71954	 0.74817	 0.76268	 0.76910	 0.77182	 0.77134	 0.76615	 0.75768	 0.74712	 0.73645	 0.72576	 0.71647	 0.70936	 0.70296	 0.69653	 0.69062	 0.68551	 0.67955	 0.67181	 0.66304	 0.65515	 0.64688	 0.63923	 0.63314	 0.62757	 0.62428	 0.62359	 0.62515	 0.62625	 0.62231	 0.60659	 0.58144	 0.54991	 0.51777	 0.48897	 0.46209	 0.43922	 0.41890	 0.40278	 0.38940
8552 	 0.23050	 0.23151	 0.23705	 0.25092	 0.27586	 0.30732	 0.33510	 0.35635	 0.37317	 0.38571	 0.39036	 0.38440	 0.37234	 0.35989	 0.35020	 0.34347	 0.33929	 0.33578	 0.33213	 0.32961	 0.33032	 0.33639	 0.34895	 0.36742	 0.38953	 0.41210	 0.43392	 0.45604	 0.48616	 0.53031	 0.58167	 0.63136	 0.66978	 0.69233	 0.70345	 0.70838	 0.70945	 0.70612	 0.69970	 0.69127	 0.68236	 0.67326	 0.66551	 0.65989	 0.65522	 0.65073	 0.64656	 0.64276	 0.63706	 0.62874	 0.61880	 0.60919	 0.59921	 0.58990	 0.58267	 0.57654	 0.57371	 0.57378	 0.57713	 0.57986	 0.57552	 0.55748	 0.52874	 0.49507	 0.46128	 0.43088	 0.40383	 0.38041	 0.36121	 0.34544	 0.33297
8556 	 0.27394	 0.27492	 0.27992	 0.29163	 0.31274	 0.33787	 0.35780	 0.37134	 0.38133	 0.38832	 0.38990	 0.38442	 0.37565	 0.36681	 0.35963	 0.35415	 0.35049	 0.34810	 0.34616	 0.34577	 0.34866	 0.35606	 0.36876	 0.38552	 0.40393	 0.42158	 0.43936	 0.46084	 0.49566	 0.54866	 0.60681	 0.65677	 0.69105	 0.70907	 0.71715	 0.72017	 0.71912	 0.71252	 0.70202	 0.68925	 0.67604	 0.66281	 0.65123	 0.64209	 0.63401	 0.62628	 0.61914	 0.61296	 0.60573	 0.59669	 0.58679	 0.57795	 0.56879	 0.56048	 0.55434	 0.54917	 0.54704	 0.54813	 0.55233	 0.55743	 0.56002	 0.55492	 0.53981	 0.51850	 0.49549	 0.47479	 0.45415	 0.43599	 0.41988	 0.40603	 0.39419
8557 	 0.26466	 0.26506	 0.26937	 0.28004	 0.30010	 0.32543	 0.34656	 0.36150	 0.37315	 0.38173	 0.38429	 0.37849	 0.36860	 0.35870	 0.35060	 0.34467	 0.34082	 0.33776	 0.33497	 0.33352	 0.33500	 0.34117	 0.35274	 0.36874	 0.38689	 0.40471	 0.42236	 0.44225	 0.47203	 0.51628	 0.56543	 0.60905	 0.64015	 0.65687	 0.66453	 0.66762	 0.66737	 0.66268	 0.65511	 0.64570	 0.63600	 0.62639	 0.61816	 0.61203	 0.60678	 0.60165	 0.59683	 0.59240	 0.58656	 0.57906	 0.57007	 0.56162	 0.55284	 0.54468	 0.53849	 0.53286	 0.52995	 0.52982	 0.53383	 0.53966	 0.54278	 0.53701	 0.52175	 0.50085	 0.47851	 0.45769	 0.43794	 0.42029	 0.40477	 0.39158	 0.38039
8558 	 0.24437	 0.24538	 0.25102	 0.26476	 0.28967	 0.32071	 0.34787	 0.36851	 0.38476	 0.39674	 0.40080	 0.39484	 0.38344	 0.37187	 0.36262	 0.35626	 0.35245	 0.34918	 0.34574	 0.34340	 0.34418	 0.35013	 0.36251	 0.38049	 0.40206	 0.42417	 0.44547	 0.46707	 0.49676	 0.54051	 0.59177	 0.64164	 0.68073	 0.70416	 0.71597	 0.72114	 0.72233	 0.71880	 0.71223	 0.70367	 0.69452	 0.68530	 0.67722	 0.67148	 0.66659	 0.66175	 0.65715	 0.65270	 0.64646	 0.63790	 0.62744	 0.61741	 0.60690	 0.59720	 0.58940	 0.58290	 0.57940	 0.57928	 0.58290	 0.58627	 0.58240	 0.56478	 0.53694	 0.50402	 0.47052	 0.44087	 0.41358	 0.39108	 0.37159	 0.35564	 0.34400
8561 	 0.29328	 0.29500	 0.30152	 0.31664	 0.34363	 0.37599	 0.40194	 0.41993	 0.43363	 0.44327	 0.44593	 0.43934	 0.42849	 0.41767	 0.40911	 0.40298	 0.39919	 0.39642	 0.39434	 0.39407	 0.39761	 0.40681	 0.42239	 0.44303	 0.46583	 0.48773	 0.50912	 0.53383	 0.57177	 0.62777	 0.68832	 0.73961	 0.77407	 0.79189	 0.79978	 0.80278	 0.80207	 0.79622	 0.78689	 0.77544	 0.76355	 0.75169	 0.74129	 0.73313	 0.72592	 0.71881	 0.71217	 0.70623	 0.69932	 0.69037	 0.68025	 0.67084	 0.66130	 0.65220	 0.64518	 0.63914	 0.63618	 0.63609	 0.63924	 0.64261	 0.64031	 0.62623	 0.60120	 0.57014	 0.53820	 0.50889	 0.48224	 0.45940	 0.43967	 0.42322	 0.40983
8570 	 0.28156	 0.28331	 0.28980	 0.30541	 0.33333	 0.36764	 0.39628	 0.41683	 0.43279	 0.44428	 0.44792	 0.44106	 0.42839	 0.41587	 0.40614	 0.39930	 0.39511	 0.39200	 0.38934	 0.38823	 0.39100	 0.39959	 0.41492	 0.43588	 0.45965	 0.48290	 0.50548	 0.53037	 0.56657	 0.61903	 0.67661	 0.72705	 0.76191	 0.78060	 0.78898	 0.79217	 0.79201	 0.78727	 0.77924	 0.76931	 0.75910	 0.74868	 0.73965	 0.73277	 0.72662	 0.72058	 0.71507	 0.71000	 0.70354	 0.69516	 0.68529	 0.67587	 0.66615	 0.65710	 0.64985	 0.64380	 0.64086	 0.64073	 0.64422	 0.64758	 0.64407	 0.62675	 0.59754	 0.56302	 0.52805	 0.49661	 0.46843	 0.44398	 0.42359	 0.40663	 0.39370
8571 	 0.29771	 0.29891	 0.30519	 0.32047	 0.34843	 0.38327	 0.41268	 0.43401	 0.45052	 0.46240	 0.46608	 0.45900	 0.44638	 0.43374	 0.42370	 0.41673	 0.41242	 0.40894	 0.40577	 0.40422	 0.40647	 0.41464	 0.42987	 0.45102	 0.47534	 0.49928	 0.52234	 0.54686	 0.58168	 0.63243	 0.68895	 0.73925	 0.77484	 0.79419	 0.80307	 0.80658	 0.80671	 0.80232	 0.79488	 0.78560	 0.77595	 0.76623	 0.75773	 0.75136	 0.74575	 0.74012	 0.73488	 0.72985	 0.72346	 0.71506	 0.70508	 0.69558	 0.68563	 0.67629	 0.66881	 0.66251	 0.65925	 0.65883	 0.66231	 0.66638	 0.66379	 0.64722	 0.61886	 0.58482	 0.55030	 0.51898	 0.49165	 0.46707	 0.44630	 0.42912	 0.41571
8582 	 0.25887	 0.26004	 0.26551	 0.27807	 0.30061	 0.32800	 0.35029	 0.36617	 0.37820	 0.38683	 0.38947	 0.38386	 0.37408	 0.36448	 0.35668	 0.35095	 0.34757	 0.34481	 0.34260	 0.34178	 0.34412	 0.35130	 0.36400	 0.38112	 0.40039	 0.41909	 0.43763	 0.45883	 0.49132	 0.53973	 0.59331	 0.64030	 0.67326	 0.69090	 0.69865	 0.70161	 0.70132	 0.69616	 0.68762	 0.67710	 0.66625	 0.65548	 0.64611	 0.63895	 0.63275	 0.62660	 0.62096	 0.61579	 0.60927	 0.60108	 0.59161	 0.58275	 0.57362	 0.56520	 0.55879	 0.55338	 0.55082	 0.55095	 0.55471	 0.55910	 0.55959	 0.55009	 0.53075	 0.50507	 0.47853	 0.45465	 0.43173	 0.41192	 0.39444	 0.38014	 0.36863
8583 	 0.24891	 0.25037	 0.25634	 0.27015	 0.29438	 0.32379	 0.34830	 0.36559	 0.37866	 0.38826	 0.39126	 0.38572	 0.37572	 0.36552	 0.35736	 0.35143	 0.34779	 0.34508	 0.34272	 0.34166	 0.34391	 0.35123	 0.36437	 0.38236	 0.40291	 0.42305	 0.44288	 0.46492	 0.49812	 0.54816	 0.60552	 0.65823	 0.69688	 0.71858	 0.72857	 0.73269	 0.73279	 0.72770	 0.71880	 0.70759	 0.69596	 0.68425	 0.67404	 0.66624	 0.65957	 0.65296	 0.64683	 0.64135	 0.63431	 0.62504	 0.61433	 0.60425	 0.59392	 0.58451	 0.57748	 0.57160	 0.56892	 0.56960	 0.57322	 0.57656	 0.57397	 0.55986	 0.53492	 0.50459	 0.47355	 0.44550	 0.42027	 0.39715	 0.37811	 0.36311	 0.35072
8584 	 0.28005	 0.28170	 0.28828	 0.30413	 0.33262	 0.36783	 0.39755	 0.41924	 0.43635	 0.44878	 0.45294	 0.44620	 0.43392	 0.42156	 0.41195	 0.40532	 0.40126	 0.39799	 0.39498	 0.39345	 0.39572	 0.40398	 0.41918	 0.44029	 0.46449	 0.48827	 0.51125	 0.53573	 0.57037	 0.62083	 0.67733	 0.72768	 0.76322	 0.78248	 0.79136	 0.79490	 0.79512	 0.79101	 0.78397	 0.77490	 0.76553	 0.75615	 0.74800	 0.74190	 0.73648	 0.73124	 0.72644	 0.72185	 0.71583	 0.70753	 0.69757	 0.68796	 0.67787	 0.66856	 0.66091	 0.65422	 0.65057	 0.64958	 0.65210	 0.65420	 0.64864	 0.62893	 0.59764	 0.56100	 0.52464	 0.49205	 0.46312	 0.43795	 0.41688	 0.39991	 0.38684
8585 	 0.21596	 0.21692	 0.22202	 0.23451	 0.25711	 0.28533	 0.30998	 0.32868	 0.34347	 0.35431	 0.35775	 0.35157	 0.34035	 0.32909	 0.32017	 0.31402	 0.31031	 0.30721	 0.30430	 0.30255	 0.30388	 0.31038	 0.32302	 0.34106	 0.36242	 0.38412	 0.40549	 0.42859	 0.46192	 0.51186	 0.57057	 0.62669	 0.66963	 0.69504	 0.70768	 0.71315	 0.71424	 0.71009	 0.70224	 0.69209	 0.68141	 0.67061	 0.66115	 0.65406	 0.64791	 0.64204	 0.63674	 0.63165	 0.62444	 0.61479	 0.60311	 0.59177	 0.58016	 0.56951	 0.56105	 0.55389	 0.55026	 0.55029	 0.55489	 0.55955	 0.55658	 0.54028	 0.51337	 0.48158	 0.44919	 0.42027	 0.39364	 0.37043	 0.35077	 0.33456	 0.32112
8587 	 0.25359	 0.25477	 0.26030	 0.27360	 0.29760	 0.32758	 0.35334	 0.37255	 0.38734	 0.39811	 0.40166	 0.39560	 0.38458	 0.37354	 0.36479	 0.35868	 0.35499	 0.35197	 0.34919	 0.34782	 0.34980	 0.35699	 0.37043	 0.38915	 0.41067	 0.43203	 0.45268	 0.47531	 0.50823	 0.55681	 0.61190	 0.66202	 0.69842	 0.71871	 0.72837	 0.73266	 0.73323	 0.72902	 0.72151	 0.71185	 0.70185	 0.69182	 0.68310	 0.67668	 0.67111	 0.66562	 0.66067	 0.65605	 0.64973	 0.64158	 0.63184	 0.62244	 0.61272	 0.60369	 0.59662	 0.59057	 0.58756	 0.58728	 0.59057	 0.59404	 0.59182	 0.57758	 0.55238	 0.52174	 0.49045	 0.46134	 0.43606	 0.41334	 0.39365	 0.37739	 0.36471
8588 	 0.23129	 0.23244	 0.23822	 0.25228	 0.27738	 0.30895	 0.33662	 0.35713	 0.37364	 0.38607	 0.39081	 0.38503	 0.37268	 0.35993	 0.34998	 0.34323	 0.33910	 0.33574	 0.33235	 0.33011	 0.33113	 0.33740	 0.35018	 0.36863	 0.39059	 0.41303	 0.43495	 0.45770	 0.48918	 0.53546	 0.58982	 0.64308	 0.68464	 0.70943	 0.72169	 0.72704	 0.72799	 0.72404	 0.71663	 0.70706	 0.69707	 0.68686	 0.67806	 0.67173	 0.66644	 0.66143	 0.65677	 0.65221	 0.64582	 0.63691	 0.62618	 0.61582	 0.60513	 0.59530	 0.58773	 0.58146	 0.57862	 0.57896	 0.58286	 0.58637	 0.58218	 0.56421	 0.53452	 0.49949	 0.46432	 0.43259	 0.40575	 0.38074	 0.36169	 0.34556	 0.33169
8589 	 0.24859	 0.24918	 0.25380	 0.26487	 0.28562	 0.31142	 0.33316	 0.34873	 0.36075	 0.36983	 0.37266	 0.36710	 0.35739	 0.34758	 0.33982	 0.33406	 0.33047	 0.32771	 0.32524	 0.32408	 0.32600	 0.33251	 0.34469	 0.36129	 0.38019	 0.39881	 0.41740	 0.43820	 0.46984	 0.51747	 0.57114	 0.61929	 0.65404	 0.67330	 0.68242	 0.68630	 0.68645	 0.68189	 0.67379	 0.66369	 0.65324	 0.64265	 0.63358	 0.62687	 0.62102	 0.61532	 0.60994	 0.60519	 0.59909	 0.59071	 0.58102	 0.57212	 0.56286	 0.55423	 0.54759	 0.54205	 0.53935	 0.53952	 0.54334	 0.54819	 0.54941	 0.54060	 0.52181	 0.49729	 0.47133	 0.44754	 0.42538	 0.40582	 0.38843	 0.37442	 0.36202
8590 	 0.25753	 0.25887	 0.26476	 0.27849	 0.30320	 0.33409	 0.36074	 0.38021	 0.39546	 0.40693	 0.41114	 0.40536	 0.39344	 0.38123	 0.37172	 0.36505	 0.36098	 0.35784	 0.35470	 0.35279	 0.35421	 0.36069	 0.37329	 0.39123	 0.41237	 0.43360	 0.45451	 0.47654	 0.50766	 0.55329	 0.60560	 0.65510	 0.69217	 0.71340	 0.72345	 0.72769	 0.72814	 0.72397	 0.71667	 0.70736	 0.69767	 0.68784	 0.67931	 0.67305	 0.66770	 0.66261	 0.65794	 0.65350	 0.64727	 0.63896	 0.62902	 0.61946	 0.60960	 0.60049	 0.59349	 0.58771	 0.58529	 0.58568	 0.58960	 0.59347	 0.59092	 0.57553	 0.54841	 0.51626	 0.48412	 0.45463	 0.42946	 0.40594	 0.38712	 0.37141	 0.35863
8593 	 0.19215	 0.19277	 0.19738	 0.20842	 0.22823	 0.25295	 0.27488	 0.29129	 0.30438	 0.31433	 0.31784	 0.31264	 0.30246	 0.29189	 0.28370	 0.27781	 0.27428	 0.27122	 0.26831	 0.26630	 0.26701	 0.27201	 0.28244	 0.29755	 0.31560	 0.33447	 0.35311	 0.37300	 0.40178	 0.44524	 0.49694	 0.54803	 0.58884	 0.61390	 0.62682	 0.63267	 0.63398	 0.63029	 0.62311	 0.61376	 0.60378	 0.59359	 0.58479	 0.57822	 0.57271	 0.56760	 0.56284	 0.55835	 0.55185	 0.54263	 0.53169	 0.52114	 0.51040	 0.50048	 0.49292	 0.48653	 0.48377	 0.48455	 0.48945	 0.49469	 0.49424	 0.48127	 0.45918	 0.43163	 0.40378	 0.37764	 0.35434	 0.33419	 0.31721	 0.30190	 0.29087
8594 	 0.21239	 0.21301	 0.21798	 0.23040	 0.25258	 0.28056	 0.30564	 0.32489	 0.34034	 0.35173	 0.35571	 0.34974	 0.33834	 0.32678	 0.31759	 0.31114	 0.30725	 0.30389	 0.30045	 0.29800	 0.29844	 0.30376	 0.31517	 0.33210	 0.35269	 0.37425	 0.39544	 0.41701	 0.44681	 0.49116	 0.54404	 0.59656	 0.63861	 0.66427	 0.67737	 0.68318	 0.68452	 0.68111	 0.67441	 0.66564	 0.65616	 0.64650	 0.63805	 0.63182	 0.62664	 0.62169	 0.61706	 0.61264	 0.60619	 0.59702	 0.58589	 0.57514	 0.56409	 0.55385	 0.54582	 0.53918	 0.53615	 0.53675	 0.54134	 0.54571	 0.54288	 0.52693	 0.50033	 0.46907	 0.43730	 0.40903	 0.38348	 0.36072	 0.34207	 0.32646	 0.31393
8595 	 0.22476	 0.22585	 0.23123	 0.24393	 0.26609	 0.29357	 0.31733	 0.33495	 0.34860	 0.35873	 0.36218	 0.35687	 0.34679	 0.33640	 0.32823	 0.32235	 0.31872	 0.31588	 0.31310	 0.31149	 0.31273	 0.31876	 0.33047	 0.34701	 0.36632	 0.38579	 0.40500	 0.42544	 0.45508	 0.49968	 0.55152	 0.60094	 0.63888	 0.66135	 0.67252	 0.67749	 0.67838	 0.67444	 0.66704	 0.65755	 0.64758	 0.63748	 0.62866	 0.62216	 0.61667	 0.61135	 0.60644	 0.60189	 0.59567	 0.58715	 0.57689	 0.56725	 0.55729	 0.54817	 0.54105	 0.53508	 0.53230	 0.53264	 0.53623	 0.53970	 0.53742	 0.52353	 0.49937	 0.47012	 0.44020	 0.41317	 0.38838	 0.36727	 0.34903	 0.33388	 0.32181
8596 	 0.20034	 0.20128	 0.20639	 0.21882	 0.24074	 0.26811	 0.29212	 0.31026	 0.32467	 0.33525	 0.33870	 0.33286	 0.32196	 0.31094	 0.30227	 0.29607	 0.29239	 0.28936	 0.28635	 0.28448	 0.28555	 0.29142	 0.30326	 0.32033	 0.34070	 0.36156	 0.38221	 0.40419	 0.43581	 0.48344	 0.53971	 0.59433	 0.63682	 0.66237	 0.67527	 0.68076	 0.68170	 0.67754	 0.66995	 0.66009	 0.64944	 0.63876	 0.62941	 0.62227	 0.61620	 0.61057	 0.60539	 0.60041	 0.59344	 0.58396	 0.57257	 0.56150	 0.55029	 0.53994	 0.53193	 0.52537	 0.52264	 0.52356	 0.52827	 0.53294	 0.53056	 0.51461	 0.48909	 0.45777	 0.42660	 0.39791	 0.37156	 0.34974	 0.33122	 0.31484	 0.30284
8597 	 0.27356	 0.27523	 0.28181	 0.29725	 0.32424	 0.35731	 0.38530	 0.40564	 0.42135	 0.43274	 0.43646	 0.43021	 0.41843	 0.40673	 0.39749	 0.39099	 0.38711	 0.38406	 0.38120	 0.37969	 0.38167	 0.38903	 0.40283	 0.42207	 0.44428	 0.46627	 0.48761	 0.51031	 0.54267	 0.59024	 0.64408	 0.69383	 0.73024	 0.75051	 0.75996	 0.76392	 0.76428	 0.76012	 0.75260	 0.74317	 0.73329	 0.72334	 0.71479	 0.70839	 0.70281	 0.69743	 0.69232	 0.68769	 0.68154	 0.67314	 0.66333	 0.65404	 0.64435	 0.63551	 0.62860	 0.62273	 0.62017	 0.62046	 0.62370	 0.62616	 0.62175	 0.60391	 0.57520	 0.54079	 0.50636	 0.47564	 0.44737	 0.42415	 0.40357	 0.38782	 0.37417
