1	0.16772986	0.167681716	0.171356304	0.183739973	0.211154832	0.249497905	0.287725578	0.318960315	0.344275941	0.363464267	0.372620796	0.369068879	0.355266459	0.339172042	0.326859981	0.318822784	0.313965218	0.310454192	0.3063634	0.302841329	0.302542202	0.307751119	0.321309688	0.34389506	0.372506437	0.403663021	0.433126766	0.45822728	0.487110868	0.529359893	0.586894484	0.650106921	0.70461426	0.742703468	0.764261636	0.774582038	0.777822451	0.776966608	0.772779889	0.765920928	0.757424463	0.748354697	0.739774946	0.732742032	0.727253514	0.722733886	0.718895376	0.714161485	0.707550197	0.69849394	0.686501486	0.67286353	0.659293368	0.647122127	0.636221619	0.627656478	0.621973068	0.619341958	0.618190489	0.610842286	0.588687184	0.550560182	0.505381065	0.462006551	0.419343568	0.379070646	0.343277759	0.314546447	0.29066415	0.270981597	0.255436872
6	0.167676298	0.167655049	0.171414863	0.183949715	0.211474936	0.249941029	0.288094605	0.319169585	0.3443727	0.36358329	0.372736746	0.369249773	0.355432759	0.339284913	0.326884812	0.318880528	0.313987411	0.310281354	0.306278253	0.302778103	0.302475423	0.307770046	0.321462767	0.344175595	0.373078872	0.404371718	0.433912598	0.459135398	0.488319693	0.531030681	0.588991265	0.652479554	0.706986106	0.744910746	0.766224076	0.776227973	0.77925669	0.778245071	0.773895683	0.766904296	0.758281292	0.749073849	0.740391993	0.733342418	0.727937712	0.723441528	0.719455855	0.714653091	0.708054284	0.698821309	0.686668293	0.67300374	0.659478701	0.647291929	0.636210972	0.62754679	0.622006933	0.619417202	0.618220672	0.610927965	0.588939939	0.550832317	0.505538661	0.461890796	0.419417786	0.379187403	0.34400892	0.314520623	0.291017768	0.272093361	0.25688637
11	0.168142432	0.16817283	0.172034708	0.184775291	0.212449098	0.251110472	0.289425812	0.320627958	0.346019666	0.365253727	0.374426108	0.370974463	0.35704443	0.340683933	0.328283416	0.320296699	0.315360694	0.311595335	0.30757804	0.304063416	0.30371746	0.309162789	0.322920502	0.345757911	0.37481091	0.406269773	0.436030285	0.461526225	0.490770267	0.533680777	0.591980732	0.655464827	0.709662758	0.74726221	0.768316876	0.778044912	0.780953197	0.779811114	0.775360015	0.768351976	0.75969067	0.750502243	0.741766773	0.734637981	0.729200187	0.724765974	0.720804527	0.715937593	0.709210743	0.699984596	0.687819506	0.674294393	0.660897337	0.648627171	0.637497512	0.628964962	0.623572078	0.620930568	0.619514712	0.6119843	0.589749242	0.551602842	0.506148096	0.462279602	0.419537678	0.379707225	0.344236112	0.31516688	0.290839043	0.272109169	0.256566898
16	0.165038252	0.165056425	0.16893602	0.181607043	0.209388479	0.248181873	0.286523582	0.317765287	0.343241894	0.362585252	0.371842049	0.36810596	0.354136525	0.338047908	0.325558208	0.317363641	0.312510013	0.308879863	0.304725488	0.301219916	0.30095273	0.306351467	0.320135568	0.343103931	0.372219475	0.403851012	0.433764778	0.459280589	0.488637624	0.531741466	0.590305155	0.654337928	0.709139849	0.747169887	0.768453062	0.778356398	0.781213793	0.779879673	0.775362677	0.76834493	0.759742324	0.750436356	0.741708588	0.734561343	0.72901016	0.724377821	0.720446428	0.715834857	0.709023045	0.699654082	0.687365389	0.673632909	0.660035924	0.647724877	0.636607735	0.627876959	0.622203845	0.619738387	0.618506598	0.610804683	0.588037256	0.549045427	0.503272551	0.459326511	0.416675021	0.376528066	0.341121738	0.311536525	0.288134718	0.268973637	0.253065975
21	0.164939038	0.164963962	0.168857834	0.181409456	0.209105197	0.247912797	0.286196393	0.317425	0.34283757	0.362112349	0.371359643	0.367550681	0.353570543	0.337521162	0.325087675	0.316904677	0.312069547	0.30847756	0.304354167	0.30083791	0.300565512	0.305879225	0.319624139	0.342583521	0.371655812	0.403194557	0.43310875	0.458746956	0.488141101	0.531219142	0.589837572	0.653949752	0.70873113	0.746791346	0.768098683	0.778064183	0.780898875	0.779662001	0.775113506	0.768037732	0.759386919	0.750122877	0.741357771	0.734176417	0.728621514	0.723940729	0.720061798	0.715459418	0.708623747	0.699225367	0.686982205	0.673130638	0.659410685	0.647166025	0.636156841	0.627408615	0.621719276	0.619311901	0.618424936	0.611126192	0.588623669	0.549785853	0.503986947	0.460244716	0.417135445	0.377203626	0.341857387	0.311836394	0.28810315	0.269506731	0.254295851
26	0.164676065	0.164707964	0.16854631	0.181247936	0.209223979	0.248304313	0.286878765	0.318211371	0.343669728	0.36303737	0.372317305	0.368693464	0.354719456	0.338414798	0.325889074	0.317631303	0.312707795	0.309085203	0.304988488	0.301464104	0.301163717	0.306541056	0.32037514	0.343451407	0.372819908	0.404639718	0.434763046	0.460502449	0.490107919	0.533527458	0.592495054	0.656805413	0.711857155	0.74997663	0.771291844	0.781259837	0.784173439	0.782895624	0.778302991	0.771188728	0.762407379	0.7530663	0.74432001	0.737193793	0.731655893	0.727001151	0.72304801	0.718306096	0.711469569	0.702104681	0.689779971	0.675916946	0.662213938	0.649827096	0.638720938	0.629992277	0.624239572	0.621680203	0.620573854	0.61302555	0.590307166	0.55133116	0.505238272	0.46095969	0.418080469	0.377562283	0.341217266	0.312012896	0.288129921	0.269212349	0.253802345
31	0.164094162	0.164134703	0.168025158	0.180690338	0.20842905	0.247098349	0.285243918	0.316266055	0.341534219	0.360644288	0.369823033	0.366310773	0.352450094	0.336244753	0.32388734	0.315779116	0.310834734	0.307162883	0.303016288	0.299499715	0.299240182	0.30465846	0.31839596	0.341249682	0.370354111	0.401875795	0.431787685	0.457322844	0.486691656	0.529845558	0.588406479	0.652388381	0.707121715	0.745023178	0.766228784	0.775992755	0.778824724	0.777514723	0.772923899	0.765798305	0.75698336	0.747711389	0.738853935	0.731599619	0.726137596	0.721605054	0.717590407	0.712751367	0.705978404	0.696706177	0.684415149	0.67060008	0.657017903	0.644707402	0.63357483	0.624905385	0.619427545	0.616933252	0.615887809	0.608810491	0.586734839	0.548272484	0.502699513	0.459192766	0.416398581	0.376276554	0.340879053	0.311039959	0.28791901	0.26843559	0.252839366
36	0.164090521	0.16421375	0.168050513	0.180765916	0.208644149	0.247555984	0.285898328	0.317094787	0.342500039	0.361893308	0.371186399	0.367700585	0.353696173	0.337234014	0.324779866	0.31675993	0.311780337	0.307935856	0.30385844	0.300284698	0.299928872	0.305386096	0.319234852	0.342270956	0.371615768	0.403300046	0.433470317	0.459290233	0.488821049	0.532284666	0.59133483	0.655622611	0.710477366	0.748401681	0.76945622	0.77911775	0.781908679	0.780670538	0.776062539	0.768835221	0.760100003	0.750847112	0.741912946	0.734670521	0.729196131	0.724736281	0.720690804	0.71578592	0.708943768	0.699602753	0.687228879	0.673447091	0.659889648	0.647444146	0.636233461	0.627543831	0.622034806	0.61940402	0.618166557	0.610796674	0.588503865	0.549825052	0.504141011	0.460269727	0.417467626	0.376714068	0.34116317	0.311446132	0.287247	0.268299436	0.253492262
41	0.164965047	0.16505755	0.169037811	0.181849447	0.209852524	0.248843661	0.287199474	0.31839491	0.343767729	0.363181208	0.372479641	0.368988528	0.354925341	0.338435423	0.325988117	0.317999211	0.313013204	0.309102459	0.305003594	0.301415692	0.301015277	0.306526101	0.320456908	0.343668136	0.373152241	0.405017832	0.43522742	0.460987479	0.490597331	0.534234026	0.59347673	0.657943906	0.712609969	0.750398873	0.77146186	0.781108338	0.783734523	0.782477662	0.77780636	0.770537089	0.761734156	0.752450046	0.743522349	0.736240544	0.730747243	0.726356449	0.722298003	0.717281812	0.710434092	0.701032956	0.68865492	0.67494853	0.661373039	0.648883494	0.637655561	0.629038986	0.62356467	0.620902464	0.619556152	0.612240691	0.589753848	0.551070883	0.505277028	0.461008376	0.41841755	0.377690888	0.342255111	0.312573887	0.289139353	0.269673744	0.254178167
46	0	0	0	0	0	0	0	0	0	0	0	0	0	0	0	0	0	0	0	0	0	0	0	0	0	0	0	0	0	0	0	0	0	0	0	0	0	0	0	0	0	0	0	0	0	0	0	0	0	0	0	0	0	0	0	0	0	0	0	0	0	0	0	0	0	0	0	0	0	0	0
2	0	0	0	0	0	0	0	0	0	0	0	0	0	0	0	0	0	0	0	0	0	0	0	0	0	0	0	0	0	0	0	0	0	0	0	0	0	0	0	0	0	0	0	0	0	0	0	0	0	0	0	0	0	0	0	0	0	0	0	0	0	0	0	0	0	0	0	0	0	0	0
7	0	0	0	0	0	0	0	0	0	0	0	0	0	0	0	0	0	0	0	0	0	0	0	0	0	0	0	0	0	0	0	0	0	0	0	0	0	0	0	0	0	0	0	0	0	0	0	0	0	0	0	0	0	0	0	0	0	0	0	0	0	0	0	0	0	0	0	0	0	0	0
12	0	0	0	0	0	0	0	0	0	0	0	0	0	0	0	0	0	0	0	0	0	0	0	0	0	0	0	0	0	0	0	0	0	0	0	0	0	0	0	0	0	0	0	0	0	0	0	0	0	0	0	0	0	0	0	0	0	0	0	0	0	0	0	0	0	0	0	0	0	0	0
17	0	0	0	0	0	0	0	0	0	0	0	0	0	0	0	0	0	0	0	0	0	0	0	0	0	0	0	0	0	0	0	0	0	0	0	0	0	0	0	0	0	0	0	0	0	0	0	0	0	0	0	0	0	0	0	0	0	0	0	0	0	0	0	0	0	0	0	0	0	0	0
22	0	0	0	0	0	0	0	0	0	0	0	0	0	0	0	0	0	0	0	0	0	0	0	0	0	0	0	0	0	0	0	0	0	0	0	0	0	0	0	0	0	0	0	0	0	0	0	0	0	0	0	0	0	0	0	0	0	0	0	0	0	0	0	0	0	0	0	0	0	0	0
27	0	0	0	0	0	0	0	0	0	0	0	0	0	0	0	0	0	0	0	0	0	0	0	0	0	0	0	0	0	0	0	0	0	0	0	0	0	0	0	0	0	0	0	0	0	0	0	0	0	0	0	0	0	0	0	0	0	0	0	0	0	0	0	0	0	0	0	0	0	0	0
32	0	0	0	0	0	0	0	0	0	0	0	0	0	0	0	0	0	0	0	0	0	0	0	0	0	0	0	0	0	0	0	0	0	0	0	0	0	0	0	0	0	0	0	0	0	0	0	0	0	0	0	0	0	0	0	0	0	0	0	0	0	0	0	0	0	0	0	0	0	0	0
37	0	0	0	0	0	0	0	0	0	0	0	0	0	0	0	0	0	0	0	0	0	0	0	0	0	0	0	0	0	0	0	0	0	0	0	0	0	0	0	0	0	0	0	0	0	0	0	0	0	0	0	0	0	0	0	0	0	0	0	0	0	0	0	0	0	0	0	0	0	0	0
42	0	0	0	0	0	0	0	0	0	0	0	0	0	0	0	0	0	0	0	0	0	0	0	0	0	0	0	0	0	0	0	0	0	0	0	0	0	0	0	0	0	0	0	0	0	0	0	0	0	0	0	0	0	0	0	0	0	0	0	0	0	0	0	0	0	0	0	0	0	0	0
47	0	0	0	0	0	0	0	0	0	0	0	0	0	0	0	0	0	0	0	0	0	0	0	0	0	0	0	0	0	0	0	0	0	0	0	0	0	0	0	0	0	0	0	0	0	0	0	0	0	0	0	0	0	0	0	0	0	0	0	0	0	0	0	0	0	0	0	0	0	0	0
3	0.158061275	0.15857331	0.16207777	0.172485619	0.195065238	0.226393673	0.256782942	0.28047385	0.299008126	0.312896027	0.319776113	0.317339757	0.306840097	0.294804988	0.285696866	0.279605349	0.275865614	0.273245363	0.270699039	0.268876902	0.269772218	0.274987599	0.286604322	0.304929916	0.327242853	0.35073251	0.37301025	0.392731284	0.416886115	0.452791368	0.500381836	0.550351497	0.591725136	0.620034618	0.636213749	0.644094234	0.646205119	0.644771994	0.640412562	0.633594183	0.625450376	0.616803584	0.608621067	0.601897468	0.596755554	0.59263105	0.58877979	0.584333313	0.578698809	0.571488924	0.56217412	0.551524468	0.541036238	0.531830139	0.5237258	0.51734587	0.513117442	0.511168889	0.510868505	0.506847666	0.492783226	0.466980793	0.434799673	0.402554305	0.370204963	0.338944284	0.310719573	0.286957051	0.267177976	0.250993736	0.237373249
8	0.156166457	0.156709783	0.160363166	0.171016283	0.193764197	0.225305004	0.255790193	0.279486359	0.297945477	0.311876496	0.318792631	0.316442374	0.305899413	0.293631943	0.284409677	0.27840647	0.27470432	0.27201134	0.269480609	0.267670721	0.268491283	0.27384679	0.285687613	0.304186702	0.326705176	0.350431728	0.37283359	0.392683473	0.417132141	0.453410206	0.501343306	0.551583457	0.593056821	0.621370507	0.637283947	0.644858922	0.646870526	0.645270315	0.64078427	0.633885277	0.62567013	0.616963115	0.608749764	0.601959996	0.596848098	0.592758829	0.588852509	0.584326151	0.578654407	0.57141797	0.561899562	0.551195232	0.540765003	0.53150448	0.523167681	0.516762187	0.512763389	0.510845885	0.510402944	0.506267455	0.49214549	0.465927701	0.433542501	0.401292806	0.368796278	0.337448424	0.30938655	0.284994472	0.265054985	0.248467162	0.234754838
13	0.155923284	0.156601371	0.160284581	0.171089361	0.193968982	0.225696947	0.256213882	0.27997688	0.29854903	0.312610934	0.319535427	0.317075582	0.306398778	0.294062643	0.28483354	0.278816664	0.275053349	0.272337832	0.269815747	0.267936019	0.268733768	0.274197459	0.286146484	0.30480205	0.327535217	0.351451096	0.374144835	0.394221122	0.418831923	0.45546869	0.503742645	0.554082501	0.595544789	0.623798069	0.639514479	0.646788667	0.64863782	0.647002425	0.642393874	0.635474274	0.627305864	0.618632421	0.610271273	0.603521994	0.598491325	0.594349436	0.590378329	0.585811156	0.580051462	0.572836695	0.56326193	0.552536032	0.542097151	0.532735298	0.524336775	0.517963159	0.514047773	0.512105153	0.511597788	0.507351888	0.493030604	0.466957054	0.434149824	0.401546208	0.368871463	0.337362942	0.30938481	0.284775584	0.265164087	0.248736282	0.235094307
18	0.15232306	0.152864941	0.156456315	0.167141855	0.190105368	0.221992174	0.252551335	0.276286364	0.294930945	0.308973365	0.31596758	0.313209351	0.302532789	0.290430194	0.281173137	0.274997034	0.271360334	0.268751542	0.266106412	0.264380083	0.265290442	0.270637162	0.282581972	0.301351846	0.324049058	0.348071264	0.370787431	0.391001122	0.415612934	0.452288463	0.500725402	0.55152215	0.593274144	0.621702179	0.637718118	0.645303282	0.647016838	0.6451892	0.640473755	0.63356702	0.625529558	0.616737622	0.608535202	0.601705182	0.596456882	0.592241033	0.588434444	0.58408091	0.578234763	0.570781924	0.561190151	0.550397414	0.539793012	0.530406936	0.522034691	0.5154425	0.511215645	0.509534665	0.509403069	0.505302868	0.490643212	0.463916465	0.431033246	0.397946817	0.365230184	0.333907002	0.305844045	0.281561841	0.261976749	0.245213255	0.230622411
23	0.151569655	0.15209979	0.155685116	0.166340614	0.189413703	0.221294284	0.251941647	0.275793228	0.294523632	0.308621193	0.315570981	0.312843462	0.302123334	0.289963986	0.280733201	0.274557702	0.270846295	0.268220422	0.265559677	0.263817967	0.264754041	0.270142548	0.282027219	0.300816614	0.323591516	0.347670434	0.370459824	0.390715962	0.415484298	0.452186961	0.50073881	0.551673815	0.593465609	0.621933423	0.638044388	0.645713431	0.647575069	0.645803895	0.641089594	0.634294328	0.626227235	0.617453192	0.609217136	0.602394186	0.597125797	0.592929763	0.589152565	0.584776651	0.57897479	0.571514381	0.561912231	0.551100338	0.540415747	0.53108074	0.522679039	0.516054911	0.511724811	0.509977249	0.509969685	0.50584054	0.491180385	0.464622125	0.431345868	0.398012392	0.36505152	0.333750404	0.305666824	0.281002633	0.260458315	0.244455663	0.23070813
28	0.152552162	0.15314741	0.156770072	0.167467832	0.190490797	0.222363792	0.253109725	0.27693168	0.295568046	0.309661486	0.316584632	0.313991543	0.303381091	0.291123255	0.281847251	0.275680889	0.271893507	0.269251766	0.266636411	0.264837103	0.265744654	0.27109544	0.283041638	0.301817617	0.324657806	0.348732236	0.371602675	0.391904554	0.416634402	0.453334164	0.501811584	0.552606076	0.594554029	0.623022495	0.639024471	0.646588596	0.648488098	0.646813427	0.642096987	0.635180535	0.626957747	0.618185908	0.609967827	0.603193446	0.597964294	0.593784809	0.589903436	0.585484654	0.579691769	0.572286172	0.562733914	0.551945724	0.541261233	0.531848032	0.523579277	0.517086371	0.512766275	0.510829772	0.510742357	0.506638535	0.492141511	0.465675478	0.432737986	0.39952228	0.366592158	0.33500445	0.306297816	0.282254969	0.262134353	0.245624799	0.231841661
33	0.151620301	0.152273145	0.155912639	0.166704533	0.189904448	0.221902973	0.252751272	0.276684743	0.295417783	0.309600107	0.316584422	0.314138978	0.303384597	0.290907581	0.281587072	0.275490611	0.271659087	0.268976671	0.266385477	0.264495134	0.265362715	0.27082136	0.28283173	0.301744423	0.324759491	0.348960987	0.372034548	0.392464037	0.417370319	0.454361831	0.503157612	0.554154091	0.596248185	0.624885611	0.640846915	0.64834459	0.650176209	0.648514737	0.643856263	0.636905035	0.628642634	0.61987803	0.61156717	0.604740876	0.599505536	0.59537576	0.591460369	0.586984358	0.58116176	0.573802725	0.564112824	0.553219088	0.54259965	0.533174777	0.524697209	0.518159082	0.513977453	0.511965418	0.511684912	0.507585353	0.4931655	0.466482302	0.433071457	0.399815807	0.366614162	0.334438382	0.305648003	0.281158586	0.261568781	0.244868222	0.230361498
38	0.151025984	0.151820515	0.155524833	0.166325192	0.189484022	0.221492784	0.252247327	0.276078019	0.294750932	0.308945311	0.315955194	0.313515665	0.302820446	0.290275605	0.280943719	0.27491432	0.271105153	0.268317554	0.265742648	0.263836617	0.264621527	0.270192102	0.282252264	0.301138141	0.324163441	0.348353177	0.37137895	0.391825287	0.416663527	0.453664809	0.502437796	0.55335717	0.595279587	0.623808764	0.639666917	0.647018225	0.648798036	0.647121065	0.642449928	0.635489315	0.62722648	0.618590427	0.610232915	0.60337825	0.598211822	0.594118852	0.590184703	0.585611599	0.579772176	0.572459684	0.562730563	0.551846708	0.541284803	0.531890631	0.523388681	0.516880923	0.512853595	0.510898836	0.510494567	0.506303778	0.491766406	0.46535071	0.432416624	0.398983561	0.365614968	0.333800565	0.305393961	0.280813494	0.260675021	0.244471399	0.230271339
43	0.152316652	0.152964136	0.156725576	0.167571452	0.190642456	0.222552537	0.253056764	0.276787003	0.295347963	0.309435215	0.316464208	0.31404448	0.303311907	0.290812691	0.281624763	0.275643243	0.27178214	0.268937976	0.266367295	0.264400767	0.265251249	0.270818573	0.282815411	0.301666807	0.324621034	0.34881604	0.371773519	0.392057695	0.41673718	0.453594085	0.502221258	0.552989465	0.594641745	0.622982329	0.638791453	0.646023035	0.647668101	0.645899299	0.641099789	0.634107792	0.626009421	0.617315939	0.608878838	0.602069376	0.596897103	0.592840504	0.588984228	0.584399029	0.578550458	0.571237439	0.561523766	0.550673535	0.540131465	0.530727553	0.522386192	0.515985579	0.511991359	0.510132441	0.50980735	0.505757085	0.491552066	0.465169921	0.432598429	0.399438496	0.366475364	0.334704466	0.305968926	0.281700566	0.261730308	0.245399086	0.232195874
48	0	0	0	0	0	0	0	0	0	0	0	0	0	0	0	0	0	0	0	0	0	0	0	0	0	0	0	0	0	0	0	0	0	0	0	0	0	0	0	0	0	0	0	0	0	0	0	0	0	0	0	0	0	0	0	0	0	0	0	0	0	0	0	0	0	0	0	0	0	0	0
4	0.16209223	0.162494663	0.165623904	0.175206943	0.196197591	0.225496873	0.253824381	0.275489016	0.292253357	0.304822423	0.310986084	0.308520834	0.298364951	0.28647748	0.277441978	0.271388702	0.267553615	0.264951588	0.262448552	0.260814951	0.261875913	0.267098703	0.278388534	0.296068481	0.3174927	0.340127166	0.361602413	0.38100866	0.405751729	0.442809521	0.491379667	0.541377932	0.581846299	0.609017321	0.624118625	0.631213197	0.63290709	0.630928783	0.625669118	0.617997026	0.609181837	0.599996214	0.591573461	0.584591335	0.579057653	0.574517405	0.570177795	0.56534725	0.559563137	0.552428681	0.543138475	0.532855301	0.52289583	0.513984236	0.506101293	0.500297475	0.49674904	0.495494433	0.496145654	0.493781306	0.482945063	0.461538098	0.433697539	0.404682215	0.375205395	0.346633388	0.320497882	0.298444024	0.279893948	0.263642581	0.250391993
9	0.155979596	0.15639298	0.159654652	0.169472567	0.19066168	0.220146002	0.248578102	0.270381329	0.287083743	0.29976139	0.306002203	0.30351727	0.293196671	0.281200926	0.272122944	0.266033211	0.262228297	0.259582847	0.257146232	0.255588404	0.256682531	0.262024222	0.273610206	0.291532304	0.313283138	0.336187924	0.357908116	0.377574041	0.402883908	0.440777274	0.490217511	0.540978834	0.58207746	0.609519184	0.624537503	0.631387775	0.632958128	0.630770526	0.625277191	0.617459742	0.608434386	0.599022627	0.590441441	0.583429965	0.577873134	0.573236368	0.568767062	0.563813502	0.557914712	0.550565073	0.541042648	0.530602573	0.520618076	0.511558655	0.503479743	0.497614647	0.494139979	0.492953719	0.493452341	0.490907469	0.479730861	0.458018534	0.429551304	0.4000838	0.370184948	0.341189444	0.315036331	0.291938634	0.272909159	0.257345459	0.243789339
14	0.15447177	0.154945953	0.158299897	0.168319797	0.189968447	0.220045575	0.248869239	0.270983006	0.288025571	0.300936461	0.307280364	0.3047253	0.294259102	0.28198484	0.272854029	0.26677779	0.262922984	0.260145814	0.257664603	0.256039015	0.257176721	0.262699235	0.274497942	0.292777179	0.314908348	0.338158988	0.360202122	0.38015328	0.405625259	0.443851083	0.493646907	0.544469267	0.585292017	0.612490922	0.627344271	0.633982311	0.63542796	0.633216705	0.627690963	0.619978608	0.611156976	0.601895628	0.593279154	0.586282382	0.580797028	0.576188571	0.571761148	0.566856585	0.560919734	0.553680438	0.544119914	0.533640408	0.523604031	0.514543842	0.506445164	0.500613755	0.497168133	0.49580611	0.496168484	0.493517658	0.482071603	0.459655656	0.430522046	0.400519848	0.370164869	0.341319877	0.31458468	0.291786676	0.272391512	0.255464697	0.242584415
19	0.155057628	0.155457215	0.158777684	0.168672687	0.190154599	0.219989837	0.248586032	0.270412347	0.287425125	0.300258514	0.306560823	0.303790999	0.293295683	0.281320805	0.272196197	0.266086436	0.262309844	0.259664211	0.257108919	0.25551979	0.256640198	0.262015171	0.27361476	0.291800872	0.313664829	0.336697757	0.358673418	0.378585115	0.403830628	0.441679771	0.491062203	0.541809997	0.582463078	0.609475095	0.624267758	0.631002847	0.632418416	0.63010869	0.624459265	0.616653345	0.607813159	0.598487967	0.58989283	0.582844228	0.577283805	0.57270056	0.568416364	0.56374365	0.557838563	0.550395943	0.541013502	0.530688095	0.520534625	0.511506267	0.503551278	0.497540555	0.493961117	0.493073891	0.493904829	0.491386139	0.48003618	0.457644479	0.428850522	0.399388452	0.369372616	0.34060667	0.314323344	0.291428802	0.272265929	0.256427598	0.242746515
24	0.151513172	0.151922619	0.155173047	0.165028297	0.186575661	0.216517543	0.245145965	0.267186291	0.284265962	0.29709095	0.303362183	0.300613986	0.290129624	0.27807046	0.268923093	0.26281588	0.259074605	0.256407303	0.253855946	0.252275919	0.253473861	0.258893907	0.2705097	0.288773382	0.310802013	0.33405615	0.356145429	0.37631075	0.401824077	0.440067843	0.490152218	0.541575468	0.582850228	0.61033185	0.625476918	0.632358549	0.63379912	0.631484963	0.625830865	0.617996115	0.609097448	0.599650039	0.591039494	0.583933301	0.578238839	0.573634314	0.569303859	0.564459157	0.558472257	0.550982515	0.541465052	0.530994328	0.520781133	0.511694151	0.503565944	0.497548584	0.493895527	0.49294271	0.493748652	0.491208769	0.479769012	0.457345914	0.428092167	0.398161786	0.367957181	0.338492779	0.31174694	0.288473638	0.269315383	0.252927188	0.239706654
29	0.150576715	0.151066998	0.154352311	0.164241473	0.185789518	0.215685808	0.244325805	0.266200189	0.283157078	0.295920508	0.302194991	0.299593104	0.289201753	0.27709643	0.267968248	0.261831057	0.257990446	0.255349553	0.252938245	0.251331746	0.252465528	0.257871241	0.269450435	0.287645053	0.309675788	0.332839162	0.354931847	0.374936039	0.400324627	0.438364636	0.488143865	0.539205323	0.580354228	0.607779739	0.622782364	0.629577232	0.63108853	0.628819309	0.623209355	0.615346706	0.606339073	0.59696926	0.588405625	0.581324355	0.575692346	0.571078899	0.566755145	0.561891297	0.556001712	0.54860041	0.539136943	0.528611322	0.518403995	0.509319853	0.501314268	0.495377303	0.491808116	0.490608543	0.491455169	0.489006326	0.477626917	0.455495162	0.426635345	0.396711755	0.366320261	0.337511883	0.310682576	0.28739906	0.268110707	0.251636894	0.238763724
34	0.149911757	0.150408465	0.153791986	0.163815848	0.185480683	0.215558564	0.244454711	0.266558594	0.283663106	0.296604606	0.302909538	0.300319208	0.289808457	0.277576262	0.268386589	0.262228469	0.258365505	0.255613831	0.253153102	0.251580515	0.252711487	0.258225896	0.270031828	0.288409587	0.310631478	0.333997526	0.356374046	0.376590844	0.40233038	0.44087072	0.491185124	0.542656347	0.584133969	0.611778759	0.626827075	0.633632281	0.635104929	0.632823724	0.627213778	0.619339767	0.610305327	0.600946311	0.592293585	0.585246703	0.579616181	0.575009674	0.570619997	0.565654976	0.55966845	0.552314142	0.542692609	0.532071227	0.521836616	0.512647834	0.504496832	0.498537774	0.49504606	0.493785838	0.494394968	0.49183171	0.480214798	0.457711118	0.428516602	0.398335115	0.367641359	0.33803529	0.310584505	0.288094406	0.268333735	0.252701735	0.238827522
39	0.148218609	0.148761793	0.152175676	0.162230228	0.183767537	0.213808184	0.242540311	0.264527266	0.281497541	0.294421316	0.300717105	0.298141262	0.287619525	0.275388214	0.266246158	0.260236293	0.256317206	0.253461263	0.251045137	0.249448264	0.250523418	0.256101907	0.267956258	0.28631158	0.308511526	0.33187752	0.354231887	0.374386973	0.399943631	0.438565884	0.488965106	0.540579354	0.582107042	0.609707365	0.624760221	0.631475554	0.632885963	0.630518445	0.624718122	0.616866958	0.607842429	0.598360945	0.589634532	0.582617314	0.576994659	0.572411988	0.56795599	0.562942687	0.556949283	0.549555377	0.539879685	0.529248987	0.519096837	0.509872314	0.501720542	0.495835791	0.492382745	0.491094581	0.491661012	0.489167557	0.477713321	0.455246865	0.426011654	0.395975813	0.36550347	0.336106393	0.309100591	0.285774383	0.266622623	0.250358176	0.236250042
44	0.14851642	0.149055262	0.152485179	0.162544466	0.184378514	0.214550985	0.243291925	0.265385436	0.282539827	0.29546612	0.301804755	0.29923943	0.288677621	0.276304495	0.26716178	0.261144768	0.257253497	0.254335248	0.251914764	0.250246652	0.251293237	0.256922267	0.26879251	0.287266484	0.309543009	0.332886249	0.355224502	0.375417509	0.400921706	0.439315638	0.489553324	0.540938772	0.582163239	0.609559012	0.624401212	0.630974824	0.632208019	0.629873891	0.624159435	0.616297031	0.607385375	0.598088511	0.589348403	0.582331462	0.576843034	0.572326935	0.567863809	0.562902441	0.557004233	0.549665275	0.539951687	0.529340119	0.519200213	0.510012802	0.502059781	0.496176306	0.492752415	0.491438213	0.491830858	0.489390751	0.477967683	0.455430367	0.426321611	0.396022356	0.36551099	0.33582148	0.308370082	0.28583742	0.266595968	0.250530461	0.236446139
49	0	0	0	0	0	0	0	0	0	0	0	0	0	0	0	0	0	0	0	0	0	0	0	0	0	0	0	0	0	0	0	0	0	0	0	0	0	0	0	0	0	0	0	0	0	0	0	0	0	0	0	0	0	0	0	0	0	0	0	0	0	0	0	0	0	0	0	0	0	0	0
5	0.179146666	0.179864175	0.183653003	0.194800849	0.219074012	0.252726794	0.285465872	0.311151477	0.331158507	0.345977623	0.352841736	0.349602732	0.337829426	0.324419712	0.314242598	0.307511005	0.303361054	0.300576792	0.297880363	0.296022502	0.29716047	0.303060843	0.315920284	0.33615141	0.360902646	0.387235056	0.412401816	0.435213001	0.463975051	0.507372827	0.565745968	0.628343709	0.68126271	0.718253393	0.739500307	0.749737734	0.752654691	0.750701296	0.744700943	0.735803625	0.725302944	0.714158714	0.70357398	0.694781832	0.687718868	0.681890203	0.676582248	0.670626146	0.66314234	0.653687231	0.641595854	0.628127987	0.614962945	0.603361075	0.593211206	0.58551338	0.58088781	0.579465796	0.580092768	0.575802121	0.558935824	0.527750855	0.489638606	0.451983329	0.414813005	0.379244521	0.347287875	0.32047113	0.298660815	0.280424677	0.264972985
10	0.174923006	0.175629255	0.179520345	0.190911717	0.215321484	0.249079069	0.281830938	0.307445786	0.327352033	0.342169213	0.349070591	0.345891538	0.334028011	0.320488233	0.310364637	0.303564942	0.299367542	0.296625475	0.293999356	0.292114975	0.293211391	0.299196687	0.312248988	0.332638375	0.357592323	0.384136596	0.409409994	0.432318903	0.461389303	0.505308956	0.564121573	0.626974415	0.679922147	0.716719789	0.737584324	0.747458193	0.750129984	0.747974067	0.741872396	0.732808198	0.722158066	0.711042471	0.700470432	0.691644818	0.684610353	0.67878081	0.673430748	0.66754218	0.660122639	0.650517994	0.638194879	0.624654496	0.611591106	0.599884776	0.589593434	0.581927884	0.577494449	0.576119568	0.576741783	0.572564722	0.555742622	0.52465725	0.486264347	0.448695479	0.41135916	0.375654628	0.343640373	0.317161845	0.295045166	0.276876977	0.261295046
15	0.17016583	0.170964768	0.1748214	0.186135972	0.2100714	0.24313852	0.275174871	0.300209824	0.319635504	0.334169697	0.340999162	0.337853265	0.326159841	0.312780964	0.302840192	0.296255383	0.292061686	0.289229254	0.286707011	0.284871611	0.285845977	0.291803373	0.304712	0.324765719	0.349304636	0.375434595	0.400403354	0.423077909	0.451722838	0.495182918	0.553489267	0.615720932	0.668237886	0.704725624	0.725336407	0.735005604	0.737465651	0.735112669	0.728834271	0.71980572	0.709169507	0.697965238	0.687318293	0.678483012	0.671521815	0.665710337	0.660436904	0.654502875	0.647000203	0.637452704	0.625160789	0.611802072	0.598925996	0.587279552	0.577067004	0.569523153	0.565303918	0.564201363	0.565040547	0.561383445	0.545261621	0.515046432	0.477682884	0.440511467	0.403699656	0.368764039	0.336921097	0.310786288	0.288983915	0.271317482	0.256218341
20	0.167024566	0.167701988	0.171546946	0.182803791	0.206964161	0.240406064	0.272780754	0.298180116	0.318007928	0.332851206	0.339761618	0.336279474	0.324472024	0.311213421	0.301108076	0.294343994	0.290277819	0.287489683	0.284863852	0.283048143	0.284114969	0.290062488	0.303080153	0.323475726	0.348380385	0.37495946	0.400393682	0.42350341	0.452575103	0.49659227	0.555832736	0.619378767	0.672938158	0.710137318	0.731355707	0.741436037	0.743945358	0.741547732	0.735271249	0.726262568	0.715680264	0.704427162	0.693720417	0.684727022	0.677521728	0.67152419	0.666321627	0.660543167	0.652905269	0.643148621	0.630781876	0.61708318	0.603689071	0.591809154	0.581521816	0.573665212	0.569070002	0.568014716	0.569053236	0.565058094	0.54803471	0.516406133	0.478218657	0.440487673	0.403019681	0.367210795	0.335196629	0.308402055	0.286190266	0.268345121	0.253587304
25	0.164186583	0.164842186	0.168711135	0.179821578	0.203609841	0.236665075	0.268607271	0.293661476	0.313311149	0.327962931	0.334739631	0.331299264	0.319550272	0.306425725	0.296464992	0.289706267	0.285706037	0.283044212	0.280356489	0.278587505	0.279707612	0.285527032	0.298300453	0.318420931	0.343014432	0.369286156	0.394476099	0.417398502	0.446193707	0.489725826	0.54822304	0.610965658	0.663803467	0.700542802	0.721465497	0.731375911	0.733825411	0.731464927	0.725191318	0.716324207	0.705859078	0.694679457	0.684127911	0.675280214	0.668136821	0.662218078	0.657112525	0.651345764	0.643797773	0.634159269	0.621976056	0.608412061	0.595189531	0.583626071	0.573504366	0.565756275	0.561237038	0.560237322	0.561557776	0.558052122	0.541872472	0.511495666	0.473702415	0.436246714	0.39972852	0.364600296	0.332856923	0.3066347	0.283923458	0.265892345	0.251169939
30	0.165050918	0.165773984	0.169518378	0.180726976	0.204709777	0.237859383	0.269933455	0.295040035	0.314633446	0.329227431	0.33596668	0.332740796	0.321064023	0.307705014	0.297751633	0.291055702	0.286924182	0.284216654	0.281615945	0.279786039	0.280838052	0.286706561	0.299513947	0.319670499	0.344383624	0.370658627	0.395909793	0.418856325	0.447704862	0.491263506	0.549765663	0.612576135	0.665605894	0.702456742	0.723438606	0.733358735	0.735913887	0.733596507	0.727297577	0.718318459	0.707697506	0.696486521	0.685862285	0.676930617	0.669844429	0.664054897	0.658883745	0.653019006	0.645521784	0.635901862	0.623702818	0.610177123	0.59691171	0.585248651	0.575155625	0.567474798	0.563014763	0.561919	0.563091195	0.55946436	0.543225514	0.512781312	0.475018264	0.437694075	0.400654731	0.365304539	0.333428883	0.307039152	0.28467177	0.266314859	0.251491142
35	0.165848406	0.166622964	0.170458286	0.181681733	0.205558944	0.238592998	0.270626802	0.295618076	0.315104773	0.329662404	0.336406397	0.333261814	0.321564768	0.308209838	0.298202382	0.291545601	0.287438144	0.284612187	0.28199456	0.280142105	0.281196107	0.28709597	0.299853697	0.319905133	0.344599545	0.370809671	0.396041049	0.418956897	0.447699243	0.491144791	0.54962117	0.612164525	0.665179763	0.70201431	0.722840247	0.732624555	0.735105987	0.73276481	0.726527719	0.71747271	0.706831239	0.695582631	0.684879859	0.676007989	0.668954548	0.663180812	0.657976897	0.652088406	0.644509139	0.634920791	0.622733911	0.609230294	0.59603224	0.584414165	0.574280243	0.566698438	0.562379731	0.561275309	0.562342567	0.558908211	0.542859995	0.512572979	0.475188197	0.438030365	0.400917161	0.366080699	0.334409598	0.307647777	0.285793231	0.267950989	0.253183969
40	0.166312236	0.167052313	0.170964452	0.182263656	0.206343841	0.239617947	0.271818886	0.297045856	0.3167526	0.33147547	0.338275832	0.335073537	0.323245129	0.309715545	0.299771747	0.293154311	0.289003891	0.286065025	0.283489691	0.281606248	0.282545178	0.288579328	0.301545247	0.321828688	0.34673644	0.373232727	0.398693185	0.42179436	0.450726567	0.494525877	0.553382532	0.616360479	0.669374561	0.706131542	0.726816173	0.736454115	0.738808406	0.736422997	0.730093911	0.721163636	0.710572492	0.699426132	0.688712689	0.679777715	0.672698764	0.666934559	0.661661446	0.655704533	0.648085014	0.638451411	0.626203345	0.612696291	0.59960163	0.587863872	0.57762363	0.570013255	0.565688193	0.564607734	0.565530433	0.561942631	0.54574339	0.515086443	0.47729156	0.439649994	0.4026617	0.367131827	0.335182438	0.308528591	0.286757413	0.268810709	0.25384975
45	0.164823038	0.16564927	0.16956949	0.180867564	0.204961556	0.238191679	0.270127572	0.295127844	0.314699589	0.329448301	0.3362149	0.333031455	0.321284232	0.307728042	0.297770395	0.291238971	0.287047312	0.284034508	0.28143407	0.279493784	0.280509221	0.286582039	0.299476388	0.319695197	0.344593842	0.371021892	0.396369153	0.419384961	0.448232927	0.492029834	0.550831577	0.613687776	0.666522364	0.703104395	0.723726342	0.733265103	0.735500734	0.733034723	0.726572651	0.717503062	0.706927	0.695799213	0.685011742	0.676098469	0.669102303	0.663397391	0.658057821	0.65209665	0.644533804	0.634879969	0.62254926	0.609107922	0.596039136	0.584292136	0.574116123	0.566554419	0.562336519	0.56129843	0.562252045	0.558684261	0.542641332	0.512288829	0.474722781	0.437274213	0.400393109	0.364932339	0.333128099	0.306431091	0.284388422	0.266906657	0.252087061
50	0	0	0	0	0	0	0	0	0	0	0	0	0	0	0	0	0	0	0	0	0	0	0	0	0	0	0	0	0	0	0	0	0	0	0	0	0	0	0	0	0	0	0	0	0	0	0	0	0	0	0	0	0	0	0	0	0	0	0	0	0	0	0	0	0	0	0	0	0	0	0
