1	0.172891668	0.174252083	0.180630789	0.198117509	0.229207945	0.267043469	0.301245655	0.328562706	0.35132346	0.369178285	0.375512214	0.369113725	0.354365583	0.339078069	0.327994286	0.321554748	0.317889585	0.314882169	0.310292877	0.307015217	0.307591096	0.314200197	0.32800192	0.351226764	0.380120373	0.410118505	0.438125817	0.462809346	0.490706206	0.533277216	0.590297142	0.652438694	0.705987406	0.74009654	0.760083	0.771326674	0.775622439	0.775091551	0.772070175	0.765851327	0.758570747	0.75185751	0.744356176	0.737835056	0.733471784	0.729645506	0.726349706	0.72273933	0.716910493	0.708509311	0.696944326	0.68386206	0.671287982	0.659742453	0.649451437	0.64234549	0.637140707	0.635591092	0.636710296	0.631129974	0.606316899	0.565962856	0.519783744	0.474964623	0.433748965	0.397937256	0.366093224	0.34047611	0.31763561	0.30014855	0.285651392
6	0.171012343	0.172265287	0.178655058	0.196114073	0.227185882	0.264971292	0.299018446	0.32619817	0.348738139	0.366549815	0.372916472	0.366413713	0.351649646	0.336417568	0.325369897	0.318984864	0.315175118	0.312169519	0.307675018	0.304375521	0.304962684	0.311699773	0.3257077	0.34897564	0.377854811	0.407992348	0.436108048	0.460752078	0.488781537	0.531860985	0.589294234	0.651689464	0.705023259	0.738922869	0.7585723	0.769508921	0.773560973	0.772940247	0.769861756	0.763392289	0.755997144	0.749227881	0.741691945	0.7352509	0.730804298	0.726942053	0.723758093	0.719947007	0.713944569	0.705527299	0.69399776	0.680845434	0.668155074	0.656470776	0.646245281	0.639039653	0.633789768	0.632249487	0.633664995	0.628374759	0.60380263	0.563277163	0.517384999	0.472841223	0.431895514	0.395939974	0.364614871	0.338190177	0.316468345	0.29822583	0.284135126
11	0.173025979	0.174356571	0.180787301	0.198483415	0.230034931	0.268202381	0.302526298	0.329831735	0.352527919	0.370437164	0.376931472	0.370424072	0.355577124	0.340232582	0.328945015	0.322442201	0.318523614	0.315489151	0.311094619	0.30782894	0.30832956	0.3150781	0.329272295	0.352761229	0.38189807	0.412364255	0.440710273	0.46569426	0.494073179	0.537426903	0.595098296	0.657685015	0.711032621	0.744746134	0.764177583	0.774863348	0.778754016	0.778078804	0.774767432	0.768183903	0.760843222	0.754172926	0.746559555	0.740081539	0.735673997	0.731943402	0.728772646	0.724846298	0.718781779	0.71030814	0.69884294	0.685714742	0.673055442	0.661410174	0.651024772	0.64377121	0.638524705	0.637097711	0.638229058	0.632664046	0.607662564	0.566599082	0.520493976	0.474967488	0.434144094	0.398099405	0.366246797	0.340288029	0.317386711	0.299991763	0.285443514
16	0.168564472	0.169857211	0.1762885	0.193778728	0.224761219	0.262462216	0.296155197	0.32285762	0.345310552	0.362844674	0.369059361	0.36280822	0.348274768	0.333177816	0.322162213	0.315719288	0.311979956	0.309009269	0.30458594	0.301251957	0.301807627	0.308466539	0.322417306	0.345528804	0.374241018	0.404243243	0.432085084	0.456899262	0.485098697	0.527943716	0.585103147	0.647176539	0.700436093	0.734098903	0.753490402	0.764182149	0.768076626	0.767067379	0.76366975	0.757166975	0.749806115	0.74312543	0.735344488	0.728816021	0.724478518	0.720597965	0.717418967	0.713682962	0.707594753	0.698941324	0.687190148	0.674239954	0.661667547	0.65001094	0.639828312	0.633041578	0.627978647	0.626567845	0.628046953	0.622581506	0.598260581	0.557952221	0.51251934	0.468079103	0.427838895	0.392155235	0.360505919	0.335219735	0.313411645	0.295106089	0.280662033
21	0.169209933	0.170503735	0.177125272	0.194972824	0.226498934	0.264917798	0.299279609	0.326544062	0.349521356	0.367509311	0.373839277	0.367355232	0.352487303	0.337112162	0.325863844	0.319298086	0.315508307	0.312368124	0.307776235	0.30450413	0.305176108	0.311983038	0.326021686	0.349568465	0.378949438	0.409676558	0.438223809	0.463628372	0.492482447	0.536246627	0.594605936	0.657933012	0.712235083	0.746421878	0.766001105	0.776830519	0.780875048	0.779862235	0.776565441	0.770152931	0.762729731	0.755831623	0.748067644	0.741585884	0.737187795	0.733158034	0.729911951	0.7262079	0.720128495	0.711230935	0.69926802	0.686145144	0.673240192	0.661302603	0.65088197	0.643912108	0.638632354	0.636994985	0.638188034	0.632401045	0.607230588	0.565613624	0.518564213	0.472976468	0.432082071	0.395855956	0.363375463	0.337343504	0.314623204	0.296953071	0.282133498
26	0.169171484	0.17041256	0.177029014	0.194715884	0.226333622	0.264638138	0.298978428	0.326166868	0.348948017	0.366883094	0.373178888	0.366710288	0.351917247	0.336600396	0.325377607	0.318791761	0.314921696	0.311804936	0.307299337	0.304032545	0.304627926	0.311401175	0.325484778	0.349014347	0.378223361	0.408799123	0.437222944	0.462458878	0.491016195	0.534488715	0.592418278	0.655415934	0.70940984	0.74348517	0.7629982	0.773792475	0.777648433	0.77675011	0.773428295	0.766911112	0.759533787	0.752618411	0.74478204	0.738284231	0.733923255	0.729979782	0.726636205	0.722903353	0.716835022	0.708150356	0.696286206	0.683185378	0.670411263	0.658670672	0.648394104	0.641353218	0.636092056	0.634473234	0.635726197	0.630159498	0.605271296	0.564189486	0.517786613	0.472522695	0.431104444	0.395062692	0.362818431	0.337322807	0.314945077	0.297232562	0.282409434
31	0.169186948	0.170450233	0.176875839	0.194631174	0.226183475	0.264316249	0.298524908	0.325663143	0.348299942	0.366155981	0.37258313	0.366111449	0.351297392	0.335991318	0.324730964	0.318268069	0.314393964	0.311339116	0.306856549	0.303596975	0.304154669	0.310833008	0.324941642	0.348345826	0.377531979	0.40794222	0.43636914	0.461370931	0.489651993	0.532931858	0.590644104	0.653325	0.707122253	0.741059203	0.760662699	0.771507818	0.775409604	0.774593295	0.771178083	0.76457661	0.75702804	0.750220164	0.742418117	0.735869691	0.73147213	0.727577594	0.724342245	0.720518133	0.714415074	0.705816071	0.694206538	0.680942156	0.668272237	0.656653637	0.646300089	0.639175507	0.633954428	0.632528023	0.633867719	0.628385516	0.603815638	0.56319381	0.517095455	0.471816226	0.430857786	0.395130486	0.363490279	0.337328328	0.315102185	0.296544103	0.281974499
36	0.167300812	0.168584029	0.17503689	0.192517046	0.223653381	0.261205129	0.29496147	0.321691742	0.343870619	0.361435127	0.367784809	0.361507795	0.346913921	0.331865965	0.320667159	0.31428228	0.310379176	0.30739865	0.303119483	0.299816444	0.300285597	0.306986447	0.32105223	0.344246592	0.37295337	0.403006202	0.431038243	0.455727813	0.483706117	0.526569456	0.58370962	0.645708602	0.698876415	0.732505124	0.751806865	0.762333312	0.766030023	0.765164544	0.761776133	0.755050143	0.747564437	0.740761758	0.733097915	0.726746459	0.722263485	0.718350361	0.715247521	0.711358192	0.705214623	0.696773237	0.68528812	0.672112672	0.659503091	0.647975457	0.637678234	0.630625896	0.625573448	0.624315948	0.625900747	0.620970622	0.597093505	0.557302565	0.511982404	0.467685076	0.427012021	0.391750809	0.360036058	0.334441736	0.313043316	0.294649068	0.280083683
41	0.168791768	0.170168564	0.176645684	0.194497621	0.226313541	0.264706253	0.299047368	0.326292856	0.348962066	0.366951812	0.373512026	0.367041344	0.35217865	0.33678182	0.325266408	0.31875276	0.314721821	0.311634313	0.307341304	0.303966375	0.304538718	0.311387747	0.325771498	0.349456449	0.378758126	0.409564474	0.438241208	0.463481579	0.492226777	0.536063566	0.594316879	0.657400383	0.711206305	0.745089727	0.764460479	0.774902183	0.778641186	0.777756501	0.774207734	0.767488317	0.759946711	0.753141638	0.74537224	0.738936293	0.734492142	0.730562153	0.727485415	0.723408783	0.717139007	0.708554073	0.696867541	0.683606089	0.670823199	0.659058908	0.648553246	0.641198153	0.63597469	0.634643558	0.635946295	0.630377407	0.605496509	0.564412885	0.517726109	0.472185884	0.431468849	0.395239883	0.362947152	0.337274965	0.313873189	0.295888382	0.281310279
46	0.169045589	0.170396592	0.176870483	0.194698654	0.226397444	0.264607978	0.298893722	0.326057439	0.348581857	0.366506095	0.37291771	0.366569292	0.35185886	0.336531616	0.325049442	0.318460013	0.314471584	0.311387114	0.307153078	0.303807058	0.304332063	0.311106506	0.325423316	0.349053804	0.378287775	0.408980325	0.437475514	0.462611743	0.491114203	0.534707383	0.59257418	0.655412069	0.709189341	0.743097378	0.762490975	0.772957396	0.776670789	0.775763936	0.772213454	0.765446304	0.757802841	0.750966757	0.743203209	0.736793865	0.732417016	0.72856387	0.725369033	0.721348799	0.71505226	0.706500884	0.694841837	0.681630802	0.668848397	0.657214708	0.646698714	0.639301302	0.634230484	0.632879083	0.634345142	0.629008374	0.604340643	0.563456449	0.51726488	0.471995489	0.430659393	0.395246926	0.362929754	0.337323719	0.31411612	0.296697008	0.282117078
2	0	0	0	0	0	0	0	0	0	0	0	0	0	0	0	0	0	0	0	0	0	0	0	0	0	0	0	0	0	0	0	0	0	0	0	0	0	0	0	0	0	0	0	0	0	0	0	0	0	0	0	0	0	0	0	0	0	0	0	0	0	0	0	0	0	0	0	0	0	0	0
7	0	0	0	0	0	0	0	0	0	0	0	0	0	0	0	0	0	0	0	0	0	0	0	0	0	0	0	0	0	0	0	0	0	0	0	0	0	0	0	0	0	0	0	0	0	0	0	0	0	0	0	0	0	0	0	0	0	0	0	0	0	0	0	0	0	0	0	0	0	0	0
12	0	0	0	0	0	0	0	0	0	0	0	0	0	0	0	0	0	0	0	0	0	0	0	0	0	0	0	0	0	0	0	0	0	0	0	0	0	0	0	0	0	0	0	0	0	0	0	0	0	0	0	0	0	0	0	0	0	0	0	0	0	0	0	0	0	0	0	0	0	0	0
17	0	0	0	0	0	0	0	0	0	0	0	0	0	0	0	0	0	0	0	0	0	0	0	0	0	0	0	0	0	0	0	0	0	0	0	0	0	0	0	0	0	0	0	0	0	0	0	0	0	0	0	0	0	0	0	0	0	0	0	0	0	0	0	0	0	0	0	0	0	0	0
22	0	0	0	0	0	0	0	0	0	0	0	0	0	0	0	0	0	0	0	0	0	0	0	0	0	0	0	0	0	0	0	0	0	0	0	0	0	0	0	0	0	0	0	0	0	0	0	0	0	0	0	0	0	0	0	0	0	0	0	0	0	0	0	0	0	0	0	0	0	0	0
27	0	0	0	0	0	0	0	0	0	0	0	0	0	0	0	0	0	0	0	0	0	0	0	0	0	0	0	0	0	0	0	0	0	0	0	0	0	0	0	0	0	0	0	0	0	0	0	0	0	0	0	0	0	0	0	0	0	0	0	0	0	0	0	0	0	0	0	0	0	0	0
32	0	0	0	0	0	0	0	0	0	0	0	0	0	0	0	0	0	0	0	0	0	0	0	0	0	0	0	0	0	0	0	0	0	0	0	0	0	0	0	0	0	0	0	0	0	0	0	0	0	0	0	0	0	0	0	0	0	0	0	0	0	0	0	0	0	0	0	0	0	0	0
37	0	0	0	0	0	0	0	0	0	0	0	0	0	0	0	0	0	0	0	0	0	0	0	0	0	0	0	0	0	0	0	0	0	0	0	0	0	0	0	0	0	0	0	0	0	0	0	0	0	0	0	0	0	0	0	0	0	0	0	0	0	0	0	0	0	0	0	0	0	0	0
42	0	0	0	0	0	0	0	0	0	0	0	0	0	0	0	0	0	0	0	0	0	0	0	0	0	0	0	0	0	0	0	0	0	0	0	0	0	0	0	0	0	0	0	0	0	0	0	0	0	0	0	0	0	0	0	0	0	0	0	0	0	0	0	0	0	0	0	0	0	0	0
47	0	0	0	0	0	0	0	0	0	0	0	0	0	0	0	0	0	0	0	0	0	0	0	0	0	0	0	0	0	0	0	0	0	0	0	0	0	0	0	0	0	0	0	0	0	0	0	0	0	0	0	0	0	0	0	0	0	0	0	0	0	0	0	0	0	0	0	0	0	0	0
3	0.169288572	0.170892822	0.176707817	0.191595904	0.21790736	0.24935171	0.276723974	0.297636616	0.314795604	0.32838216	0.333421337	0.32848008	0.316924528	0.305126001	0.296756254	0.291836234	0.289038503	0.287004102	0.283729222	0.282082722	0.28363035	0.290183437	0.302366978	0.32185196	0.344980157	0.368214589	0.389923617	0.409805682	0.433824563	0.47097508	0.519320473	0.569966339	0.61189171	0.638145079	0.653591006	0.662518193	0.66561399	0.66431157	0.660915416	0.654368824	0.647084902	0.64094266	0.634012281	0.627917639	0.6236355	0.619687401	0.616609521	0.613252319	0.608367211	0.601640956	0.592221268	0.581870668	0.571966764	0.562665977	0.554713876	0.549898031	0.545938382	0.544776387	0.546280858	0.543262889	0.526506672	0.497128811	0.462481672	0.427321373	0.395276423	0.366455642	0.34024929	0.318755778	0.300382563	0.283984836	0.271049634
8	0.166611403	0.168291933	0.174101415	0.189183403	0.215865262	0.247485412	0.274975065	0.295935857	0.312998794	0.326697366	0.331910258	0.32697617	0.315268799	0.303351661	0.294855216	0.289930229	0.287051441	0.285051775	0.281879014	0.2801932	0.28173843	0.288438642	0.300932611	0.320709024	0.343965854	0.36750394	0.389502124	0.409644096	0.433852864	0.471462639	0.520237522	0.571275836	0.613214099	0.639501617	0.654888958	0.663595762	0.666390248	0.665120976	0.661656364	0.654865252	0.647446145	0.641255925	0.634237371	0.628228122	0.623916789	0.619935444	0.616849669	0.61334586	0.608303345	0.601555226	0.592090789	0.581648144	0.571743242	0.562487257	0.554504933	0.549385361	0.545420333	0.544185358	0.545698088	0.542641777	0.525376416	0.49577806	0.460807405	0.425368575	0.392605211	0.363806055	0.337878581	0.315927143	0.296713251	0.281427754	0.268071344
13	0.166339495	0.168013524	0.173874646	0.188980241	0.215628131	0.247198477	0.274630119	0.295424705	0.312479199	0.326161547	0.331330412	0.326453359	0.314781982	0.302776814	0.294247228	0.289296612	0.286380553	0.284435642	0.281433496	0.279711288	0.281219803	0.287841815	0.300421221	0.32018678	0.343406427	0.366927832	0.388892651	0.409014988	0.433298799	0.470837749	0.519513161	0.570359851	0.612175497	0.638257515	0.653494733	0.662023019	0.664767591	0.663304344	0.659726975	0.652878658	0.645503447	0.639335616	0.63231419	0.626294054	0.621948045	0.618038913	0.61495672	0.611438009	0.606418458	0.599727995	0.590266543	0.579745092	0.569824853	0.560615796	0.552551877	0.547499422	0.543576999	0.542602983	0.54411045	0.541013549	0.523970561	0.494364483	0.459652367	0.424342322	0.391727832	0.362772732	0.336624313	0.315756344	0.296671853	0.280343669	0.267711626
18	0.162289636	0.163981591	0.169934495	0.185115044	0.211721982	0.243550401	0.270963184	0.291690497	0.308799866	0.322427194	0.32746823	0.322614909	0.310927764	0.298994548	0.290568728	0.285612845	0.282846543	0.280826368	0.277637927	0.275957886	0.277547741	0.284211792	0.296708587	0.316397227	0.339666246	0.363310251	0.385340046	0.405709943	0.430460519	0.468126466	0.517028052	0.568238316	0.61058961	0.636761242	0.651948137	0.660618231	0.663494795	0.661804429	0.658148261	0.651455956	0.644143966	0.63788824	0.630809785	0.624775681	0.620389185	0.61620943	0.613090792	0.609809453	0.604773892	0.597675621	0.587829537	0.577471793	0.567572049	0.558188965	0.550214858	0.54556945	0.54168817	0.54048298	0.542028875	0.538591854	0.521127623	0.491360434	0.456157063	0.420737356	0.387816173	0.358890832	0.332930622	0.311751145	0.29256213	0.276849269	0.264022394
23	0.162265163	0.163955132	0.170023733	0.185301788	0.212104468	0.244254081	0.271951413	0.292879056	0.310217113	0.323973658	0.329065589	0.324127163	0.312348962	0.300408227	0.291853778	0.286782882	0.283946729	0.281902476	0.278714676	0.27692454	0.278622352	0.285413693	0.29786653	0.317782864	0.341319312	0.365221311	0.387467652	0.408114324	0.433021511	0.471065811	0.520457964	0.572111422	0.614889291	0.641277546	0.656565233	0.665279824	0.668236902	0.666522698	0.662832941	0.656142037	0.648864362	0.642541047	0.635450681	0.629394104	0.625051991	0.620793336	0.61767541	0.614354499	0.609351504	0.602298012	0.592459711	0.581918571	0.571907591	0.562364043	0.554240782	0.54964864	0.545686768	0.544525238	0.546122183	0.542788758	0.525406872	0.495325942	0.459699379	0.423797387	0.39040844	0.361182516	0.334808408	0.313361578	0.29368953	0.278026934	0.264956469
28	0.161589104	0.163315734	0.169322453	0.184581147	0.211603922	0.243800999	0.27164767	0.292753928	0.310117778	0.32405904	0.329172718	0.324170832	0.312310772	0.300217078	0.291656832	0.286571441	0.28364591	0.281600106	0.27839223	0.276690343	0.278316026	0.285094147	0.297749273	0.317707246	0.341413461	0.365498142	0.387930036	0.40863363	0.433686643	0.471876594	0.521568312	0.573541576	0.616510643	0.643073086	0.658413112	0.667135867	0.670057892	0.668442563	0.664787899	0.658039469	0.65058535	0.644280034	0.637110663	0.63096881	0.626645023	0.622527768	0.619462153	0.616078289	0.611016669	0.603993547	0.59414985	0.583439607	0.573247882	0.563737887	0.555655709	0.550799806	0.546793404	0.545678569	0.547137314	0.544006564	0.526358626	0.495911948	0.460138847	0.423645818	0.390404203	0.361079032	0.334458372	0.312572146	0.293578533	0.27760135	0.264059329
33	0.160471894	0.162188671	0.168162399	0.183449564	0.210514364	0.242720566	0.270633123	0.291791537	0.309139954	0.323015874	0.328304262	0.323266003	0.311376273	0.299346284	0.290674368	0.285544245	0.28250564	0.280497124	0.277462332	0.275687707	0.277266241	0.284106841	0.296874979	0.316937634	0.340702431	0.364826931	0.387340047	0.407911344	0.432765912	0.471162751	0.520814431	0.572667649	0.61542788	0.641896573	0.657154459	0.665846047	0.668625806	0.667160274	0.663464941	0.656577747	0.64916334	0.642913514	0.635793127	0.629739906	0.625467816	0.621409722	0.618300381	0.614639892	0.609552056	0.602708201	0.593132382	0.582387673	0.572170466	0.562713416	0.55445566	0.549320277	0.545265359	0.544229924	0.545785226	0.542664376	0.525178858	0.494831838	0.459036284	0.422761778	0.389492685	0.360142538	0.333077885	0.310980745	0.292051531	0.276290187	0.263440396
38	0.160451462	0.162157154	0.168140614	0.183426204	0.210546654	0.242761234	0.270744508	0.291984748	0.309266152	0.323206184	0.328518196	0.323529449	0.311623713	0.299587424	0.290792062	0.28567842	0.282684642	0.280728653	0.277720789	0.27592506	0.277478981	0.284351532	0.29723845	0.317417364	0.341183623	0.3653451	0.387899449	0.408590217	0.433545243	0.472051776	0.521858546	0.573890959	0.616730193	0.643274827	0.658594831	0.667210778	0.670063778	0.668500249	0.664785659	0.657851837	0.650408606	0.644145653	0.636997112	0.630947618	0.62659242	0.622636076	0.619602047	0.615917866	0.610700371	0.603827303	0.594194297	0.583362061	0.573141559	0.563651639	0.555235262	0.550001941	0.546063439	0.545019181	0.546655353	0.543602569	0.526233359	0.495683686	0.45963307	0.423429334	0.38997084	0.360498551	0.333569559	0.311354946	0.292308404	0.277150148	0.263066566
43	0.159906418	0.161645351	0.167696885	0.18309301	0.210265521	0.242454086	0.270334679	0.29154309	0.308813045	0.322760234	0.328081535	0.323131792	0.311215022	0.29904179	0.290225615	0.285187972	0.282154231	0.280117962	0.277179212	0.275378176	0.276936928	0.283879956	0.29682972	0.316994647	0.340834353	0.365065751	0.387668258	0.408380665	0.43335049	0.471933618	0.521623274	0.57354175	0.616281556	0.642765866	0.657921528	0.666359335	0.669082641	0.667519273	0.663679497	0.656669561	0.649196631	0.64299005	0.63592215	0.629965022	0.625638737	0.621726954	0.618588482	0.614891274	0.609682202	0.602776897	0.593101256	0.582244359	0.572074132	0.562627131	0.554157151	0.548992297	0.545055718	0.544065541	0.545437942	0.541999379	0.524206145	0.493736982	0.457795591	0.421670694	0.388097926	0.358371905	0.331929172	0.309701605	0.291219821	0.274937744	0.262012625
48	0.160468348	0.162143633	0.168097143	0.183347545	0.210396169	0.242364842	0.27000075	0.291083838	0.308194678	0.322001073	0.327289282	0.322371538	0.310712229	0.2986857	0.289889886	0.284756928	0.281649252	0.2796945	0.276931801	0.275122493	0.276668535	0.28345748	0.29632817	0.316352693	0.339910229	0.364017386	0.386444851	0.406885503	0.431681327	0.469810664	0.518984481	0.570486154	0.612976655	0.639303683	0.654484566	0.662919098	0.665612506	0.664058722	0.660230634	0.653229172	0.645684308	0.639458134	0.632382584	0.626549307	0.62222163	0.618326001	0.615309512	0.611567023	0.606358027	0.599531163	0.589934755	0.579240507	0.569117007	0.559713456	0.55142186	0.546160363	0.542436272	0.541710702	0.543362558	0.540319746	0.523116721	0.493092364	0.457817742	0.421732231	0.388667162	0.359185708	0.332754281	0.310936776	0.292152493	0.276247537	0.263152863
4	0.168497117	0.170092456	0.175376027	0.189148144	0.213502559	0.242620391	0.267797076	0.286463219	0.301647071	0.313863313	0.318401507	0.313643403	0.302571169	0.291179417	0.282922946	0.277924374	0.275066966	0.273104901	0.270085359	0.268737081	0.270492786	0.276956074	0.288683005	0.307293467	0.32918914	0.351174415	0.371784975	0.391241797	0.415897866	0.453859844	0.502327896	0.551494462	0.590819758	0.614919528	0.628865412	0.636846545	0.639218413	0.637208695	0.632933875	0.625710358	0.617743136	0.611136759	0.603879335	0.597274451	0.592580171	0.588478603	0.585124783	0.581547053	0.576614425	0.570146187	0.561177656	0.551405343	0.542111525	0.533542462	0.52638641	0.522219611	0.51923543	0.519035431	0.521730129	0.521416521	0.508978633	0.484952464	0.455221292	0.424669836	0.395836912	0.370161484	0.346400458	0.326404848	0.308812745	0.292795457	0.280822992
9	0.165829039	0.167381065	0.172760626	0.186839292	0.211798317	0.241360604	0.266947294	0.285912605	0.301235636	0.313640843	0.318413712	0.31344007	0.30208976	0.290536195	0.282036	0.27705917	0.274055179	0.272009739	0.269141344	0.267754413	0.269514353	0.276250212	0.28844472	0.307570471	0.329918696	0.352415701	0.373508325	0.393426996	0.418607686	0.45753434	0.506987975	0.556972943	0.596607501	0.620728493	0.634581948	0.642317266	0.644572036	0.642488797	0.637909324	0.630501468	0.62243895	0.615791561	0.608393372	0.601745263	0.596987619	0.592846065	0.589393723	0.58568834	0.580564537	0.574020404	0.565055404	0.555075845	0.545641183	0.536991288	0.529509829	0.52503836	0.521991086	0.521854904	0.524563819	0.523991161	0.511278773	0.486840021	0.456522451	0.425267531	0.395992383	0.369512298	0.345484865	0.325386648	0.306337842	0.291952442	0.278923138
14	0.161781989	0.163245458	0.168525099	0.182558023	0.207339548	0.236706855	0.261890142	0.28061647	0.295723206	0.308029937	0.312683407	0.307937515	0.296686688	0.285149128	0.276738155	0.271730992	0.268726652	0.26679789	0.263976771	0.262605873	0.26427477	0.270876178	0.2830108	0.301972966	0.324137415	0.34648569	0.367316595	0.387166769	0.412172771	0.450751056	0.499822153	0.549607722	0.589367732	0.61340701	0.627151726	0.634767098	0.636866732	0.634640412	0.629964029	0.622411389	0.614372071	0.60779101	0.600371774	0.593783842	0.589081919	0.584946964	0.581636522	0.577810146	0.572618241	0.56613876	0.557078883	0.547129321	0.537691593	0.529113984	0.52173634	0.517269693	0.514344168	0.514310457	0.517130241	0.516690306	0.504164569	0.479808299	0.450009163	0.418840953	0.390014964	0.363862569	0.340020765	0.319704768	0.302026844	0.286977937	0.27353097
19	0.161160361	0.162714209	0.168214902	0.182152213	0.206711729	0.236238014	0.261419608	0.279858879	0.295089246	0.307383331	0.311846485	0.307117916	0.295918155	0.284390025	0.276017757	0.271029016	0.268124338	0.266135279	0.263162281	0.261788013	0.263569275	0.270126674	0.282206067	0.301105813	0.323328881	0.345708177	0.36663552	0.386643698	0.412064509	0.450942092	0.500431021	0.550718242	0.590960136	0.615348597	0.629135214	0.636849942	0.639111195	0.636624788	0.63191406	0.624426214	0.616363777	0.609608536	0.60194387	0.595218667	0.590521529	0.58626238	0.582874895	0.579206807	0.573960329	0.567118841	0.557806452	0.54792792	0.538462325	0.529711508	0.522309099	0.518193189	0.51520178	0.51513331	0.518079467	0.51757662	0.505016918	0.480659669	0.450407805	0.419231533	0.390411443	0.364017448	0.340303409	0.320059349	0.302058375	0.286684278	0.274025369
24	0.159341037	0.160934524	0.166548633	0.180690928	0.205703395	0.23567354	0.261246497	0.280005019	0.295512034	0.307942481	0.312432064	0.307554933	0.296298392	0.284717561	0.276195075	0.271093359	0.268194009	0.266136846	0.263162106	0.261829442	0.263719243	0.270466516	0.282603765	0.301707026	0.324252481	0.346999486	0.368239573	0.388587006	0.414346946	0.453551695	0.50343181	0.553862366	0.594123907	0.618406477	0.632107131	0.63976311	0.642120638	0.639643292	0.635037127	0.627650267	0.61958808	0.612809561	0.605276029	0.598664836	0.593967414	0.589651743	0.586233556	0.582707594	0.577549319	0.570747821	0.56141539	0.551431917	0.54189811	0.533118198	0.52576263	0.521608954	0.518550973	0.51831299	0.52103059	0.520539106	0.507583698	0.482597813	0.451899467	0.420199408	0.390622767	0.364231134	0.33992221	0.3193534	0.301619856	0.285568691	0.272702842
29	0.153877109	0.155440296	0.160909398	0.174852863	0.19963104	0.229178561	0.2544496	0.273170202	0.288392867	0.300719118	0.305306685	0.30050514	0.289217603	0.277719996	0.269320228	0.264266826	0.261302936	0.259280879	0.256365887	0.254999498	0.256942811	0.26358321	0.275598298	0.294610972	0.317006184	0.339590986	0.360750384	0.380966993	0.406578159	0.445704144	0.495750269	0.546546861	0.587167419	0.611825515	0.625679344	0.633436885	0.635711376	0.633387578	0.62867177	0.621138145	0.612949337	0.606061093	0.598458293	0.591700865	0.586967441	0.582696649	0.579369133	0.575691786	0.570460025	0.563750648	0.554419164	0.544278633	0.534616355	0.525800863	0.518380817	0.514090391	0.511108168	0.511063959	0.514046583	0.513902326	0.501242149	0.476637058	0.446108487	0.414666495	0.384858651	0.358838015	0.334387759	0.314117538	0.295489095	0.280789959	0.267353828
34	0.155201128	0.156762954	0.162247697	0.176446157	0.201742753	0.231744264	0.257510026	0.276585312	0.292063154	0.30469221	0.309373167	0.304498768	0.29302349	0.281329236	0.272773558	0.267757195	0.264691172	0.262676413	0.259801231	0.258396064	0.260240693	0.267049356	0.279352682	0.298659197	0.321349523	0.344208939	0.36557162	0.385781689	0.411323459	0.450528307	0.500397684	0.550905045	0.591079376	0.615305333	0.62906898	0.636800997	0.63900128	0.636791672	0.632153551	0.62466439	0.616611594	0.609864552	0.602488186	0.595921899	0.591250364	0.587060346	0.583753261	0.580034991	0.574819621	0.56822687	0.559129118	0.548997132	0.539391212	0.530588075	0.523097247	0.518645217	0.515613113	0.515599302	0.518304576	0.517717793	0.504606839	0.479427773	0.448653028	0.416678086	0.387072505	0.360490906	0.335645425	0.315143265	0.296726463	0.281430596	0.268621507
39	0.152565381	0.154075732	0.159552803	0.173769262	0.199023788	0.22890063	0.254682013	0.273701183	0.28909793	0.30168739	0.306449797	0.30162547	0.290167537	0.278469771	0.269766522	0.264741556	0.261722254	0.259683627	0.25691726	0.255516629	0.257359901	0.264198791	0.276617295	0.295948929	0.31873895	0.34174952	0.363251151	0.383638914	0.409318218	0.448936382	0.499272164	0.550244509	0.590808251	0.615341966	0.62928472	0.636957955	0.63906921	0.636830286	0.632084345	0.624365022	0.6162321	0.609541757	0.602031739	0.595417272	0.590651551	0.586462654	0.583189578	0.579307226	0.574049051	0.567385762	0.558112679	0.547922637	0.538215811	0.529387965	0.521736774	0.517195967	0.514166987	0.51411778	0.516942198	0.516694575	0.503599439	0.478663475	0.447734509	0.415484905	0.385724431	0.358673896	0.334039689	0.313288493	0.294428712	0.279570818	0.266520542
44	0.151454151	0.152938288	0.158353703	0.172645805	0.197945782	0.227866752	0.253573066	0.272694713	0.288084938	0.300617422	0.305438832	0.300578412	0.289129446	0.277331038	0.26863457	0.263576203	0.26046531	0.258480815	0.255779947	0.254398701	0.256222977	0.263063334	0.275553144	0.294940191	0.317749097	0.340844576	0.362381416	0.382816121	0.408629406	0.448349213	0.498794042	0.549899473	0.590416434	0.614942332	0.628777312	0.63629962	0.638437982	0.636187654	0.631368705	0.623696798	0.615462589	0.608713924	0.60124056	0.594632361	0.589883238	0.58572111	0.582402767	0.578510062	0.573125503	0.566488066	0.557187968	0.546884161	0.537254725	0.528402424	0.520667092	0.51605786	0.513115354	0.513138592	0.515970385	0.515660728	0.502458441	0.477099528	0.446043312	0.413677752	0.383955078	0.357012435	0.332638714	0.311341843	0.293207209	0.278197079	0.265007433
49	0.152447242	0.153993947	0.159399833	0.173704258	0.199090097	0.229138752	0.254908081	0.273957296	0.289340642	0.301956867	0.30672906	0.301972436	0.290562746	0.278851632	0.27002024	0.264932148	0.26177995	0.259693421	0.257101639	0.255756817	0.257559851	0.264379223	0.276926667	0.296247207	0.318921928	0.341981645	0.363456512	0.383800408	0.409417298	0.448736534	0.498624185	0.549163877	0.589330892	0.613654951	0.627391459	0.63486622	0.636966474	0.634803381	0.630101686	0.622461432	0.614288745	0.607663992	0.600261391	0.593829142	0.589112181	0.585025595	0.581950566	0.577992794	0.572599629	0.566020449	0.556834307	0.546678919	0.537084891	0.528332335	0.520550245	0.516082026	0.513153145	0.513252931	0.516135425	0.515820003	0.502729292	0.477498316	0.446787979	0.414607765	0.384439539	0.358015085	0.333326777	0.312711728	0.294234697	0.27923944	0.266181015
5	0.187552128	0.189394434	0.195678416	0.211771944	0.240112335	0.274018052	0.303697345	0.326227039	0.344571519	0.358920441	0.363898522	0.358104888	0.345140505	0.332003192	0.322691708	0.317088701	0.313933163	0.311796756	0.308458685	0.306781555	0.308643739	0.315974445	0.329453828	0.350943509	0.376436505	0.402287425	0.426698969	0.449498818	0.477821806	0.522037182	0.580105163	0.641683276	0.693228501	0.725954101	0.74527326	0.75619016	0.759837383	0.75816947	0.753525178	0.74525657	0.736042271	0.727741612	0.71863091	0.710588913	0.704531203	0.699081998	0.694818637	0.690243789	0.683668854	0.674879671	0.66321691	0.650467023	0.638255973	0.627070998	0.617486547	0.611446922	0.607364085	0.60675698	0.6089447	0.605536917	0.58548951	0.550941306	0.510915781	0.470772941	0.433887357	0.401652682	0.372361307	0.348532484	0.327809034	0.310545485	0.29666884
10	0.183831803	0.185754717	0.192009591	0.208118096	0.236598732	0.270496867	0.30013134	0.322607552	0.340764797	0.355111561	0.360168718	0.354330992	0.341344339	0.32831951	0.318914031	0.313391603	0.310110893	0.307963606	0.304752982	0.303027717	0.304919459	0.312336363	0.32605986	0.34758886	0.373067537	0.399143868	0.423707132	0.446589439	0.475131528	0.519717278	0.578107126	0.639972592	0.691556827	0.724229976	0.743269694	0.753810734	0.757294786	0.755617052	0.750801368	0.742411921	0.733154331	0.724751852	0.715494316	0.707467891	0.701526699	0.696127362	0.691817866	0.687162451	0.680348004	0.67160862	0.659954443	0.647035773	0.634829841	0.623664528	0.613954481	0.607859074	0.603716193	0.603159083	0.605489393	0.602283761	0.582372416	0.547752118	0.507481161	0.467161736	0.43047614	0.397864411	0.369119796	0.345153479	0.323642937	0.307439909	0.292713257
15	0.178522322	0.180348949	0.186509874	0.202416477	0.230425119	0.263771274	0.292814298	0.314764217	0.332628892	0.346751723	0.35162561	0.345984547	0.333242234	0.32034502	0.311093902	0.305556711	0.302357922	0.300287424	0.297229658	0.295510508	0.297209058	0.304492942	0.318160023	0.339472636	0.36463706	0.390376702	0.414626994	0.437327451	0.465709808	0.509890514	0.567641317	0.628968318	0.680230838	0.712666842	0.731509437	0.741851096	0.74518074	0.743198991	0.738301177	0.729793986	0.720538107	0.712253796	0.703062088	0.695159192	0.689107498	0.683766559	0.679571152	0.674872388	0.668184793	0.65933486	0.647632748	0.634927069	0.62278922	0.611766393	0.602159162	0.596171307	0.592135667	0.591742893	0.594263598	0.591130947	0.571474593	0.537812783	0.498362089	0.458760279	0.422777372	0.390425678	0.361863881	0.338062287	0.318035112	0.300899078	0.287163756
20	0.173037796	0.174829239	0.18114404	0.197046456	0.22476202	0.258195479	0.287212937	0.309088869	0.327144243	0.341230649	0.345983267	0.34037025	0.327621411	0.314793145	0.305500128	0.299982962	0.296879618	0.294778334	0.29155015	0.289884653	0.291735772	0.298992816	0.312506131	0.333738115	0.359024188	0.384806936	0.409090121	0.432096678	0.460792393	0.505076333	0.563150799	0.62499333	0.677082949	0.709891067	0.728919796	0.739495575	0.743066295	0.740865544	0.735924069	0.727612213	0.718346345	0.709901296	0.700535438	0.692561962	0.686610057	0.680981854	0.676707195	0.672315962	0.665614914	0.656384807	0.644288766	0.631666243	0.619501981	0.608262366	0.598686987	0.593087263	0.589110598	0.588636069	0.591252499	0.587974901	0.568096264	0.534170083	0.494493588	0.45493664	0.418440409	0.386472188	0.357618941	0.333480383	0.313102586	0.296506226	0.282368119
25	0.171113118	0.172935229	0.179217665	0.194995025	0.222540048	0.255751564	0.284536239	0.306384911	0.324319709	0.338290012	0.34302522	0.337396037	0.324684716	0.311869508	0.302750656	0.297235014	0.294090581	0.292028776	0.288768252	0.287114082	0.28900049	0.296220132	0.309483056	0.33056191	0.355754427	0.381495	0.405685477	0.428552897	0.456993791	0.50096405	0.558805785	0.620308084	0.672103844	0.704625843	0.723499416	0.734046475	0.737583192	0.735508267	0.730675297	0.722339513	0.71314061	0.704697629	0.695444433	0.687520321	0.68166575	0.676114858	0.671818531	0.667375297	0.6607373	0.651754044	0.639931298	0.627163298	0.61508736	0.603992172	0.594543955	0.588950553	0.585130124	0.584728437	0.587492556	0.584606048	0.565440044	0.531882902	0.492382416	0.453049128	0.416834184	0.384703527	0.355851396	0.332465043	0.311380728	0.294495416	0.280680862
30	0.170666973	0.172628508	0.178812445	0.194596934	0.222421865	0.255643319	0.28457357	0.306402525	0.324310606	0.338379175	0.343232428	0.337553212	0.324778377	0.311976615	0.302819501	0.297228499	0.294075125	0.292015311	0.288801543	0.287120514	0.289011061	0.296236597	0.309662653	0.3307289	0.355927663	0.381644906	0.405927885	0.428704501	0.457012422	0.500940647	0.558694798	0.620074736	0.67169244	0.704289555	0.723190857	0.733652377	0.737119323	0.735088751	0.73024306	0.72185898	0.712600964	0.704224452	0.694881778	0.686923019	0.681064562	0.675565794	0.671346448	0.666824455	0.660197445	0.651379927	0.639524924	0.62676616	0.614632649	0.603563195	0.594033517	0.588324816	0.584469439	0.584143306	0.586738343	0.583873999	0.564600256	0.53105866	0.491698221	0.451860333	0.415786557	0.383443717	0.354682114	0.331392728	0.309857987	0.294160973	0.279557419
35	0.173119421	0.17501219	0.181283241	0.197142156	0.22523919	0.258688943	0.28788638	0.310046223	0.327953999	0.342092154	0.347038826	0.34132645	0.328500001	0.315605156	0.306348841	0.300807846	0.297513428	0.295444591	0.292327548	0.290551003	0.292372631	0.299685628	0.313272837	0.334581154	0.359913934	0.385897307	0.41042678	0.433223697	0.461605261	0.505890519	0.56399774	0.625773948	0.677498474	0.710238789	0.729192283	0.739606768	0.743002642	0.741138733	0.736267253	0.727769194	0.718376544	0.709964227	0.700759906	0.692919267	0.687084088	0.681692216	0.677440787	0.672764631	0.666025377	0.65719475	0.645483137	0.632542519	0.62028803	0.609219453	0.599587768	0.593553587	0.589572393	0.589161792	0.591806743	0.588780426	0.569336399	0.535300184	0.495703414	0.456030036	0.418963228	0.386745687	0.357847811	0.334331499	0.313021444	0.296680089	0.282890312
40	0.172635632	0.174463803	0.180766962	0.196926367	0.225342454	0.259010142	0.288484744	0.310824253	0.328904225	0.34328995	0.348268012	0.342559264	0.329665867	0.316660046	0.307176083	0.301617841	0.298266351	0.296175599	0.293106097	0.291398455	0.293211632	0.300583778	0.314439236	0.336007022	0.36160078	0.387823418	0.41253571	0.435636217	0.464291425	0.508873189	0.567191943	0.629157577	0.6810563	0.713734401	0.732623529	0.742984326	0.746310203	0.744335128	0.739373034	0.73080422	0.721468962	0.713180902	0.703948183	0.696096068	0.690146023	0.684782309	0.680541465	0.675827029	0.669077354	0.660229751	0.648446841	0.635477614	0.623247061	0.61210426	0.602215968	0.596092452	0.592100545	0.591813032	0.594021569	0.59068202	0.570486712	0.536006405	0.496030008	0.455947443	0.418964664	0.386384178	0.357165147	0.333548904	0.312488932	0.295845362	0.281648597
45	0.173776966	0.175635001	0.18192764	0.198135636	0.226578412	0.260448056	0.289888312	0.312170669	0.330242976	0.344551817	0.349561441	0.343850232	0.330918962	0.3178504	0.308330203	0.302767719	0.299396689	0.297278206	0.294328074	0.292526421	0.294344366	0.301758762	0.315727274	0.337354488	0.363086467	0.389422818	0.414250332	0.437447711	0.466237753	0.51100986	0.569559706	0.631636019	0.683578682	0.716187503	0.734974611	0.745113526	0.748274403	0.746308491	0.74132921	0.732676836	0.723300865	0.714918501	0.705822915	0.698004414	0.691989256	0.686652698	0.682481999	0.677687586	0.670830586	0.66193194	0.64999587	0.637051286	0.624788462	0.613648767	0.603789735	0.597578529	0.593530841	0.593211434	0.595642756	0.592417424	0.572359123	0.537857013	0.497677405	0.457405191	0.420431454	0.387799004	0.358451143	0.334853386	0.313964394	0.297236779	0.283389271
50	0.173583076	0.175445364	0.181661403	0.197796319	0.226303004	0.25998783	0.28944709	0.311789476	0.329841972	0.344128738	0.349189657	0.34351236	0.33064315	0.317611661	0.307925097	0.302304007	0.298900078	0.296763432	0.293929666	0.292105852	0.293917403	0.301306542	0.315303014	0.336944361	0.362629691	0.389069121	0.413914339	0.437072037	0.465999391	0.510772888	0.569260226	0.631349013	0.683340471	0.716031331	0.734904316	0.745062432	0.748237012	0.746298327	0.741287122	0.732620879	0.723181672	0.71486642	0.705638685	0.69793935	0.692060789	0.686733538	0.682606118	0.677764221	0.670856784	0.661903496	0.650083094	0.637026182	0.624827368	0.613634025	0.603718004	0.597511345	0.593525184	0.593290106	0.595743135	0.592671455	0.572754965	0.538248712	0.498078723	0.458004069	0.420918625	0.388241756	0.358794748	0.334762066	0.313790926	0.297540622	0.282888562
