1	0.147217748	0.148442401	0.154085994	0.172433072	0.204878367	0.243132596	0.278294448	0.306357546	0.329020963	0.34600197	0.351677855	0.345035898	0.329178671	0.314040079	0.302876523	0.296997609	0.293638067	0.290289199	0.286007814	0.282551523	0.28288246	0.290637051	0.306392938	0.330227223	0.359766524	0.392098612	0.420695418	0.446578074	0.47660796	0.521328727	0.58193075	0.645246373	0.698535573	0.734386423	0.75416315	0.763323269	0.766415212	0.765890045	0.762009617	0.755812785	0.748404964	0.740701343	0.732972303	0.726741262	0.72191129	0.718632216	0.714497963	0.709556931	0.703287404	0.694882681	0.683154602	0.669923106	0.656900728	0.644350588	0.633508591	0.625942235	0.621525304	0.621136742	0.623420204	0.618822688	0.59439695	0.550168247	0.504093646	0.457784696	0.414621064	0.376537986	0.341650491	0.314646819	0.291618662	0.272806333	0.256494785
6	0.147574944	0.148766006	0.154472606	0.173029127	0.205594571	0.244022096	0.279218948	0.307081005	0.329700496	0.346564045	0.35220769	0.345572764	0.329636153	0.31458586	0.303395846	0.297447917	0.294035489	0.290792297	0.286445418	0.283004247	0.283397416	0.291287131	0.307064015	0.3310247	0.360757256	0.393232614	0.421919133	0.447897498	0.478039288	0.523075128	0.583866902	0.647149225	0.700197146	0.735780134	0.755245109	0.764084206	0.767058712	0.766357648	0.762386	0.75609508	0.748666246	0.740912857	0.733140844	0.726935683	0.721981735	0.718688643	0.714510634	0.709533524	0.703223438	0.69485502	0.68302593	0.669786622	0.656713034	0.644221104	0.633474971	0.62593318	0.62146037	0.621138265	0.623380141	0.618747812	0.594339399	0.549821158	0.503997112	0.457675934	0.414533275	0.376333368	0.342439736	0.314600379	0.291737636	0.272900929	0.256770952
11	0.146230699	0.147438027	0.153185319	0.171623716	0.204112899	0.242372608	0.277310467	0.304810633	0.327296179	0.343965442	0.349576204	0.342968567	0.327186381	0.312179793	0.300995001	0.29510325	0.291708769	0.288446701	0.284171821	0.280741204	0.281154097	0.289033821	0.304775456	0.328719616	0.358378427	0.390820585	0.419359737	0.445283896	0.475464283	0.520522026	0.581258339	0.64426209	0.696902004	0.731967103	0.751213682	0.759831438	0.762608426	0.761748147	0.757628101	0.751266059	0.743826376	0.736077827	0.728229496	0.721976297	0.717038373	0.713771624	0.70958678	0.704566046	0.698300958	0.689849847	0.678046764	0.66477562	0.651752193	0.639379167	0.628637864	0.621243951	0.616902294	0.616609499	0.619020399	0.614791132	0.590678781	0.546703402	0.501150215	0.455330948	0.412468118	0.374624518	0.340653547	0.313037876	0.290106675	0.27171399	0.25594433
16	0.144907521	0.146172196	0.151970917	0.170283141	0.202975266	0.241250894	0.276089075	0.303705902	0.326141456	0.342893179	0.348511435	0.341977547	0.326218207	0.311206252	0.300005427	0.294026685	0.290606182	0.287327618	0.283028779	0.279621397	0.280094026	0.287820425	0.303575781	0.327511558	0.357072664	0.389455157	0.417903862	0.44386845	0.474057765	0.518835797	0.579301536	0.642078161	0.694749132	0.729860657	0.749012434	0.757635455	0.76038555	0.759500678	0.755264122	0.74888004	0.741289613	0.733507124	0.725722195	0.719406372	0.714482977	0.711187465	0.707018943	0.701977629	0.695691916	0.687226832	0.675500007	0.662353749	0.649495072	0.637181674	0.626487804	0.619060784	0.614768969	0.614669884	0.616911932	0.612511704	0.58839819	0.544488217	0.49883919	0.453229058	0.410324259	0.372692198	0.338789036	0.311445815	0.288900641	0.270346587	0.253984737
21	0.143424781	0.144684654	0.150327191	0.168704387	0.201378853	0.239663442	0.274574527	0.302422293	0.32485905	0.341706946	0.347413161	0.34083686	0.324886343	0.309778324	0.298601782	0.292649766	0.289122904	0.285947131	0.281630846	0.278219469	0.278664501	0.286405597	0.302226864	0.326219041	0.355822739	0.388397551	0.417149524	0.443283241	0.473675436	0.518806759	0.579931622	0.643439948	0.696713909	0.732283099	0.751795766	0.760440553	0.763307793	0.762434302	0.758206052	0.751818967	0.7442414	0.736393144	0.728581761	0.722169091	0.717310912	0.714023558	0.709789439	0.70475245	0.698443983	0.689806266	0.677988877	0.66469844	0.651718572	0.639120931	0.628193394	0.620614658	0.616239026	0.616039756	0.618411157	0.614059752	0.589758246	0.545637812	0.499620089	0.453536552	0.410443243	0.372595591	0.33814381	0.310433963	0.288086183	0.269370643	0.252593477
26	0.143280316	0.144531842	0.15025208	0.168758546	0.201567502	0.240135392	0.275304344	0.303146719	0.325920036	0.342867005	0.348543412	0.341871601	0.325930172	0.310731981	0.299408358	0.293426394	0.289966903	0.286625254	0.282278028	0.278863552	0.27928092	0.287099874	0.303035162	0.327245981	0.357147271	0.389981162	0.418867287	0.445196507	0.475862957	0.521439203	0.583040232	0.64705112	0.70068207	0.736475189	0.756015711	0.76467924	0.767484628	0.76654805	0.762416414	0.755842902	0.748262836	0.74031944	0.732353479	0.725925666	0.721016652	0.717647131	0.713489911	0.708432453	0.701987856	0.693329093	0.681394561	0.668036704	0.654922737	0.642221433	0.63124333	0.62360139	0.619214231	0.618842549	0.621166216	0.616754019	0.592139135	0.547471733	0.500869007	0.454679419	0.411474951	0.372616685	0.338338792	0.310744204	0.287843576	0.268980845	0.252605484
31	0.142470493	0.143676338	0.149426497	0.167888439	0.200480845	0.23877536	0.273774498	0.301394419	0.323935185	0.340737426	0.34640002	0.33977617	0.323884294	0.30877955	0.297551097	0.291658576	0.288185218	0.284905731	0.280581546	0.277194959	0.277608657	0.285401385	0.301226211	0.325264421	0.355077598	0.387615404	0.416330095	0.442508694	0.472882769	0.518191404	0.57934555	0.642923698	0.696111945	0.731663796	0.751007002	0.759614871	0.762383471	0.761450824	0.757215795	0.75070749	0.743112421	0.735232541	0.727333991	0.720892345	0.715927113	0.712664568	0.708425091	0.703373871	0.696944027	0.688422439	0.676516458	0.663136137	0.650022073	0.637528061	0.626743897	0.619306774	0.614910344	0.614633147	0.617096737	0.612955254	0.5887995	0.544814219	0.498626604	0.452718573	0.409896355	0.371525831	0.337623923	0.310227571	0.286692464	0.26836091	0.251778349
36	0.142566622	0.143748341	0.149506072	0.167884216	0.200322408	0.23831486	0.272969373	0.300334833	0.322532212	0.339116363	0.344718726	0.338180868	0.322438748	0.307475111	0.296370934	0.290462994	0.287053042	0.283781512	0.27950597	0.276100884	0.276568976	0.284301835	0.299973238	0.323803516	0.353327253	0.385601597	0.413992284	0.439856664	0.469854	0.51459696	0.574932568	0.637794178	0.69044122	0.725605444	0.744743725	0.753424296	0.75607319	0.755080398	0.750831093	0.744273017	0.736837757	0.728945256	0.720995882	0.714570525	0.70962845	0.706284401	0.702026302	0.697005359	0.690723318	0.68232983	0.670530818	0.657275972	0.644219067	0.631932153	0.621362085	0.61402916	0.609828156	0.60974284	0.61246878	0.608644471	0.585302983	0.542072746	0.496638896	0.451572567	0.408861391	0.371041137	0.337220813	0.30996616	0.287598341	0.268219011	0.25289879
41	0.143603669	0.144783924	0.150541771	0.169348804	0.202080191	0.240568325	0.275575045	0.303084631	0.325614838	0.342406266	0.348051455	0.341399553	0.325529098	0.310420906	0.299133417	0.293130478	0.289704171	0.286356354	0.282033272	0.278671163	0.27910535	0.286925684	0.3027792	0.326913902	0.356853167	0.389542086	0.418187735	0.444249834	0.474601349	0.519807401	0.580615689	0.643796623	0.696687131	0.731955524	0.751088449	0.759543897	0.762212762	0.761164064	0.756921254	0.75032894	0.742795026	0.734902884	0.726922655	0.720555035	0.715562739	0.712229159	0.707972902	0.702925075	0.696524926	0.688081901	0.676264657	0.66295941	0.649971591	0.637458696	0.626889199	0.6194543	0.615178426	0.615060862	0.617537142	0.613396045	0.589286883	0.545318669	0.499608104	0.453632729	0.410758569	0.372887498	0.338426891	0.311460852	0.288369932	0.269473509	0.253285498
46	0.141844478	0.143090121	0.148863871	0.167528005	0.200046424	0.238351485	0.273185045	0.300804528	0.323218855	0.339933333	0.345528426	0.338862274	0.323021341	0.307935903	0.296719977	0.29074204	0.287201265	0.283944435	0.279676941	0.27628799	0.276794634	0.28456432	0.300386475	0.324531507	0.354457011	0.387065152	0.415698672	0.441867026	0.472312277	0.517742348	0.578931042	0.642434242	0.695441541	0.730732384	0.749921199	0.758318912	0.760955999	0.759897874	0.755564209	0.749023257	0.741462452	0.733552314	0.72552642	0.719078955	0.714025411	0.710724066	0.706513551	0.701381659	0.694975183	0.686487299	0.674581693	0.661170892	0.64796382	0.635586072	0.624821142	0.617418415	0.613134181	0.612959688	0.615583868	0.61147091	0.587327507	0.543474113	0.497593374	0.451977392	0.408835069	0.371047705	0.337179575	0.309189993	0.286700264	0.267878323	0.2511285
2	0	0	0	0	0	0	0	0	0	0	0	0	0	0	0	0	0	0	0	0	0	0	0	0	0	0	0	0	0	0	0	0	0	0	0	0	0	0	0	0	0	0	0	0	0	0	0	0	0	0	0	0	0	0	0	0	0	0	0	0	0	0	0	0	0	0	0	0	0	0	0
7	0	0	0	0	0	0	0	0	0	0	0	0	0	0	0	0	0	0	0	0	0	0	0	0	0	0	0	0	0	0	0	0	0	0	0	0	0	0	0	0	0	0	0	0	0	0	0	0	0	0	0	0	0	0	0	0	0	0	0	0	0	0	0	0	0	0	0	0	0	0	0
12	0	0	0	0	0	0	0	0	0	0	0	0	0	0	0	0	0	0	0	0	0	0	0	0	0	0	0	0	0	0	0	0	0	0	0	0	0	0	0	0	0	0	0	0	0	0	0	0	0	0	0	0	0	0	0	0	0	0	0	0	0	0	0	0	0	0	0	0	0	0	0
17	0	0	0	0	0	0	0	0	0	0	0	0	0	0	0	0	0	0	0	0	0	0	0	0	0	0	0	0	0	0	0	0	0	0	0	0	0	0	0	0	0	0	0	0	0	0	0	0	0	0	0	0	0	0	0	0	0	0	0	0	0	0	0	0	0	0	0	0	0	0	0
22	0	0	0	0	0	0	0	0	0	0	0	0	0	0	0	0	0	0	0	0	0	0	0	0	0	0	0	0	0	0	0	0	0	0	0	0	0	0	0	0	0	0	0	0	0	0	0	0	0	0	0	0	0	0	0	0	0	0	0	0	0	0	0	0	0	0	0	0	0	0	0
27	0	0	0	0	0	0	0	0	0	0	0	0	0	0	0	0	0	0	0	0	0	0	0	0	0	0	0	0	0	0	0	0	0	0	0	0	0	0	0	0	0	0	0	0	0	0	0	0	0	0	0	0	0	0	0	0	0	0	0	0	0	0	0	0	0	0	0	0	0	0	0
32	0	0	0	0	0	0	0	0	0	0	0	0	0	0	0	0	0	0	0	0	0	0	0	0	0	0	0	0	0	0	0	0	0	0	0	0	0	0	0	0	0	0	0	0	0	0	0	0	0	0	0	0	0	0	0	0	0	0	0	0	0	0	0	0	0	0	0	0	0	0	0
37	0	0	0	0	0	0	0	0	0	0	0	0	0	0	0	0	0	0	0	0	0	0	0	0	0	0	0	0	0	0	0	0	0	0	0	0	0	0	0	0	0	0	0	0	0	0	0	0	0	0	0	0	0	0	0	0	0	0	0	0	0	0	0	0	0	0	0	0	0	0	0
42	0	0	0	0	0	0	0	0	0	0	0	0	0	0	0	0	0	0	0	0	0	0	0	0	0	0	0	0	0	0	0	0	0	0	0	0	0	0	0	0	0	0	0	0	0	0	0	0	0	0	0	0	0	0	0	0	0	0	0	0	0	0	0	0	0	0	0	0	0	0	0
47	0	0	0	0	0	0	0	0	0	0	0	0	0	0	0	0	0	0	0	0	0	0	0	0	0	0	0	0	0	0	0	0	0	0	0	0	0	0	0	0	0	0	0	0	0	0	0	0	0	0	0	0	0	0	0	0	0	0	0	0	0	0	0	0	0	0	0	0	0	0	0
3	0.148490464	0.15001905	0.155182047	0.170262519	0.196907519	0.227756607	0.255074781	0.275695876	0.292001785	0.304364804	0.308586545	0.303778527	0.291653043	0.280528452	0.272192444	0.267989761	0.265525325	0.263410084	0.260527699	0.258637118	0.259904109	0.267333158	0.280748561	0.299817549	0.322349478	0.346697492	0.368193073	0.388383949	0.413283809	0.450713414	0.499968493	0.548817014	0.58854504	0.614902056	0.629534661	0.636321627	0.638366936	0.637443866	0.633381429	0.627444529	0.620370158	0.613092802	0.605873215	0.600150809	0.595618385	0.592546242	0.58865647	0.58415314	0.579033672	0.572705786	0.563740245	0.553589432	0.543650134	0.534228221	0.526478524	0.521699086	0.518973988	0.519608751	0.522899399	0.522405804	0.50770953	0.477580697	0.444847414	0.410972074	0.378399337	0.348868008	0.321238347	0.298546489	0.279246835	0.262764449	0.249592457
8	0.144704987	0.146332013	0.151468517	0.166820575	0.193585987	0.224491968	0.251723053	0.272155425	0.288439649	0.300788573	0.304983179	0.300011613	0.287999622	0.276812026	0.268441115	0.2641986	0.261924516	0.25978171	0.256926313	0.255073473	0.256447538	0.263970146	0.277440958	0.29659401	0.319245517	0.343741293	0.365303967	0.385555513	0.410579835	0.448212134	0.497563099	0.546420293	0.586019325	0.612258461	0.626605376	0.633177213	0.635083421	0.63403523	0.629964276	0.623890699	0.616815062	0.609515592	0.602190995	0.596658872	0.591904828	0.588919974	0.585118577	0.580563107	0.57549442	0.569044679	0.560052667	0.549811262	0.539834964	0.530426461	0.52278565	0.518019781	0.515355901	0.516115176	0.519521378	0.519101448	0.504377025	0.47425352	0.441394024	0.407440824	0.374524169	0.344651476	0.317683774	0.295021739	0.275413572	0.259723117	0.244800239
13	0.144629198	0.146207038	0.151314784	0.166657455	0.193354992	0.224144195	0.251211579	0.271472413	0.287570713	0.299819029	0.303981699	0.299092144	0.287098921	0.275913197	0.267608058	0.263375627	0.261090645	0.258938172	0.256127135	0.254264917	0.255596686	0.263148133	0.276541856	0.295721928	0.318370262	0.342676197	0.364126466	0.384350524	0.409403018	0.446945382	0.496029941	0.544604608	0.583997572	0.609843467	0.623964884	0.630420166	0.632247323	0.631157344	0.627005861	0.620939863	0.613772806	0.606468771	0.599218023	0.593580016	0.588920932	0.585912185	0.582097995	0.577625838	0.572377024	0.566045745	0.557146572	0.546934125	0.537016288	0.52768919	0.520163755	0.515365098	0.512812234	0.513517255	0.516996586	0.5167458	0.502154026	0.472488551	0.439868082	0.406147745	0.373266825	0.344146773	0.316495446	0.294490932	0.274961392	0.258973896	0.244111492
18	0.142595503	0.144264238	0.149296295	0.164728192	0.19185373	0.223053747	0.250333887	0.270838382	0.287272389	0.299744685	0.303867898	0.29907116	0.286815377	0.275524687	0.267102268	0.262859488	0.260382029	0.258135558	0.255312054	0.253444932	0.254936476	0.262401347	0.2760025	0.295428364	0.318268526	0.343010693	0.364824873	0.385393818	0.410947658	0.449043429	0.498851747	0.548168571	0.588066436	0.614197437	0.628352655	0.634853455	0.636644972	0.635555759	0.6313058	0.625182916	0.618003195	0.610727639	0.603387408	0.59776724	0.593111061	0.590106874	0.586239539	0.581645079	0.576472628	0.569980314	0.560943774	0.550685602	0.540755475	0.531229599	0.523387072	0.518400296	0.515834212	0.516551377	0.519822354	0.519074765	0.503966825	0.473448052	0.440304855	0.405752832	0.37271589	0.343261426	0.315081354	0.292482605	0.273594431	0.257443062	0.242528365
23	0.141798753	0.143445299	0.148490646	0.163898161	0.190856061	0.221937133	0.249177023	0.269694735	0.286084342	0.298433614	0.302648145	0.29785559	0.285670437	0.274351177	0.265892549	0.261691308	0.259252549	0.257062631	0.25420678	0.252378899	0.2537597	0.261239687	0.274728168	0.294010048	0.31678164	0.341449363	0.363143834	0.383646699	0.409047591	0.446893255	0.496585225	0.545667067	0.585554595	0.611765568	0.626168112	0.632635996	0.634463005	0.633324715	0.629107371	0.623071522	0.615904614	0.608519934	0.601203013	0.595552285	0.590886311	0.587846744	0.583979456	0.579537276	0.574245952	0.567722908	0.558712237	0.548562583	0.538706822	0.529170401	0.521324905	0.516442508	0.51387764	0.514718364	0.518050617	0.517775636	0.503021738	0.472901832	0.439623023	0.405246916	0.372364252	0.34210667	0.315068659	0.292458607	0.273387408	0.257333488	0.243052408
28	0.138833907	0.140462719	0.145638506	0.161034669	0.187881985	0.218876184	0.246215543	0.266663783	0.283036255	0.295436058	0.299626386	0.294764846	0.282612736	0.271275087	0.262904456	0.258682765	0.256322201	0.254058261	0.251223883	0.249377846	0.25081135	0.258300829	0.271835862	0.291152823	0.31396135	0.338578831	0.360271925	0.380776927	0.406105656	0.443984674	0.493696962	0.542921116	0.582904251	0.609269579	0.623702333	0.630218118	0.632042984	0.630879644	0.626728975	0.620565911	0.613403254	0.605991081	0.598543702	0.592937529	0.588349709	0.585370734	0.581497002	0.576971808	0.571724389	0.56524047	0.556191085	0.545990455	0.535886943	0.526421068	0.518683166	0.513892597	0.511280651	0.512024374	0.515532	0.515181393	0.500328291	0.470272137	0.437468048	0.402650034	0.36962424	0.339850461	0.31229123	0.289994931	0.270179969	0.254272897	0.239122109
33	0.135452797	0.137070156	0.142287069	0.157816428	0.184771815	0.215924743	0.243435117	0.263976076	0.280413275	0.292807851	0.297051622	0.292124928	0.279872546	0.268521141	0.260143296	0.255903504	0.253548618	0.251333702	0.248505376	0.246623016	0.248090046	0.255660638	0.269279889	0.288725511	0.311653158	0.33650393	0.358326631	0.378942163	0.404395362	0.442568611	0.492412922	0.541972959	0.582158465	0.608675428	0.623151185	0.629747446	0.631648675	0.630501918	0.626323103	0.620103527	0.612877463	0.605447458	0.597975456	0.592241573	0.587650324	0.584639242	0.580781623	0.576217026	0.570928692	0.564456165	0.555381617	0.545036483	0.534757359	0.525249427	0.51743704	0.51269674	0.510111771	0.510775126	0.514250929	0.513956377	0.499085086	0.468433857	0.435194879	0.400410369	0.367110502	0.337356688	0.309897786	0.286766738	0.267404397	0.251002757	0.237043037
38	0.134801624	0.136461107	0.141655968	0.157408884	0.184549872	0.215910277	0.243561465	0.264322312	0.280831342	0.293343469	0.297597489	0.292600919	0.280319541	0.268803815	0.260302226	0.256070809	0.253664769	0.251463994	0.248680472	0.246814578	0.248281377	0.255895874	0.269627045	0.28930728	0.312501565	0.337528085	0.35960151	0.380413391	0.40606788	0.444491718	0.494680829	0.544451005	0.584933924	0.611622354	0.626137912	0.632645517	0.634479798	0.633235024	0.629069071	0.622837881	0.615651432	0.608187034	0.600724596	0.594985546	0.590301599	0.587274423	0.583347337	0.578721028	0.573454684	0.566945935	0.557735787	0.547316266	0.537072179	0.527479192	0.51967646	0.514851924	0.512100116	0.512721898	0.51617737	0.515700684	0.500504155	0.469698458	0.435861638	0.400889651	0.367572561	0.337060537	0.309684841	0.286658073	0.267416484	0.250673665	0.236102284
43	0.133450135	0.135151604	0.140400885	0.156186182	0.183442995	0.214938973	0.242556526	0.263251673	0.279734866	0.292299282	0.296570383	0.291580546	0.279273771	0.267783827	0.259270377	0.254963144	0.252571029	0.250313866	0.247491683	0.245685415	0.247275504	0.254942539	0.268700939	0.288405134	0.311747781	0.336892597	0.35893367	0.37982136	0.405578993	0.444120614	0.494477691	0.54433525	0.584719105	0.611258343	0.625668345	0.632075353	0.633934987	0.632670888	0.628399226	0.622188863	0.614941183	0.607488323	0.60000565	0.594189938	0.589510703	0.586568325	0.582713874	0.578107885	0.572717411	0.566252545	0.556966906	0.546459594	0.536217319	0.526647214	0.518773445	0.513871892	0.511236359	0.511913352	0.515454087	0.514895505	0.499699938	0.468516104	0.435088884	0.400074863	0.366338597	0.335987418	0.308269216	0.285334396	0.265782472	0.248954883	0.234825827
48	0.133684137	0.135278856	0.14060587	0.156264322	0.18345283	0.214870833	0.242466278	0.263080389	0.279502055	0.292018463	0.296299768	0.291299833	0.278982241	0.267526603	0.259063542	0.254768936	0.252371197	0.250125123	0.247351694	0.245520069	0.24700899	0.254648464	0.268349535	0.288082183	0.311356938	0.336382739	0.358354957	0.379167117	0.404877579	0.443345782	0.493549696	0.543306627	0.583696813	0.610258244	0.624579508	0.631079803	0.632891672	0.631590746	0.627320968	0.621094327	0.613915875	0.60646693	0.598974883	0.593231444	0.588493247	0.585539072	0.5816823	0.577107035	0.571751695	0.565239318	0.555993845	0.545529955	0.535242363	0.525669647	0.517923187	0.513073517	0.510449496	0.51114181	0.514634783	0.514087117	0.499012964	0.468148466	0.434671094	0.399684161	0.36629051	0.336170621	0.308219462	0.285219712	0.265829872	0.249644361	0.234819676
4	0.154310271	0.155706092	0.160314288	0.174632249	0.199737052	0.228834558	0.254390252	0.273211642	0.288071002	0.299480942	0.303340421	0.298497204	0.286701386	0.275828646	0.267666919	0.263388719	0.260805533	0.258598976	0.255929503	0.254341727	0.255932966	0.263294286	0.276510448	0.295097342	0.317016813	0.340602623	0.361470896	0.381641286	0.407397971	0.44629756	0.496476001	0.544825811	0.583058274	0.607771379	0.621182168	0.627396471	0.628916254	0.627311971	0.622571312	0.615829171	0.608128239	0.600400237	0.592802933	0.586760868	0.581613977	0.578070374	0.573685318	0.56860556	0.563345248	0.557177091	0.54882347	0.539298758	0.529744534	0.521001241	0.513613654	0.509273552	0.507214942	0.508399421	0.512770859	0.514259747	0.503150531	0.477594017	0.448764816	0.417839466	0.38770452	0.360527809	0.334558272	0.313520918	0.295204343	0.278777923	0.264970543
9	0.153287687	0.154664438	0.159442752	0.173933332	0.199303457	0.228731103	0.254388791	0.273291996	0.288178618	0.29956954	0.303311044	0.298374683	0.286525383	0.275595434	0.267274894	0.262965869	0.2604126	0.258126419	0.255514052	0.253955755	0.255617481	0.263099591	0.276434214	0.295277227	0.317570766	0.341472888	0.36255944	0.382972923	0.409096761	0.448636608	0.499340477	0.548089327	0.58645198	0.611208374	0.624431618	0.630396205	0.631797723	0.630031448	0.625112979	0.61823328	0.610440796	0.602645135	0.595095612	0.588865019	0.583703899	0.580108542	0.575654018	0.57058314	0.565209347	0.558956915	0.550440528	0.540742245	0.531155684	0.52227977	0.514979119	0.510594697	0.508580837	0.509763773	0.51407571	0.51554611	0.504234477	0.478493697	0.449151913	0.417950269	0.387656862	0.360325538	0.334534663	0.31311574	0.294738024	0.279078898	0.263374848
14	0.151136305	0.152490735	0.157170538	0.171612706	0.196838611	0.226015607	0.251405819	0.269951285	0.28467084	0.29596183	0.299636292	0.294770781	0.283078103	0.272112225	0.263880499	0.259595976	0.257019542	0.254825091	0.252128651	0.250572738	0.252195959	0.259690845	0.272794221	0.291471005	0.313535065	0.337196373	0.358137246	0.378350025	0.40426258	0.443380825	0.493630124	0.542089601	0.580276506	0.604850115	0.617921811	0.623714276	0.625018787	0.623186901	0.618206411	0.611332516	0.603478913	0.59568244	0.588088065	0.581896139	0.576750305	0.573145959	0.568729615	0.563620909	0.558292273	0.552096919	0.543623281	0.534007707	0.524471213	0.515778155	0.508422471	0.504127588	0.502177798	0.503512792	0.508056571	0.50978126	0.498718969	0.473412067	0.444225846	0.413901879	0.384116382	0.35674105	0.331618489	0.310368483	0.291359949	0.275677445	0.26139292
19	0.156201114	0.157635411	0.162202623	0.176604842	0.201953787	0.231104901	0.256309893	0.275012545	0.289806652	0.301093489	0.30479066	0.299993786	0.288247665	0.277309019	0.269098699	0.26480212	0.262166395	0.25985128	0.257231663	0.255649725	0.257343993	0.264740664	0.278043008	0.296893963	0.31892324	0.342763069	0.363811045	0.384299861	0.41058605	0.450162563	0.500958406	0.54980195	0.588156437	0.612701911	0.625817179	0.631571836	0.632743302	0.630796378	0.625709511	0.618760524	0.610851873	0.602967892	0.595363999	0.589204241	0.584083766	0.580500175	0.576095849	0.57101171	0.565611629	0.55926917	0.550808508	0.541188025	0.531762605	0.522932716	0.515477828	0.511033376	0.509046307	0.510378156	0.514898072	0.516399574	0.505350671	0.479673114	0.450770913	0.419723404	0.389654418	0.362395001	0.336417384	0.315807462	0.296753622	0.280720634	0.267654424
24	0.144436706	0.145866074	0.150580846	0.165009833	0.190580485	0.220079737	0.245709008	0.264675816	0.279786421	0.291289735	0.295020984	0.290070815	0.278134951	0.266996453	0.258692362	0.254410915	0.251778316	0.249460894	0.246829182	0.245274293	0.246962531	0.254389185	0.267800395	0.286821809	0.30914175	0.333284141	0.35463056	0.375364783	0.401976707	0.441935435	0.493493791	0.543302919	0.58258562	0.607865984	0.621322648	0.627377698	0.628612787	0.626744674	0.621614202	0.614620171	0.606643632	0.598656577	0.59092903	0.584535816	0.579422986	0.575712313	0.571208445	0.566073274	0.560505631	0.554080176	0.545468425	0.535635742	0.525969609	0.516862259	0.50929361	0.504823796	0.50278326	0.50409206	0.508564462	0.510082748	0.498694764	0.47232823	0.442607367	0.411045528	0.380818494	0.353431779	0.326793565	0.305013499	0.2862511	0.269668355	0.255940778
29	0.14394892	0.145395844	0.150185414	0.164670172	0.190171889	0.219611083	0.245195822	0.264055702	0.279009389	0.290479312	0.294269063	0.289247787	0.277367178	0.266312564	0.258044787	0.253689445	0.25108951	0.248751452	0.246087879	0.244540628	0.246193673	0.25369675	0.267018627	0.285905803	0.30816843	0.332111979	0.353420362	0.373911302	0.400162549	0.439706448	0.4905249	0.539689972	0.57855575	0.603555996	0.61688717	0.622744449	0.624058534	0.622167923	0.617231859	0.610213979	0.602329586	0.594407398	0.586748894	0.580469892	0.575374659	0.571726669	0.567256229	0.562167763	0.556710684	0.550393959	0.541943996	0.532270164	0.522491025	0.513587473	0.50619309	0.501810404	0.499797368	0.501132116	0.505697959	0.507307172	0.495975733	0.470017825	0.440666728	0.409331712	0.379091694	0.351358922	0.325499075	0.303939503	0.285140592	0.269094831	0.254544113
34	0.14003986	0.14143035	0.146283972	0.160903049	0.186362722	0.215834193	0.241569227	0.260474332	0.275490083	0.286959543	0.290673607	0.285752992	0.273742435	0.262644959	0.254356309	0.25002993	0.247456723	0.245135163	0.242505724	0.240956234	0.242649345	0.250158172	0.263553295	0.282561213	0.304952995	0.329065331	0.350372358	0.371052289	0.397497606	0.437324404	0.488613404	0.538173438	0.577292838	0.602546697	0.615962723	0.621878927	0.623242468	0.621376553	0.616319628	0.609275878	0.601343615	0.593420887	0.585620817	0.579386472	0.574171918	0.570473186	0.565930338	0.560870983	0.555401797	0.549029479	0.540450591	0.530615452	0.520792785	0.511663666	0.504284659	0.499932099	0.497951071	0.499311773	0.503805262	0.505565611	0.494242942	0.468009554	0.438401862	0.406997854	0.376130976	0.34848502	0.32223639	0.300987221	0.282190797	0.266305443	0.251778253
39	0.137980771	0.139402879	0.144306187	0.159227372	0.18513198	0.21509944	0.24124728	0.260505569	0.275723384	0.287428835	0.291302662	0.286200373	0.274083573	0.262764873	0.254291892	0.249910898	0.247328693	0.245017947	0.242333059	0.240798334	0.242554093	0.250203015	0.263823587	0.283204075	0.306018237	0.330478213	0.352167004	0.373113184	0.399889084	0.440166304	0.491748349	0.541366916	0.580442369	0.60554399	0.618768458	0.624708691	0.626003293	0.624103019	0.619143597	0.612150963	0.604303354	0.596346166	0.588677423	0.58238254	0.577301012	0.573621024	0.569150187	0.564036434	0.558587453	0.552241183	0.543569437	0.533646905	0.523791614	0.514797627	0.507388115	0.502910255	0.500790717	0.501966895	0.506495269	0.507990479	0.495978269	0.469376631	0.438981238	0.407161085	0.376159951	0.347697924	0.320846475	0.299124232	0.280555864	0.264066377	0.249256704
44	0.135676778	0.13708452	0.141958215	0.156709084	0.182439442	0.212234455	0.238349439	0.257444888	0.272485978	0.284088734	0.28792237	0.282780981	0.270704412	0.259457988	0.251078427	0.246694049	0.244057238	0.241776855	0.239164114	0.237647401	0.239472148	0.247056547	0.26059839	0.279906839	0.302793921	0.327225969	0.348776111	0.369734362	0.396548386	0.437012367	0.488898355	0.538896567	0.578283885	0.60362416	0.616892687	0.622734874	0.624037677	0.622056796	0.616942313	0.609848685	0.601887606	0.593901956	0.586121833	0.579827866	0.574620164	0.570976193	0.566447848	0.561211593	0.555749698	0.549322507	0.540527638	0.530559563	0.520580617	0.511592739	0.50415111	0.499630956	0.497576865	0.498865912	0.503445688	0.5050465	0.493314716	0.466564496	0.436547419	0.404617593	0.373723151	0.345362913	0.318836194	0.297488231	0.278470361	0.262392028	0.24724415
49	0.13743981	0.138824828	0.143644813	0.15863595	0.184568267	0.214541638	0.240766318	0.259975415	0.275200756	0.286835296	0.290688168	0.285588973	0.273463737	0.262175944	0.253721968	0.249328439	0.246663429	0.244333884	0.241666393	0.240163972	0.241967528	0.249578391	0.263137202	0.282569533	0.305381721	0.329843589	0.351466186	0.372336797	0.398995691	0.439058596	0.490453539	0.53981431	0.578639491	0.603606525	0.616613804	0.62232784	0.623647018	0.621703032	0.616718361	0.609831348	0.602064785	0.594194566	0.58646697	0.58038881	0.575237519	0.571612422	0.567210723	0.562062096	0.556658204	0.550297623	0.541751661	0.531868832	0.522029263	0.513041786	0.505693828	0.501289724	0.49915409	0.500553836	0.505035722	0.506530547	0.494932408	0.46824908	0.438063324	0.40641088	0.375419615	0.347097145	0.320526369	0.298669263	0.280058581	0.263875277	0.24806984
5	0.169130393	0.17084346	0.17633099	0.1928132	0.221489486	0.254617554	0.283945597	0.30610644	0.323533219	0.336379705	0.340469194	0.334781566	0.321436396	0.309220999	0.300114513	0.295257909	0.292570718	0.290306646	0.287389534	0.285474466	0.287063141	0.295199274	0.309881385	0.330855539	0.3557932	0.382720375	0.406669903	0.429804085	0.459157507	0.503937947	0.563521379	0.62402817	0.674043282	0.70777743	0.72656974	0.735363656	0.737945952	0.736216501	0.730579515	0.722445876	0.713110688	0.703524935	0.693902657	0.686194441	0.67978902	0.675190956	0.669936359	0.664070947	0.657213076	0.648650417	0.637125228	0.624408991	0.612003525	0.600373304	0.590967632	0.584990678	0.581985488	0.58327601	0.587324686	0.586634832	0.569027802	0.533667765	0.495342016	0.456199637	0.419012762	0.385430945	0.354960091	0.330247694	0.309610034	0.291515908	0.276285546
10	0.166264016	0.168031224	0.173419599	0.189817997	0.218190445	0.251030083	0.28014066	0.301914234	0.31915133	0.331849966	0.335763629	0.33004591	0.316819482	0.304637296	0.295566244	0.290775099	0.288071187	0.285797738	0.282926434	0.281050765	0.282659678	0.290804144	0.305499741	0.326398552	0.351371027	0.378213401	0.402200783	0.425356435	0.454878194	0.499887655	0.559560662	0.620117888	0.670176962	0.703756291	0.722360586	0.730853584	0.733229295	0.731305097	0.725442415	0.717218757	0.707802092	0.698203616	0.688580885	0.680905927	0.674395287	0.669746452	0.664433446	0.658514335	0.65174272	0.643134915	0.631525847	0.618600674	0.606177755	0.594725231	0.585378453	0.579445627	0.576574467	0.578012672	0.582289666	0.581810771	0.564392736	0.529545614	0.491722194	0.452984865	0.415961552	0.382646493	0.352281976	0.327531071	0.306816257	0.289683437	0.272679425
15	0.164665255	0.166407679	0.171860738	0.188389941	0.217180973	0.250435288	0.279791224	0.301795234	0.319143667	0.331992466	0.335957603	0.330129265	0.31683896	0.304529788	0.295326646	0.290526461	0.28782269	0.285557611	0.282611826	0.280680308	0.282421945	0.290661591	0.30549189	0.326769965	0.352024786	0.379332915	0.403584909	0.427036581	0.456967363	0.502534967	0.562919142	0.624295864	0.675017871	0.708974304	0.727739344	0.736225526	0.738576492	0.736552306	0.730635101	0.722323645	0.71278988	0.7031049	0.693456571	0.685641858	0.679189362	0.674474951	0.669186179	0.663251509	0.656473437	0.647614552	0.635686652	0.622525166	0.609865169	0.598263258	0.588711252	0.582651626	0.579569186	0.580814306	0.585101781	0.584133457	0.566031144	0.53024336	0.49199946	0.452482119	0.414891279	0.381669357	0.350491687	0.325917165	0.304643553	0.286695768	0.271499803
20	0.154463912	0.156204552	0.161535733	0.177704156	0.206042501	0.238789915	0.267653189	0.289411967	0.306623031	0.319458436	0.323436624	0.317743688	0.304566818	0.292280691	0.28314169	0.278353604	0.27554839	0.273353585	0.270472375	0.268653314	0.270255663	0.278310241	0.292934392	0.313972649	0.338850012	0.365922953	0.389959984	0.413328644	0.443091609	0.488324823	0.548478584	0.60972899	0.660464151	0.694363102	0.713120759	0.721589951	0.723942634	0.721990043	0.715936978	0.707696139	0.698111605	0.68840841	0.67876959	0.670969953	0.664575388	0.659906583	0.654580518	0.648676716	0.641868339	0.633080275	0.621306825	0.608280576	0.595870733	0.584228395	0.5746507	0.568682239	0.565781735	0.567178832	0.571695284	0.571285543	0.55384136	0.518702443	0.480585589	0.441731625	0.404598161	0.37099366	0.341134301	0.316451308	0.295620701	0.277641827	0.26202932
25	0.154998698	0.156732144	0.162143619	0.178369469	0.206739196	0.239581105	0.268599652	0.290477239	0.307795708	0.320658985	0.32456621	0.318897877	0.305569857	0.293257921	0.284138997	0.279338153	0.276590026	0.274300521	0.27145257	0.269616489	0.271254906	0.27933454	0.293995792	0.31503982	0.33999941	0.367082885	0.391260373	0.414690191	0.444514348	0.489751194	0.550005102	0.61138077	0.662243802	0.696374906	0.71528618	0.723842587	0.726199815	0.724267329	0.718312836	0.710018394	0.700441423	0.690761807	0.6810721	0.673364685	0.667005996	0.662294249	0.656914493	0.65115585	0.644179516	0.635449618	0.623667567	0.610603712	0.598161836	0.586404043	0.57684944	0.570844319	0.568067353	0.569442685	0.573923046	0.573415502	0.555874232	0.52050996	0.482472072	0.443203685	0.406032614	0.372705856	0.341894182	0.316957472	0.295622409	0.278476044	0.262926449
30	0.155379051	0.157119174	0.16269143	0.179106492	0.207682172	0.240653946	0.269885817	0.291825042	0.309158943	0.32207781	0.326026341	0.320374998	0.306992168	0.294696188	0.285553511	0.280738293	0.278057297	0.275767263	0.272890017	0.271000379	0.272667295	0.280781811	0.295550701	0.316611661	0.34171492	0.369030303	0.393274004	0.41668015	0.446438715	0.491803501	0.552026745	0.613596829	0.664605748	0.6989431	0.71794963	0.726558674	0.728896213	0.726931695	0.720944819	0.712597308	0.70308484	0.693317981	0.683543455	0.675727045	0.669378651	0.664716734	0.659388174	0.653479457	0.646627174	0.637752551	0.625903321	0.612823126	0.600120984	0.5884154	0.578925326	0.572884348	0.569915808	0.57120983	0.575700974	0.575007828	0.55736752	0.521674876	0.483179951	0.443648895	0.406363687	0.372607242	0.341696516	0.317362267	0.295697862	0.278033481	0.262066859
35	0.153448188	0.155194418	0.160721754	0.17721588	0.205643312	0.238586733	0.267685978	0.289569504	0.306776765	0.319586836	0.323582654	0.317865563	0.304548397	0.292217837	0.283105591	0.278334236	0.27559712	0.273359406	0.270487779	0.268623121	0.27029113	0.278437884	0.293079239	0.314135063	0.339210331	0.36642516	0.390569918	0.413911802	0.443532435	0.488809636	0.54880485	0.610054699	0.660898244	0.695156015	0.713923426	0.722478815	0.724804692	0.722802245	0.716825079	0.708433749	0.698972794	0.689171408	0.679423422	0.671697133	0.665199445	0.660617303	0.655314573	0.649418483	0.642528792	0.633751606	0.621904016	0.60886549	0.596254479	0.584540221	0.575033041	0.569166102	0.566287824	0.567722831	0.572241912	0.571889617	0.554606204	0.518988551	0.481115223	0.441767335	0.404471024	0.370716542	0.340488411	0.315308953	0.294597663	0.276649862	0.261219116
40	0.152513326	0.154170154	0.159900993	0.176450457	0.205216399	0.238389916	0.267757354	0.289763993	0.307221456	0.320134082	0.324128268	0.318366362	0.304915751	0.292514812	0.283322633	0.278508521	0.275851147	0.273473654	0.270592106	0.26872718	0.270397595	0.278676554	0.293477708	0.314763241	0.340125422	0.367542998	0.391925888	0.415484587	0.44544068	0.490988122	0.55144793	0.6132668	0.664487139	0.698870191	0.717775398	0.726098148	0.72837216	0.726347352	0.720371818	0.712017655	0.702544176	0.69277801	0.682907537	0.675172229	0.668646287	0.664036087	0.658766971	0.652805758	0.645877639	0.637075476	0.625093739	0.611732657	0.599020371	0.587217814	0.577701142	0.571692711	0.56878725	0.57020451	0.574705652	0.573929388	0.556001503	0.520110906	0.481341042	0.441739424	0.40385643	0.370033005	0.340089424	0.314239082	0.293395097	0.275384328	0.259871191
45	0.148430813	0.150143109	0.155777435	0.172217401	0.200660631	0.233490505	0.262493769	0.284137878	0.301375077	0.314076582	0.318051383	0.312348797	0.29903204	0.286699831	0.277588426	0.272777228	0.27003836	0.267825807	0.264940381	0.263073913	0.264783462	0.272941898	0.287597946	0.308767109	0.333908292	0.361096948	0.385314132	0.408692144	0.438454166	0.483766629	0.54379474	0.605037799	0.655781914	0.689832861	0.708403881	0.716609219	0.718759634	0.716587256	0.710570845	0.702247966	0.692717515	0.682919982	0.673167868	0.665340945	0.658972499	0.654312773	0.649040447	0.643149611	0.636260774	0.627510459	0.615635571	0.602508487	0.589848205	0.578193728	0.568833302	0.562986588	0.560145523	0.561692311	0.566353856	0.566229565	0.549064636	0.514132975	0.475977799	0.436826238	0.399426936	0.365765368	0.335698814	0.310567807	0.289628139	0.272149737	0.256209379
50	0.154235945	0.156011737	0.161593939	0.178133405	0.206838743	0.24004143	0.269429925	0.291379771	0.30886339	0.32165663	0.325549915	0.319745596	0.306239521	0.293811696	0.284574975	0.279727872	0.276956782	0.274638639	0.271721254	0.269872651	0.271569991	0.279842795	0.29460691	0.316055837	0.341542362	0.369192754	0.393621383	0.417349178	0.447489523	0.493129606	0.553747947	0.615571539	0.666570103	0.700721854	0.71931918	0.72755977	0.729730091	0.727598232	0.721522458	0.71307872	0.703561454	0.693823394	0.684068128	0.676257743	0.669837776	0.665170077	0.659901234	0.653979174	0.647173323	0.638381651	0.626383792	0.613003909	0.600313792	0.58857543	0.579015258	0.573000342	0.57013264	0.571609399	0.576321975	0.575969786	0.558358339	0.52290623	0.484463352	0.444823774	0.407088993	0.373093464	0.342799135	0.317236478	0.296422962	0.278624049	0.263375472
