1 	 0.35735	 0.35777	 0.36404	 0.38073	 0.41108	 0.44991	 0.48822	 0.52026	 0.54670	 0.56557	 0.57208	 0.56315	 0.54560	 0.52798	 0.51455	 0.50533	 0.49954	 0.49544	 0.49013	 0.48524	 0.48428	 0.49042	 0.50514	 0.52877	 0.55891	 0.59130	 0.62252	 0.65116	 0.68546	 0.73365	 0.79165	 0.84993	 0.89604	 0.92286	 0.93685	 0.94412	 0.94783	 0.94810	 0.94661	 0.94324	 0.93861	 0.93307	 0.92757	 0.92407	 0.92126	 0.91878	 0.91635	 0.91373	 0.90871	 0.90118	 0.89134	 0.88144	 0.87064	 0.86027	 0.85087	 0.84286	 0.83839	 0.83814	 0.84225	 0.84446	 0.83708	 0.81225	 0.77168	 0.72594	 0.68017	 0.63898	 0.60331	 0.57364	 0.54634	 0.52491	 0.50608
6 	 0.36063	 0.36107	 0.36758	 0.38452	 0.41503	 0.45394	 0.49188	 0.52366	 0.54998	 0.56853	 0.57491	 0.56592	 0.54826	 0.53028	 0.51665	 0.50787	 0.50260	 0.49855	 0.49317	 0.48806	 0.48703	 0.49349	 0.50833	 0.53195	 0.56225	 0.59444	 0.62509	 0.65366	 0.68821	 0.73623	 0.79343	 0.85026	 0.89469	 0.92088	 0.93444	 0.94118	 0.94481	 0.94450	 0.94230	 0.93896	 0.93437	 0.92886	 0.92393	 0.92106	 0.91815	 0.91529	 0.91295	 0.91033	 0.90560	 0.89792	 0.88802	 0.87880	 0.86844	 0.85794	 0.84838	 0.84023	 0.83626	 0.83665	 0.84099	 0.84336	 0.83603	 0.81107	 0.77184	 0.72701	 0.68202	 0.64161	 0.60633	 0.57674	 0.55056	 0.52883	 0.50992
11 	 0.35890	 0.35925	 0.36560	 0.38248	 0.41284	 0.45164	 0.48946	 0.52107	 0.54720	 0.56564	 0.57213	 0.56339	 0.54572	 0.52773	 0.51409	 0.50517	 0.49992	 0.49571	 0.49039	 0.48542	 0.48438	 0.49078	 0.50551	 0.52905	 0.55918	 0.59143	 0.62187	 0.65023	 0.68487	 0.73302	 0.78999	 0.84660	 0.89109	 0.91698	 0.93033	 0.93701	 0.94059	 0.94028	 0.93797	 0.93443	 0.92979	 0.92433	 0.91944	 0.91665	 0.91382	 0.91115	 0.90885	 0.90608	 0.90106	 0.89327	 0.88357	 0.87445	 0.86420	 0.85361	 0.84400	 0.83590	 0.83213	 0.83255	 0.83676	 0.83948	 0.83266	 0.80849	 0.76976	 0.72554	 0.68076	 0.64084	 0.60615	 0.57660	 0.55092	 0.52907	 0.50933
16 	 0.33924	 0.33957	 0.34578	 0.36233	 0.39250	 0.43141	 0.46938	 0.50122	 0.52772	 0.54631	 0.55281	 0.54416	 0.52654	 0.50855	 0.49489	 0.48589	 0.48052	 0.47611	 0.47082	 0.46587	 0.46482	 0.47128	 0.48613	 0.50984	 0.54025	 0.57286	 0.60356	 0.63206	 0.66697	 0.71564	 0.77328	 0.83060	 0.87571	 0.90196	 0.91543	 0.92213	 0.92575	 0.92550	 0.92324	 0.91965	 0.91504	 0.90963	 0.90478	 0.90192	 0.89905	 0.89651	 0.89428	 0.89135	 0.88625	 0.87850	 0.86867	 0.85943	 0.84913	 0.83865	 0.82899	 0.82087	 0.81717	 0.81758	 0.82181	 0.82419	 0.81651	 0.79139	 0.75228	 0.70767	 0.66262	 0.62206	 0.58682	 0.55693	 0.53073	 0.50882	 0.49014
21 	 0.33777	 0.33804	 0.34419	 0.36060	 0.39066	 0.42934	 0.46729	 0.49924	 0.52571	 0.54427	 0.55078	 0.54206	 0.52445	 0.50632	 0.49249	 0.48342	 0.47805	 0.47362	 0.46819	 0.46321	 0.46216	 0.46861	 0.48350	 0.50731	 0.53794	 0.57082	 0.60172	 0.63034	 0.66543	 0.71441	 0.77225	 0.82968	 0.87461	 0.90059	 0.91387	 0.92053	 0.92398	 0.92362	 0.92128	 0.91767	 0.91311	 0.90770	 0.90286	 0.89995	 0.89726	 0.89482	 0.89246	 0.88949	 0.88438	 0.87657	 0.86681	 0.85763	 0.84744	 0.83700	 0.82734	 0.81928	 0.81570	 0.81617	 0.82065	 0.82321	 0.81556	 0.79047	 0.75123	 0.70643	 0.66181	 0.62161	 0.58596	 0.55610	 0.52996	 0.50897	 0.48949
26 	 0.36068	 0.36104	 0.36747	 0.38454	 0.41549	 0.45521	 0.49410	 0.52677	 0.55379	 0.57282	 0.57951	 0.57062	 0.55253	 0.53406	 0.52010	 0.51097	 0.50560	 0.50125	 0.49589	 0.49075	 0.48966	 0.49620	 0.51136	 0.53550	 0.56641	 0.59958	 0.63087	 0.65985	 0.69514	 0.74448	 0.80316	 0.86195	 0.90858	 0.93596	 0.95013	 0.95722	 0.96110	 0.96093	 0.95865	 0.95504	 0.95039	 0.94485	 0.93980	 0.93679	 0.93398	 0.93134	 0.92892	 0.92593	 0.92074	 0.91264	 0.90259	 0.89310	 0.88255	 0.87172	 0.86161	 0.85316	 0.84932	 0.84964	 0.85395	 0.85632	 0.84805	 0.82200	 0.78139	 0.73513	 0.68861	 0.64715	 0.61103	 0.58110	 0.55425	 0.53216	 0.51272
31 	 0.35992	 0.36019	 0.36646	 0.38323	 0.41381	 0.45343	 0.49229	 0.52488	 0.55193	 0.57102	 0.57771	 0.56873	 0.55057	 0.53194	 0.51776	 0.50850	 0.50299	 0.49855	 0.49302	 0.48785	 0.48674	 0.49337	 0.50875	 0.53326	 0.56461	 0.59824	 0.62994	 0.65920	 0.69493	 0.74495	 0.80427	 0.86332	 0.90977	 0.93679	 0.95061	 0.95755	 0.96132	 0.96104	 0.95862	 0.95488	 0.95011	 0.94448	 0.93945	 0.93645	 0.93350	 0.93082	 0.92839	 0.92539	 0.92024	 0.91215	 0.90203	 0.89244	 0.88179	 0.87091	 0.86078	 0.85236	 0.84853	 0.84903	 0.85353	 0.85618	 0.84836	 0.82251	 0.78227	 0.73644	 0.69036	 0.64934	 0.61325	 0.58313	 0.55696	 0.53492	 0.51582
36 	 0.35933	 0.35964	 0.36594	 0.38268	 0.41335	 0.45313	 0.49221	 0.52514	 0.55246	 0.57168	 0.57847	 0.56947	 0.55110	 0.53234	 0.51806	 0.50870	 0.50316	 0.49861	 0.49299	 0.48786	 0.48674	 0.49346	 0.50900	 0.53381	 0.56555	 0.59960	 0.63161	 0.66118	 0.69731	 0.74774	 0.80744	 0.86679	 0.91323	 0.94013	 0.95383	 0.96071	 0.96446	 0.96414	 0.96171	 0.95799	 0.95320	 0.94759	 0.94252	 0.93946	 0.93653	 0.93391	 0.93152	 0.92851	 0.92332	 0.91514	 0.90496	 0.89535	 0.88470	 0.87386	 0.86371	 0.85527	 0.85145	 0.85188	 0.85639	 0.85910	 0.85097	 0.82482	 0.78449	 0.73825	 0.69187	 0.65048	 0.61424	 0.58422	 0.55751	 0.53582	 0.51595
41 	 0.36321	 0.36346	 0.36972	 0.38651	 0.41732	 0.45726	 0.49652	 0.52948	 0.55686	 0.57628	 0.58318	 0.57412	 0.55561	 0.53667	 0.52231	 0.51294	 0.50737	 0.50284	 0.49728	 0.49207	 0.49097	 0.49772	 0.51328	 0.53820	 0.57015	 0.60438	 0.63663	 0.66644	 0.70285	 0.75375	 0.81420	 0.87453	 0.92200	 0.94955	 0.96359	 0.97060	 0.97448	 0.97418	 0.97174	 0.96810	 0.96329	 0.95765	 0.95259	 0.94952	 0.94659	 0.94387	 0.94144	 0.93836	 0.93304	 0.92478	 0.91444	 0.90473	 0.89383	 0.88272	 0.87237	 0.86376	 0.85982	 0.86034	 0.86498	 0.86762	 0.85952	 0.83315	 0.79181	 0.74503	 0.69809	 0.65646	 0.61987	 0.58905	 0.56230	 0.54051	 0.52067
46 	 0.36221	 0.36246	 0.36884	 0.38571	 0.41657	 0.45645	 0.49566	 0.52855	 0.55579	 0.57507	 0.58186	 0.57282	 0.55440	 0.53554	 0.52118	 0.51175	 0.50623	 0.50166	 0.49613	 0.49096	 0.48983	 0.49658	 0.51209	 0.53687	 0.56867	 0.60273	 0.63475	 0.66434	 0.70063	 0.75128	 0.81130	 0.87108	 0.91813	 0.94540	 0.95936	 0.96630	 0.97008	 0.96972	 0.96727	 0.96353	 0.95873	 0.95304	 0.94797	 0.94497	 0.94202	 0.93927	 0.93685	 0.93378	 0.92845	 0.92025	 0.90995	 0.90020	 0.88939	 0.87848	 0.86826	 0.85978	 0.85593	 0.85635	 0.86091	 0.86369	 0.85569	 0.82962	 0.78881	 0.74226	 0.69563	 0.65384	 0.61703	 0.58673	 0.55979	 0.53767	 0.51880
2 	 0.28646	 0.28602	 0.28955	 0.29910	 0.31627	 0.33821	 0.35844	 0.37380	 0.38607	 0.39474	 0.39732	 0.39153	 0.38124	 0.37134	 0.36341	 0.35740	 0.35281	 0.34907	 0.34510	 0.34186	 0.34151	 0.34585	 0.35527	 0.36929	 0.38615	 0.40330	 0.42008	 0.43704	 0.46027	 0.49500	 0.53642	 0.57686	 0.60893	 0.62859	 0.63932	 0.64469	 0.64593	 0.64472	 0.64083	 0.63475	 0.62810	 0.62090	 0.61382	 0.60924	 0.60603	 0.60333	 0.60007	 0.59672	 0.59181	 0.58517	 0.57675	 0.56882	 0.56035	 0.55244	 0.54619	 0.54075	 0.53743	 0.53666	 0.54001	 0.54450	 0.54757	 0.54257	 0.52831	 0.50871	 0.48791	 0.46864	 0.45069	 0.43559	 0.42234	 0.41035	 0.39867
7 	 0.28375	 0.28316	 0.28644	 0.29593	 0.31311	 0.33494	 0.35473	 0.36969	 0.38156	 0.38991	 0.39250	 0.38672	 0.37646	 0.36625	 0.35820	 0.35240	 0.34820	 0.34470	 0.34074	 0.33739	 0.33697	 0.34129	 0.35053	 0.36447	 0.38117	 0.39799	 0.41408	 0.43081	 0.45430	 0.48867	 0.52930	 0.56906	 0.60075	 0.62047	 0.63117	 0.63639	 0.63804	 0.63616	 0.63161	 0.62530	 0.61838	 0.61096	 0.60439	 0.60045	 0.59720	 0.59410	 0.59093	 0.58768	 0.58279	 0.57594	 0.56737	 0.55961	 0.55133	 0.54331	 0.53679	 0.53100	 0.52801	 0.52800	 0.53165	 0.53633	 0.53929	 0.53444	 0.52117	 0.50225	 0.48227	 0.46367	 0.44654	 0.43107	 0.41800	 0.40601	 0.39510
12 	 0.28175	 0.28127	 0.28463	 0.29416	 0.31139	 0.33345	 0.35354	 0.36871	 0.38079	 0.38925	 0.39197	 0.38636	 0.37600	 0.36567	 0.35764	 0.35177	 0.34764	 0.34397	 0.34008	 0.33681	 0.33640	 0.34086	 0.35021	 0.36431	 0.38113	 0.39820	 0.41436	 0.43110	 0.45481	 0.48947	 0.52998	 0.56951	 0.60112	 0.62045	 0.63085	 0.63603	 0.63763	 0.63582	 0.63140	 0.62507	 0.61826	 0.61105	 0.60468	 0.60078	 0.59762	 0.59481	 0.59183	 0.58845	 0.58338	 0.57645	 0.56810	 0.56053	 0.55239	 0.54448	 0.53790	 0.53210	 0.52933	 0.52929	 0.53266	 0.53699	 0.53957	 0.53410	 0.52019	 0.50156	 0.48145	 0.46214	 0.44476	 0.42934	 0.41633	 0.40429	 0.39327
17 	 0.26263	 0.26219	 0.26545	 0.27475	 0.29183	 0.31365	 0.33349	 0.34856	 0.36069	 0.36919	 0.37187	 0.36639	 0.35629	 0.34619	 0.33806	 0.33216	 0.32809	 0.32445	 0.32058	 0.31734	 0.31695	 0.32136	 0.33053	 0.34440	 0.36097	 0.37794	 0.39393	 0.41055	 0.43413	 0.46875	 0.50929	 0.54883	 0.58038	 0.59964	 0.60997	 0.61509	 0.61660	 0.61483	 0.61040	 0.60412	 0.59736	 0.59025	 0.58402	 0.58013	 0.57708	 0.57433	 0.57141	 0.56804	 0.56297	 0.55615	 0.54789	 0.54038	 0.53230	 0.52456	 0.51810	 0.51248	 0.50990	 0.51001	 0.51362	 0.51805	 0.52029	 0.51444	 0.50048	 0.48205	 0.46185	 0.44326	 0.42567	 0.40974	 0.39628	 0.38432	 0.37335
22 	 0.26657	 0.26604	 0.26922	 0.27859	 0.29575	 0.31760	 0.33746	 0.35249	 0.36451	 0.37283	 0.37545	 0.36994	 0.35981	 0.34964	 0.34160	 0.33563	 0.33146	 0.32772	 0.32385	 0.32063	 0.32019	 0.32460	 0.33376	 0.34760	 0.36414	 0.38109	 0.39699	 0.41346	 0.43699	 0.47142	 0.51148	 0.55042	 0.58125	 0.59980	 0.60961	 0.61453	 0.61597	 0.61413	 0.60969	 0.60344	 0.59676	 0.58974	 0.58350	 0.57976	 0.57680	 0.57414	 0.57119	 0.56781	 0.56280	 0.55612	 0.54800	 0.54062	 0.53266	 0.52499	 0.51867	 0.51319	 0.51068	 0.51075	 0.51432	 0.51882	 0.52109	 0.51558	 0.50200	 0.48393	 0.46392	 0.44522	 0.42813	 0.41352	 0.40013	 0.38814	 0.37707
27 	 0.28426	 0.28371	 0.28703	 0.29652	 0.31378	 0.33587	 0.35594	 0.37112	 0.38326	 0.39180	 0.39450	 0.38884	 0.37837	 0.36803	 0.35980	 0.35382	 0.34965	 0.34587	 0.34198	 0.33875	 0.33826	 0.34269	 0.35210	 0.36627	 0.38312	 0.40030	 0.41657	 0.43328	 0.45706	 0.49195	 0.53276	 0.57260	 0.60434	 0.62368	 0.63402	 0.63923	 0.64087	 0.63903	 0.63455	 0.62826	 0.62146	 0.61434	 0.60808	 0.60414	 0.60098	 0.59827	 0.59528	 0.59190	 0.58687	 0.58000	 0.57170	 0.56408	 0.55589	 0.54795	 0.54134	 0.53569	 0.53301	 0.53303	 0.53665	 0.54122	 0.54378	 0.53828	 0.52457	 0.50545	 0.48490	 0.46610	 0.44864	 0.43266	 0.41931	 0.40741	 0.39598
32 	 0.26528	 0.26481	 0.26804	 0.27734	 0.29436	 0.31616	 0.33605	 0.35105	 0.36314	 0.37164	 0.37432	 0.36879	 0.35864	 0.34852	 0.34043	 0.33449	 0.33028	 0.32659	 0.32273	 0.31951	 0.31907	 0.32342	 0.33265	 0.34652	 0.36306	 0.37996	 0.39600	 0.41243	 0.43581	 0.47014	 0.51027	 0.54931	 0.58025	 0.59901	 0.60903	 0.61406	 0.61562	 0.61393	 0.60960	 0.60349	 0.59679	 0.58981	 0.58366	 0.57989	 0.57695	 0.57429	 0.57140	 0.56811	 0.56321	 0.55657	 0.54846	 0.54101	 0.53309	 0.52545	 0.51903	 0.51349	 0.51087	 0.51098	 0.51440	 0.51853	 0.52068	 0.51507	 0.50135	 0.48270	 0.46266	 0.44401	 0.42641	 0.41131	 0.39851	 0.38709	 0.37523
37 	 0.28279	 0.28230	 0.28573	 0.29546	 0.31309	 0.33550	 0.35581	 0.37106	 0.38325	 0.39179	 0.39453	 0.38892	 0.37850	 0.36813	 0.35994	 0.35394	 0.34979	 0.34603	 0.34212	 0.33896	 0.33857	 0.34310	 0.35260	 0.36691	 0.38389	 0.40120	 0.41755	 0.43437	 0.45825	 0.49325	 0.53401	 0.57374	 0.60521	 0.62413	 0.63409	 0.63902	 0.64055	 0.63864	 0.63408	 0.62776	 0.62095	 0.61379	 0.60749	 0.60364	 0.60051	 0.59777	 0.59480	 0.59143	 0.58642	 0.57958	 0.57130	 0.56370	 0.55552	 0.54772	 0.54113	 0.53549	 0.53278	 0.53288	 0.53653	 0.54108	 0.54340	 0.53768	 0.52368	 0.50455	 0.48377	 0.46488	 0.44763	 0.43190	 0.41848	 0.40642	 0.39564
42 	 0.28330	 0.28287	 0.28637	 0.29627	 0.31430	 0.33718	 0.35792	 0.37360	 0.38599	 0.39473	 0.39764	 0.39203	 0.38149	 0.37102	 0.36273	 0.35668	 0.35249	 0.34871	 0.34489	 0.34168	 0.34130	 0.34587	 0.35556	 0.37010	 0.38738	 0.40500	 0.42156	 0.43860	 0.46281	 0.49833	 0.53983	 0.58053	 0.61289	 0.63263	 0.64314	 0.64833	 0.64994	 0.64805	 0.64340	 0.63691	 0.62990	 0.62257	 0.61614	 0.61218	 0.60893	 0.60611	 0.60311	 0.59964	 0.59448	 0.58747	 0.57896	 0.57116	 0.56285	 0.55480	 0.54809	 0.54233	 0.53963	 0.53965	 0.54321	 0.54773	 0.54990	 0.54369	 0.52885	 0.50888	 0.48734	 0.46788	 0.44931	 0.43376	 0.41998	 0.40736	 0.39528
47 	 0	0	0	0	0	0	0	0	0	0	0	0	0	0	0	0	0	0	0	0	0	0	0	0	0	0	0	0	0	0	0	0	0	0	0	0	0	0	0	0	0	0	0	0	0	0	0	0	0	0	0	0	0	0	0	0	0	0	0	0	0	0	0	0	0	0	0	0	0	0	0
3 	 0.29955	 0.29837	 0.30087	 0.30871	 0.32251	 0.33964	 0.35601	 0.36958	 0.38120	 0.38906	 0.39069	 0.38469	 0.37469	 0.36498	 0.35691	 0.35070	 0.34600	 0.34215	 0.33767	 0.33345	 0.33167	 0.33412	 0.34115	 0.35276	 0.36788	 0.38428	 0.40049	 0.41596	 0.43581	 0.46481	 0.49987	 0.53643	 0.56773	 0.58837	 0.60017	 0.60624	 0.60811	 0.60765	 0.60497	 0.60057	 0.59556	 0.58961	 0.58355	 0.57991	 0.57739	 0.57521	 0.57276	 0.57010	 0.56582	 0.55980	 0.55178	 0.54434	 0.53631	 0.52888	 0.52325	 0.51833	 0.51565	 0.51609	 0.52112	 0.52778	 0.53365	 0.53239	 0.52263	 0.50795	 0.49133	 0.47646	 0.46348	 0.45091	 0.44015	 0.42994	 0.41993
8 	 0.30214	 0.30081	 0.30334	 0.31146	 0.32575	 0.34362	 0.36071	 0.37476	 0.38660	 0.39473	 0.39674	 0.39052	 0.38002	 0.36954	 0.36112	 0.35491	 0.35048	 0.34671	 0.34219	 0.33785	 0.33603	 0.33864	 0.34586	 0.35794	 0.37364	 0.39060	 0.40707	 0.42318	 0.44410	 0.47403	 0.50994	 0.54744	 0.57974	 0.60108	 0.61311	 0.61934	 0.62173	 0.62082	 0.61769	 0.61316	 0.60772	 0.60148	 0.59588	 0.59265	 0.59005	 0.58761	 0.58528	 0.58277	 0.57842	 0.57180	 0.56349	 0.55595	 0.54794	 0.54015	 0.53379	 0.52830	 0.52602	 0.52728	 0.53269	 0.53943	 0.54493	 0.54311	 0.53282	 0.51733	 0.50015	 0.48486	 0.47076	 0.45755	 0.44528	 0.43444	 0.42521
13 	 0.30869	 0.30739	 0.30997	 0.31834	 0.33314	 0.35181	 0.36954	 0.38410	 0.39633	 0.40477	 0.40701	 0.40082	 0.39007	 0.37943	 0.37086	 0.36454	 0.36009	 0.35603	 0.35151	 0.34716	 0.34525	 0.34795	 0.35522	 0.36759	 0.38367	 0.40112	 0.41779	 0.43391	 0.45507	 0.48525	 0.52108	 0.55852	 0.59089	 0.61189	 0.62359	 0.62952	 0.63181	 0.63084	 0.62770	 0.62300	 0.61752	 0.61135	 0.60583	 0.60261	 0.60006	 0.59787	 0.59560	 0.59291	 0.58835	 0.58172	 0.57348	 0.56598	 0.55788	 0.54996	 0.54344	 0.53787	 0.53561	 0.53670	 0.54181	 0.54847	 0.55374	 0.55142	 0.54108	 0.52549	 0.50762	 0.49190	 0.47720	 0.46403	 0.45211	 0.44146	 0.43106
18 	 0.28120	 0.27993	 0.28238	 0.29036	 0.30480	 0.32305	 0.34053	 0.35495	 0.36722	 0.37566	 0.37797	 0.37215	 0.36171	 0.35122	 0.34276	 0.33648	 0.33210	 0.32812	 0.32359	 0.31931	 0.31749	 0.32025	 0.32748	 0.33968	 0.35548	 0.37273	 0.38929	 0.40526	 0.42644	 0.45678	 0.49285	 0.53060	 0.56311	 0.58420	 0.59592	 0.60198	 0.60420	 0.60333	 0.60015	 0.59536	 0.58999	 0.58396	 0.57857	 0.57538	 0.57295	 0.57097	 0.56871	 0.56591	 0.56136	 0.55480	 0.54667	 0.53921	 0.53124	 0.52342	 0.51699	 0.51156	 0.50941	 0.51039	 0.51546	 0.52189	 0.52644	 0.52359	 0.51311	 0.49762	 0.47994	 0.46331	 0.44802	 0.43455	 0.42296	 0.41193	 0.40178
23 	 0.28289	 0.28160	 0.28395	 0.29182	 0.30597	 0.32400	 0.34103	 0.35507	 0.36713	 0.37531	 0.37752	 0.37170	 0.36132	 0.35103	 0.34265	 0.33632	 0.33193	 0.32794	 0.32349	 0.31923	 0.31740	 0.32003	 0.32707	 0.33908	 0.35462	 0.37161	 0.38789	 0.40359	 0.42445	 0.45434	 0.48985	 0.52706	 0.55914	 0.57993	 0.59142	 0.59739	 0.59958	 0.59871	 0.59554	 0.59084	 0.58555	 0.57955	 0.57410	 0.57088	 0.56849	 0.56649	 0.56424	 0.56156	 0.55701	 0.55057	 0.54255	 0.53517	 0.52725	 0.51962	 0.51335	 0.50795	 0.50588	 0.50701	 0.51223	 0.51873	 0.52353	 0.52099	 0.51062	 0.49523	 0.47831	 0.46249	 0.44833	 0.43478	 0.42319	 0.41222	 0.40208
28 	 0.30240	 0.30101	 0.30344	 0.31152	 0.32586	 0.34397	 0.36123	 0.37542	 0.38750	 0.39577	 0.39795	 0.39180	 0.38111	 0.37058	 0.36200	 0.35562	 0.35117	 0.34712	 0.34255	 0.33819	 0.33626	 0.33885	 0.34616	 0.35841	 0.37419	 0.39141	 0.40796	 0.42392	 0.44492	 0.47519	 0.51126	 0.54922	 0.58215	 0.60360	 0.61563	 0.62192	 0.62431	 0.62343	 0.62026	 0.61547	 0.60997	 0.60383	 0.59823	 0.59498	 0.59249	 0.59032	 0.58805	 0.58530	 0.58074	 0.57412	 0.56583	 0.55815	 0.54999	 0.54217	 0.53565	 0.53008	 0.52782	 0.52897	 0.53436	 0.54112	 0.54627	 0.54388	 0.53344	 0.51779	 0.50035	 0.48484	 0.46999	 0.45652	 0.44475	 0.43395	 0.42365
33 	 0.30317	 0.30189	 0.30454	 0.31298	 0.32790	 0.34683	 0.36487	 0.37971	 0.39230	 0.40106	 0.40344	 0.39731	 0.38649	 0.37568	 0.36698	 0.36056	 0.35610	 0.35211	 0.34755	 0.34319	 0.34134	 0.34420	 0.35185	 0.36457	 0.38099	 0.39888	 0.41606	 0.43252	 0.45416	 0.48532	 0.52250	 0.56161	 0.59539	 0.61738	 0.62967	 0.63601	 0.63841	 0.63750	 0.63433	 0.62954	 0.62394	 0.61769	 0.61206	 0.60880	 0.60628	 0.60412	 0.60181	 0.59907	 0.59447	 0.58769	 0.57925	 0.57148	 0.56316	 0.55506	 0.54824	 0.54253	 0.54027	 0.54135	 0.54670	 0.55349	 0.55823	 0.55513	 0.54355	 0.52668	 0.50761	 0.49072	 0.47491	 0.46095	 0.44828	 0.43701	 0.42629
38 	 0.30579	 0.30453	 0.30722	 0.31570	 0.33086	 0.35007	 0.36827	 0.38319	 0.39586	 0.40468	 0.40706	 0.40087	 0.38999	 0.37913	 0.37032	 0.36383	 0.35936	 0.35530	 0.35066	 0.34627	 0.34433	 0.34717	 0.35483	 0.36761	 0.38407	 0.40199	 0.41916	 0.43560	 0.45727	 0.48838	 0.52541	 0.56431	 0.59774	 0.61935	 0.63126	 0.63725	 0.63955	 0.63852	 0.63519	 0.63029	 0.62464	 0.61840	 0.61279	 0.60948	 0.60691	 0.60475	 0.60241	 0.59962	 0.59490	 0.58813	 0.57972	 0.57194	 0.56363	 0.55559	 0.54884	 0.54310	 0.54079	 0.54182	 0.54694	 0.55335	 0.55798	 0.55480	 0.54327	 0.52637	 0.50767	 0.49073	 0.47523	 0.46121	 0.44844	 0.43778	 0.42726
43 	 0.31341	 0.31214	 0.31497	 0.32376	 0.33921	 0.35883	 0.37747	 0.39271	 0.40551	 0.41453	 0.41705	 0.41083	 0.39979	 0.38885	 0.38000	 0.37348	 0.36902	 0.36504	 0.36039	 0.35601	 0.35419	 0.35713	 0.36498	 0.37795	 0.39465	 0.41280	 0.43018	 0.44680	 0.46868	 0.50003	 0.53725	 0.57621	 0.60974	 0.63142	 0.64340	 0.64948	 0.65183	 0.65081	 0.64747	 0.64251	 0.63682	 0.63058	 0.62504	 0.62178	 0.61921	 0.61705	 0.61477	 0.61197	 0.60731	 0.60059	 0.59216	 0.58436	 0.57604	 0.56794	 0.56115	 0.55545	 0.55314	 0.55414	 0.55931	 0.56587	 0.57059	 0.56729	 0.55515	 0.53786	 0.51875	 0.50105	 0.48519	 0.47077	 0.45793	 0.44670	 0.43628
48 	 0	0	0	0	0	0	0	0	0	0	0	0	0	0	0	0	0	0	0	0	0	0	0	0	0	0	0	0	0	0	0	0	0	0	0	0	0	0	0	0	0	0	0	0	0	0	0	0	0	0	0	0	0	0	0	0	0	0	0	0	0	0	0	0	0	0	0	0	0	0	0
4 	 0.34237	 0.34099	 0.34357	 0.35210	 0.36708	 0.38551	 0.40177	 0.41387	 0.42351	 0.42950	 0.42967	 0.42241	 0.41193	 0.40226	 0.39434	 0.38829	 0.38362	 0.37976	 0.37558	 0.37211	 0.37144	 0.37527	 0.38376	 0.39642	 0.41155	 0.42664	 0.44133	 0.45680	 0.47913	 0.51264	 0.55185	 0.58866	 0.61645	 0.63273	 0.64147	 0.64565	 0.64656	 0.64486	 0.64080	 0.63508	 0.62884	 0.62192	 0.61516	 0.61081	 0.60724	 0.60388	 0.60038	 0.59685	 0.59204	 0.58561	 0.57755	 0.57028	 0.56231	 0.55485	 0.54918	 0.54403	 0.54105	 0.54111	 0.54610	 0.55320	 0.56024	 0.56168	 0.55553	 0.54404	 0.53107	 0.51951	 0.50843	 0.49942	 0.48955	 0.48067	 0.47287
9 	 0	0	0	0	0	0	0	0	0	0	0	0	0	0	0	0	0	0	0	0	0	0	0	0	0	0	0	0	0	0	0	0	0	0	0	0	0	0	0	0	0	0	0	0	0	0	0	0	0	0	0	0	0	0	0	0	0	0	0	0	0	0	0	0	0	0	0	0	0	0	0
14 	 0.32165	 0.32036	 0.32316	 0.33199	 0.34792	 0.36803	 0.38598	 0.39948	 0.41025	 0.41716	 0.41821	 0.41122	 0.40024	 0.38993	 0.38173	 0.37571	 0.37144	 0.36753	 0.36349	 0.36012	 0.35960	 0.36395	 0.37295	 0.38654	 0.40279	 0.41938	 0.43491	 0.45140	 0.47543	 0.51090	 0.55183	 0.59068	 0.62068	 0.63824	 0.64749	 0.65220	 0.65361	 0.65176	 0.64744	 0.64145	 0.63491	 0.62783	 0.62156	 0.61752	 0.61410	 0.61092	 0.60762	 0.60406	 0.59887	 0.59198	 0.58367	 0.57622	 0.56822	 0.56046	 0.55390	 0.54819	 0.54573	 0.54637	 0.55115	 0.55782	 0.56357	 0.56258	 0.55379	 0.54018	 0.52446	 0.51023	 0.49821	 0.48555	 0.47427	 0.46408	 0.45368
19 	 0	0	0	0	0	0	0	0	0	0	0	0	0	0	0	0	0	0	0	0	0	0	0	0	0	0	0	0	0	0	0	0	0	0	0	0	0	0	0	0	0	0	0	0	0	0	0	0	0	0	0	0	0	0	0	0	0	0	0	0	0	0	0	0	0	0	0	0	0	0	0
24 	 0.31458	 0.31340	 0.31613	 0.32486	 0.34067	 0.36057	 0.37828	 0.39156	 0.40217	 0.40909	 0.41025	 0.40343	 0.39262	 0.38239	 0.37425	 0.36812	 0.36383	 0.35998	 0.35597	 0.35266	 0.35207	 0.35636	 0.36536	 0.37886	 0.39495	 0.41142	 0.42695	 0.44336	 0.46752	 0.50324	 0.54476	 0.58455	 0.61552	 0.63382	 0.64343	 0.64822	 0.64971	 0.64774	 0.64317	 0.63691	 0.63004	 0.62286	 0.61635	 0.61205	 0.60840	 0.60517	 0.60175	 0.59800	 0.59256	 0.58545	 0.57693	 0.56916	 0.56091	 0.55293	 0.54617	 0.54033	 0.53778	 0.53839	 0.54329	 0.54996	 0.55562	 0.55457	 0.54571	 0.53181	 0.51587	 0.50110	 0.48744	 0.47609	 0.46433	 0.45416	 0.44373
29 	 0.31411	 0.31305	 0.31611	 0.32549	 0.34265	 0.36434	 0.38392	 0.39886	 0.41076	 0.41865	 0.42025	 0.41335	 0.40208	 0.39139	 0.38302	 0.37684	 0.37252	 0.36879	 0.36488	 0.36161	 0.36120	 0.36595	 0.37572	 0.39030	 0.40766	 0.42532	 0.44204	 0.45948	 0.48455	 0.52140	 0.56399	 0.60459	 0.63597	 0.65452	 0.66435	 0.66937	 0.67114	 0.66944	 0.66518	 0.65920	 0.65262	 0.64562	 0.63938	 0.63543	 0.63204	 0.62898	 0.62579	 0.62222	 0.61707	 0.61007	 0.60162	 0.59397	 0.58574	 0.57772	 0.57089	 0.56506	 0.56242	 0.56295	 0.56769	 0.57385	 0.57833	 0.57533	 0.56391	 0.54736	 0.52882	 0.51188	 0.49627	 0.48268	 0.46954	 0.45775	 0.44700
34 	 0.31482	 0.31375	 0.31664	 0.32572	 0.34213	 0.36293	 0.38175	 0.39601	 0.40728	 0.41478	 0.41630	 0.40949	 0.39842	 0.38792	 0.37967	 0.37358	 0.36932	 0.36551	 0.36156	 0.35832	 0.35787	 0.36242	 0.37201	 0.38619	 0.40308	 0.42036	 0.43666	 0.45380	 0.47859	 0.51509	 0.55744	 0.59806	 0.62959	 0.64841	 0.65840	 0.66347	 0.66524	 0.66350	 0.65914	 0.65310	 0.64640	 0.63930	 0.63294	 0.62883	 0.62534	 0.62225	 0.61900	 0.61539	 0.61021	 0.60310	 0.59458	 0.58688	 0.57860	 0.57060	 0.56379	 0.55798	 0.55541	 0.55606	 0.56097	 0.56742	 0.57236	 0.56988	 0.55934	 0.54351	 0.52587	 0.50964	 0.49506	 0.48105	 0.46917	 0.45718	 0.44638
39 	 0.31513	 0.31415	 0.31721	 0.32678	 0.34409	 0.36601	 0.38573	 0.40071	 0.41269	 0.42059	 0.42224	 0.41534	 0.40406	 0.39328	 0.38490	 0.37873	 0.37446	 0.37069	 0.36675	 0.36351	 0.36319	 0.36794	 0.37787	 0.39264	 0.41021	 0.42807	 0.44488	 0.46250	 0.48786	 0.52512	 0.56828	 0.60947	 0.64147	 0.66048	 0.67056	 0.67568	 0.67743	 0.67562	 0.67125	 0.66526	 0.65855	 0.65139	 0.64504	 0.64097	 0.63746	 0.63431	 0.63106	 0.62746	 0.62219	 0.61508	 0.60650	 0.59869	 0.59028	 0.58213	 0.57518	 0.56923	 0.56667	 0.56738	 0.57227	 0.57876	 0.58334	 0.58021	 0.56856	 0.55166	 0.53272	 0.51515	 0.49888	 0.48567	 0.47220	 0.46089	 0.44969
44 	 0.32121	 0.32022	 0.32337	 0.33300	 0.35043	 0.37246	 0.39225	 0.40715	 0.41908	 0.42701	 0.42867	 0.42176	 0.41043	 0.39966	 0.39123	 0.38508	 0.38083	 0.37702	 0.37301	 0.36980	 0.36948	 0.37427	 0.38419	 0.39893	 0.41652	 0.43435	 0.45101	 0.46852	 0.49372	 0.53066	 0.57329	 0.61394	 0.64542	 0.66408	 0.67393	 0.67894	 0.68068	 0.67892	 0.67464	 0.66869	 0.66214	 0.65512	 0.64884	 0.64483	 0.64147	 0.63835	 0.63516	 0.63165	 0.62647	 0.61944	 0.61097	 0.60330	 0.59504	 0.58698	 0.58009	 0.57421	 0.57165	 0.57234	 0.57720	 0.58359	 0.58818	 0.58502	 0.57355	 0.55664	 0.53772	 0.52063	 0.50436	 0.49029	 0.47681	 0.46527	 0.45378
49 	 0	0	0	0	0	0	0	0	0	0	0	0	0	0	0	0	0	0	0	0	0	0	0	0	0	0	0	0	0	0	0	0	0	0	0	0	0	0	0	0	0	0	0	0	0	0	0	0	0	0	0	0	0	0	0	0	0	0	0	0	0	0	0	0	0	0	0	0	0	0	0
5 	 0.33112	 0.33104	 0.33588	 0.34891	 0.37193	 0.40064	 0.42740	 0.44878	 0.46595	 0.47750	 0.48062	 0.47317	 0.46032	 0.44749	 0.43734	 0.43039	 0.42582	 0.42229	 0.41786	 0.41393	 0.41326	 0.41832	 0.42956	 0.44670	 0.46774	 0.48910	 0.50927	 0.52864	 0.55353	 0.58808	 0.62679	 0.66204	 0.68784	 0.70212	 0.70930	 0.71284	 0.71432	 0.71325	 0.71062	 0.70697	 0.70273	 0.69775	 0.69313	 0.69077	 0.68867	 0.68644	 0.68416	 0.68196	 0.67853	 0.67337	 0.66653	 0.66050	 0.65363	 0.64690	 0.64149	 0.63647	 0.63390	 0.63433	 0.63813	 0.64170	 0.64177	 0.63237	 0.61300	 0.58829	 0.56190	 0.53778	 0.51588	 0.49772	 0.48093	 0.46721	 0.45375
10 	 0.32808	 0.32783	 0.33250	 0.34492	 0.36686	 0.39416	 0.41942	 0.43944	 0.45551	 0.46629	 0.46924	 0.46208	 0.44937	 0.43680	 0.42703	 0.42032	 0.41592	 0.41227	 0.40812	 0.40425	 0.40354	 0.40838	 0.41898	 0.43527	 0.45527	 0.47582	 0.49490	 0.51361	 0.53804	 0.57181	 0.60910	 0.64329	 0.66881	 0.68281	 0.68980	 0.69328	 0.69474	 0.69355	 0.69077	 0.68679	 0.68231	 0.67719	 0.67271	 0.67037	 0.66819	 0.66602	 0.66394	 0.66162	 0.65780	 0.65219	 0.64539	 0.63959	 0.63308	 0.62652	 0.62080	 0.61579	 0.61379	 0.61468	 0.61838	 0.62215	 0.62302	 0.61529	 0.59799	 0.57535	 0.55085	 0.52874	 0.50920	 0.49168	 0.47584	 0.46231	 0.45072
15 	 0.30943	 0.30933	 0.31386	 0.32617	 0.34839	 0.37614	 0.40207	 0.42292	 0.43969	 0.45094	 0.45412	 0.44703	 0.43427	 0.42152	 0.41164	 0.40478	 0.40037	 0.39660	 0.39242	 0.38861	 0.38789	 0.39292	 0.40373	 0.42027	 0.44068	 0.46182	 0.48130	 0.50032	 0.52521	 0.55960	 0.59761	 0.63224	 0.65807	 0.67217	 0.67915	 0.68282	 0.68429	 0.68320	 0.68056	 0.67678	 0.67246	 0.66764	 0.66332	 0.66098	 0.65896	 0.65706	 0.65508	 0.65275	 0.64893	 0.64348	 0.63684	 0.63109	 0.62462	 0.61801	 0.61235	 0.60746	 0.60553	 0.60619	 0.60978	 0.61302	 0.61283	 0.60376	 0.58513	 0.56124	 0.53608	 0.51308	 0.49251	 0.47443	 0.45816	 0.44390	 0.43158
20 	 0.31166	 0.31163	 0.31628	 0.32896	 0.35174	 0.38029	 0.40685	 0.42800	 0.44504	 0.45644	 0.45978	 0.45276	 0.43990	 0.42707	 0.41713	 0.41022	 0.40584	 0.40212	 0.39786	 0.39404	 0.39339	 0.39855	 0.40958	 0.42648	 0.44720	 0.46867	 0.48847	 0.50765	 0.53274	 0.56764	 0.60612	 0.64118	 0.66714	 0.68121	 0.68808	 0.69157	 0.69309	 0.69193	 0.68915	 0.68522	 0.68089	 0.67602	 0.67175	 0.66944	 0.66743	 0.66561	 0.66350	 0.66107	 0.65722	 0.65187	 0.64520	 0.63936	 0.63281	 0.62622	 0.62049	 0.61549	 0.61357	 0.61425	 0.61778	 0.62082	 0.62002	 0.60998	 0.59060	 0.56608	 0.53975	 0.51621	 0.49498	 0.47674	 0.46047	 0.44613	 0.43339
25 	 0.30701	 0.30688	 0.31133	 0.32346	 0.34522	 0.37254	 0.39782	 0.41794	 0.43422	 0.44511	 0.44816	 0.44134	 0.42889	 0.41643	 0.40672	 0.39987	 0.39553	 0.39185	 0.38766	 0.38386	 0.38315	 0.38812	 0.39869	 0.41493	 0.43491	 0.45557	 0.47461	 0.49320	 0.51771	 0.55168	 0.58895	 0.62301	 0.64820	 0.66169	 0.66825	 0.67163	 0.67302	 0.67192	 0.66926	 0.66539	 0.66112	 0.65643	 0.65219	 0.64987	 0.64787	 0.64601	 0.64399	 0.64163	 0.63773	 0.63235	 0.62584	 0.62023	 0.61388	 0.60751	 0.60200	 0.59721	 0.59554	 0.59638	 0.59990	 0.60325	 0.60323	 0.59464	 0.57662	 0.55349	 0.52900	 0.50696	 0.48677	 0.46859	 0.45311	 0.44021	 0.42830
30 	 0.33046	 0.33032	 0.33508	 0.34794	 0.37085	 0.39952	 0.42635	 0.44762	 0.46479	 0.47630	 0.47959	 0.47239	 0.45922	 0.44598	 0.43583	 0.42884	 0.42431	 0.42054	 0.41625	 0.41232	 0.41158	 0.41670	 0.42795	 0.44523	 0.46635	 0.48808	 0.50816	 0.52753	 0.55285	 0.58801	 0.62665	 0.66187	 0.68790	 0.70182	 0.70857	 0.71204	 0.71352	 0.71244	 0.70966	 0.70573	 0.70138	 0.69646	 0.69211	 0.68980	 0.68778	 0.68581	 0.68376	 0.68149	 0.67768	 0.67211	 0.66534	 0.65944	 0.65281	 0.64611	 0.64019	 0.63511	 0.63316	 0.63393	 0.63748	 0.64072	 0.64023	 0.63070	 0.61149	 0.58633	 0.56022	 0.53612	 0.51474	 0.49645	 0.47980	 0.46557	 0.45341
35 	 0.33391	 0.33384	 0.33882	 0.35216	 0.37594	 0.40582	 0.43359	 0.45559	 0.47318	 0.48508	 0.48851	 0.48119	 0.46778	 0.45436	 0.44398	 0.43681	 0.43230	 0.42855	 0.42417	 0.42026	 0.41964	 0.42504	 0.43668	 0.45442	 0.47611	 0.49844	 0.51901	 0.53873	 0.56435	 0.59984	 0.63870	 0.67390	 0.69980	 0.71360	 0.72025	 0.72362	 0.72507	 0.72396	 0.72116	 0.71727	 0.71287	 0.70802	 0.70376	 0.70153	 0.69948	 0.69756	 0.69553	 0.69320	 0.68938	 0.68394	 0.67726	 0.67139	 0.66478	 0.65810	 0.65220	 0.64706	 0.64505	 0.64578	 0.64922	 0.65223	 0.65153	 0.64127	 0.62123	 0.59548	 0.56806	 0.54338	 0.52099	 0.50213	 0.48526	 0.47062	 0.45756
40 	 0.33155	 0.33150	 0.33641	 0.34968	 0.37326	 0.40286	 0.43048	 0.45240	 0.47003	 0.48200	 0.48551	 0.47828	 0.46484	 0.45138	 0.44102	 0.43391	 0.42941	 0.42557	 0.42122	 0.41734	 0.41667	 0.42207	 0.43365	 0.45138	 0.47315	 0.49551	 0.51611	 0.53595	 0.56184	 0.59763	 0.63693	 0.67289	 0.69933	 0.71343	 0.72026	 0.72384	 0.72531	 0.72409	 0.72130	 0.71735	 0.71300	 0.70811	 0.70382	 0.70156	 0.69954	 0.69756	 0.69553	 0.69313	 0.68925	 0.68374	 0.67692	 0.67092	 0.66421	 0.65738	 0.65137	 0.64623	 0.64412	 0.64474	 0.64819	 0.65119	 0.65018	 0.63973	 0.61930	 0.59320	 0.56569	 0.54099	 0.51905	 0.49904	 0.48198	 0.46799	 0.45475
45 	 0.33205	 0.33195	 0.33682	 0.34996	 0.37333	 0.40251	 0.42968	 0.45121	 0.46846	 0.48006	 0.48343	 0.47620	 0.46298	 0.44983	 0.43956	 0.43249	 0.42801	 0.42423	 0.41990	 0.41605	 0.41540	 0.42063	 0.43206	 0.44953	 0.47083	 0.49279	 0.51305	 0.53239	 0.55779	 0.59305	 0.63168	 0.66684	 0.69278	 0.70660	 0.71330	 0.71669	 0.71810	 0.71683	 0.71391	 0.70998	 0.70561	 0.70070	 0.69640	 0.69415	 0.69216	 0.69023	 0.68817	 0.68582	 0.68198	 0.67641	 0.66967	 0.66379	 0.65713	 0.65048	 0.64459	 0.63954	 0.63759	 0.63827	 0.64197	 0.64538	 0.64496	 0.63529	 0.61566	 0.59065	 0.56436	 0.54066	 0.51897	 0.50008	 0.48346	 0.46910	 0.45660
50 	 0.30738	 0.30725	 0.31183	 0.32451	 0.34734	 0.37598	 0.40273	 0.42410	 0.44141	 0.45308	 0.45649	 0.44951	 0.43653	 0.42343	 0.41327	 0.40623	 0.40175	 0.39797	 0.39371	 0.38979	 0.38912	 0.39426	 0.40545	 0.42260	 0.44361	 0.46538	 0.48547	 0.50491	 0.53028	 0.56555	 0.60454	 0.64029	 0.66671	 0.68101	 0.68805	 0.69168	 0.69322	 0.69210	 0.68935	 0.68552	 0.68113	 0.67627	 0.67199	 0.66960	 0.66760	 0.66566	 0.66362	 0.66123	 0.65733	 0.65184	 0.64508	 0.63916	 0.63254	 0.62584	 0.61993	 0.61483	 0.61279	 0.61351	 0.61714	 0.62035	 0.61979	 0.61000	 0.59040	 0.56540	 0.53885	 0.51480	 0.49311	 0.47405	 0.45750	 0.44300	 0.42994
