1 	 0.36080	 0.36185	 0.36815	 0.38454	 0.41552	 0.45360	 0.49104	 0.52303	 0.55016	 0.56971	 0.57602	 0.56738	 0.54966	 0.53207	 0.51840	 0.50909	 0.50405	 0.49943	 0.49368	 0.48811	 0.48717	 0.49383	 0.50755	 0.53043	 0.56079	 0.59281	 0.62411	 0.65198	 0.68538	 0.73399	 0.79173	 0.84897	 0.89438	 0.92019	 0.93363	 0.94007	 0.94477	 0.94526	 0.94382	 0.94090	 0.93600	 0.93090	 0.92460	 0.92144	 0.91918	 0.91637	 0.91352	 0.91151	 0.90831	 0.89967	 0.88895	 0.88032	 0.87030	 0.86098	 0.85168	 0.84464	 0.83985	 0.83947	 0.84414	 0.84706	 0.83994	 0.81616	 0.77821	 0.73375	 0.68757	 0.64716	 0.60954	 0.57771	 0.55129	 0.52750	 0.50939
6 	 0.36160	 0.36204	 0.36850	 0.38584	 0.41606	 0.45408	 0.49229	 0.52492	 0.55148	 0.57077	 0.57757	 0.56842	 0.55071	 0.53346	 0.51965	 0.51000	 0.50521	 0.50024	 0.49451	 0.48917	 0.48887	 0.49536	 0.50890	 0.53275	 0.56358	 0.59613	 0.62735	 0.65573	 0.68952	 0.73774	 0.79551	 0.85263	 0.89641	 0.92211	 0.93562	 0.94243	 0.94692	 0.94749	 0.94430	 0.93982	 0.93637	 0.93182	 0.92625	 0.92338	 0.92023	 0.91682	 0.91435	 0.91318	 0.90924	 0.90057	 0.89071	 0.88132	 0.87188	 0.86237	 0.85299	 0.84418	 0.84000	 0.84024	 0.84476	 0.84790	 0.84088	 0.81748	 0.77974	 0.73445	 0.68869	 0.64820	 0.61064	 0.57820	 0.55215	 0.52946	 0.51042
11 	 0.36014	 0.36007	 0.36626	 0.38345	 0.41426	 0.45203	 0.48943	 0.52187	 0.54788	 0.56694	 0.57384	 0.56493	 0.54717	 0.53027	 0.51591	 0.50647	 0.50142	 0.49665	 0.49097	 0.48570	 0.48564	 0.49212	 0.50549	 0.52900	 0.55903	 0.59132	 0.62195	 0.65027	 0.68400	 0.73162	 0.78904	 0.84512	 0.88821	 0.91347	 0.92661	 0.93297	 0.93693	 0.93762	 0.93446	 0.93034	 0.92665	 0.92211	 0.91630	 0.91331	 0.91023	 0.90689	 0.90509	 0.90379	 0.90001	 0.89130	 0.88114	 0.87217	 0.86272	 0.85340	 0.84425	 0.83615	 0.83190	 0.83205	 0.83609	 0.84008	 0.83367	 0.81121	 0.77484	 0.72991	 0.68585	 0.64588	 0.60937	 0.57723	 0.55105	 0.52813	 0.50851
16 	 0.34231	 0.34223	 0.34834	 0.36543	 0.39619	 0.43415	 0.47174	 0.50439	 0.53073	 0.54994	 0.55672	 0.54779	 0.53005	 0.51303	 0.49865	 0.48907	 0.48392	 0.47923	 0.47335	 0.46802	 0.46797	 0.47445	 0.48801	 0.51170	 0.54195	 0.57467	 0.60563	 0.63438	 0.66851	 0.71663	 0.77474	 0.83164	 0.87554	 0.90155	 0.91492	 0.92131	 0.92526	 0.92614	 0.92289	 0.91890	 0.91505	 0.91062	 0.90455	 0.90143	 0.89843	 0.89496	 0.89333	 0.89203	 0.88798	 0.87926	 0.86878	 0.85977	 0.85009	 0.84043	 0.83119	 0.82318	 0.81900	 0.81910	 0.82307	 0.82698	 0.81995	 0.79612	 0.75880	 0.71399	 0.66833	 0.62848	 0.59168	 0.55992	 0.53440	 0.51133	 0.49216
21 	 0.34103	 0.34102	 0.34709	 0.36405	 0.39477	 0.43277	 0.47024	 0.50296	 0.52944	 0.54845	 0.55497	 0.54605	 0.52841	 0.51125	 0.49679	 0.48710	 0.48190	 0.47717	 0.47134	 0.46598	 0.46592	 0.47232	 0.48601	 0.50979	 0.54011	 0.57308	 0.60423	 0.63332	 0.66750	 0.71581	 0.77383	 0.83018	 0.87336	 0.89866	 0.91164	 0.91779	 0.92175	 0.92259	 0.91936	 0.91535	 0.91154	 0.90723	 0.90130	 0.89828	 0.89527	 0.89177	 0.89026	 0.88889	 0.88481	 0.87619	 0.86583	 0.85689	 0.84735	 0.83790	 0.82893	 0.82122	 0.81712	 0.81744	 0.82167	 0.82585	 0.81896	 0.79545	 0.75802	 0.71359	 0.66857	 0.62914	 0.59235	 0.56046	 0.53443	 0.51162	 0.49309
26 	 0.36630	 0.36643	 0.37277	 0.39037	 0.42215	 0.46120	 0.49989	 0.53363	 0.56077	 0.58067	 0.58797	 0.57895	 0.56087	 0.54314	 0.52855	 0.51857	 0.51319	 0.50849	 0.50259	 0.49715	 0.49682	 0.50352	 0.51771	 0.54171	 0.57248	 0.60615	 0.63799	 0.66765	 0.70255	 0.75155	 0.81067	 0.86887	 0.91448	 0.94144	 0.95533	 0.96197	 0.96622	 0.96726	 0.96396	 0.96002	 0.95610	 0.95195	 0.94579	 0.94262	 0.93933	 0.93568	 0.93415	 0.93285	 0.92859	 0.91988	 0.90900	 0.89980	 0.88991	 0.88001	 0.87038	 0.86232	 0.85787	 0.85782	 0.86136	 0.86530	 0.85810	 0.83346	 0.79443	 0.74747	 0.70078	 0.65951	 0.62113	 0.58767	 0.56104	 0.53751	 0.51774
31 	 0.36542	 0.36536	 0.37139	 0.38846	 0.41952	 0.45814	 0.49665	 0.53015	 0.55721	 0.57689	 0.58411	 0.57504	 0.55681	 0.53906	 0.52429	 0.51418	 0.50872	 0.50386	 0.49785	 0.49235	 0.49207	 0.49868	 0.51306	 0.53729	 0.56849	 0.60236	 0.63426	 0.66426	 0.69936	 0.74873	 0.80819	 0.86652	 0.91182	 0.93846	 0.95206	 0.95856	 0.96274	 0.96367	 0.96021	 0.95619	 0.95221	 0.94780	 0.94161	 0.93849	 0.93515	 0.93147	 0.92988	 0.92864	 0.92444	 0.91555	 0.90466	 0.89536	 0.88548	 0.87565	 0.86609	 0.85804	 0.85368	 0.85375	 0.85753	 0.86195	 0.85524	 0.83145	 0.79340	 0.74747	 0.70212	 0.66117	 0.62353	 0.59092	 0.56385	 0.53997	 0.52077
36 	 0.36307	 0.36312	 0.36922	 0.38637	 0.41775	 0.45662	 0.49530	 0.52893	 0.55594	 0.57575	 0.58296	 0.57389	 0.55559	 0.53777	 0.52305	 0.51291	 0.50743	 0.50252	 0.49658	 0.49106	 0.49080	 0.49755	 0.51196	 0.53646	 0.56779	 0.60185	 0.63396	 0.66376	 0.69901	 0.74844	 0.80785	 0.86577	 0.91036	 0.93644	 0.94961	 0.95579	 0.95980	 0.96079	 0.95730	 0.95332	 0.94935	 0.94514	 0.93898	 0.93589	 0.93248	 0.92861	 0.92723	 0.92604	 0.92175	 0.91311	 0.90214	 0.89303	 0.88327	 0.87346	 0.86406	 0.85605	 0.85168	 0.85161	 0.85537	 0.85922	 0.85221	 0.82803	 0.78993	 0.74395	 0.69775	 0.65723	 0.61983	 0.58702	 0.56085	 0.53688	 0.51768
41 	 0.36833	 0.36837	 0.37441	 0.39170	 0.42311	 0.46227	 0.50111	 0.53504	 0.56233	 0.58238	 0.58974	 0.58061	 0.56215	 0.54405	 0.52921	 0.51899	 0.51341	 0.50854	 0.50252	 0.49698	 0.49667	 0.50349	 0.51811	 0.54277	 0.57445	 0.60891	 0.64151	 0.67185	 0.70767	 0.75798	 0.81882	 0.87852	 0.92484	 0.95216	 0.96610	 0.97259	 0.97674	 0.97791	 0.97442	 0.97036	 0.96639	 0.96213	 0.95577	 0.95256	 0.94912	 0.94527	 0.94372	 0.94243	 0.93799	 0.92895	 0.91785	 0.90837	 0.89820	 0.88805	 0.87816	 0.87001	 0.86556	 0.86561	 0.86949	 0.87388	 0.86693	 0.84248	 0.80311	 0.75658	 0.70954	 0.66755	 0.62912	 0.59597	 0.56881	 0.54457	 0.52566
46 	 0.36790	 0.36787	 0.37404	 0.39140	 0.42303	 0.46218	 0.50099	 0.53488	 0.56212	 0.58204	 0.58938	 0.58022	 0.56173	 0.54367	 0.52882	 0.51852	 0.51292	 0.50805	 0.50213	 0.49655	 0.49627	 0.50311	 0.51765	 0.54223	 0.57382	 0.60805	 0.64048	 0.67079	 0.70655	 0.75658	 0.81674	 0.87561	 0.92113	 0.94788	 0.96152	 0.96779	 0.97189	 0.97288	 0.96942	 0.96538	 0.96146	 0.95719	 0.95091	 0.94786	 0.94450	 0.94055	 0.93896	 0.93761	 0.93320	 0.92422	 0.91325	 0.90397	 0.89400	 0.88387	 0.87419	 0.86619	 0.86189	 0.86193	 0.86587	 0.87007	 0.86326	 0.83907	 0.79987	 0.75374	 0.70677	 0.66579	 0.62764	 0.59431	 0.56758	 0.54322	 0.52384
2 	 0.28229	 0.28173	 0.28434	 0.29250	 0.30916	 0.33099	 0.35156	 0.36759	 0.38041	 0.38944	 0.39312	 0.38737	 0.37697	 0.36732	 0.35853	 0.35225	 0.34881	 0.34470	 0.34042	 0.33747	 0.33766	 0.34123	 0.34904	 0.36283	 0.37983	 0.39664	 0.41376	 0.43077	 0.45322	 0.48834	 0.52958	 0.56882	 0.60013	 0.61979	 0.63044	 0.63588	 0.63829	 0.63629	 0.63191	 0.62636	 0.61888	 0.61093	 0.60449	 0.60067	 0.59875	 0.59523	 0.59198	 0.58841	 0.58415	 0.57764	 0.56892	 0.56203	 0.55347	 0.54508	 0.53896	 0.53451	 0.53185	 0.53143	 0.53465	 0.53982	 0.54342	 0.53865	 0.52530	 0.50783	 0.48741	 0.46882	 0.45069	 0.43375	 0.41950	 0.40643	 0.39623
7 	 0.27968	 0.27889	 0.28168	 0.29034	 0.30664	 0.32765	 0.34789	 0.36368	 0.37598	 0.38488	 0.38832	 0.38278	 0.37235	 0.36310	 0.35437	 0.34790	 0.34461	 0.34061	 0.33610	 0.33270	 0.33303	 0.33717	 0.34496	 0.35890	 0.37553	 0.39230	 0.40891	 0.42549	 0.44884	 0.48358	 0.52430	 0.56357	 0.59460	 0.61420	 0.62540	 0.63089	 0.63301	 0.63141	 0.62605	 0.61932	 0.61227	 0.60486	 0.59841	 0.59447	 0.59138	 0.58791	 0.58510	 0.58283	 0.57871	 0.57098	 0.56220	 0.55481	 0.54679	 0.53915	 0.53270	 0.52685	 0.52362	 0.52336	 0.52696	 0.53235	 0.53581	 0.53183	 0.51982	 0.50227	 0.48293	 0.46423	 0.44642	 0.42996	 0.41595	 0.40310	 0.39281
12 	 0.27738	 0.27618	 0.27883	 0.28762	 0.30442	 0.32571	 0.34560	 0.36153	 0.37374	 0.38280	 0.38634	 0.38084	 0.37048	 0.36143	 0.35227	 0.34597	 0.34248	 0.33877	 0.33419	 0.33087	 0.33145	 0.33560	 0.34335	 0.35717	 0.37330	 0.39017	 0.40662	 0.42350	 0.44696	 0.48128	 0.52155	 0.55973	 0.58989	 0.60898	 0.61961	 0.62458	 0.62627	 0.62489	 0.61982	 0.61353	 0.60652	 0.59940	 0.59276	 0.58886	 0.58597	 0.58253	 0.58051	 0.57820	 0.57418	 0.56657	 0.55770	 0.55080	 0.54278	 0.53540	 0.52915	 0.52384	 0.52064	 0.52009	 0.52297	 0.52824	 0.53137	 0.52733	 0.51542	 0.49734	 0.47809	 0.46027	 0.44219	 0.42710	 0.41242	 0.40004	 0.38951
17 	 0.26484	 0.26370	 0.26630	 0.27507	 0.29184	 0.31301	 0.33264	 0.34843	 0.36051	 0.36954	 0.37284	 0.36749	 0.35724	 0.34815	 0.33903	 0.33265	 0.32900	 0.32531	 0.32072	 0.31726	 0.31777	 0.32181	 0.32958	 0.34320	 0.35908	 0.37584	 0.39213	 0.40912	 0.43240	 0.46672	 0.50688	 0.54496	 0.57513	 0.59419	 0.60471	 0.60963	 0.61120	 0.60994	 0.60478	 0.59866	 0.59149	 0.58439	 0.57773	 0.57385	 0.57104	 0.56752	 0.56568	 0.56332	 0.55916	 0.55170	 0.54269	 0.53597	 0.52800	 0.52053	 0.51444	 0.50934	 0.50622	 0.50581	 0.50869	 0.51418	 0.51740	 0.51304	 0.50087	 0.48310	 0.46463	 0.44721	 0.42958	 0.41370	 0.40012	 0.38755	 0.37772
22 	 0.26560	 0.26441	 0.26705	 0.27580	 0.29288	 0.31414	 0.33386	 0.34969	 0.36182	 0.37071	 0.37405	 0.36872	 0.35854	 0.34938	 0.34033	 0.33386	 0.33024	 0.32652	 0.32190	 0.31845	 0.31894	 0.32292	 0.33081	 0.34456	 0.36040	 0.37721	 0.39352	 0.41054	 0.43381	 0.46797	 0.50775	 0.54535	 0.57495	 0.59366	 0.60382	 0.60842	 0.60997	 0.60856	 0.60340	 0.59743	 0.59035	 0.58334	 0.57678	 0.57290	 0.57012	 0.56665	 0.56483	 0.56244	 0.55838	 0.55105	 0.54203	 0.53543	 0.52760	 0.52015	 0.51411	 0.50924	 0.50626	 0.50589	 0.50856	 0.51410	 0.51728	 0.51305	 0.50081	 0.48333	 0.46445	 0.44691	 0.42943	 0.41376	 0.40076	 0.38785	 0.37720
27 	 0.28067	 0.27961	 0.28230	 0.29137	 0.30866	 0.33053	 0.35076	 0.36710	 0.37958	 0.38878	 0.39247	 0.38712	 0.37674	 0.36739	 0.35819	 0.35154	 0.34772	 0.34396	 0.33941	 0.33590	 0.33625	 0.34047	 0.34877	 0.36272	 0.37889	 0.39618	 0.41290	 0.43035	 0.45421	 0.48890	 0.52935	 0.56764	 0.59819	 0.61756	 0.62806	 0.63293	 0.63458	 0.63345	 0.62822	 0.62222	 0.61513	 0.60831	 0.60161	 0.59775	 0.59477	 0.59109	 0.58936	 0.58716	 0.58290	 0.57543	 0.56628	 0.55959	 0.55152	 0.54380	 0.53746	 0.53249	 0.52921	 0.52874	 0.53144	 0.53701	 0.54035	 0.53578	 0.52298	 0.50462	 0.48470	 0.46629	 0.44795	 0.43197	 0.41723	 0.40457	 0.39390
32 	 0.26789	 0.26686	 0.26946	 0.27814	 0.29513	 0.31638	 0.33615	 0.35201	 0.36416	 0.37313	 0.37655	 0.37128	 0.36113	 0.35182	 0.34278	 0.33628	 0.33260	 0.32880	 0.32420	 0.32070	 0.32110	 0.32513	 0.33307	 0.34662	 0.36242	 0.37929	 0.39573	 0.41279	 0.43616	 0.47031	 0.51017	 0.54799	 0.57803	 0.59707	 0.60746	 0.61223	 0.61376	 0.61269	 0.60753	 0.60164	 0.59460	 0.58777	 0.58120	 0.57736	 0.57452	 0.57091	 0.56928	 0.56702	 0.56273	 0.55533	 0.54632	 0.53981	 0.53186	 0.52419	 0.51802	 0.51316	 0.50994	 0.50946	 0.51208	 0.51753	 0.52062	 0.51627	 0.50394	 0.48664	 0.46741	 0.45002	 0.43251	 0.41728	 0.40289	 0.39082	 0.38051
37 	 0.28257	 0.28153	 0.28429	 0.29333	 0.31073	 0.33248	 0.35264	 0.36886	 0.38119	 0.39030	 0.39404	 0.38879	 0.37842	 0.36902	 0.35997	 0.35331	 0.34952	 0.34581	 0.34124	 0.33779	 0.33822	 0.34245	 0.35078	 0.36456	 0.38078	 0.39797	 0.41464	 0.43211	 0.45598	 0.49066	 0.53122	 0.56954	 0.59997	 0.61919	 0.62955	 0.63421	 0.63574	 0.63456	 0.62918	 0.62314	 0.61598	 0.60913	 0.60235	 0.59851	 0.59554	 0.59170	 0.58994	 0.58770	 0.58338	 0.57588	 0.56660	 0.55991	 0.55187	 0.54430	 0.53789	 0.53304	 0.52998	 0.52951	 0.53207	 0.53774	 0.54122	 0.53681	 0.52428	 0.50565	 0.48589	 0.46758	 0.44958	 0.43368	 0.41850	 0.40560	 0.39494
42 	 0.28455	 0.28357	 0.28645	 0.29575	 0.31364	 0.33578	 0.35646	 0.37293	 0.38542	 0.39480	 0.39863	 0.39340	 0.38296	 0.37336	 0.36426	 0.35753	 0.35376	 0.34994	 0.34541	 0.34202	 0.34246	 0.34674	 0.35524	 0.36932	 0.38575	 0.40322	 0.42008	 0.43773	 0.46178	 0.49671	 0.53749	 0.57623	 0.60712	 0.62672	 0.63732	 0.64207	 0.64361	 0.64238	 0.63704	 0.63093	 0.62364	 0.61669	 0.60988	 0.60596	 0.60296	 0.59912	 0.59737	 0.59507	 0.59068	 0.58316	 0.57377	 0.56703	 0.55897	 0.55123	 0.54488	 0.53995	 0.53679	 0.53631	 0.53903	 0.54481	 0.54819	 0.54356	 0.53031	 0.51140	 0.49093	 0.47225	 0.45340	 0.43691	 0.42275	 0.40936	 0.39782
47 	 0	0	0	0	0	0	0	0	0	0	0	0	0	0	0	0	0	0	0	0	0	0	0	0	0	0	0	0	0	0	0	0	0	0	0	0	0	0	0	0	0	0	0	0	0	0	0	0	0	0	0	0	0	0	0	0	0	0	0	0	0	0	0	0	0	0	0	0	0	0	0
3 	 0.29270	 0.29107	 0.29266	 0.29906	 0.31126	 0.32832	 0.34611	 0.36110	 0.37314	 0.38099	 0.38333	 0.37825	 0.36822	 0.35847	 0.35006	 0.34365	 0.33947	 0.33544	 0.33093	 0.32695	 0.32524	 0.32679	 0.33282	 0.34426	 0.35972	 0.37580	 0.39222	 0.40783	 0.42695	 0.45542	 0.48960	 0.52516	 0.55664	 0.57759	 0.58891	 0.59466	 0.59699	 0.59611	 0.59402	 0.59045	 0.58441	 0.57729	 0.57204	 0.56881	 0.56718	 0.56469	 0.56211	 0.55968	 0.55587	 0.54994	 0.54165	 0.53537	 0.52776	 0.51980	 0.51429	 0.50954	 0.50753	 0.50822	 0.51313	 0.52047	 0.52676	 0.52631	 0.51794	 0.50565	 0.48939	 0.47471	 0.45980	 0.44611	 0.43401	 0.42272	 0.41296
8 	 0.29910	 0.29746	 0.29933	 0.30658	 0.32001	 0.33759	 0.35593	 0.37162	 0.38417	 0.39294	 0.39589	 0.38997	 0.37939	 0.36989	 0.36064	 0.35373	 0.35023	 0.34608	 0.34096	 0.33637	 0.33534	 0.33776	 0.34370	 0.35601	 0.37189	 0.38913	 0.40612	 0.42212	 0.44263	 0.47272	 0.50864	 0.54541	 0.57699	 0.59804	 0.61032	 0.61654	 0.61934	 0.61868	 0.61486	 0.60997	 0.60446	 0.59834	 0.59279	 0.58964	 0.58729	 0.58458	 0.58270	 0.58113	 0.57768	 0.57030	 0.56180	 0.55477	 0.54710	 0.53965	 0.53346	 0.52804	 0.52567	 0.52666	 0.53204	 0.53965	 0.54573	 0.54520	 0.53679	 0.52267	 0.50560	 0.48968	 0.47352	 0.45941	 0.44583	 0.43353	 0.42322
13 	 0.30223	 0.30022	 0.30197	 0.30924	 0.32316	 0.34095	 0.35898	 0.37466	 0.38718	 0.39613	 0.39907	 0.39320	 0.38265	 0.37313	 0.36350	 0.35671	 0.35290	 0.34878	 0.34354	 0.33894	 0.33790	 0.34021	 0.34605	 0.35825	 0.37357	 0.39079	 0.40758	 0.42393	 0.44433	 0.47390	 0.50937	 0.54527	 0.57636	 0.59697	 0.60870	 0.61440	 0.61665	 0.61623	 0.61244	 0.60781	 0.60212	 0.59607	 0.59029	 0.58708	 0.58491	 0.58204	 0.58088	 0.57926	 0.57577	 0.56846	 0.55972	 0.55295	 0.54514	 0.53782	 0.53168	 0.52681	 0.52433	 0.52505	 0.52982	 0.53765	 0.54389	 0.54368	 0.53592	 0.52142	 0.50539	 0.49016	 0.47423	 0.45958	 0.44721	 0.43540	 0.42489
18 	 0.27600	 0.27424	 0.27594	 0.28294	 0.29656	 0.31382	 0.33142	 0.34684	 0.35914	 0.36781	 0.37076	 0.36505	 0.35474	 0.34548	 0.33607	 0.32936	 0.32566	 0.32174	 0.31650	 0.31196	 0.31103	 0.31326	 0.31901	 0.33093	 0.34601	 0.36304	 0.37970	 0.39590	 0.41637	 0.44602	 0.48158	 0.51779	 0.54885	 0.56968	 0.58141	 0.58714	 0.58930	 0.58892	 0.58512	 0.58061	 0.57486	 0.56875	 0.56290	 0.55973	 0.55758	 0.55471	 0.55366	 0.55201	 0.54836	 0.54116	 0.53233	 0.52559	 0.51773	 0.51033	 0.50425	 0.49948	 0.49705	 0.49776	 0.50235	 0.50998	 0.51557	 0.51462	 0.50616	 0.49163	 0.47578	 0.46037	 0.44522	 0.43152	 0.41897	 0.40710	 0.39733
23 	 0.28318	 0.28121	 0.28288	 0.28977	 0.30321	 0.32038	 0.33779	 0.35299	 0.36501	 0.37375	 0.37650	 0.37091	 0.36065	 0.35121	 0.34184	 0.33511	 0.33129	 0.32733	 0.32201	 0.31745	 0.31636	 0.31857	 0.32430	 0.33606	 0.35084	 0.36777	 0.38442	 0.40051	 0.42096	 0.45036	 0.48561	 0.52148	 0.55278	 0.57378	 0.58566	 0.59131	 0.59357	 0.59323	 0.58940	 0.58496	 0.57917	 0.57314	 0.56735	 0.56412	 0.56189	 0.55910	 0.55808	 0.55641	 0.55275	 0.54561	 0.53666	 0.53005	 0.52223	 0.51484	 0.50879	 0.50412	 0.50173	 0.50257	 0.50720	 0.51509	 0.52117	 0.52042	 0.51229	 0.49856	 0.48255	 0.46748	 0.45226	 0.43892	 0.42635	 0.41543	 0.40496
28 	 0.29686	 0.29494	 0.29662	 0.30388	 0.31781	 0.33572	 0.35377	 0.36965	 0.38224	 0.39120	 0.39441	 0.38876	 0.37821	 0.36843	 0.35894	 0.35193	 0.34789	 0.34382	 0.33853	 0.33392	 0.33275	 0.33508	 0.34132	 0.35330	 0.36869	 0.38624	 0.40332	 0.42005	 0.44100	 0.47097	 0.50704	 0.54391	 0.57633	 0.59814	 0.61044	 0.61633	 0.61879	 0.61858	 0.61475	 0.61029	 0.60451	 0.59851	 0.59262	 0.58935	 0.58704	 0.58400	 0.58297	 0.58140	 0.57760	 0.57035	 0.56115	 0.55435	 0.54629	 0.53856	 0.53216	 0.52734	 0.52470	 0.52539	 0.52994	 0.53794	 0.54397	 0.54298	 0.53429	 0.51903	 0.50194	 0.48642	 0.47011	 0.45548	 0.44286	 0.43041	 0.42010
33 	 0.30047	 0.29865	 0.30059	 0.30825	 0.32324	 0.34202	 0.36111	 0.37793	 0.39127	 0.40093	 0.40441	 0.39863	 0.38779	 0.37765	 0.36797	 0.36084	 0.35683	 0.35277	 0.34740	 0.34279	 0.34171	 0.34426	 0.35101	 0.36368	 0.37995	 0.39841	 0.41638	 0.43390	 0.45564	 0.48679	 0.52432	 0.56278	 0.59663	 0.61932	 0.63203	 0.63810	 0.64064	 0.64035	 0.63638	 0.63178	 0.62589	 0.61987	 0.61384	 0.61055	 0.60812	 0.60506	 0.60405	 0.60243	 0.59858	 0.59103	 0.58163	 0.57451	 0.56623	 0.55829	 0.55174	 0.54670	 0.54395	 0.54455	 0.54921	 0.55729	 0.56312	 0.56087	 0.55076	 0.53389	 0.51525	 0.49756	 0.47986	 0.46450	 0.45048	 0.43756	 0.42636
38 	 0.31038	 0.30844	 0.31045	 0.31789	 0.33275	 0.35127	 0.37012	 0.38649	 0.39948	 0.40885	 0.41222	 0.40645	 0.39562	 0.38548	 0.37580	 0.36860	 0.36438	 0.36029	 0.35485	 0.35013	 0.34897	 0.35142	 0.35793	 0.37022	 0.38617	 0.40418	 0.42165	 0.43879	 0.46001	 0.49045	 0.52703	 0.56438	 0.59706	 0.61878	 0.63087	 0.63646	 0.63870	 0.63838	 0.63439	 0.62978	 0.62390	 0.61802	 0.61202	 0.60873	 0.60629	 0.60316	 0.60211	 0.60054	 0.59661	 0.58920	 0.57999	 0.57313	 0.56506	 0.55720	 0.55080	 0.54583	 0.54314	 0.54371	 0.54814	 0.55608	 0.56214	 0.56093	 0.55141	 0.53584	 0.51825	 0.50168	 0.48520	 0.46994	 0.45657	 0.44399	 0.43373
43 	 0.30996	 0.30822	 0.31016	 0.31782	 0.33269	 0.35150	 0.37055	 0.38708	 0.40012	 0.40950	 0.41307	 0.40743	 0.39663	 0.38662	 0.37696	 0.36972	 0.36561	 0.36146	 0.35615	 0.35146	 0.35034	 0.35290	 0.35947	 0.37193	 0.38795	 0.40609	 0.42370	 0.44088	 0.46235	 0.49296	 0.52978	 0.56732	 0.60020	 0.62213	 0.63432	 0.64005	 0.64224	 0.64197	 0.63791	 0.63329	 0.62727	 0.62134	 0.61531	 0.61210	 0.60965	 0.60656	 0.60546	 0.60383	 0.59991	 0.59253	 0.58318	 0.57628	 0.56817	 0.56036	 0.55393	 0.54903	 0.54637	 0.54701	 0.55143	 0.55968	 0.56578	 0.56433	 0.55457	 0.53844	 0.52068	 0.50354	 0.48670	 0.47189	 0.45749	 0.44485	 0.43369
48 	 0.30470	 0.30285	 0.30477	 0.31253	 0.32733	 0.34612	 0.36488	 0.38130	 0.39424	 0.40367	 0.40721	 0.40162	 0.39081	 0.38068	 0.37095	 0.36358	 0.35941	 0.35521	 0.34989	 0.34523	 0.34393	 0.34656	 0.35332	 0.36573	 0.38176	 0.39994	 0.41767	 0.43491	 0.45651	 0.48743	 0.52443	 0.56207	 0.59496	 0.61674	 0.62857	 0.63390	 0.63605	 0.63552	 0.63134	 0.62668	 0.62053	 0.61469	 0.60858	 0.60527	 0.60289	 0.59950	 0.59848	 0.59668	 0.59266	 0.58554	 0.57613	 0.56931	 0.56120	 0.55324	 0.54663	 0.54175	 0.53919	 0.53985	 0.54455	 0.55298	 0.55944	 0.55841	 0.54908	 0.53366	 0.51572	 0.49896	 0.48236	 0.46735	 0.45380	 0.44091	 0.43038
4 	 0.33098	 0.32934	 0.33111	 0.33828	 0.35232	 0.37112	 0.38919	 0.40357	 0.41445	 0.42118	 0.42262	 0.41637	 0.40602	 0.39620	 0.38797	 0.38139	 0.37677	 0.37277	 0.36856	 0.36539	 0.36492	 0.36811	 0.37606	 0.38893	 0.40484	 0.42027	 0.43581	 0.45206	 0.47472	 0.50869	 0.54768	 0.58420	 0.61275	 0.62998	 0.63878	 0.64298	 0.64441	 0.64288	 0.63940	 0.63431	 0.62725	 0.61941	 0.61351	 0.60933	 0.60605	 0.60250	 0.59917	 0.59611	 0.59167	 0.58514	 0.57695	 0.57067	 0.56302	 0.55522	 0.54960	 0.54439	 0.54186	 0.54218	 0.54685	 0.55444	 0.56260	 0.56497	 0.56008	 0.55006	 0.53644	 0.52299	 0.50964	 0.49668	 0.48499	 0.47325	 0.46394
9 	 0	0	0	0	0	0	0	0	0	0	0	0	0	0	0	0	0	0	0	0	0	0	0	0	0	0	0	0	0	0	0	0	0	0	0	0	0	0	0	0	0	0	0	0	0	0	0	0	0	0	0	0	0	0	0	0	0	0	0	0	0	0	0	0	0	0	0	0	0	0	0
14 	 0.32051	 0.31849	 0.32056	 0.32855	 0.34420	 0.36371	 0.38210	 0.39704	 0.40831	 0.41611	 0.41837	 0.41182	 0.40103	 0.39180	 0.38252	 0.37583	 0.37192	 0.36790	 0.36326	 0.35975	 0.36010	 0.36413	 0.37189	 0.38543	 0.40112	 0.41765	 0.43371	 0.45085	 0.47483	 0.51001	 0.55069	 0.58813	 0.61682	 0.63450	 0.64420	 0.64871	 0.65044	 0.64912	 0.64405	 0.63812	 0.63132	 0.62435	 0.61768	 0.61363	 0.61037	 0.60655	 0.60431	 0.60183	 0.59774	 0.59012	 0.58112	 0.57437	 0.56666	 0.55928	 0.55318	 0.54801	 0.54516	 0.54540	 0.54979	 0.55782	 0.56498	 0.56632	 0.56044	 0.54785	 0.53274	 0.51842	 0.50326	 0.48924	 0.47720	 0.46403	 0.45354
19 	 0	0	0	0	0	0	0	0	0	0	0	0	0	0	0	0	0	0	0	0	0	0	0	0	0	0	0	0	0	0	0	0	0	0	0	0	0	0	0	0	0	0	0	0	0	0	0	0	0	0	0	0	0	0	0	0	0	0	0	0	0	0	0	0	0	0	0	0	0	0	0
24 	 0.31703	 0.31521	 0.31722	 0.32516	 0.34090	 0.36033	 0.37842	 0.39317	 0.40432	 0.41204	 0.41438	 0.40801	 0.39732	 0.38801	 0.37883	 0.37200	 0.36803	 0.36404	 0.35936	 0.35583	 0.35617	 0.36013	 0.36789	 0.38125	 0.39690	 0.41345	 0.42959	 0.44682	 0.47105	 0.50669	 0.54808	 0.58651	 0.61621	 0.63458	 0.64449	 0.64900	 0.65062	 0.64919	 0.64394	 0.63791	 0.63078	 0.62367	 0.61665	 0.61239	 0.60889	 0.60477	 0.60253	 0.59993	 0.59547	 0.58761	 0.57832	 0.57141	 0.56335	 0.55577	 0.54923	 0.54407	 0.54125	 0.54161	 0.54583	 0.55413	 0.56115	 0.56227	 0.55593	 0.54323	 0.52835	 0.51357	 0.49828	 0.48431	 0.47148	 0.45955	 0.44915
29 	 0.31533	 0.31376	 0.31602	 0.32454	 0.34122	 0.36202	 0.38151	 0.39750	 0.40947	 0.41791	 0.42058	 0.41430	 0.40336	 0.39366	 0.38437	 0.37742	 0.37346	 0.36957	 0.36503	 0.36155	 0.36189	 0.36622	 0.37461	 0.38869	 0.40518	 0.42267	 0.43956	 0.45753	 0.48236	 0.51849	 0.56015	 0.59864	 0.62846	 0.64693	 0.65698	 0.66163	 0.66342	 0.66250	 0.65750	 0.65182	 0.64521	 0.63864	 0.63187	 0.62791	 0.62465	 0.62060	 0.61867	 0.61637	 0.61206	 0.60449	 0.59542	 0.58869	 0.58077	 0.57316	 0.56685	 0.56176	 0.55882	 0.55902	 0.56273	 0.57044	 0.57654	 0.57596	 0.56777	 0.55229	 0.53528	 0.51850	 0.50192	 0.48675	 0.47353	 0.46025	 0.44888
34 	 0.31170	 0.31010	 0.31225	 0.32060	 0.33692	 0.35735	 0.37650	 0.39219	 0.40405	 0.41241	 0.41509	 0.40883	 0.39797	 0.38841	 0.37924	 0.37237	 0.36839	 0.36457	 0.36002	 0.35652	 0.35691	 0.36126	 0.36968	 0.38357	 0.39993	 0.41736	 0.43428	 0.45234	 0.47730	 0.51377	 0.55613	 0.59566	 0.62639	 0.64558	 0.65609	 0.66099	 0.66289	 0.66180	 0.65669	 0.65083	 0.64391	 0.63713	 0.63029	 0.62613	 0.62274	 0.61873	 0.61667	 0.61423	 0.60976	 0.60203	 0.59263	 0.58576	 0.57761	 0.56985	 0.56326	 0.55817	 0.55517	 0.55541	 0.55947	 0.56728	 0.57356	 0.57300	 0.56434	 0.54966	 0.53162	 0.51549	 0.49889	 0.48348	 0.47021	 0.45634	 0.44508
39 	 0.31691	 0.31539	 0.31773	 0.32649	 0.34356	 0.36459	 0.38433	 0.40048	 0.41258	 0.42106	 0.42387	 0.41747	 0.40652	 0.39676	 0.38747	 0.38050	 0.37647	 0.37258	 0.36807	 0.36462	 0.36501	 0.36948	 0.37821	 0.39240	 0.40924	 0.42698	 0.44417	 0.46239	 0.48759	 0.52419	 0.56653	 0.60579	 0.63619	 0.65502	 0.66513	 0.66979	 0.67162	 0.67060	 0.66549	 0.65972	 0.65290	 0.64616	 0.63935	 0.63530	 0.63192	 0.62776	 0.62581	 0.62346	 0.61909	 0.61139	 0.60198	 0.59513	 0.58712	 0.57939	 0.57291	 0.56785	 0.56486	 0.56515	 0.56912	 0.57700	 0.58316	 0.58232	 0.57320	 0.55828	 0.54052	 0.52364	 0.50657	 0.49149	 0.47671	 0.46328	 0.45221
44 	 0.32280	 0.32130	 0.32370	 0.33254	 0.34982	 0.37112	 0.39110	 0.40734	 0.41959	 0.42826	 0.43111	 0.42478	 0.41379	 0.40402	 0.39460	 0.38761	 0.38357	 0.37965	 0.37512	 0.37168	 0.37205	 0.37657	 0.38530	 0.39962	 0.41653	 0.43429	 0.45148	 0.46971	 0.49485	 0.53130	 0.57338	 0.61246	 0.64274	 0.66148	 0.67158	 0.67624	 0.67803	 0.67708	 0.67203	 0.66638	 0.65961	 0.65309	 0.64630	 0.64238	 0.63914	 0.63503	 0.63305	 0.63076	 0.62640	 0.61885	 0.60947	 0.60271	 0.59476	 0.58702	 0.58058	 0.57552	 0.57264	 0.57287	 0.57679	 0.58458	 0.59092	 0.58997	 0.58083	 0.56522	 0.54754	 0.53045	 0.51271	 0.49694	 0.48314	 0.46920	 0.45782
49 	 0.32010	 0.31858	 0.32089	 0.32969	 0.34681	 0.36801	 0.38769	 0.40393	 0.41610	 0.42458	 0.42752	 0.42131	 0.41030	 0.40033	 0.39100	 0.38392	 0.37980	 0.37589	 0.37140	 0.36783	 0.36811	 0.37255	 0.38147	 0.39550	 0.41226	 0.42996	 0.44712	 0.46531	 0.49047	 0.52693	 0.56891	 0.60773	 0.63798	 0.65662	 0.66657	 0.67106	 0.67277	 0.67183	 0.66686	 0.66123	 0.65441	 0.64793	 0.64124	 0.63733	 0.63413	 0.62985	 0.62787	 0.62555	 0.62114	 0.61377	 0.60444	 0.59775	 0.58981	 0.58196	 0.57538	 0.57043	 0.56747	 0.56767	 0.57167	 0.57948	 0.58579	 0.58512	 0.57642	 0.56153	 0.54339	 0.52628	 0.50909	 0.49423	 0.47941	 0.46588	 0.45433
5 	 0.33161	 0.33161	 0.33614	 0.34866	 0.37078	 0.39858	 0.42565	 0.44797	 0.46550	 0.47760	 0.48128	 0.47431	 0.46177	 0.44927	 0.43914	 0.43140	 0.42700	 0.42290	 0.41841	 0.41449	 0.41427	 0.41871	 0.42888	 0.44589	 0.46706	 0.48848	 0.50890	 0.52815	 0.55226	 0.58636	 0.62380	 0.65770	 0.68279	 0.69709	 0.70446	 0.70804	 0.71016	 0.70973	 0.70709	 0.70326	 0.69911	 0.69398	 0.68979	 0.68747	 0.68521	 0.68274	 0.68069	 0.67935	 0.67638	 0.67070	 0.66397	 0.65872	 0.65238	 0.64606	 0.64095	 0.63562	 0.63341	 0.63385	 0.63729	 0.64133	 0.64242	 0.63490	 0.61755	 0.59420	 0.56848	 0.54429	 0.52131	 0.50136	 0.48344	 0.46863	 0.45536
10 	 0.32833	 0.32776	 0.33179	 0.34367	 0.36529	 0.39116	 0.41650	 0.43751	 0.45375	 0.46492	 0.46886	 0.46209	 0.44946	 0.43805	 0.42742	 0.42008	 0.41625	 0.41219	 0.40743	 0.40336	 0.40353	 0.40823	 0.41736	 0.43340	 0.45311	 0.47349	 0.49274	 0.51119	 0.53485	 0.56792	 0.60459	 0.63727	 0.66129	 0.67504	 0.68244	 0.68602	 0.68782	 0.68706	 0.68357	 0.67932	 0.67507	 0.67025	 0.66559	 0.66313	 0.66122	 0.65864	 0.65713	 0.65605	 0.65331	 0.64707	 0.64009	 0.63474	 0.62874	 0.62288	 0.61771	 0.61291	 0.61059	 0.61114	 0.61462	 0.61932	 0.62134	 0.61584	 0.60107	 0.57966	 0.55569	 0.53424	 0.51257	 0.49392	 0.47855	 0.46312	 0.45093
15 	 0.31188	 0.31126	 0.31522	 0.32721	 0.34923	 0.37575	 0.40129	 0.42283	 0.43943	 0.45120	 0.45503	 0.44831	 0.43561	 0.42397	 0.41322	 0.40580	 0.40176	 0.39790	 0.39300	 0.38890	 0.38910	 0.39375	 0.40310	 0.41932	 0.43906	 0.45993	 0.47961	 0.49890	 0.52306	 0.55657	 0.59384	 0.62680	 0.65127	 0.66530	 0.67273	 0.67617	 0.67784	 0.67751	 0.67414	 0.67035	 0.66609	 0.66149	 0.65676	 0.65440	 0.65260	 0.64999	 0.64892	 0.64783	 0.64503	 0.63905	 0.63190	 0.62683	 0.62075	 0.61472	 0.60953	 0.60509	 0.60278	 0.60314	 0.60620	 0.61064	 0.61172	 0.60462	 0.58813	 0.56590	 0.54122	 0.51921	 0.49713	 0.47744	 0.46187	 0.44639	 0.43404
20 	 0.31206	 0.31153	 0.31585	 0.32844	 0.35148	 0.37941	 0.40595	 0.42822	 0.44549	 0.45773	 0.46184	 0.45508	 0.44225	 0.43030	 0.41934	 0.41177	 0.40762	 0.40372	 0.39891	 0.39479	 0.39500	 0.39992	 0.40976	 0.42669	 0.44709	 0.46874	 0.48906	 0.50886	 0.53358	 0.56787	 0.60609	 0.63993	 0.66479	 0.67908	 0.68648	 0.68991	 0.69151	 0.69117	 0.68764	 0.68389	 0.67953	 0.67495	 0.67003	 0.66766	 0.66582	 0.66303	 0.66214	 0.66098	 0.65808	 0.65198	 0.64469	 0.63942	 0.63313	 0.62702	 0.62162	 0.61716	 0.61472	 0.61493	 0.61762	 0.62160	 0.62191	 0.61331	 0.59524	 0.57106	 0.54532	 0.52169	 0.49903	 0.47979	 0.46245	 0.44672	 0.43396
25 	 0.30995	 0.30938	 0.31347	 0.32558	 0.34773	 0.37468	 0.40026	 0.42173	 0.43835	 0.45007	 0.45420	 0.44759	 0.43498	 0.42329	 0.41254	 0.40501	 0.40092	 0.39696	 0.39217	 0.38812	 0.38828	 0.39293	 0.40246	 0.41875	 0.43857	 0.45957	 0.47935	 0.49856	 0.52286	 0.55630	 0.59335	 0.62608	 0.65015	 0.66403	 0.67124	 0.67445	 0.67600	 0.67557	 0.67216	 0.66846	 0.66403	 0.65966	 0.65482	 0.65255	 0.65061	 0.64781	 0.64695	 0.64576	 0.64295	 0.63707	 0.62973	 0.62481	 0.61871	 0.61276	 0.60757	 0.60331	 0.60107	 0.60146	 0.60425	 0.60858	 0.60949	 0.60227	 0.58574	 0.56263	 0.53867	 0.51619	 0.49456	 0.47560	 0.45973	 0.44423	 0.43197
30 	 0.33426	 0.33364	 0.33776	 0.34995	 0.37245	 0.39945	 0.42551	 0.44743	 0.46418	 0.47618	 0.48040	 0.47375	 0.46093	 0.44895	 0.43811	 0.43039	 0.42615	 0.42211	 0.41727	 0.41305	 0.41304	 0.41783	 0.42774	 0.44425	 0.46429	 0.48561	 0.50562	 0.52530	 0.54988	 0.58369	 0.62113	 0.65432	 0.67883	 0.69294	 0.70014	 0.70336	 0.70492	 0.70453	 0.70106	 0.69728	 0.69277	 0.68843	 0.68349	 0.68106	 0.67906	 0.67611	 0.67528	 0.67417	 0.67120	 0.66506	 0.65769	 0.65266	 0.64653	 0.64047	 0.63502	 0.63071	 0.62840	 0.62880	 0.63156	 0.63641	 0.63782	 0.63102	 0.61444	 0.59161	 0.56674	 0.54384	 0.52198	 0.50242	 0.48526	 0.46992	 0.45696
35 	 0.34162	 0.34107	 0.34556	 0.35865	 0.38256	 0.41142	 0.43891	 0.46199	 0.47958	 0.49220	 0.49665	 0.48978	 0.47669	 0.46428	 0.45310	 0.44515	 0.44075	 0.43672	 0.43183	 0.42758	 0.42758	 0.43274	 0.44330	 0.46054	 0.48168	 0.50392	 0.52467	 0.54495	 0.57009	 0.60459	 0.64265	 0.67608	 0.70073	 0.71477	 0.72182	 0.72492	 0.72647	 0.72625	 0.72273	 0.71895	 0.71452	 0.71025	 0.70544	 0.70312	 0.70115	 0.69825	 0.69737	 0.69640	 0.69346	 0.68750	 0.68000	 0.67496	 0.66881	 0.66274	 0.65713	 0.65278	 0.65027	 0.65049	 0.65316	 0.65747	 0.65809	 0.65000	 0.63190	 0.60727	 0.58062	 0.55611	 0.53293	 0.51224	 0.49567	 0.47915	 0.46613
40 	 0.33410	 0.33368	 0.33803	 0.35087	 0.37438	 0.40277	 0.42989	 0.45266	 0.47011	 0.48259	 0.48710	 0.48032	 0.46716	 0.45480	 0.44370	 0.43577	 0.43141	 0.42739	 0.42255	 0.41831	 0.41844	 0.42356	 0.43392	 0.45114	 0.47211	 0.49431	 0.51510	 0.53541	 0.56068	 0.59546	 0.63408	 0.66822	 0.69346	 0.70789	 0.71518	 0.71840	 0.71991	 0.71968	 0.71613	 0.71237	 0.70798	 0.70372	 0.69885	 0.69651	 0.69441	 0.69144	 0.69055	 0.68956	 0.68649	 0.68039	 0.67279	 0.66771	 0.66143	 0.65509	 0.64950	 0.64496	 0.64239	 0.64255	 0.64518	 0.64959	 0.65018	 0.64189	 0.62367	 0.59867	 0.57239	 0.54791	 0.52476	 0.50437	 0.48677	 0.47092	 0.45786
45 	 0.33434	 0.33384	 0.33823	 0.35104	 0.37440	 0.40249	 0.42932	 0.45181	 0.46906	 0.48132	 0.48570	 0.47900	 0.46616	 0.45382	 0.44301	 0.43501	 0.43076	 0.42689	 0.42192	 0.41784	 0.41791	 0.42297	 0.43318	 0.45014	 0.47068	 0.49253	 0.51296	 0.53288	 0.55792	 0.59204	 0.62990	 0.66316	 0.68782	 0.70191	 0.70900	 0.71222	 0.71372	 0.71343	 0.70984	 0.70607	 0.70164	 0.69736	 0.69242	 0.69012	 0.68806	 0.68503	 0.68417	 0.68323	 0.68021	 0.67413	 0.66664	 0.66171	 0.65559	 0.64944	 0.64387	 0.63969	 0.63727	 0.63755	 0.64029	 0.64517	 0.64636	 0.63888	 0.62179	 0.59779	 0.57199	 0.54844	 0.52581	 0.50609	 0.48800	 0.47312	 0.45985
50 	 0.31228	 0.31179	 0.31609	 0.32876	 0.35188	 0.37991	 0.40659	 0.42901	 0.44634	 0.45844	 0.46278	 0.45627	 0.44335	 0.43103	 0.42018	 0.41225	 0.40799	 0.40405	 0.39913	 0.39502	 0.39501	 0.40004	 0.41037	 0.42710	 0.44758	 0.46924	 0.48963	 0.50971	 0.53467	 0.56917	 0.60728	 0.64115	 0.66644	 0.68106	 0.68844	 0.69173	 0.69321	 0.69301	 0.68956	 0.68602	 0.68148	 0.67735	 0.67253	 0.67019	 0.66823	 0.66511	 0.66424	 0.66319	 0.66012	 0.65423	 0.64676	 0.64177	 0.63548	 0.62909	 0.62347	 0.61921	 0.61670	 0.61689	 0.61955	 0.62393	 0.62448	 0.61594	 0.59768	 0.57332	 0.54748	 0.52388	 0.50133	 0.48140	 0.46430	 0.44869	 0.43572
