1 	 0.36987	 0.37049	 0.37584	 0.39170	 0.42154	 0.46034	 0.49767	 0.53001	 0.55620	 0.57536	 0.58229	 0.57356	 0.55650	 0.53861	 0.52466	 0.51618	 0.51105	 0.50686	 0.50138	 0.49626	 0.49512	 0.50165	 0.51601	 0.53843	 0.56818	 0.60111	 0.63225	 0.66021	 0.69335	 0.74114	 0.79784	 0.85382	 0.89757	 0.92314	 0.93538	 0.94152	 0.94515	 0.94584	 0.94349	 0.94011	 0.93597	 0.93089	 0.92581	 0.92291	 0.92083	 0.91807	 0.91596	 0.91365	 0.90843	 0.90071	 0.89127	 0.88287	 0.87291	 0.86279	 0.85365	 0.84608	 0.84210	 0.84202	 0.84611	 0.84903	 0.84261	 0.81924	 0.78145	 0.73639	 0.69150	 0.65134	 0.61616	 0.58474	 0.55889	 0.53621	 0.51942
6 	 0.37268	 0.37324	 0.37899	 0.39525	 0.42536	 0.46436	 0.50195	 0.53439	 0.56039	 0.57942	 0.58614	 0.57696	 0.55977	 0.54205	 0.52825	 0.51974	 0.51428	 0.51018	 0.50480	 0.49983	 0.49893	 0.50521	 0.51960	 0.54279	 0.57279	 0.60563	 0.63670	 0.66458	 0.69775	 0.74565	 0.80257	 0.85817	 0.90133	 0.92608	 0.93804	 0.94395	 0.94710	 0.94759	 0.94552	 0.94217	 0.93794	 0.93291	 0.92794	 0.92496	 0.92262	 0.92014	 0.91763	 0.91528	 0.91046	 0.90316	 0.89388	 0.88521	 0.87546	 0.86535	 0.85642	 0.84892	 0.84506	 0.84475	 0.84913	 0.85199	 0.84524	 0.82190	 0.78408	 0.73913	 0.69480	 0.65448	 0.61928	 0.58834	 0.56192	 0.53915	 0.52246
11 	 0.36808	 0.36859	 0.37423	 0.39039	 0.42026	 0.45913	 0.49654	 0.52864	 0.55440	 0.57328	 0.57994	 0.57083	 0.55384	 0.53624	 0.52248	 0.51403	 0.50858	 0.50444	 0.49908	 0.49426	 0.49337	 0.49943	 0.51374	 0.53689	 0.56676	 0.59925	 0.63008	 0.65771	 0.69075	 0.73828	 0.79502	 0.85019	 0.89294	 0.91733	 0.92916	 0.93497	 0.93801	 0.93848	 0.93639	 0.93310	 0.92894	 0.92378	 0.91888	 0.91587	 0.91350	 0.91105	 0.90844	 0.90591	 0.90101	 0.89403	 0.88499	 0.87619	 0.86645	 0.85641	 0.84770	 0.84046	 0.83672	 0.83651	 0.84129	 0.84454	 0.83819	 0.81568	 0.77849	 0.73439	 0.69011	 0.65103	 0.61627	 0.58470	 0.55900	 0.53646	 0.51949
16 	 0.34720	 0.34776	 0.35338	 0.36953	 0.39962	 0.43855	 0.47613	 0.50855	 0.53457	 0.55351	 0.56011	 0.55099	 0.53390	 0.51616	 0.50234	 0.49379	 0.48823	 0.48396	 0.47856	 0.47375	 0.47302	 0.47910	 0.49358	 0.51712	 0.54745	 0.58038	 0.61140	 0.63953	 0.67329	 0.72150	 0.77942	 0.83594	 0.87989	 0.90501	 0.91735	 0.92334	 0.92654	 0.92693	 0.92478	 0.92139	 0.91712	 0.91194	 0.90690	 0.90376	 0.90160	 0.89913	 0.89645	 0.89387	 0.88900	 0.88185	 0.87258	 0.86358	 0.85347	 0.84340	 0.83450	 0.82712	 0.82324	 0.82284	 0.82760	 0.83047	 0.82318	 0.79907	 0.76064	 0.71543	 0.67104	 0.63092	 0.59543	 0.56375	 0.53749	 0.51548	 0.49772
21 	 0.34818	 0.34871	 0.35434	 0.37039	 0.40051	 0.43949	 0.47718	 0.50965	 0.53567	 0.55466	 0.56121	 0.55200	 0.53490	 0.51704	 0.50313	 0.49456	 0.48891	 0.48466	 0.47917	 0.47441	 0.47366	 0.47976	 0.49429	 0.51811	 0.54871	 0.58185	 0.61311	 0.64143	 0.67540	 0.72389	 0.78203	 0.83868	 0.88245	 0.90739	 0.91949	 0.92538	 0.92851	 0.92882	 0.92667	 0.92337	 0.91907	 0.91381	 0.90876	 0.90573	 0.90350	 0.90113	 0.89847	 0.89591	 0.89107	 0.88396	 0.87464	 0.86556	 0.85548	 0.84520	 0.83647	 0.82916	 0.82528	 0.82502	 0.82981	 0.83271	 0.82530	 0.80118	 0.76327	 0.71801	 0.67369	 0.63380	 0.59804	 0.56622	 0.54047	 0.51726	 0.50091
26 	 0.37067	 0.37124	 0.37707	 0.39337	 0.42406	 0.46386	 0.50223	 0.53550	 0.56216	 0.58164	 0.58853	 0.57932	 0.56182	 0.54375	 0.52966	 0.52095	 0.51533	 0.51098	 0.50551	 0.50062	 0.49984	 0.50602	 0.52069	 0.54463	 0.57545	 0.60881	 0.64045	 0.66906	 0.70324	 0.75197	 0.81073	 0.86870	 0.91417	 0.94057	 0.95346	 0.95982	 0.96322	 0.96359	 0.96151	 0.95802	 0.95344	 0.94811	 0.94291	 0.93967	 0.93737	 0.93468	 0.93196	 0.92928	 0.92433	 0.91697	 0.90733	 0.89800	 0.88760	 0.87725	 0.86811	 0.86045	 0.85639	 0.85580	 0.86057	 0.86351	 0.85605	 0.83161	 0.79276	 0.74592	 0.69993	 0.65928	 0.62316	 0.59092	 0.56480	 0.54076	 0.52449
31 	 0.36746	 0.36808	 0.37365	 0.38979	 0.42013	 0.45974	 0.49816	 0.53159	 0.55827	 0.57769	 0.58439	 0.57496	 0.55722	 0.53896	 0.52474	 0.51590	 0.51009	 0.50570	 0.50009	 0.49524	 0.49442	 0.50070	 0.51559	 0.53994	 0.57131	 0.60531	 0.63747	 0.66660	 0.70153	 0.75128	 0.81126	 0.87009	 0.91596	 0.94226	 0.95501	 0.96110	 0.96436	 0.96478	 0.96270	 0.95920	 0.95471	 0.94921	 0.94381	 0.94038	 0.93795	 0.93525	 0.93248	 0.92983	 0.92457	 0.91719	 0.90742	 0.89796	 0.88756	 0.87691	 0.86762	 0.85978	 0.85567	 0.85549	 0.86049	 0.86367	 0.85654	 0.83175	 0.79311	 0.74660	 0.70064	 0.66022	 0.62322	 0.59176	 0.56539	 0.54123	 0.52429
36 	 0.37286	 0.37337	 0.37904	 0.39525	 0.42617	 0.46656	 0.50574	 0.53977	 0.56721	 0.58718	 0.59421	 0.58463	 0.56651	 0.54783	 0.53323	 0.52422	 0.51837	 0.51378	 0.50813	 0.50322	 0.50239	 0.50888	 0.52424	 0.54929	 0.58159	 0.61643	 0.64939	 0.67924	 0.71486	 0.76568	 0.82672	 0.88657	 0.93277	 0.95912	 0.97180	 0.97791	 0.98119	 0.98147	 0.97939	 0.97590	 0.97143	 0.96594	 0.96057	 0.95717	 0.95481	 0.95213	 0.94929	 0.94661	 0.94149	 0.93398	 0.92414	 0.91459	 0.90388	 0.89314	 0.88369	 0.87581	 0.87171	 0.87112	 0.87603	 0.87915	 0.87136	 0.84579	 0.80595	 0.75842	 0.71126	 0.67038	 0.63271	 0.60050	 0.57327	 0.54908	 0.53231
41 	 0.37146	 0.37201	 0.37766	 0.39372	 0.42423	 0.46405	 0.50260	 0.53595	 0.56282	 0.58242	 0.58921	 0.57974	 0.56204	 0.54373	 0.52940	 0.52063	 0.51473	 0.51040	 0.50482	 0.49989	 0.49910	 0.50546	 0.52051	 0.54500	 0.57655	 0.61061	 0.64281	 0.67190	 0.70681	 0.75661	 0.81644	 0.87510	 0.92066	 0.94662	 0.95914	 0.96528	 0.96849	 0.96881	 0.96676	 0.96326	 0.95880	 0.95340	 0.94803	 0.94475	 0.94248	 0.93983	 0.93699	 0.93444	 0.92935	 0.92206	 0.91240	 0.90297	 0.89253	 0.88187	 0.87272	 0.86496	 0.86095	 0.86060	 0.86554	 0.86885	 0.86165	 0.83694	 0.79768	 0.75126	 0.70553	 0.66428	 0.62728	 0.59564	 0.56943	 0.54504	 0.52818
46 	 0.37286	 0.37354	 0.37943	 0.39603	 0.42728	 0.46759	 0.50644	 0.53997	 0.56698	 0.58655	 0.59350	 0.58407	 0.56630	 0.54794	 0.53359	 0.52479	 0.51895	 0.51453	 0.50900	 0.50411	 0.50339	 0.50977	 0.52483	 0.54937	 0.58094	 0.61504	 0.64716	 0.67636	 0.71142	 0.76136	 0.82164	 0.88088	 0.92700	 0.95355	 0.96636	 0.97257	 0.97584	 0.97613	 0.97396	 0.97031	 0.96566	 0.96015	 0.95461	 0.95117	 0.94881	 0.94619	 0.94336	 0.94056	 0.93535	 0.92776	 0.91785	 0.90822	 0.89740	 0.88667	 0.87751	 0.86976	 0.86558	 0.86510	 0.87008	 0.87319	 0.86573	 0.84065	 0.80066	 0.75337	 0.70704	 0.66540	 0.62920	 0.59707	 0.56993	 0.54579	 0.52860
2 	 0.29326	 0.29252	 0.29452	 0.30204	 0.31842	 0.34070	 0.36060	 0.37666	 0.38892	 0.39866	 0.40224	 0.39690	 0.38666	 0.37603	 0.36743	 0.36158	 0.35752	 0.35413	 0.35009	 0.34690	 0.34625	 0.35058	 0.35930	 0.37238	 0.38870	 0.40671	 0.42387	 0.44024	 0.46317	 0.49832	 0.53898	 0.57778	 0.60885	 0.62796	 0.63773	 0.64223	 0.64402	 0.64277	 0.63801	 0.63192	 0.62521	 0.61803	 0.61201	 0.60801	 0.60514	 0.60205	 0.59919	 0.59635	 0.59129	 0.58444	 0.57629	 0.56915	 0.56108	 0.55290	 0.54607	 0.54081	 0.53773	 0.53747	 0.54110	 0.54600	 0.54915	 0.54514	 0.53191	 0.51421	 0.49430	 0.47641	 0.45866	 0.44291	 0.42891	 0.41703	 0.40685
7 	 0.28486	 0.28412	 0.28622	 0.29408	 0.31038	 0.33242	 0.35231	 0.36812	 0.38013	 0.38968	 0.39307	 0.38762	 0.37757	 0.36722	 0.35876	 0.35299	 0.34888	 0.34549	 0.34164	 0.33859	 0.33809	 0.34208	 0.35077	 0.36417	 0.38043	 0.39808	 0.41490	 0.43109	 0.45397	 0.48887	 0.52946	 0.56812	 0.59918	 0.61822	 0.62806	 0.63250	 0.63399	 0.63253	 0.62778	 0.62154	 0.61467	 0.60745	 0.60144	 0.59723	 0.59436	 0.59138	 0.58829	 0.58544	 0.58054	 0.57373	 0.56560	 0.55824	 0.54996	 0.54199	 0.53549	 0.53038	 0.52722	 0.52676	 0.53050	 0.53537	 0.53832	 0.53382	 0.52123	 0.50366	 0.48377	 0.46626	 0.44861	 0.43331	 0.41909	 0.40681	 0.39817
12 	 0.28249	 0.28184	 0.28403	 0.29194	 0.30850	 0.33078	 0.35080	 0.36695	 0.37908	 0.38871	 0.39219	 0.38657	 0.37664	 0.36628	 0.35787	 0.35213	 0.34799	 0.34461	 0.34082	 0.33794	 0.33753	 0.34148	 0.35025	 0.36400	 0.38046	 0.39806	 0.41486	 0.43120	 0.45425	 0.48897	 0.52956	 0.56811	 0.59885	 0.61757	 0.62731	 0.63162	 0.63314	 0.63170	 0.62702	 0.62096	 0.61420	 0.60700	 0.60099	 0.59694	 0.59418	 0.59131	 0.58820	 0.58536	 0.58073	 0.57412	 0.56613	 0.55869	 0.55059	 0.54255	 0.53622	 0.53119	 0.52812	 0.52747	 0.53105	 0.53556	 0.53814	 0.53358	 0.51998	 0.50226	 0.48186	 0.46369	 0.44687	 0.43046	 0.41652	 0.40458	 0.39444
17 	 0.26447	 0.26388	 0.26621	 0.27419	 0.29065	 0.31270	 0.33241	 0.34845	 0.36048	 0.36985	 0.37314	 0.36767	 0.35777	 0.34755	 0.33924	 0.33356	 0.32944	 0.32612	 0.32240	 0.31957	 0.31916	 0.32306	 0.33167	 0.34528	 0.36155	 0.37900	 0.39558	 0.41178	 0.43487	 0.46955	 0.51010	 0.54857	 0.57917	 0.59778	 0.60744	 0.61168	 0.61308	 0.61159	 0.60708	 0.60093	 0.59413	 0.58696	 0.58107	 0.57704	 0.57437	 0.57164	 0.56855	 0.56574	 0.56107	 0.55456	 0.54658	 0.53915	 0.53099	 0.52321	 0.51697	 0.51207	 0.50907	 0.50849	 0.51224	 0.51675	 0.51889	 0.51379	 0.50043	 0.48257	 0.46276	 0.44475	 0.42729	 0.41153	 0.39745	 0.38595	 0.37537
22 	 0.27069	 0.27006	 0.27234	 0.28030	 0.29685	 0.31897	 0.33875	 0.35472	 0.36671	 0.37610	 0.37942	 0.37391	 0.36392	 0.35357	 0.34528	 0.33956	 0.33525	 0.33183	 0.32803	 0.32516	 0.32483	 0.32863	 0.33729	 0.35093	 0.36724	 0.38462	 0.40120	 0.41743	 0.44047	 0.47483	 0.51492	 0.55268	 0.58253	 0.60053	 0.60972	 0.61379	 0.61508	 0.61348	 0.60894	 0.60289	 0.59621	 0.58917	 0.58334	 0.57944	 0.57679	 0.57406	 0.57101	 0.56817	 0.56363	 0.55725	 0.54946	 0.54222	 0.53421	 0.52647	 0.52032	 0.51548	 0.51268	 0.51206	 0.51574	 0.52023	 0.52277	 0.51812	 0.50467	 0.48729	 0.46738	 0.45038	 0.43301	 0.41757	 0.40371	 0.39206	 0.38223
27 	 0.28895	 0.28831	 0.29054	 0.29823	 0.31484	 0.33713	 0.35719	 0.37351	 0.38575	 0.39537	 0.39879	 0.39305	 0.38297	 0.37252	 0.36399	 0.35816	 0.35378	 0.35025	 0.34643	 0.34351	 0.34318	 0.34705	 0.35579	 0.36957	 0.38612	 0.40379	 0.42053	 0.43705	 0.46033	 0.49501	 0.53560	 0.57409	 0.60482	 0.62341	 0.63297	 0.63732	 0.63871	 0.63715	 0.63264	 0.62658	 0.61986	 0.61267	 0.60666	 0.60268	 0.59988	 0.59708	 0.59401	 0.59117	 0.58655	 0.58016	 0.57223	 0.56467	 0.55648	 0.54860	 0.54226	 0.53723	 0.53427	 0.53371	 0.53742	 0.54220	 0.54500	 0.54070	 0.52792	 0.51001	 0.48979	 0.47168	 0.45443	 0.43884	 0.42520	 0.41287	 0.40290
32 	 0.27017	 0.26948	 0.27184	 0.27965	 0.29609	 0.31803	 0.33791	 0.35392	 0.36604	 0.37541	 0.37876	 0.37318	 0.36323	 0.35293	 0.34460	 0.33884	 0.33461	 0.33115	 0.32739	 0.32451	 0.32410	 0.32788	 0.33647	 0.35006	 0.36627	 0.38371	 0.40025	 0.41641	 0.43927	 0.47344	 0.51342	 0.55107	 0.58104	 0.59912	 0.60851	 0.61274	 0.61416	 0.61260	 0.60820	 0.60227	 0.59568	 0.58870	 0.58290	 0.57907	 0.57644	 0.57373	 0.57064	 0.56784	 0.56331	 0.55712	 0.54941	 0.54212	 0.53404	 0.52634	 0.52023	 0.51531	 0.51234	 0.51181	 0.51534	 0.51966	 0.52181	 0.51667	 0.50422	 0.48656	 0.46682	 0.44970	 0.43197	 0.41687	 0.40256	 0.39084	 0.38133
37 	 0.28672	 0.28610	 0.28856	 0.29649	 0.31346	 0.33611	 0.35638	 0.37270	 0.38503	 0.39472	 0.39825	 0.39256	 0.38255	 0.37209	 0.36359	 0.35780	 0.35350	 0.35001	 0.34620	 0.34338	 0.34309	 0.34709	 0.35592	 0.36991	 0.38665	 0.40449	 0.42141	 0.43798	 0.46142	 0.49634	 0.53712	 0.57561	 0.60617	 0.62459	 0.63394	 0.63809	 0.63939	 0.63775	 0.63311	 0.62687	 0.62016	 0.61299	 0.60700	 0.60296	 0.60025	 0.59737	 0.59428	 0.59133	 0.58667	 0.58027	 0.57235	 0.56492	 0.55668	 0.54876	 0.54254	 0.53754	 0.53468	 0.53397	 0.53770	 0.54238	 0.54506	 0.54015	 0.52674	 0.50827	 0.48800	 0.46981	 0.45182	 0.43616	 0.42190	 0.40976	 0.39941
42 	 0.28654	 0.28602	 0.28852	 0.29674	 0.31400	 0.33694	 0.35744	 0.37391	 0.38648	 0.39628	 0.39983	 0.39415	 0.38399	 0.37347	 0.36493	 0.35916	 0.35487	 0.35137	 0.34754	 0.34467	 0.34436	 0.34844	 0.35743	 0.37157	 0.38848	 0.40647	 0.42350	 0.44018	 0.46379	 0.49897	 0.54019	 0.57937	 0.61063	 0.62962	 0.63932	 0.64359	 0.64497	 0.64333	 0.63858	 0.63231	 0.62530	 0.61799	 0.61190	 0.60778	 0.60506	 0.60213	 0.59891	 0.59602	 0.59123	 0.58467	 0.57662	 0.56907	 0.56079	 0.55264	 0.54632	 0.54124	 0.53828	 0.53762	 0.54138	 0.54611	 0.54860	 0.54348	 0.52953	 0.51082	 0.48993	 0.47187	 0.45307	 0.43655	 0.42262	 0.40973	 0.39927
47 	 0.28895	 0.28844	 0.29083	 0.29897	 0.31609	 0.33888	 0.35927	 0.37570	 0.38814	 0.39780	 0.40130	 0.39558	 0.38543	 0.37483	 0.36618	 0.36032	 0.35598	 0.35236	 0.34859	 0.34572	 0.34539	 0.34941	 0.35828	 0.37237	 0.38933	 0.40724	 0.42415	 0.44081	 0.46438	 0.49948	 0.54043	 0.57928	 0.61014	 0.62877	 0.63834	 0.64245	 0.64370	 0.64197	 0.63726	 0.63093	 0.62407	 0.61675	 0.61063	 0.60656	 0.60377	 0.60083	 0.59762	 0.59469	 0.58997	 0.58346	 0.57548	 0.56793	 0.55960	 0.55168	 0.54541	 0.54039	 0.53744	 0.53683	 0.54063	 0.54527	 0.54799	 0.54363	 0.52969	 0.51173	 0.49104	 0.47344	 0.45496	 0.43988	 0.42512	 0.41248	 0.40315
3 	 0.29970	 0.29812	 0.29889	 0.30381	 0.31534	 0.33225	 0.34837	 0.36257	 0.37353	 0.38208	 0.38473	 0.37926	 0.36969	 0.35960	 0.35118	 0.34531	 0.34116	 0.33766	 0.33327	 0.32912	 0.32696	 0.32913	 0.33508	 0.34537	 0.35945	 0.37619	 0.39246	 0.40683	 0.42578	 0.45452	 0.48848	 0.52348	 0.55408	 0.57435	 0.58538	 0.59069	 0.59314	 0.59273	 0.58928	 0.58482	 0.57951	 0.57359	 0.56853	 0.56514	 0.56304	 0.56074	 0.55855	 0.55650	 0.55222	 0.54576	 0.53803	 0.53130	 0.52350	 0.51599	 0.50968	 0.50509	 0.50300	 0.50402	 0.50940	 0.51627	 0.52275	 0.52345	 0.51576	 0.50384	 0.48949	 0.47603	 0.46292	 0.45048	 0.43933	 0.42887	 0.42130
8 	 0.30168	 0.30015	 0.30138	 0.30709	 0.32009	 0.33864	 0.35661	 0.37216	 0.38423	 0.39350	 0.39631	 0.39052	 0.38033	 0.36976	 0.36093	 0.35477	 0.35047	 0.34677	 0.34230	 0.33822	 0.33630	 0.33843	 0.34513	 0.35688	 0.37231	 0.39020	 0.40746	 0.42289	 0.44310	 0.47326	 0.50932	 0.54601	 0.57774	 0.59839	 0.60955	 0.61483	 0.61708	 0.61664	 0.61343	 0.60893	 0.60361	 0.59753	 0.59239	 0.58901	 0.58666	 0.58436	 0.58207	 0.58000	 0.57566	 0.56929	 0.56144	 0.55420	 0.54628	 0.53841	 0.53211	 0.52737	 0.52510	 0.52587	 0.53150	 0.53846	 0.54401	 0.54342	 0.53379	 0.51973	 0.50301	 0.48808	 0.47311	 0.45840	 0.44652	 0.43536	 0.42606
13 	 0.31203	 0.31048	 0.31164	 0.31742	 0.33069	 0.34959	 0.36777	 0.38358	 0.39590	 0.40521	 0.40813	 0.40211	 0.39200	 0.38130	 0.37233	 0.36614	 0.36153	 0.35771	 0.35313	 0.34905	 0.34709	 0.34914	 0.35579	 0.36768	 0.38332	 0.40113	 0.41823	 0.43370	 0.45389	 0.48367	 0.51941	 0.55572	 0.58713	 0.60743	 0.61842	 0.62353	 0.62568	 0.62498	 0.62166	 0.61712	 0.61173	 0.60562	 0.60050	 0.59717	 0.59504	 0.59278	 0.59048	 0.58829	 0.58401	 0.57774	 0.56994	 0.56266	 0.55473	 0.54694	 0.54071	 0.53601	 0.53364	 0.53415	 0.53961	 0.54657	 0.55232	 0.55205	 0.54269	 0.52879	 0.51224	 0.49784	 0.48223	 0.46851	 0.45629	 0.44513	 0.43610
18 	 0.28140	 0.28003	 0.28129	 0.28726	 0.30035	 0.31898	 0.33691	 0.35266	 0.36486	 0.37411	 0.37704	 0.37120	 0.36118	 0.35067	 0.34198	 0.33591	 0.33146	 0.32773	 0.32330	 0.31933	 0.31755	 0.31962	 0.32631	 0.33818	 0.35368	 0.37148	 0.38839	 0.40385	 0.42426	 0.45440	 0.49057	 0.52749	 0.55934	 0.58010	 0.59133	 0.59653	 0.59868	 0.59804	 0.59479	 0.59024	 0.58478	 0.57861	 0.57353	 0.57021	 0.56810	 0.56596	 0.56358	 0.56141	 0.55714	 0.55094	 0.54309	 0.53568	 0.52754	 0.51970	 0.51355	 0.50879	 0.50635	 0.50684	 0.51225	 0.51886	 0.52380	 0.52186	 0.51179	 0.49710	 0.48037	 0.46530	 0.44973	 0.43546	 0.42305	 0.41174	 0.40234
23 	 0.28569	 0.28424	 0.28550	 0.29105	 0.30369	 0.32176	 0.33921	 0.35440	 0.36618	 0.37510	 0.37786	 0.37210	 0.36224	 0.35191	 0.34335	 0.33728	 0.33279	 0.32910	 0.32467	 0.32072	 0.31883	 0.32076	 0.32713	 0.33864	 0.35369	 0.37097	 0.38740	 0.40251	 0.42250	 0.45194	 0.48731	 0.52320	 0.55421	 0.57430	 0.58517	 0.59025	 0.59225	 0.59147	 0.58821	 0.58359	 0.57823	 0.57214	 0.56711	 0.56378	 0.56169	 0.55955	 0.55720	 0.55507	 0.55102	 0.54492	 0.53722	 0.53003	 0.52213	 0.51440	 0.50843	 0.50384	 0.50146	 0.50206	 0.50753	 0.51423	 0.51948	 0.51851	 0.50939	 0.49610	 0.47993	 0.46578	 0.45128	 0.43766	 0.42539	 0.41558	 0.40609
28 	 0.30463	 0.30313	 0.30425	 0.30995	 0.32306	 0.34191	 0.36003	 0.37593	 0.38833	 0.39768	 0.40059	 0.39446	 0.38424	 0.37341	 0.36445	 0.35823	 0.35363	 0.34977	 0.34511	 0.34102	 0.33907	 0.34112	 0.34777	 0.35984	 0.37562	 0.39357	 0.41078	 0.42646	 0.44706	 0.47735	 0.51380	 0.55099	 0.58324	 0.60414	 0.61539	 0.62078	 0.62296	 0.62227	 0.61904	 0.61435	 0.60891	 0.60264	 0.59739	 0.59403	 0.59188	 0.58965	 0.58718	 0.58491	 0.58072	 0.57444	 0.56644	 0.55902	 0.55073	 0.54279	 0.53651	 0.53167	 0.52919	 0.52976	 0.53528	 0.54229	 0.54798	 0.54686	 0.53726	 0.52255	 0.50583	 0.49101	 0.47506	 0.46139	 0.44872	 0.43725	 0.42803
33 	 0.30508	 0.30370	 0.30522	 0.31126	 0.32509	 0.34456	 0.36336	 0.37996	 0.39281	 0.40265	 0.40583	 0.39972	 0.38930	 0.37841	 0.36941	 0.36316	 0.35860	 0.35474	 0.35021	 0.34618	 0.34444	 0.34667	 0.35372	 0.36626	 0.38257	 0.40120	 0.41892	 0.43519	 0.45638	 0.48752	 0.52509	 0.56368	 0.59700	 0.61873	 0.63060	 0.63604	 0.63832	 0.63772	 0.63440	 0.62973	 0.62415	 0.61786	 0.61247	 0.60904	 0.60685	 0.60461	 0.60226	 0.59999	 0.59559	 0.58917	 0.58102	 0.57335	 0.56499	 0.55683	 0.55027	 0.54514	 0.54255	 0.54302	 0.54847	 0.55521	 0.56047	 0.55815	 0.54732	 0.53140	 0.51309	 0.49666	 0.47976	 0.46517	 0.45183	 0.43978	 0.42975
38 	 0.30661	 0.30543	 0.30684	 0.31316	 0.32719	 0.34703	 0.36603	 0.38270	 0.39583	 0.40565	 0.40879	 0.40268	 0.39218	 0.38116	 0.37203	 0.36580	 0.36114	 0.35722	 0.35263	 0.34861	 0.34681	 0.34899	 0.35609	 0.36870	 0.38509	 0.40374	 0.42147	 0.43771	 0.45889	 0.48992	 0.52737	 0.56566	 0.59858	 0.61992	 0.63137	 0.63662	 0.63869	 0.63786	 0.63442	 0.62961	 0.62390	 0.61763	 0.61231	 0.60886	 0.60667	 0.60443	 0.60188	 0.59956	 0.59530	 0.58887	 0.58077	 0.57315	 0.56479	 0.55660	 0.55010	 0.54498	 0.54236	 0.54267	 0.54804	 0.55467	 0.55963	 0.55751	 0.54639	 0.53068	 0.51219	 0.49525	 0.47965	 0.46395	 0.45100	 0.43910	 0.42938
43 	 0.31845	 0.31709	 0.31857	 0.32475	 0.33890	 0.35877	 0.37789	 0.39461	 0.40754	 0.41745	 0.42067	 0.41459	 0.40419	 0.39316	 0.38402	 0.37777	 0.37319	 0.36918	 0.36459	 0.36055	 0.35875	 0.36097	 0.36803	 0.38066	 0.39701	 0.41547	 0.43316	 0.44930	 0.47032	 0.50111	 0.53813	 0.57601	 0.60853	 0.62954	 0.64071	 0.64589	 0.64796	 0.64713	 0.64373	 0.63899	 0.63340	 0.62716	 0.62184	 0.61849	 0.61635	 0.61416	 0.61167	 0.60937	 0.60502	 0.59874	 0.59072	 0.58315	 0.57483	 0.56682	 0.56045	 0.55549	 0.55301	 0.55337	 0.55886	 0.56580	 0.57118	 0.56930	 0.55870	 0.54288	 0.52493	 0.50803	 0.49233	 0.47710	 0.46367	 0.45150	 0.44153
48 	 0.31182	 0.31046	 0.31182	 0.31758	 0.33101	 0.35014	 0.36851	 0.38458	 0.39713	 0.40666	 0.40965	 0.40359	 0.39328	 0.38241	 0.37337	 0.36708	 0.36239	 0.35834	 0.35368	 0.34958	 0.34771	 0.34969	 0.35649	 0.36879	 0.38476	 0.40302	 0.42020	 0.43611	 0.45701	 0.48767	 0.52480	 0.56273	 0.59540	 0.61647	 0.62764	 0.63264	 0.63463	 0.63369	 0.63007	 0.62511	 0.61935	 0.61291	 0.60745	 0.60396	 0.60175	 0.59946	 0.59701	 0.59465	 0.59022	 0.58377	 0.57566	 0.56791	 0.55950	 0.55133	 0.54497	 0.53992	 0.53732	 0.53770	 0.54320	 0.55011	 0.55554	 0.55451	 0.54483	 0.53041	 0.51364	 0.49853	 0.48281	 0.46860	 0.45650	 0.44423	 0.43544
4 	 0.34088	 0.33928	 0.34029	 0.34619	 0.36022	 0.37977	 0.39717	 0.41132	 0.42174	 0.42955	 0.43135	 0.42482	 0.41462	 0.40423	 0.39561	 0.38959	 0.38510	 0.38149	 0.37737	 0.37400	 0.37313	 0.37684	 0.38484	 0.39708	 0.41211	 0.42846	 0.44430	 0.45975	 0.48212	 0.51647	 0.55532	 0.59108	 0.61844	 0.63431	 0.64226	 0.64575	 0.64704	 0.64571	 0.64123	 0.63558	 0.62923	 0.62241	 0.61655	 0.61244	 0.60940	 0.60603	 0.60282	 0.59996	 0.59503	 0.58847	 0.58069	 0.57398	 0.56648	 0.55886	 0.55255	 0.54766	 0.54511	 0.54557	 0.55046	 0.55750	 0.56488	 0.56768	 0.56217	 0.55223	 0.53934	 0.52763	 0.51557	 0.50347	 0.49280	 0.48198	 0.47379
9 	 0	0	0	0	0	0	0	0	0	0	0	0	0	0	0	0	0	0	0	0	0	0	0	0	0	0	0	0	0	0	0	0	0	0	0	0	0	0	0	0	0	0	0	0	0	0	0	0	0	0	0	0	0	0	0	0	0	0	0	0	0	0	0	0	0	0	0	0	0	0	0
14 	 0.32574	 0.32439	 0.32571	 0.33218	 0.34690	 0.36713	 0.38526	 0.40008	 0.41110	 0.41921	 0.42126	 0.41461	 0.40435	 0.39404	 0.38545	 0.37953	 0.37496	 0.37137	 0.36743	 0.36439	 0.36384	 0.36757	 0.37589	 0.38907	 0.40503	 0.42193	 0.43814	 0.45428	 0.47764	 0.51286	 0.55346	 0.59079	 0.61962	 0.63638	 0.64486	 0.64877	 0.65000	 0.64842	 0.64400	 0.63818	 0.63166	 0.62466	 0.61870	 0.61453	 0.61146	 0.60829	 0.60495	 0.60200	 0.59718	 0.59064	 0.58283	 0.57556	 0.56768	 0.55987	 0.55377	 0.54881	 0.54615	 0.54626	 0.55124	 0.55810	 0.56456	 0.56571	 0.55838	 0.54648	 0.53187	 0.51825	 0.50500	 0.49166	 0.47984	 0.46735	 0.45917
19 	 0	0	0	0	0	0	0	0	0	0	0	0	0	0	0	0	0	0	0	0	0	0	0	0	0	0	0	0	0	0	0	0	0	0	0	0	0	0	0	0	0	0	0	0	0	0	0	0	0	0	0	0	0	0	0	0	0	0	0	0	0	0	0	0	0	0	0	0	0	0	0
24 	 0.31779	 0.31653	 0.31799	 0.32435	 0.33915	 0.35930	 0.37729	 0.39210	 0.40290	 0.41105	 0.41307	 0.40648	 0.39632	 0.38597	 0.37747	 0.37155	 0.36704	 0.36341	 0.35951	 0.35647	 0.35600	 0.35958	 0.36789	 0.38107	 0.39691	 0.41379	 0.42994	 0.44619	 0.46985	 0.50547	 0.54687	 0.58537	 0.61531	 0.63293	 0.64188	 0.64589	 0.64719	 0.64550	 0.64092	 0.63491	 0.62808	 0.62078	 0.61458	 0.61020	 0.60695	 0.60357	 0.60001	 0.59686	 0.59189	 0.58516	 0.57705	 0.56948	 0.56120	 0.55315	 0.54667	 0.54155	 0.53871	 0.53883	 0.54398	 0.55095	 0.55711	 0.55818	 0.55025	 0.53789	 0.52297	 0.50949	 0.49483	 0.48238	 0.46986	 0.45771	 0.44886
29 	 0.32059	 0.31937	 0.32111	 0.32819	 0.34400	 0.36567	 0.38524	 0.40139	 0.41339	 0.42231	 0.42466	 0.41802	 0.40753	 0.39678	 0.38798	 0.38190	 0.37730	 0.37370	 0.36979	 0.36678	 0.36654	 0.37053	 0.37955	 0.39375	 0.41088	 0.42876	 0.44596	 0.46312	 0.48767	 0.52440	 0.56697	 0.60641	 0.63717	 0.65530	 0.66459	 0.66895	 0.67054	 0.66909	 0.66462	 0.65873	 0.65214	 0.64505	 0.63891	 0.63473	 0.63160	 0.62836	 0.62491	 0.62182	 0.61698	 0.61047	 0.60229	 0.59476	 0.58639	 0.57831	 0.57181	 0.56662	 0.56379	 0.56364	 0.56857	 0.57516	 0.58055	 0.57983	 0.57008	 0.55538	 0.53829	 0.52287	 0.50709	 0.49177	 0.47863	 0.46607	 0.45528
34 	 0.31724	 0.31607	 0.31776	 0.32463	 0.34012	 0.36126	 0.38031	 0.39596	 0.40769	 0.41640	 0.41876	 0.41221	 0.40173	 0.39120	 0.38258	 0.37667	 0.37217	 0.36858	 0.36470	 0.36185	 0.36149	 0.36545	 0.37421	 0.38815	 0.40491	 0.42267	 0.43967	 0.45663	 0.48094	 0.51736	 0.55962	 0.59909	 0.62987	 0.64811	 0.65748	 0.66184	 0.66338	 0.66195	 0.65754	 0.65157	 0.64495	 0.63788	 0.63173	 0.62753	 0.62448	 0.62131	 0.61786	 0.61477	 0.60989	 0.60331	 0.59517	 0.58762	 0.57933	 0.57132	 0.56487	 0.55973	 0.55699	 0.55705	 0.56221	 0.56897	 0.57445	 0.57384	 0.56424	 0.54975	 0.53271	 0.51687	 0.50155	 0.48640	 0.47324	 0.46089	 0.45056
39 	 0.31933	 0.31829	 0.32017	 0.32764	 0.34412	 0.36625	 0.38622	 0.40262	 0.41484	 0.42391	 0.42639	 0.41963	 0.40914	 0.39831	 0.38955	 0.38355	 0.37917	 0.37561	 0.37175	 0.36884	 0.36856	 0.37275	 0.38196	 0.39650	 0.41391	 0.43216	 0.44965	 0.46712	 0.49199	 0.52918	 0.57223	 0.61238	 0.64357	 0.66197	 0.67142	 0.67576	 0.67733	 0.67579	 0.67135	 0.66549	 0.65883	 0.65169	 0.64548	 0.64134	 0.63820	 0.63507	 0.63161	 0.62846	 0.62347	 0.61688	 0.60867	 0.60106	 0.59262	 0.58439	 0.57781	 0.57258	 0.56983	 0.56995	 0.57515	 0.58201	 0.58738	 0.58602	 0.57573	 0.56017	 0.54199	 0.52503	 0.50868	 0.49319	 0.47891	 0.46675	 0.45600
44 	 0	0	0	0	0	0	0	0	0	0	0	0	0	0	0	0	0	0	0	0	0	0	0	0	0	0	0	0	0	0	0	0	0	0	0	0	0	0	0	0	0	0	0	0	0	0	0	0	0	0	0	0	0	0	0	0	0	0	0	0	0	0	0	0	0	0	0	0	0	0	0
49 	 0.31825	 0.31718	 0.31907	 0.32638	 0.34261	 0.36445	 0.38405	 0.40018	 0.41235	 0.42126	 0.42371	 0.41707	 0.40659	 0.39594	 0.38719	 0.38115	 0.37660	 0.37309	 0.36919	 0.36626	 0.36597	 0.37004	 0.37906	 0.39329	 0.41042	 0.42853	 0.44567	 0.46285	 0.48739	 0.52393	 0.56642	 0.60597	 0.63679	 0.65502	 0.66431	 0.66856	 0.67003	 0.66855	 0.66412	 0.65823	 0.65163	 0.64455	 0.63844	 0.63432	 0.63123	 0.62813	 0.62477	 0.62169	 0.61674	 0.61015	 0.60199	 0.59441	 0.58610	 0.57805	 0.57159	 0.56645	 0.56369	 0.56372	 0.56885	 0.57547	 0.58084	 0.57962	 0.56929	 0.55398	 0.53609	 0.52015	 0.50343	 0.48809	 0.47484	 0.46179	 0.45242
5 	 0.33867	 0.33852	 0.34209	 0.35346	 0.37537	 0.40389	 0.43039	 0.45241	 0.46933	 0.48175	 0.48581	 0.47894	 0.46647	 0.45349	 0.44308	 0.43632	 0.43178	 0.42834	 0.42398	 0.42013	 0.41935	 0.42420	 0.43463	 0.45088	 0.47125	 0.49321	 0.51373	 0.53234	 0.55607	 0.59035	 0.62793	 0.66139	 0.68615	 0.69955	 0.70572	 0.70883	 0.71022	 0.70969	 0.70683	 0.70324	 0.69916	 0.69446	 0.69043	 0.68803	 0.68628	 0.68427	 0.68222	 0.68040	 0.67678	 0.67167	 0.66543	 0.66002	 0.65373	 0.64709	 0.64160	 0.63727	 0.63503	 0.63521	 0.63874	 0.64247	 0.64345	 0.63603	 0.61849	 0.59506	 0.56975	 0.54623	 0.52533	 0.50581	 0.48939	 0.47443	 0.46182
10 	 0.33550	 0.33521	 0.33863	 0.34939	 0.37030	 0.39755	 0.42284	 0.44381	 0.45982	 0.47163	 0.47552	 0.46862	 0.45656	 0.44400	 0.43388	 0.42724	 0.42273	 0.41921	 0.41495	 0.41123	 0.41053	 0.41486	 0.42483	 0.44068	 0.46035	 0.48138	 0.50110	 0.51907	 0.54237	 0.57590	 0.61278	 0.64589	 0.67042	 0.68378	 0.69012	 0.69303	 0.69431	 0.69355	 0.69065	 0.68687	 0.68255	 0.67759	 0.67352	 0.67097	 0.66911	 0.66708	 0.66487	 0.66305	 0.65951	 0.65444	 0.64815	 0.64262	 0.63630	 0.62973	 0.62442	 0.62019	 0.61811	 0.61827	 0.62209	 0.62618	 0.62779	 0.62142	 0.60558	 0.58417	 0.56048	 0.53932	 0.51966	 0.50042	 0.48443	 0.47036	 0.45922
15 	 0.31054	 0.31043	 0.31412	 0.32535	 0.34693	 0.37495	 0.40094	 0.42280	 0.43945	 0.45157	 0.45545	 0.44855	 0.43621	 0.42345	 0.41328	 0.40667	 0.40212	 0.39861	 0.39438	 0.39087	 0.39027	 0.39467	 0.40495	 0.42134	 0.44160	 0.46322	 0.48331	 0.50202	 0.52611	 0.56034	 0.59825	 0.63222	 0.65735	 0.67103	 0.67751	 0.68075	 0.68211	 0.68147	 0.67873	 0.67516	 0.67092	 0.66613	 0.66218	 0.65974	 0.65805	 0.65618	 0.65405	 0.65218	 0.64872	 0.64372	 0.63751	 0.63194	 0.62537	 0.61885	 0.61352	 0.60921	 0.60703	 0.60705	 0.61080	 0.61432	 0.61446	 0.60589	 0.58803	 0.56484	 0.53933	 0.51696	 0.49475	 0.47613	 0.45902	 0.44358	 0.43276
20 	 0.31321	 0.31323	 0.31695	 0.32830	 0.35008	 0.37825	 0.40422	 0.42597	 0.44250	 0.45458	 0.45853	 0.45169	 0.43959	 0.42698	 0.41685	 0.41027	 0.40566	 0.40217	 0.39798	 0.39444	 0.39387	 0.39833	 0.40856	 0.42500	 0.44524	 0.46677	 0.48681	 0.50530	 0.52930	 0.56330	 0.60100	 0.63449	 0.65916	 0.67239	 0.67863	 0.68160	 0.68282	 0.68203	 0.67932	 0.67563	 0.67137	 0.66651	 0.66248	 0.66005	 0.65845	 0.65655	 0.65433	 0.65239	 0.64902	 0.64418	 0.63801	 0.63237	 0.62586	 0.61941	 0.61418	 0.60994	 0.60778	 0.60779	 0.61145	 0.61483	 0.61500	 0.60651	 0.58827	 0.56512	 0.54002	 0.51740	 0.49613	 0.47679	 0.46029	 0.44518	 0.43484
25 	 0.31150	 0.31138	 0.31499	 0.32580	 0.34672	 0.37379	 0.39896	 0.42000	 0.43598	 0.44770	 0.45145	 0.44467	 0.43283	 0.42041	 0.41046	 0.40392	 0.39936	 0.39595	 0.39178	 0.38830	 0.38773	 0.39194	 0.40191	 0.41781	 0.43744	 0.45835	 0.47771	 0.49585	 0.51940	 0.55278	 0.58963	 0.62241	 0.64662	 0.65966	 0.66576	 0.66879	 0.67004	 0.66934	 0.66646	 0.66285	 0.65868	 0.65388	 0.64983	 0.64737	 0.64581	 0.64384	 0.64170	 0.63995	 0.63652	 0.63168	 0.62552	 0.62004	 0.61360	 0.60726	 0.60234	 0.59830	 0.59621	 0.59626	 0.60003	 0.60350	 0.60412	 0.59694	 0.58012	 0.55825	 0.53422	 0.51306	 0.49256	 0.47351	 0.45804	 0.44436	 0.43244
30 	 0.33478	 0.33468	 0.33841	 0.34957	 0.37132	 0.39971	 0.42596	 0.44792	 0.46467	 0.47685	 0.48088	 0.47386	 0.46153	 0.44874	 0.43840	 0.43164	 0.42695	 0.42333	 0.41904	 0.41546	 0.41488	 0.41934	 0.42972	 0.44635	 0.46690	 0.48860	 0.50868	 0.52738	 0.55151	 0.58560	 0.62325	 0.65687	 0.68158	 0.69489	 0.70102	 0.70404	 0.70526	 0.70440	 0.70164	 0.69794	 0.69361	 0.68876	 0.68464	 0.68221	 0.68052	 0.67858	 0.67637	 0.67445	 0.67098	 0.66612	 0.65992	 0.65421	 0.64776	 0.64116	 0.63598	 0.63166	 0.62948	 0.62947	 0.63328	 0.63697	 0.63759	 0.63001	 0.61217	 0.58885	 0.56334	 0.54176	 0.51965	 0.50021	 0.48399	 0.46903	 0.45674
35 	 0.33854	 0.33860	 0.34255	 0.35430	 0.37707	 0.40651	 0.43376	 0.45648	 0.47388	 0.48649	 0.49057	 0.48345	 0.47086	 0.45781	 0.44725	 0.44047	 0.43566	 0.43204	 0.42764	 0.42407	 0.42350	 0.42822	 0.43903	 0.45636	 0.47761	 0.49982	 0.52059	 0.53977	 0.56432	 0.59900	 0.63728	 0.67132	 0.69624	 0.70949	 0.71562	 0.71861	 0.71981	 0.71901	 0.71622	 0.71256	 0.70827	 0.70342	 0.69931	 0.69690	 0.69528	 0.69331	 0.69108	 0.68907	 0.68563	 0.68080	 0.67460	 0.66888	 0.66237	 0.65574	 0.65048	 0.64609	 0.64383	 0.64369	 0.64749	 0.65104	 0.65117	 0.64278	 0.62430	 0.59941	 0.57316	 0.54934	 0.52694	 0.50681	 0.49016	 0.47457	 0.46293
40 	 0.34236	 0.34234	 0.34627	 0.35809	 0.38108	 0.41090	 0.43853	 0.46172	 0.47939	 0.49227	 0.49654	 0.48936	 0.47655	 0.46314	 0.45243	 0.44549	 0.44067	 0.43691	 0.43251	 0.42885	 0.42835	 0.43313	 0.44408	 0.46166	 0.48336	 0.50613	 0.52715	 0.54663	 0.57154	 0.60657	 0.64535	 0.67970	 0.70476	 0.71791	 0.72384	 0.72668	 0.72786	 0.72713	 0.72444	 0.72090	 0.71677	 0.71206	 0.70800	 0.70571	 0.70415	 0.70223	 0.70005	 0.69832	 0.69495	 0.69016	 0.68402	 0.67835	 0.67187	 0.66523	 0.65979	 0.65530	 0.65301	 0.65275	 0.65607	 0.65907	 0.65883	 0.64987	 0.63039	 0.60551	 0.57896	 0.55477	 0.53260	 0.51090	 0.49391	 0.47850	 0.46713
45 	 0	0	0	0	0	0	0	0	0	0	0	0	0	0	0	0	0	0	0	0	0	0	0	0	0	0	0	0	0	0	0	0	0	0	0	0	0	0	0	0	0	0	0	0	0	0	0	0	0	0	0	0	0	0	0	0	0	0	0	0	0	0	0	0	0	0	0	0	0	0	0
50 	 0.31274	 0.31277	 0.31658	 0.32819	 0.35044	 0.37908	 0.40578	 0.42799	 0.44510	 0.45750	 0.46149	 0.45444	 0.44189	 0.42889	 0.41855	 0.41181	 0.40706	 0.40346	 0.39917	 0.39566	 0.39513	 0.39966	 0.41021	 0.42721	 0.44811	 0.47022	 0.49075	 0.50988	 0.53447	 0.56940	 0.60815	 0.64285	 0.66847	 0.68233	 0.68892	 0.69198	 0.69329	 0.69254	 0.68983	 0.68609	 0.68183	 0.67696	 0.67279	 0.67037	 0.66872	 0.66678	 0.66457	 0.66268	 0.65917	 0.65427	 0.64793	 0.64205	 0.63539	 0.62873	 0.62334	 0.61889	 0.61658	 0.61652	 0.62012	 0.62331	 0.62292	 0.61357	 0.59504	 0.57053	 0.54448	 0.52129	 0.49923	 0.47864	 0.46164	 0.44728	 0.43492
