1 	 0.30482	 0.30593	 0.31183	 0.32582	 0.34865	 0.37618	 0.40212	 0.42132	 0.43620	 0.44729	 0.45139	 0.44554	 0.43004	 0.41218	 0.39818	 0.38796	 0.38244	 0.38029	 0.37760	 0.37481	 0.37409	 0.37770	 0.38661	 0.40030	 0.41743	 0.43800	 0.45940	 0.48065	 0.50797	 0.54299	 0.58219	 0.62190	 0.65557	 0.67891	 0.69402	 0.70352	 0.70998	 0.71279	 0.71226	 0.70932	 0.70408	 0.69689	 0.69052	 0.68550	 0.68011	 0.67488	 0.67067	 0.66811	 0.66364	 0.65557	 0.64638	 0.63742	 0.62824	 0.62050	 0.61449	 0.61017	 0.60960	 0.61308	 0.61999	 0.62635	 0.62711	 0.61684	 0.59580	 0.56882	 0.54076	 0.51475	 0.49194	 0.47143	 0.45400	 0.43970	 0.42898
6 	 0.36949	 0.37022	 0.37606	 0.39033	 0.41373	 0.44124	 0.46709	 0.48594	 0.50056	 0.51144	 0.51531	 0.50928	 0.49369	 0.47585	 0.46181	 0.45118	 0.44551	 0.44341	 0.44060	 0.43784	 0.43732	 0.44106	 0.44986	 0.46352	 0.48073	 0.50112	 0.52296	 0.54478	 0.57283	 0.60872	 0.64794	 0.68746	 0.72111	 0.74387	 0.75840	 0.76750	 0.77361	 0.77642	 0.77600	 0.77281	 0.76727	 0.75984	 0.75334	 0.74839	 0.74329	 0.73782	 0.73332	 0.73067	 0.72612	 0.71836	 0.70932	 0.70028	 0.69117	 0.68354	 0.67744	 0.67363	 0.67350	 0.67709	 0.68408	 0.69024	 0.69174	 0.68172	 0.66011	 0.63305	 0.60501	 0.57898	 0.55571	 0.53486	 0.51728	 0.50266	 0.49197
11 	 0.30340	 0.30440	 0.31043	 0.32430	 0.34682	 0.37339	 0.39835	 0.41675	 0.43106	 0.44165	 0.44552	 0.43986	 0.42496	 0.40824	 0.39500	 0.38491	 0.37956	 0.37744	 0.37480	 0.37205	 0.37153	 0.37526	 0.38380	 0.39692	 0.41374	 0.43358	 0.45448	 0.47536	 0.50195	 0.53614	 0.57434	 0.61311	 0.64623	 0.66904	 0.68351	 0.69269	 0.69877	 0.70165	 0.70154	 0.69833	 0.69254	 0.68495	 0.67822	 0.67328	 0.66840	 0.66322	 0.65885	 0.65607	 0.65146	 0.64367	 0.63440	 0.62560	 0.61661	 0.60866	 0.60232	 0.59810	 0.59785	 0.60120	 0.60782	 0.61363	 0.61483	 0.60572	 0.58569	 0.55991	 0.53253	 0.50767	 0.48533	 0.46577	 0.44948	 0.43521	 0.42419
16 	 0.37212	 0.37295	 0.37911	 0.39370	 0.41764	 0.44553	 0.47159	 0.49098	 0.50614	 0.51733	 0.52122	 0.51521	 0.49942	 0.48136	 0.46711	 0.45630	 0.45054	 0.44824	 0.44550	 0.44261	 0.44212	 0.44618	 0.45526	 0.46911	 0.48693	 0.50796	 0.53044	 0.55287	 0.58132	 0.61795	 0.65769	 0.69757	 0.73142	 0.75447	 0.76882	 0.77767	 0.78358	 0.78636	 0.78602	 0.78293	 0.77734	 0.76986	 0.76308	 0.75810	 0.75313	 0.74776	 0.74316	 0.74013	 0.73536	 0.72765	 0.71846	 0.70960	 0.70074	 0.69287	 0.68654	 0.68258	 0.68264	 0.68634	 0.69341	 0.69948	 0.70070	 0.69004	 0.66766	 0.63965	 0.61119	 0.58414	 0.56080	 0.53911	 0.52130	 0.50662	 0.49521
21 	 0.30187	 0.30298	 0.30913	 0.32337	 0.34644	 0.37356	 0.39878	 0.41744	 0.43202	 0.44281	 0.44656	 0.44087	 0.42588	 0.40884	 0.39541	 0.38553	 0.38025	 0.37771	 0.37497	 0.37214	 0.37177	 0.37582	 0.38446	 0.39771	 0.41503	 0.43527	 0.45626	 0.47717	 0.50373	 0.53816	 0.57677	 0.61572	 0.64854	 0.67126	 0.68570	 0.69478	 0.70063	 0.70341	 0.70300	 0.69998	 0.69457	 0.68703	 0.68014	 0.67513	 0.67001	 0.66485	 0.66058	 0.65761	 0.65291	 0.64524	 0.63604	 0.62752	 0.61848	 0.61026	 0.60415	 0.59994	 0.59951	 0.60273	 0.60942	 0.61539	 0.61630	 0.60657	 0.58640	 0.56022	 0.53260	 0.50723	 0.48512	 0.46491	 0.44801	 0.43376	 0.42309
26 	 0.36622	 0.36723	 0.37334	 0.38817	 0.41238	 0.44066	 0.46678	 0.48604	 0.50126	 0.51259	 0.51655	 0.51064	 0.49487	 0.47672	 0.46231	 0.45166	 0.44615	 0.44371	 0.44082	 0.43796	 0.43763	 0.44184	 0.45086	 0.46471	 0.48266	 0.50358	 0.52579	 0.54801	 0.57627	 0.61263	 0.65227	 0.69225	 0.72626	 0.74963	 0.76451	 0.77358	 0.77947	 0.78200	 0.78137	 0.77836	 0.77302	 0.76549	 0.75866	 0.75376	 0.74867	 0.74321	 0.73877	 0.73586	 0.73124	 0.72348	 0.71433	 0.70561	 0.69655	 0.68848	 0.68246	 0.67846	 0.67828	 0.68199	 0.68915	 0.69541	 0.69632	 0.68496	 0.66218	 0.63389	 0.60489	 0.57756	 0.55368	 0.53198	 0.51403	 0.49959	 0.48812
31 	 0.30290	 0.30414	 0.31033	 0.32494	 0.34859	 0.37658	 0.40270	 0.42214	 0.43737	 0.44877	 0.45282	 0.44703	 0.43144	 0.41349	 0.39945	 0.38935	 0.38413	 0.38169	 0.37888	 0.37610	 0.37584	 0.37996	 0.38874	 0.40225	 0.42002	 0.44069	 0.46222	 0.48384	 0.51113	 0.54602	 0.58473	 0.62376	 0.65660	 0.67943	 0.69407	 0.70332	 0.70944	 0.71207	 0.71164	 0.70897	 0.70389	 0.69667	 0.69012	 0.68545	 0.68041	 0.67506	 0.67085	 0.66809	 0.66362	 0.65602	 0.64700	 0.63858	 0.62965	 0.62161	 0.61573	 0.61165	 0.61147	 0.61528	 0.62247	 0.62848	 0.62876	 0.61747	 0.59579	 0.56791	 0.53901	 0.51250	 0.48942	 0.46757	 0.45006	 0.43538	 0.42462
36 	 0.37020	 0.37116	 0.37726	 0.39210	 0.41625	 0.44444	 0.47048	 0.48980	 0.50522	 0.51677	 0.52075	 0.51462	 0.49856	 0.48010	 0.46557	 0.45494	 0.44948	 0.44714	 0.44429	 0.44144	 0.44106	 0.44516	 0.45403	 0.46777	 0.48572	 0.50668	 0.52894	 0.55135	 0.57992	 0.61640	 0.65598	 0.69588	 0.72974	 0.75307	 0.76784	 0.77692	 0.78292	 0.78537	 0.78484	 0.78212	 0.77688	 0.76953	 0.76295	 0.75823	 0.75323	 0.74772	 0.74323	 0.74042	 0.73588	 0.72817	 0.71913	 0.71057	 0.70169	 0.69377	 0.68786	 0.68405	 0.68421	 0.68856	 0.69636	 0.70288	 0.70386	 0.69240	 0.66936	 0.64065	 0.61145	 0.58393	 0.55969	 0.53738	 0.51957	 0.50443	 0.49312
41 	 0.30384	 0.30483	 0.31079	 0.32501	 0.34794	 0.37498	 0.40008	 0.41863	 0.43322	 0.44417	 0.44795	 0.44206	 0.42680	 0.40932	 0.39557	 0.38569	 0.38057	 0.37814	 0.37525	 0.37237	 0.37196	 0.37591	 0.38441	 0.39747	 0.41479	 0.43500	 0.45600	 0.47711	 0.50389	 0.53813	 0.57643	 0.61519	 0.64771	 0.67034	 0.68472	 0.69371	 0.69966	 0.70214	 0.70159	 0.69877	 0.69355	 0.68618	 0.67963	 0.67493	 0.66978	 0.66443	 0.66023	 0.65746	 0.65296	 0.64520	 0.63602	 0.62763	 0.61861	 0.61033	 0.60442	 0.60027	 0.60007	 0.60388	 0.61109	 0.61739	 0.61858	 0.60889	 0.58879	 0.56263	 0.53469	 0.50968	 0.48746	 0.46748	 0.45042	 0.43650	 0.42638
46 	 0.37273	 0.37376	 0.37996	 0.39496	 0.41950	 0.44825	 0.47479	 0.49420	 0.50964	 0.52130	 0.52537	 0.51925	 0.50313	 0.48434	 0.46957	 0.45881	 0.45333	 0.45095	 0.44801	 0.44510	 0.44471	 0.44886	 0.45789	 0.47173	 0.48983	 0.51094	 0.53338	 0.55591	 0.58465	 0.62112	 0.66057	 0.70020	 0.73375	 0.75687	 0.77141	 0.78020	 0.78618	 0.78849	 0.78778	 0.78497	 0.77972	 0.77228	 0.76578	 0.76120	 0.75623	 0.75075	 0.74630	 0.74357	 0.73914	 0.73136	 0.72223	 0.71360	 0.70467	 0.69670	 0.69070	 0.68676	 0.68682	 0.69107	 0.69873	 0.70504	 0.70585	 0.69413	 0.67108	 0.64214	 0.61270	 0.58519	 0.56122	 0.53907	 0.52076	 0.50553	 0.49433
2 	 0.35137	 0.35316	 0.35989	 0.37547	 0.40131	 0.43204	 0.46030	 0.48046	 0.49565	 0.50700	 0.51115	 0.50494	 0.48875	 0.47019	 0.45578	 0.44513	 0.43946	 0.43747	 0.43509	 0.43309	 0.43358	 0.43882	 0.44989	 0.46597	 0.48495	 0.50644	 0.52879	 0.55186	 0.58341	 0.62530	 0.67111	 0.71529	 0.75107	 0.77461	 0.78921	 0.79778	 0.80322	 0.80458	 0.80222	 0.79750	 0.79080	 0.78237	 0.77484	 0.76859	 0.76198	 0.75555	 0.75016	 0.74655	 0.74113	 0.73261	 0.72329	 0.71416	 0.70505	 0.69742	 0.69137	 0.68749	 0.68736	 0.69100	 0.69755	 0.70271	 0.70121	 0.68638	 0.65965	 0.62774	 0.59553	 0.56521	 0.53900	 0.51537	 0.49657	 0.48093	 0.46825
7 	 0.29493	 0.29652	 0.30297	 0.31747	 0.34144	 0.37022	 0.39713	 0.41619	 0.43047	 0.44114	 0.44491	 0.43885	 0.42329	 0.40597	 0.39260	 0.38263	 0.37717	 0.37503	 0.37275	 0.37076	 0.37134	 0.37644	 0.38674	 0.40201	 0.42050	 0.44131	 0.46265	 0.48482	 0.51494	 0.55501	 0.59979	 0.64269	 0.67712	 0.69962	 0.71350	 0.72193	 0.72699	 0.72849	 0.72663	 0.72186	 0.71497	 0.70634	 0.69864	 0.69258	 0.68638	 0.68009	 0.67485	 0.67129	 0.66589	 0.65759	 0.64841	 0.63958	 0.63046	 0.62261	 0.61649	 0.61269	 0.61278	 0.61640	 0.62305	 0.62814	 0.62735	 0.61493	 0.59124	 0.56155	 0.53085	 0.50282	 0.47840	 0.45667	 0.43850	 0.42289	 0.41131
12 	 0.35555	 0.35719	 0.36416	 0.38005	 0.40633	 0.43727	 0.46574	 0.48596	 0.50117	 0.51251	 0.51656	 0.51032	 0.49398	 0.47556	 0.46112	 0.45008	 0.44423	 0.44219	 0.43987	 0.43779	 0.43843	 0.44401	 0.45514	 0.47133	 0.49091	 0.51274	 0.53562	 0.55929	 0.59144	 0.63422	 0.68066	 0.72518	 0.76129	 0.78484	 0.79901	 0.80732	 0.81230	 0.81355	 0.81149	 0.80652	 0.79926	 0.79024	 0.78221	 0.77601	 0.76989	 0.76339	 0.75775	 0.75396	 0.74831	 0.73979	 0.73032	 0.72130	 0.71242	 0.70450	 0.69807	 0.69435	 0.69468	 0.69859	 0.70524	 0.70990	 0.70836	 0.69331	 0.66606	 0.63368	 0.60087	 0.57006	 0.54306	 0.51960	 0.50002	 0.48422	 0.47190
17 	 0.29670	 0.29853	 0.30532	 0.32032	 0.34501	 0.37466	 0.40229	 0.42219	 0.43728	 0.44865	 0.45277	 0.44671	 0.43038	 0.41199	 0.39787	 0.38755	 0.38195	 0.37944	 0.37707	 0.37488	 0.37548	 0.38092	 0.39159	 0.40714	 0.42636	 0.44801	 0.47030	 0.49355	 0.52475	 0.56644	 0.61267	 0.65695	 0.69231	 0.71548	 0.72945	 0.73773	 0.74249	 0.74379	 0.74172	 0.73701	 0.73004	 0.72129	 0.71317	 0.70679	 0.70044	 0.69400	 0.68858	 0.68464	 0.67893	 0.67055	 0.66112	 0.65247	 0.64355	 0.63546	 0.62928	 0.62545	 0.62587	 0.62995	 0.63713	 0.64272	 0.64173	 0.62795	 0.60238	 0.57067	 0.53822	 0.50886	 0.48289	 0.46055	 0.44139	 0.42527	 0.41342
22 	 0.35671	 0.35854	 0.36559	 0.38178	 0.40847	 0.43977	 0.46839	 0.48895	 0.50467	 0.51642	 0.52054	 0.51433	 0.49762	 0.47854	 0.46372	 0.45276	 0.44701	 0.44455	 0.44208	 0.43999	 0.44081	 0.44661	 0.45778	 0.47401	 0.49394	 0.51615	 0.53932	 0.56328	 0.59568	 0.63885	 0.68577	 0.73085	 0.76717	 0.79111	 0.80563	 0.81398	 0.81888	 0.82001	 0.81766	 0.81288	 0.80588	 0.79698	 0.78881	 0.78253	 0.77617	 0.76957	 0.76393	 0.75986	 0.75411	 0.74560	 0.73611	 0.72725	 0.71811	 0.70997	 0.70382	 0.70003	 0.70028	 0.70430	 0.71135	 0.71640	 0.71456	 0.69862	 0.67049	 0.63700	 0.60337	 0.57197	 0.54514	 0.52095	 0.50107	 0.48500	 0.47331
27 	 0.29092	 0.29276	 0.29949	 0.31475	 0.33973	 0.36945	 0.39668	 0.41608	 0.43082	 0.44191	 0.44580	 0.43981	 0.42402	 0.40609	 0.39213	 0.38203	 0.37666	 0.37413	 0.37163	 0.36946	 0.37014	 0.37559	 0.38607	 0.40134	 0.42039	 0.44154	 0.46305	 0.48550	 0.51564	 0.55583	 0.60053	 0.64342	 0.67770	 0.70035	 0.71425	 0.72243	 0.72732	 0.72843	 0.72615	 0.72154	 0.71482	 0.70617	 0.69825	 0.69223	 0.68599	 0.67965	 0.67440	 0.67063	 0.66526	 0.65698	 0.64759	 0.63905	 0.63004	 0.62184	 0.61591	 0.61198	 0.61196	 0.61578	 0.62288	 0.62832	 0.62724	 0.61399	 0.58985	 0.55940	 0.52802	 0.49973	 0.47539	 0.45324	 0.43468	 0.41901	 0.40744
32 	 0.35673	 0.35845	 0.36527	 0.38112	 0.40731	 0.43819	 0.46630	 0.48644	 0.50191	 0.51351	 0.51751	 0.51129	 0.49491	 0.47612	 0.46145	 0.45074	 0.44516	 0.44275	 0.44018	 0.43800	 0.43873	 0.44441	 0.45537	 0.47136	 0.49109	 0.51293	 0.53564	 0.55922	 0.59104	 0.63324	 0.67929	 0.72359	 0.75930	 0.78301	 0.79756	 0.80609	 0.81129	 0.81239	 0.81007	 0.80551	 0.79868	 0.78992	 0.78198	 0.77598	 0.76977	 0.76328	 0.75786	 0.75403	 0.74857	 0.74015	 0.73063	 0.72175	 0.71254	 0.70441	 0.69832	 0.69443	 0.69450	 0.69855	 0.70571	 0.71074	 0.70926	 0.69423	 0.66727	 0.63494	 0.60236	 0.57205	 0.54531	 0.52168	 0.50273	 0.48618	 0.47444
37 	 0.29494	 0.29673	 0.30354	 0.31895	 0.34425	 0.37451	 0.40244	 0.42253	 0.43790	 0.44949	 0.45352	 0.44723	 0.43067	 0.41184	 0.39739	 0.38704	 0.38161	 0.37910	 0.37656	 0.37437	 0.37505	 0.38056	 0.39120	 0.40670	 0.42617	 0.44792	 0.47021	 0.49346	 0.52466	 0.56595	 0.61183	 0.65592	 0.69105	 0.71436	 0.72863	 0.73705	 0.74204	 0.74305	 0.74085	 0.73646	 0.72984	 0.72129	 0.71346	 0.70750	 0.70119	 0.69466	 0.68929	 0.68551	 0.68003	 0.67155	 0.66207	 0.65350	 0.64445	 0.63626	 0.63033	 0.62651	 0.62692	 0.63138	 0.63890	 0.64444	 0.64293	 0.62831	 0.60250	 0.57059	 0.53781	 0.50812	 0.48216	 0.45893	 0.44024	 0.42448	 0.41238
42 	 0.35695	 0.35873	 0.36559	 0.38152	 0.40773	 0.43848	 0.46630	 0.48613	 0.50130	 0.51267	 0.51658	 0.51030	 0.49414	 0.47567	 0.46122	 0.45071	 0.44529	 0.44294	 0.44041	 0.43828	 0.43900	 0.44468	 0.45557	 0.47138	 0.49093	 0.51259	 0.53511	 0.55841	 0.58990	 0.63174	 0.67748	 0.72154	 0.75708	 0.78061	 0.79496	 0.80324	 0.80825	 0.80918	 0.80672	 0.80207	 0.79520	 0.78644	 0.77860	 0.77268	 0.76655	 0.75997	 0.75453	 0.75080	 0.74539	 0.73692	 0.72737	 0.71857	 0.70947	 0.70130	 0.69524	 0.69136	 0.69149	 0.69565	 0.70276	 0.70783	 0.70626	 0.69139	 0.66488	 0.63257	 0.60015	 0.56965	 0.54338	 0.51989	 0.50088	 0.48514	 0.47310
47 	 0.30533	 0.30712	 0.31389	 0.32940	 0.35491	 0.38555	 0.41391	 0.43436	 0.45004	 0.46205	 0.46633	 0.45994	 0.44303	 0.42363	 0.40877	 0.39822	 0.39276	 0.39035	 0.38785	 0.38564	 0.38629	 0.39184	 0.40258	 0.41834	 0.43813	 0.46024	 0.48298	 0.50680	 0.53876	 0.58073	 0.62704	 0.67166	 0.70720	 0.73080	 0.74520	 0.75369	 0.75886	 0.75985	 0.75757	 0.75327	 0.74668	 0.73806	 0.73032	 0.72435	 0.71795	 0.71126	 0.70590	 0.70219	 0.69669	 0.68804	 0.67842	 0.66972	 0.66061	 0.65228	 0.64626	 0.64240	 0.64292	 0.64777	 0.65571	 0.66142	 0.65972	 0.64446	 0.61766	 0.58492	 0.55125	 0.52053	 0.49426	 0.47072	 0.45151	 0.43572	 0.42348
3 	 0.34682	 0.34796	 0.35346	 0.36663	 0.38878	 0.41473	 0.43692	 0.45156	 0.46223	 0.46935	 0.47097	 0.46453	 0.45164	 0.43837	 0.42809	 0.42012	 0.41566	 0.41389	 0.41210	 0.41130	 0.41319	 0.41950	 0.43090	 0.44635	 0.46327	 0.48093	 0.49882	 0.51890	 0.54969	 0.59338	 0.64132	 0.68306	 0.71315	 0.73077	 0.74107	 0.74699	 0.75014	 0.74937	 0.74481	 0.73770	 0.72894	 0.71897	 0.71021	 0.70291	 0.69539	 0.68808	 0.68168	 0.67692	 0.67082	 0.66227	 0.65331	 0.64471	 0.63591	 0.62859	 0.62274	 0.61844	 0.61721	 0.61930	 0.62455	 0.62981	 0.63180	 0.62534	 0.60933	 0.58778	 0.56477	 0.54346	 0.52416	 0.50620	 0.49102	 0.47828	 0.46894
8 	 0.41065	 0.41211	 0.41835	 0.43310	 0.45799	 0.48665	 0.51104	 0.52714	 0.53903	 0.54700	 0.54878	 0.54202	 0.52831	 0.51419	 0.50312	 0.49420	 0.48944	 0.48791	 0.48636	 0.48583	 0.48835	 0.49576	 0.50847	 0.52548	 0.54408	 0.56320	 0.58299	 0.60516	 0.63929	 0.68732	 0.73851	 0.78264	 0.81453	 0.83285	 0.84325	 0.84905	 0.85198	 0.85098	 0.84630	 0.83867	 0.82926	 0.81867	 0.80938	 0.80192	 0.79460	 0.78692	 0.77999	 0.77501	 0.76851	 0.75976	 0.75052	 0.74165	 0.73288	 0.72541	 0.71918	 0.71504	 0.71413	 0.71648	 0.72169	 0.72602	 0.72664	 0.71673	 0.69581	 0.66971	 0.64310	 0.61792	 0.59562	 0.57439	 0.55653	 0.54234	 0.53117
13 	 0.35045	 0.35191	 0.35802	 0.37196	 0.39521	 0.42208	 0.44487	 0.46003	 0.47125	 0.47860	 0.48022	 0.47385	 0.46091	 0.44777	 0.43742	 0.42914	 0.42465	 0.42289	 0.42125	 0.42048	 0.42262	 0.42951	 0.44135	 0.45712	 0.47478	 0.49297	 0.51137	 0.53207	 0.56342	 0.60777	 0.65580	 0.69753	 0.72762	 0.74527	 0.75516	 0.76079	 0.76366	 0.76287	 0.75855	 0.75131	 0.74217	 0.73189	 0.72282	 0.71564	 0.70870	 0.70151	 0.69506	 0.69013	 0.68387	 0.67543	 0.66627	 0.65793	 0.64962	 0.64206	 0.63584	 0.63153	 0.63054	 0.63257	 0.63751	 0.64182	 0.64277	 0.63524	 0.61812	 0.59497	 0.57074	 0.54827	 0.52815	 0.50972	 0.49385	 0.48019	 0.47011
18 	 0	0	0	0	0	0	0	0	0	0	0	0	0	0	0	0	0	0	0	0	0	0	0	0	0	0	0	0	0	0	0	0	0	0	0	0	0	0	0	0	0	0	0	0	0	0	0	0	0	0	0	0	0	0	0	0	0	0	0	0	0	0	0	0	0	0	0	0	0	0	0
23 	 0.34763	 0.34911	 0.35513	 0.36918	 0.39267	 0.41983	 0.44271	 0.45805	 0.46953	 0.47717	 0.47878	 0.47236	 0.45922	 0.44572	 0.43517	 0.42706	 0.42270	 0.42067	 0.41899	 0.41827	 0.42058	 0.42768	 0.43958	 0.45545	 0.47350	 0.49192	 0.51038	 0.53118	 0.56260	 0.60713	 0.65571	 0.69791	 0.72832	 0.74647	 0.75692	 0.76278	 0.76570	 0.76481	 0.76035	 0.75329	 0.74445	 0.73426	 0.72509	 0.71791	 0.71075	 0.70359	 0.69716	 0.69213	 0.68589	 0.67748	 0.66835	 0.66018	 0.65156	 0.64378	 0.63790	 0.63351	 0.63243	 0.63463	 0.64004	 0.64491	 0.64592	 0.63775	 0.62013	 0.59658	 0.57195	 0.54893	 0.52855	 0.50895	 0.49308	 0.47918	 0.46939
28 	 0.41520	 0.41692	 0.42335	 0.43857	 0.46424	 0.49380	 0.51860	 0.53526	 0.54789	 0.55645	 0.55842	 0.55171	 0.53758	 0.52271	 0.51103	 0.50204	 0.49742	 0.49556	 0.49395	 0.49339	 0.49607	 0.50386	 0.51683	 0.53403	 0.55343	 0.57314	 0.59344	 0.61629	 0.65087	 0.69955	 0.75138	 0.79634	 0.82880	 0.84793	 0.85871	 0.86458	 0.86760	 0.86644	 0.86158	 0.85432	 0.84515	 0.83458	 0.82523	 0.81800	 0.81063	 0.80298	 0.79613	 0.79094	 0.78442	 0.77567	 0.76630	 0.75764	 0.74884	 0.74093	 0.73482	 0.73058	 0.72967	 0.73229	 0.73794	 0.74249	 0.74272	 0.73154	 0.70972	 0.68253	 0.65491	 0.62862	 0.60484	 0.58291	 0.56460	 0.54980	 0.53803
33 	 0.33738	 0.33875	 0.34460	 0.35840	 0.38121	 0.40758	 0.42982	 0.44467	 0.45578	 0.46324	 0.46486	 0.45850	 0.44562	 0.43238	 0.42199	 0.41414	 0.40998	 0.40794	 0.40619	 0.40535	 0.40746	 0.41425	 0.42566	 0.44092	 0.45842	 0.47628	 0.49412	 0.51417	 0.54451	 0.58747	 0.63450	 0.67566	 0.70538	 0.72333	 0.73374	 0.73976	 0.74295	 0.74210	 0.73773	 0.73100	 0.72238	 0.71239	 0.70350	 0.69663	 0.68967	 0.68256	 0.67643	 0.67175	 0.66582	 0.65745	 0.64838	 0.64026	 0.63166	 0.62384	 0.61800	 0.61354	 0.61237	 0.61461	 0.62017	 0.62542	 0.62705	 0.61988	 0.60374	 0.58189	 0.55834	 0.53625	 0.51693	 0.49823	 0.48281	 0.46949	 0.45941
38 	 0.41398	 0.41541	 0.42149	 0.43615	 0.46078	 0.48896	 0.51249	 0.52814	 0.53993	 0.54790	 0.54961	 0.54290	 0.52910	 0.51467	 0.50335	 0.49466	 0.49016	 0.48833	 0.48658	 0.48591	 0.48832	 0.49567	 0.50793	 0.52424	 0.54267	 0.56135	 0.58052	 0.60220	 0.63508	 0.68119	 0.73013	 0.77234	 0.80249	 0.82019	 0.83018	 0.83567	 0.83858	 0.83741	 0.83274	 0.82594	 0.81735	 0.80731	 0.79849	 0.79173	 0.78476	 0.77741	 0.77107	 0.76633	 0.76028	 0.75189	 0.74288	 0.73477	 0.72641	 0.71884	 0.71310	 0.70905	 0.70825	 0.71097	 0.71675	 0.72183	 0.72314	 0.71404	 0.69458	 0.66964	 0.64442	 0.62021	 0.59824	 0.57745	 0.56074	 0.54658	 0.53525
43 	 0.34736	 0.34870	 0.35457	 0.36841	 0.39153	 0.41826	 0.44068	 0.45557	 0.46674	 0.47432	 0.47593	 0.46942	 0.45625	 0.44254	 0.43187	 0.42383	 0.41965	 0.41764	 0.41578	 0.41491	 0.41702	 0.42394	 0.43546	 0.45084	 0.46856	 0.48659	 0.50466	 0.52504	 0.55577	 0.59898	 0.64617	 0.68747	 0.71714	 0.73495	 0.74522	 0.75104	 0.75413	 0.75307	 0.74853	 0.74180	 0.73316	 0.72313	 0.71438	 0.70761	 0.70063	 0.69346	 0.68723	 0.68261	 0.67668	 0.66821	 0.65910	 0.65105	 0.64254	 0.63472	 0.62895	 0.62460	 0.62355	 0.62607	 0.63157	 0.63658	 0.63814	 0.63102	 0.61456	 0.59217	 0.56853	 0.54633	 0.52679	 0.50845	 0.49316	 0.47963	 0.46974
48 	 0.40547	 0.40668	 0.41240	 0.42635	 0.44960	 0.47613	 0.49823	 0.51285	 0.52393	 0.53137	 0.53282	 0.52609	 0.51278	 0.49904	 0.48824	 0.47995	 0.47567	 0.47377	 0.47189	 0.47100	 0.47309	 0.48003	 0.49161	 0.50709	 0.52468	 0.54257	 0.56093	 0.58168	 0.61330	 0.65778	 0.70570	 0.74759	 0.77788	 0.79588	 0.80606	 0.81163	 0.81464	 0.81345	 0.80873	 0.80184	 0.79306	 0.78297	 0.77425	 0.76752	 0.76067	 0.75339	 0.74698	 0.74225	 0.73629	 0.72777	 0.71869	 0.71051	 0.70204	 0.69439	 0.68857	 0.68428	 0.68338	 0.68611	 0.69189	 0.69695	 0.69863	 0.69083	 0.67351	 0.65042	 0.62643	 0.60372	 0.58375	 0.56405	 0.54891	 0.53528	 0.52523
4 	 0.34877	 0.35112	 0.35881	 0.37612	 0.40497	 0.43892	 0.46930	 0.49023	 0.50568	 0.51724	 0.52155	 0.51559	 0.49983	 0.48185	 0.46789	 0.45745	 0.45185	 0.44997	 0.44792	 0.44657	 0.44814	 0.45480	 0.46758	 0.48551	 0.50604	 0.52832	 0.55134	 0.57546	 0.60939	 0.65572	 0.70646	 0.75392	 0.79096	 0.81429	 0.82829	 0.83632	 0.84104	 0.84172	 0.83839	 0.83224	 0.82406	 0.81435	 0.80581	 0.79883	 0.79170	 0.78452	 0.77831	 0.77395	 0.76786	 0.75885	 0.74893	 0.73899	 0.72909	 0.72087	 0.71426	 0.70989	 0.70902	 0.71180	 0.71721	 0.72036	 0.71664	 0.69887	 0.66908	 0.63451	 0.59997	 0.56751	 0.53856	 0.51406	 0.49392	 0.47706	 0.46396
9 	 0.29114	 0.29348	 0.30135	 0.31863	 0.34740	 0.38170	 0.41276	 0.43425	 0.45018	 0.46217	 0.46685	 0.46107	 0.44496	 0.42663	 0.41242	 0.40178	 0.39609	 0.39404	 0.39203	 0.39065	 0.39239	 0.39936	 0.41220	 0.43032	 0.45146	 0.47442	 0.49789	 0.52262	 0.55699	 0.60354	 0.65506	 0.70302	 0.74021	 0.76359	 0.77751	 0.78564	 0.79037	 0.79115	 0.78825	 0.78209	 0.77369	 0.76381	 0.75506	 0.74813	 0.74128	 0.73422	 0.72802	 0.72356	 0.71736	 0.70830	 0.69825	 0.68850	 0.67873	 0.67029	 0.66345	 0.65902	 0.65851	 0.66143	 0.66688	 0.66973	 0.66515	 0.64680	 0.61650	 0.58089	 0.54476	 0.51184	 0.48378	 0.45906	 0.43852	 0.42146	 0.40826
14 	 0.35271	 0.35515	 0.36320	 0.38089	 0.41033	 0.44498	 0.47605	 0.49759	 0.51369	 0.52589	 0.53063	 0.52484	 0.50857	 0.48990	 0.47531	 0.46433	 0.45855	 0.45649	 0.45446	 0.45299	 0.45469	 0.46181	 0.47491	 0.49317	 0.51457	 0.53769	 0.56171	 0.58704	 0.62213	 0.66977	 0.72161	 0.77003	 0.80812	 0.83219	 0.84627	 0.85423	 0.85884	 0.85955	 0.85655	 0.85049	 0.84208	 0.83213	 0.82322	 0.81625	 0.80953	 0.80244	 0.79611	 0.79155	 0.78522	 0.77620	 0.76604	 0.75626	 0.74665	 0.73817	 0.73113	 0.72682	 0.72646	 0.72949	 0.73502	 0.73793	 0.73337	 0.71412	 0.68220	 0.64545	 0.60872	 0.57511	 0.54552	 0.51951	 0.49840	 0.48132	 0.46811
19 	 0.28837	 0.29093	 0.29890	 0.31616	 0.34464	 0.37836	 0.40873	 0.43008	 0.44609	 0.45807	 0.46252	 0.45676	 0.44079	 0.42271	 0.40873	 0.39854	 0.39316	 0.39085	 0.38883	 0.38733	 0.38905	 0.39610	 0.40878	 0.42650	 0.44760	 0.47046	 0.49372	 0.51814	 0.55183	 0.59786	 0.64901	 0.69693	 0.73420	 0.75813	 0.77244	 0.78070	 0.78531	 0.78607	 0.78306	 0.77712	 0.76906	 0.75922	 0.75023	 0.74317	 0.73627	 0.72928	 0.72309	 0.71844	 0.71221	 0.70321	 0.69301	 0.68350	 0.67380	 0.66501	 0.65822	 0.65367	 0.65311	 0.65603	 0.66177	 0.66500	 0.66038	 0.64201	 0.61177	 0.57633	 0.54054	 0.50772	 0.47959	 0.45487	 0.43450	 0.41729	 0.40393
24 	 0.34528	 0.34780	 0.35573	 0.37330	 0.40247	 0.43661	 0.46699	 0.48816	 0.50417	 0.51615	 0.52056	 0.51475	 0.49884	 0.48061	 0.46639	 0.45588	 0.45043	 0.44817	 0.44611	 0.44464	 0.44648	 0.45364	 0.46648	 0.48446	 0.50570	 0.52854	 0.55202	 0.57667	 0.61080	 0.65739	 0.70846	 0.75629	 0.79379	 0.81785	 0.83216	 0.84026	 0.84488	 0.84549	 0.84228	 0.83637	 0.82823	 0.81829	 0.80938	 0.80261	 0.79575	 0.78871	 0.78252	 0.77790	 0.77170	 0.76275	 0.75269	 0.74312	 0.73337	 0.72466	 0.71792	 0.71349	 0.71282	 0.71571	 0.72130	 0.72431	 0.71966	 0.70044	 0.66922	 0.63317	 0.59714	 0.56398	 0.53443	 0.50895	 0.48859	 0.47140	 0.45847
29 	 0.29834	 0.30093	 0.30895	 0.32670	 0.35606	 0.39099	 0.42221	 0.44385	 0.46002	 0.47246	 0.47728	 0.47153	 0.45515	 0.43617	 0.42141	 0.41082	 0.40533	 0.40289	 0.40069	 0.39921	 0.40104	 0.40820	 0.42106	 0.43909	 0.46069	 0.48386	 0.50740	 0.53228	 0.56640	 0.61242	 0.66314	 0.71047	 0.74709	 0.77046	 0.78434	 0.79231	 0.79686	 0.79728	 0.79412	 0.78845	 0.78059	 0.77093	 0.76225	 0.75559	 0.74874	 0.74176	 0.73580	 0.73141	 0.72530	 0.71641	 0.70649	 0.69721	 0.68756	 0.67893	 0.67246	 0.66809	 0.66761	 0.67088	 0.67678	 0.67982	 0.67479	 0.65544	 0.62438	 0.58813	 0.55170	 0.51839	 0.48971	 0.46423	 0.44383	 0.42685	 0.41414
34 	 0.34717	 0.34976	 0.35796	 0.37641	 0.40723	 0.44362	 0.47624	 0.49911	 0.51637	 0.52958	 0.53465	 0.52858	 0.51124	 0.49101	 0.47531	 0.46399	 0.45820	 0.45585	 0.45360	 0.45211	 0.45403	 0.46157	 0.47502	 0.49392	 0.51647	 0.54070	 0.56577	 0.59222	 0.62869	 0.67793	 0.73139	 0.78147	 0.82045	 0.84537	 0.86018	 0.86843	 0.87320	 0.87360	 0.87017	 0.86432	 0.85623	 0.84628	 0.83738	 0.83051	 0.82348	 0.81606	 0.80963	 0.80501	 0.79874	 0.78952	 0.77926	 0.76948	 0.75958	 0.75076	 0.74399	 0.73965	 0.73936	 0.74293	 0.74904	 0.75191	 0.74611	 0.72403	 0.68955	 0.65030	 0.61146	 0.57544	 0.54485	 0.51831	 0.49624	 0.47828	 0.46502
39 	 0.29104	 0.29362	 0.30157	 0.31913	 0.34817	 0.38262	 0.41340	 0.43478	 0.45079	 0.46299	 0.46768	 0.46196	 0.44588	 0.42728	 0.41284	 0.40252	 0.39718	 0.39484	 0.39264	 0.39116	 0.39296	 0.40005	 0.41276	 0.43059	 0.45195	 0.47483	 0.49802	 0.52254	 0.55631	 0.60202	 0.65261	 0.70001	 0.73674	 0.76035	 0.77446	 0.78253	 0.78722	 0.78766	 0.78444	 0.77870	 0.77074	 0.76104	 0.75235	 0.74571	 0.73886	 0.73181	 0.72581	 0.72137	 0.71535	 0.70640	 0.69638	 0.68708	 0.67738	 0.66860	 0.66209	 0.65761	 0.65702	 0.66029	 0.66630	 0.66958	 0.66488	 0.64604	 0.61558	 0.57984	 0.54398	 0.51090	 0.48268	 0.45777	 0.43771	 0.42037	 0.40703
44 	 0.35000	 0.35233	 0.36010	 0.37771	 0.40682	 0.44092	 0.47110	 0.49198	 0.50776	 0.51977	 0.52416	 0.51814	 0.50211	 0.48362	 0.46917	 0.45864	 0.45326	 0.45109	 0.44882	 0.44727	 0.44892	 0.45595	 0.46863	 0.48636	 0.50753	 0.53019	 0.55353	 0.57818	 0.61230	 0.65856	 0.70926	 0.75689	 0.79413	 0.81803	 0.83222	 0.84023	 0.84494	 0.84530	 0.84190	 0.83611	 0.82814	 0.81843	 0.80985	 0.80325	 0.79649	 0.78940	 0.78335	 0.77905	 0.77308	 0.76406	 0.75396	 0.74446	 0.73469	 0.72598	 0.71938	 0.71496	 0.71433	 0.71767	 0.72370	 0.72693	 0.72271	 0.70402	 0.67333	 0.63790	 0.60238	 0.56915	 0.54049	 0.51554	 0.49521	 0.47822	 0.46584
49 	 0.35097	 0.35358	 0.36185	 0.38038	 0.41107	 0.44699	 0.47873	 0.50076	 0.51734	 0.52987	 0.53449	 0.52838	 0.51181	 0.49258	 0.47762	 0.46672	 0.46123	 0.45917	 0.45701	 0.45554	 0.45736	 0.46475	 0.47787	 0.49623	 0.51804	 0.54137	 0.56544	 0.59065	 0.62552	 0.67247	 0.72335	 0.77093	 0.80802	 0.83185	 0.84604	 0.85404	 0.85882	 0.85919	 0.85586	 0.85022	 0.84235	 0.83266	 0.82416	 0.81769	 0.81110	 0.80396	 0.79774	 0.79341	 0.78757	 0.77854	 0.76848	 0.75897	 0.74931	 0.74071	 0.73408	 0.72963	 0.72908	 0.73239	 0.73817	 0.74072	 0.73497	 0.71397	 0.68119	 0.64374	 0.60650	 0.57213	 0.54221	 0.51622	 0.49517	 0.47783	 0.46448
5 	 0.28355	 0.28495	 0.29138	 0.30589	 0.32898	 0.35600	 0.38137	 0.39994	 0.41427	 0.42497	 0.42894	 0.42344	 0.40877	 0.39204	 0.37894	 0.36924	 0.36399	 0.36191	 0.35928	 0.35646	 0.35574	 0.35892	 0.36688	 0.37946	 0.39566	 0.41526	 0.43576	 0.45601	 0.48142	 0.51348	 0.54964	 0.58676	 0.61877	 0.64114	 0.65582	 0.66522	 0.67148	 0.67466	 0.67464	 0.67185	 0.66670	 0.65965	 0.65343	 0.64872	 0.64375	 0.63866	 0.63475	 0.63234	 0.62797	 0.62037	 0.61148	 0.60271	 0.59357	 0.58582	 0.57986	 0.57581	 0.57538	 0.57868	 0.58535	 0.59116	 0.59180	 0.58200	 0.56193	 0.53557	 0.50791	 0.48298	 0.46093	 0.44127	 0.42404	 0.41003	 0.39898
10 	 0.34655	 0.34788	 0.35460	 0.37004	 0.39495	 0.42364	 0.45040	 0.47016	 0.48562	 0.49713	 0.50134	 0.49554	 0.47986	 0.46196	 0.44777	 0.43698	 0.43142	 0.42956	 0.42700	 0.42418	 0.42350	 0.42707	 0.43555	 0.44893	 0.46612	 0.48683	 0.50901	 0.53092	 0.55850	 0.59300	 0.63046	 0.66869	 0.70208	 0.72526	 0.74011	 0.74944	 0.75578	 0.75890	 0.75902	 0.75623	 0.75092	 0.74360	 0.73717	 0.73246	 0.72768	 0.72249	 0.71815	 0.71557	 0.71110	 0.70334	 0.69424	 0.68535	 0.67634	 0.66859	 0.66239	 0.65849	 0.65861	 0.66235	 0.66922	 0.67466	 0.67459	 0.66253	 0.63872	 0.60960	 0.57956	 0.55197	 0.52807	 0.50592	 0.48805	 0.47303	 0.46194
15 	 0.27265	 0.27408	 0.28066	 0.29505	 0.31772	 0.34377	 0.36805	 0.38618	 0.40029	 0.41056	 0.41431	 0.40888	 0.39472	 0.37881	 0.36626	 0.35693	 0.35202	 0.34979	 0.34722	 0.34434	 0.34360	 0.34702	 0.35483	 0.36694	 0.38297	 0.40220	 0.42223	 0.44204	 0.46667	 0.49825	 0.53404	 0.57092	 0.60287	 0.62549	 0.64001	 0.64939	 0.65559	 0.65879	 0.65897	 0.65622	 0.65092	 0.64365	 0.63706	 0.63224	 0.62747	 0.62255	 0.61842	 0.61572	 0.61131	 0.60369	 0.59442	 0.58589	 0.57705	 0.56893	 0.56264	 0.55836	 0.55804	 0.56131	 0.56795	 0.57383	 0.57466	 0.56560	 0.54649	 0.52128	 0.49408	 0.46908	 0.44822	 0.42832	 0.41187	 0.39801	 0.38773
20 	 0.34512	 0.34662	 0.35344	 0.36888	 0.39359	 0.42188	 0.44799	 0.46738	 0.48267	 0.49407	 0.49813	 0.49254	 0.47721	 0.45952	 0.44553	 0.43516	 0.42972	 0.42738	 0.42467	 0.42178	 0.42122	 0.42501	 0.43343	 0.44653	 0.46373	 0.48429	 0.50617	 0.52777	 0.55478	 0.58917	 0.62659	 0.66485	 0.69813	 0.72157	 0.73664	 0.74608	 0.75221	 0.75520	 0.75509	 0.75229	 0.74709	 0.73975	 0.73305	 0.72829	 0.72344	 0.71829	 0.71400	 0.71120	 0.70666	 0.69905	 0.68986	 0.68110	 0.67209	 0.66400	 0.65788	 0.65393	 0.65374	 0.65725	 0.66430	 0.67028	 0.67051	 0.65879	 0.63588	 0.60711	 0.57765	 0.55029	 0.52648	 0.50522	 0.48740	 0.47248	 0.46160
25 	 0.28372	 0.28521	 0.29173	 0.30648	 0.32994	 0.35723	 0.38259	 0.40148	 0.41640	 0.42763	 0.43165	 0.42600	 0.41082	 0.39348	 0.37987	 0.37006	 0.36500	 0.36260	 0.35984	 0.35691	 0.35632	 0.35992	 0.36791	 0.38044	 0.39727	 0.41736	 0.43830	 0.45913	 0.48504	 0.51772	 0.55421	 0.59161	 0.62366	 0.64635	 0.66100	 0.67030	 0.67636	 0.67920	 0.67914	 0.67674	 0.67193	 0.66491	 0.65851	 0.65394	 0.64907	 0.64402	 0.64004	 0.63741	 0.63301	 0.62545	 0.61641	 0.60811	 0.59920	 0.59109	 0.58527	 0.58130	 0.58126	 0.58509	 0.59250	 0.59889	 0.59964	 0.58926	 0.56848	 0.54129	 0.51274	 0.48684	 0.46461	 0.44410	 0.42691	 0.41261	 0.40207
30 	 0.33436	 0.33584	 0.34247	 0.35773	 0.38201	 0.40983	 0.43543	 0.45447	 0.46960	 0.48082	 0.48477	 0.47904	 0.46392	 0.44652	 0.43272	 0.42266	 0.41759	 0.41535	 0.41257	 0.40972	 0.40917	 0.41289	 0.42107	 0.43382	 0.45084	 0.47103	 0.49234	 0.51349	 0.53994	 0.57337	 0.60994	 0.64747	 0.68003	 0.70303	 0.71782	 0.72698	 0.73307	 0.73572	 0.73541	 0.73280	 0.72771	 0.72052	 0.71407	 0.70954	 0.70475	 0.69961	 0.69551	 0.69289	 0.68852	 0.68088	 0.67180	 0.66327	 0.65429	 0.64627	 0.64035	 0.63628	 0.63606	 0.63981	 0.64696	 0.65291	 0.65318	 0.64173	 0.61956	 0.59159	 0.56242	 0.53557	 0.51211	 0.49138	 0.47434	 0.45920	 0.44817
35 	 0.28082	 0.28226	 0.28872	 0.30336	 0.32649	 0.35337	 0.37827	 0.39673	 0.41130	 0.42230	 0.42634	 0.42087	 0.40615	 0.38918	 0.37586	 0.36634	 0.36137	 0.35899	 0.35620	 0.35331	 0.35268	 0.35617	 0.36401	 0.37633	 0.39291	 0.41257	 0.43307	 0.45345	 0.47875	 0.51080	 0.54690	 0.58423	 0.61649	 0.63952	 0.65444	 0.66393	 0.67015	 0.67293	 0.67271	 0.67017	 0.66511	 0.65788	 0.65135	 0.64674	 0.64176	 0.63665	 0.63264	 0.63000	 0.62556	 0.61781	 0.60855	 0.60004	 0.59095	 0.58261	 0.57666	 0.57242	 0.57203	 0.57570	 0.58291	 0.58909	 0.58970	 0.57962	 0.55952	 0.53282	 0.50470	 0.47946	 0.45779	 0.43744	 0.42064	 0.40656	 0.39639
40 	 0.34662	 0.34795	 0.35439	 0.36944	 0.39345	 0.42116	 0.44676	 0.46573	 0.48083	 0.49225	 0.49621	 0.49026	 0.47470	 0.45673	 0.44261	 0.43232	 0.42711	 0.42490	 0.42210	 0.41917	 0.41853	 0.42214	 0.43025	 0.44302	 0.46001	 0.48028	 0.50195	 0.52348	 0.55049	 0.58437	 0.62126	 0.65906	 0.69180	 0.71489	 0.72967	 0.73884	 0.74512	 0.74785	 0.74767	 0.74539	 0.74047	 0.73337	 0.72707	 0.72258	 0.71771	 0.71242	 0.70821	 0.70569	 0.70141	 0.69377	 0.68464	 0.67606	 0.66711	 0.65909	 0.65325	 0.64937	 0.64947	 0.65373	 0.66168	 0.66849	 0.66963	 0.65862	 0.63632	 0.60850	 0.57937	 0.55281	 0.52934	 0.50803	 0.49039	 0.47593	 0.46479
45 	 0.28234	 0.28370	 0.28999	 0.30432	 0.32695	 0.35343	 0.37796	 0.39621	 0.41067	 0.42154	 0.42537	 0.41965	 0.40499	 0.38822	 0.37506	 0.36565	 0.36086	 0.35856	 0.35568	 0.35275	 0.35209	 0.35557	 0.36340	 0.37574	 0.39239	 0.41210	 0.43258	 0.45296	 0.47844	 0.51070	 0.54723	 0.58498	 0.61753	 0.64074	 0.65568	 0.66511	 0.67142	 0.67406	 0.67377	 0.67129	 0.66618	 0.65893	 0.65248	 0.64788	 0.64288	 0.63767	 0.63364	 0.63111	 0.62680	 0.61890	 0.60957	 0.60105	 0.59185	 0.58344	 0.57742	 0.57309	 0.57278	 0.57668	 0.58410	 0.59041	 0.59123	 0.58160	 0.56165	 0.53567	 0.50775	 0.48255	 0.46103	 0.44089	 0.42425	 0.41038	 0.39958
50 	 0.28193	 0.28331	 0.28966	 0.30428	 0.32729	 0.35392	 0.37842	 0.39654	 0.41082	 0.42157	 0.42536	 0.41969	 0.40511	 0.38834	 0.37518	 0.36573	 0.36088	 0.35859	 0.35578	 0.35279	 0.35205	 0.35547	 0.36318	 0.37529	 0.39167	 0.41106	 0.43119	 0.45122	 0.47616	 0.50756	 0.54300	 0.57957	 0.61104	 0.63352	 0.64810	 0.65737	 0.66366	 0.66636	 0.66621	 0.66393	 0.65901	 0.65196	 0.64574	 0.64138	 0.63657	 0.63153	 0.62767	 0.62521	 0.62106	 0.61339	 0.60427	 0.59596	 0.58699	 0.57882	 0.57296	 0.56873	 0.56847	 0.57231	 0.57956	 0.58578	 0.58662	 0.57711	 0.55788	 0.53240	 0.50505	 0.48032	 0.45897	 0.43912	 0.42305	 0.40930	 0.39916
