1	0.231062264	0.231072654	0.233901723	0.2435064	0.265110209	0.296092907	0.326739758	0.35067856	0.369425312	0.383595101	0.390128134	0.387076651	0.375940113	0.363190478	0.353845835	0.347735003	0.343730807	0.340738423	0.337877799	0.335697595	0.336200649	0.341077574	0.352306859	0.370454296	0.392647343	0.41612326	0.43823089	0.457597703	0.480941764	0.515647867	0.562350065	0.612172375	0.653696094	0.68257037	0.699896381	0.708678164	0.711606543	0.711040337	0.7074826	0.701473734	0.69410894	0.686219169	0.678555588	0.6721294	0.667012922	0.662929198	0.659370148	0.655277968	0.649952297	0.643185842	0.634200895	0.623537749	0.612932728	0.604023774	0.596165198	0.590018423	0.586013893	0.584240983	0.583670848	0.579654	0.566822974	0.542713058	0.511849454	0.481164913	0.449909719	0.42005589	0.392294218	0.368185775	0.348251174	0.331937268	0.318291776
6	0.217155593	0.217368536	0.220601249	0.230401683	0.25166729	0.281674255	0.310846944	0.333889297	0.352066433	0.365598971	0.371784609	0.368919897	0.358159964	0.345948534	0.336913452	0.331013209	0.327212028	0.324249336	0.321562098	0.319300656	0.319725044	0.324674165	0.335653996	0.353016527	0.374496389	0.397035163	0.418400378	0.437296594	0.459912224	0.49371435	0.539074288	0.587164204	0.627234693	0.655540602	0.672266861	0.680507806	0.682935704	0.682221166	0.678236091	0.672212579	0.66506317	0.657269594	0.649515066	0.643073293	0.638002255	0.634096715	0.630593868	0.626267194	0.621132437	0.614441365	0.605345543	0.595287355	0.585162892	0.576210482	0.568500353	0.562558768	0.558838369	0.557368333	0.557319627	0.554113333	0.54226376	0.519414182	0.489963791	0.460207067	0.430002685	0.401048271	0.374542173	0.351034516	0.331484628	0.315325904	0.30285451
11	0.196502963	0.196613312	0.199770915	0.209772795	0.23157305	0.26255205	0.292716687	0.316649708	0.335679377	0.34989006	0.35638783	0.35324632	0.342256751	0.329552379	0.319999092	0.314118294	0.310508441	0.307586618	0.304605251	0.302317193	0.302900012	0.308262875	0.319845075	0.338199403	0.361125938	0.38480052	0.407225023	0.427124161	0.451261239	0.487089543	0.534912461	0.585107448	0.626259512	0.654966374	0.671733299	0.679891898	0.682551262	0.681327386	0.676982973	0.670833782	0.663369026	0.655416678	0.647820987	0.641710359	0.636532448	0.632226712	0.628695544	0.624219191	0.619056291	0.612238307	0.603067718	0.592724077	0.582115906	0.572733703	0.564634967	0.558218816	0.55421083	0.552826455	0.552928093	0.549308917	0.535980313	0.511162706	0.480096263	0.449020541	0.417573674	0.387245449	0.359303601	0.335237913	0.315072635	0.298718429	0.284864228
16	0.193726025	0.194054291	0.197495887	0.208193835	0.231359119	0.264126965	0.295792284	0.320910196	0.340969975	0.355990939	0.362912129	0.359622373	0.347976834	0.334521135	0.324554437	0.318536424	0.314919177	0.312002281	0.308992078	0.306687105	0.307388264	0.313006489	0.325161191	0.344473206	0.368391658	0.393031349	0.416235658	0.437201568	0.462601963	0.499814264	0.549634863	0.602235091	0.645612254	0.676105261	0.694015999	0.702713778	0.705613048	0.704377718	0.699999161	0.693721537	0.685994177	0.677749946	0.669879205	0.663561814	0.658300571	0.653798173	0.650037907	0.645525041	0.640023757	0.632556554	0.622701731	0.611857212	0.600801689	0.590678657	0.581870049	0.574806821	0.570446837	0.568890542	0.568343639	0.563440708	0.548334753	0.521056565	0.487347648	0.453619113	0.419880287	0.387737984	0.358288746	0.333554981	0.311993136	0.294916614	0.280912879
21	0.185312929	0.185447005	0.188724085	0.198370892	0.21944453	0.249464632	0.278519674	0.301434442	0.319519227	0.333104008	0.339529097	0.336563548	0.325645935	0.312974144	0.303756259	0.298106682	0.294775057	0.292032111	0.289185224	0.28690323	0.287363665	0.292538344	0.303561315	0.32119003	0.343193283	0.365991191	0.387322269	0.406634765	0.430350486	0.465010627	0.511307947	0.560651422	0.601918371	0.631146251	0.648389623	0.656673754	0.659493645	0.658236139	0.653787609	0.647408918	0.639683525	0.631556753	0.62404483	0.618039055	0.612893869	0.608501394	0.604959005	0.600662041	0.59538047	0.588149167	0.57876119	0.568583915	0.558237982	0.548792618	0.540355699	0.533783523	0.530124415	0.529130517	0.52887298	0.524974902	0.512463488	0.489008743	0.459422338	0.429355441	0.399007938	0.369616178	0.342788679	0.320443004	0.300664028	0.284683677	0.271013378
26	0.188742005	0.188912247	0.192202858	0.202244286	0.224182567	0.255334612	0.285412527	0.309093539	0.327901146	0.341998481	0.348674632	0.345671774	0.334453723	0.321366751	0.311879965	0.306165138	0.302789478	0.300052145	0.297254657	0.294926333	0.295415234	0.300746442	0.312026524	0.330064416	0.352499315	0.375902691	0.397726744	0.41745879	0.441595889	0.476639075	0.523168241	0.572470635	0.613288989	0.641943477	0.658732458	0.666854367	0.669522586	0.668287708	0.663996238	0.657758484	0.650265179	0.642362166	0.635002392	0.629003558	0.624006193	0.619831247	0.616368727	0.612224731	0.607001488	0.599739382	0.590460518	0.58034579	0.570121437	0.560829279	0.552431713	0.545799748	0.54230965	0.54157833	0.541590979	0.537776654	0.524530336	0.499805721	0.469073308	0.437996236	0.406370211	0.376424075	0.349082728	0.325145085	0.305260326	0.288918876	0.27466375
31	0.194267305	0.194519366	0.197805702	0.207903771	0.229778335	0.260671871	0.290516703	0.313911915	0.332323545	0.345973088	0.352432379	0.34950377	0.338460665	0.32575437	0.316505371	0.310909173	0.307586916	0.304859567	0.302186037	0.299947161	0.300429588	0.305651424	0.316885587	0.334698169	0.356802228	0.379858861	0.401168731	0.420416752	0.444072451	0.478503209	0.524089414	0.572563356	0.612776342	0.640889758	0.657354217	0.665203093	0.667760534	0.666409671	0.661943142	0.655502409	0.647919731	0.639970978	0.632679963	0.626862511	0.621851193	0.617740171	0.614267409	0.609993401	0.604762494	0.597555574	0.588370513	0.578473652	0.568492413	0.559465983	0.551278086	0.544881485	0.541623033	0.54089642	0.540493752	0.536260289	0.522920075	0.49840832	0.46826989	0.438153104	0.407469335	0.377626491	0.350541471	0.327131481	0.307867903	0.291837077	0.278369697
36	0.189747513	0.189941374	0.193187892	0.203220678	0.225152412	0.256307421	0.286495338	0.310442436	0.329377382	0.343392603	0.350066829	0.346994581	0.335702753	0.322769338	0.313325479	0.307598347	0.304299662	0.30144644	0.298705407	0.296456722	0.296986425	0.302466479	0.313936564	0.332232667	0.354987626	0.378704946	0.400703275	0.420627107	0.445076915	0.48078214	0.527876671	0.577508975	0.618704397	0.647371548	0.663967159	0.671947856	0.674567297	0.673280349	0.668894208	0.662588398	0.655080175	0.647268786	0.639990029	0.634104457	0.629161214	0.625133837	0.621739592	0.617321713	0.611858782	0.604442269	0.595088213	0.584923417	0.574657931	0.565237483	0.556533965	0.549727347	0.546049086	0.544907692	0.54436612	0.540149832	0.526287345	0.500951013	0.469984025	0.438883693	0.406655159	0.376761521	0.3489236	0.324838255	0.305321447	0.288962684	0.275901238
41	0.197513894	0.197707079	0.201021569	0.211170873	0.233241263	0.264290988	0.294171104	0.317590526	0.336021495	0.349778698	0.356456559	0.353531096	0.342298335	0.329335589	0.319901558	0.314113351	0.31075466	0.307874124	0.305123786	0.302855932	0.303357055	0.308731024	0.319973944	0.337923487	0.360240732	0.383553969	0.405096563	0.424588166	0.448745173	0.48392312	0.530185193	0.579254429	0.620186696	0.648518149	0.66493785	0.672766665	0.675236988	0.673780375	0.669111642	0.662531683	0.654913133	0.646901942	0.639527254	0.633545623	0.628471343	0.624333524	0.620841599	0.616340521	0.610775039	0.603357021	0.594180755	0.584321349	0.574331293	0.565182832	0.556774822	0.550347833	0.547222772	0.546468791	0.546171122	0.542195687	0.528725952	0.504064559	0.47366548	0.443127533	0.411388874	0.381043461	0.353303064	0.330360579	0.310672773	0.294882708	0.28179668
46	0.196911618	0.197084777	0.200519046	0.211090772	0.234232886	0.266842895	0.298142147	0.322757393	0.342164972	0.356709107	0.363694513	0.360661023	0.349031285	0.335566202	0.325657793	0.319638435	0.316201658	0.313068052	0.310228584	0.307947405	0.308490357	0.314089241	0.325936148	0.344810173	0.368187818	0.392663102	0.415146251	0.435357328	0.460458877	0.496844668	0.544369877	0.594332477	0.635687324	0.664152454	0.680480352	0.688424517	0.690956332	0.68966427	0.685221372	0.678761254	0.671115776	0.663245632	0.656065994	0.650193567	0.645204338	0.641186777	0.63773429	0.633312984	0.627710526	0.620226128	0.610890615	0.600768678	0.590453956	0.580978025	0.572278037	0.56550772	0.56200578	0.560972734	0.560280766	0.555602763	0.540863667	0.514596912	0.482365553	0.449760688	0.417164837	0.386009402	0.357392218	0.333158795	0.312568214	0.296145829	0.282215372
2	0.248457786	0.250433929	0.255479274	0.268303235	0.295513303	0.332002194	0.364394679	0.387212202	0.404088208	0.416519711	0.422074854	0.4191039	0.409114616	0.398220283	0.390396636	0.384984335	0.381399362	0.379302295	0.378359501	0.379053047	0.383354008	0.392637027	0.408433159	0.43050798	0.454995015	0.478934467	0.501201063	0.5242596	0.557657636	0.607377749	0.667436869	0.721186473	0.759577053	0.783967132	0.797914381	0.804391296	0.805191162	0.801586186	0.794143614	0.783721351	0.771859141	0.759733313	0.748018529	0.73774899	0.728810808	0.72120047	0.714318887	0.707367985	0.699967129	0.691973345	0.682501367	0.671931053	0.661690309	0.653078401	0.645237002	0.638936906	0.634314074	0.631501859	0.628861907	0.621482311	0.605105541	0.578191147	0.545066883	0.51218954	0.479321943	0.447601124	0.418059963	0.392700359	0.370472855	0.352921536	0.338516583
7	0.245646302	0.247921292	0.253251289	0.266537139	0.294188529	0.330983491	0.363472295	0.386697973	0.404092001	0.416726255	0.42225089	0.419203369	0.409050383	0.397779859	0.389495822	0.38407565	0.38065861	0.378288147	0.3773039	0.378019029	0.382340877	0.392003879	0.408347796	0.430953969	0.456310525	0.480825871	0.503706968	0.527567631	0.561748368	0.612750105	0.674066651	0.728384036	0.766807066	0.79130166	0.804996503	0.811111252	0.811494617	0.807633395	0.799695131	0.789334563	0.777803186	0.765800983	0.754082251	0.743962237	0.735074443	0.727411661	0.720591123	0.713416208	0.705970209	0.697878068	0.688206567	0.677891103	0.667442336	0.658178044	0.650294043	0.643887721	0.639212663	0.636480551	0.634047317	0.626772962	0.609789718	0.581614301	0.547247747	0.513158666	0.479143546	0.446075911	0.415516634	0.389402965	0.367495887	0.348981302	0.334739026
12	0.190644128	0.192390819	0.197169866	0.209011724	0.233332937	0.265500499	0.293183015	0.312580161	0.326890479	0.337402552	0.342092647	0.339501587	0.330767139	0.320821538	0.313487656	0.308925878	0.306105307	0.304209312	0.303397318	0.304150115	0.308227221	0.316941649	0.331197076	0.350887512	0.372981189	0.394021832	0.413683584	0.434760339	0.465875222	0.51232603	0.568278176	0.618381518	0.654258962	0.677710983	0.691074921	0.69714279	0.697704179	0.693417891	0.685121775	0.67467208	0.662871733	0.650723086	0.63924969	0.629411149	0.620524982	0.612732046	0.60600815	0.598900934	0.591839027	0.584163629	0.575018713	0.565525004	0.555981619	0.547662972	0.540594799	0.534795333	0.530842156	0.528948234	0.52776277	0.52306007	0.510744419	0.489471505	0.462592327	0.435060848	0.407014107	0.379002851	0.353691924	0.331449477	0.311893712	0.296045801	0.282426128
17	0.20213175	0.204125316	0.209269369	0.221998761	0.248308877	0.283292097	0.313692815	0.335018504	0.350791942	0.362396616	0.367629166	0.364790387	0.355327082	0.34461002	0.336770882	0.331868045	0.328952964	0.327082938	0.326065725	0.326731895	0.330950921	0.340348932	0.355798468	0.377207694	0.401242928	0.42416155	0.445475875	0.468226533	0.501510679	0.550883538	0.610556611	0.663780279	0.701506406	0.725793893	0.73940062	0.745429317	0.745973612	0.741411333	0.732857913	0.722066304	0.709860893	0.697314116	0.685707108	0.675750811	0.666713973	0.658611826	0.651696741	0.644482506	0.637161816	0.629071527	0.619496553	0.609526569	0.599587738	0.590647889	0.582872113	0.576476418	0.572240094	0.570150618	0.568278452	0.56213248	0.54709202	0.521773582	0.490646527	0.459638981	0.427892797	0.397422465	0.369312297	0.345112629	0.324299607	0.306675119	0.292902121
22	0.211015473	0.212967467	0.21808075	0.230594349	0.256661103	0.29129808	0.321330737	0.342373989	0.358034334	0.369485924	0.374609873	0.37177218	0.362195338	0.351464948	0.343785653	0.338965164	0.336142394	0.334258492	0.333287641	0.333884683	0.337917307	0.347083137	0.362179804	0.383068528	0.406572072	0.429062705	0.449874543	0.472060962	0.504557657	0.552464899	0.610005253	0.661598243	0.698528063	0.722603415	0.736191817	0.74230721	0.743053436	0.738761844	0.730569382	0.720088707	0.708263941	0.696219931	0.685033952	0.675482455	0.666853374	0.659061343	0.652401293	0.645531789	0.638423549	0.630241725	0.620815338	0.610974074	0.601185182	0.592370427	0.584456395	0.578018697	0.573992014	0.572199655	0.570359087	0.564214536	0.549613342	0.52509713	0.495193418	0.465110167	0.434098844	0.404162115	0.377270071	0.352661561	0.332793606	0.315903678	0.301519984
27	0.20119258	0.203007907	0.207953465	0.220122002	0.245374509	0.278980432	0.308184227	0.328535302	0.343515386	0.354420926	0.359400962	0.356657645	0.347283921	0.336696723	0.329085151	0.324407488	0.321738589	0.319853791	0.31898694	0.319549221	0.323399365	0.332321219	0.346985745	0.367206132	0.389990536	0.411952334	0.432076929	0.453523347	0.484809244	0.530852003	0.585702406	0.634452569	0.669167859	0.691430547	0.703836271	0.709342297	0.709803595	0.705578702	0.697626298	0.687418192	0.675957227	0.66448116	0.653903525	0.644838555	0.636511561	0.629151773	0.622770153	0.616271315	0.609606626	0.601891034	0.593035729	0.583787802	0.574655847	0.56647745	0.559043913	0.553010114	0.549467422	0.548037415	0.546446166	0.540920192	0.527335987	0.504641862	0.476701604	0.448411187	0.419106943	0.390566004	0.364287961	0.341417282	0.32163157	0.305179312	0.291462832
32	0.208343833	0.210166411	0.215088773	0.227320814	0.252574574	0.285773654	0.314372584	0.334210364	0.348697226	0.359257694	0.364210043	0.361597436	0.352368739	0.341971401	0.334616909	0.330024619	0.327299084	0.325415402	0.324552367	0.325032663	0.328827833	0.337462588	0.351576841	0.371187795	0.393261859	0.414513511	0.434000932	0.454836946	0.485341914	0.530405183	0.584543993	0.633422707	0.668736405	0.691703764	0.704539864	0.710171909	0.710633083	0.706441964	0.698494744	0.68837893	0.677091419	0.665635951	0.654965551	0.645701441	0.63741109	0.630079794	0.623755811	0.617159886	0.610190219	0.602166453	0.593130594	0.583873805	0.574668044	0.566253239	0.558532302	0.552471019	0.549069318	0.547704038	0.545900548	0.540242752	0.527008907	0.504737414	0.47696375	0.448788981	0.4197649	0.391703406	0.366058984	0.342612176	0.323291391	0.308107517	0.293918732
37	0.18996611	0.191760337	0.196617977	0.208698441	0.233788402	0.267182626	0.296167238	0.316356875	0.331233061	0.342123687	0.347217302	0.344499203	0.334974648	0.324264294	0.316658565	0.311976874	0.309260086	0.307232497	0.306426455	0.306990542	0.310850113	0.319709824	0.334234667	0.354304282	0.377015237	0.399056164	0.419152562	0.440600624	0.472136869	0.518549669	0.574005695	0.623919053	0.659965551	0.683117236	0.695997352	0.701755228	0.702252344	0.698087453	0.690068702	0.679792148	0.668289799	0.656736266	0.64605434	0.636906636	0.628599669	0.621322237	0.61493195	0.608178045	0.601025814	0.592973482	0.583873196	0.574471979	0.565137796	0.556671797	0.548836686	0.542553109	0.538968861	0.537349916	0.535472969	0.529832403	0.51615137	0.492971803	0.464682	0.436270634	0.406805177	0.378328872	0.351672053	0.328292651	0.308738429	0.292616539	0.278948535
42	0.206236004	0.208041315	0.21292084	0.225141293	0.250546606	0.284146948	0.313243272	0.333534018	0.34840488	0.359180445	0.364211675	0.361534756	0.351993587	0.341334399	0.33367469	0.328908788	0.326234188	0.324100505	0.323251775	0.323829794	0.327639092	0.336510413	0.351042088	0.371066592	0.393600076	0.415479529	0.435230585	0.456307967	0.487343154	0.532837568	0.586829084	0.635104992	0.669739305	0.691897917	0.704117703	0.709451645	0.709902922	0.705761517	0.697789136	0.687695645	0.676567121	0.66543968	0.655105393	0.64603128	0.637887563	0.630904863	0.624804449	0.618155051	0.611123814	0.603282572	0.594451666	0.58534917	0.576211194	0.568002456	0.560408825	0.554363601	0.551069175	0.549576548	0.547874746	0.542528204	0.529119268	0.50642155	0.478675905	0.45061344	0.421612773	0.393648305	0.367499771	0.344642091	0.325067963	0.308808082	0.295322227
47	0.211502958	0.213353411	0.218322524	0.23065393	0.256118474	0.289786519	0.318913555	0.339127615	0.353993736	0.364825502	0.369812836	0.367183675	0.357762294	0.346994026	0.339223043	0.33443214	0.331621084	0.329498684	0.32862645	0.329232743	0.33293871	0.341702739	0.356173681	0.376133128	0.398601829	0.420482762	0.440351705	0.461299185	0.492301391	0.537965111	0.592152891	0.640581286	0.67519753	0.697056333	0.709029782	0.714325321	0.714689722	0.710508968	0.702517824	0.69230136	0.681034006	0.669759857	0.659401798	0.650420665	0.642226959	0.635192758	0.629071125	0.622463084	0.615533295	0.607830133	0.599022556	0.589867931	0.580840931	0.572735927	0.565107505	0.559114138	0.555847069	0.554476055	0.553292884	0.54854406	0.535558576	0.513326268	0.485814111	0.457263857	0.428317459	0.400526868	0.3741569	0.351647177	0.331774608	0.315106661	0.301517317
3	0.226726595	0.227517913	0.231181463	0.241496007	0.26400606	0.29615156	0.327625078	0.352025002	0.371100086	0.385748555	0.392765443	0.390059436	0.379032045	0.366325105	0.357037404	0.350880179	0.346947376	0.344262851	0.341724318	0.340064037	0.341321607	0.347104203	0.359216187	0.378255298	0.401276123	0.425131257	0.447765406	0.468280652	0.493716798	0.531530383	0.581635724	0.634302035	0.677920194	0.708030885	0.725844461	0.734767049	0.737630518	0.736732621	0.732468656	0.725370795	0.716891853	0.708017783	0.699380165	0.692259971	0.686634159	0.682143219	0.677977843	0.67317789	0.667275135	0.6599719	0.650461529	0.639494958	0.628635621	0.619381304	0.61094869	0.604331743	0.600015622	0.597751693	0.596090955	0.589949933	0.574280014	0.546916619	0.512297716	0.477848502	0.44335222	0.41063134	0.380887988	0.355242542	0.334245413	0.316895145	0.303682509
8	0.213266325	0.214271106	0.218227388	0.229061285	0.252204274	0.284731228	0.315946522	0.340229094	0.359299417	0.37370443	0.380528317	0.378049235	0.367188958	0.354419782	0.344919879	0.338955743	0.335274085	0.33236099	0.329747208	0.327918043	0.329132732	0.335063997	0.347286354	0.366045514	0.389012743	0.412610752	0.43480103	0.454937735	0.479864413	0.517032267	0.566244533	0.617787768	0.66029078	0.69013773	0.707858253	0.716446126	0.718909099	0.717626969	0.712826472	0.705858651	0.69762188	0.688865144	0.680384688	0.673469027	0.667766284	0.663155742	0.659124812	0.654283514	0.648501761	0.641183962	0.631649871	0.621202594	0.610485248	0.600879345	0.592779425	0.586324464	0.582107721	0.580115979	0.579100053	0.573906483	0.558694159	0.531784532	0.497618235	0.463662439	0.429646912	0.39707512	0.367897092	0.342222104	0.321557914	0.304802513	0.290460831
13	0.189720567	0.190474497	0.194306011	0.205213797	0.228322029	0.260931584	0.29213896	0.316473636	0.335606102	0.35010501	0.357056182	0.354378554	0.343621027	0.330920523	0.321492095	0.315792744	0.31236271	0.309658665	0.306970617	0.305131903	0.306292921	0.312215773	0.324387831	0.343274585	0.366401505	0.390000863	0.412181929	0.432409738	0.457489757	0.494649653	0.544159255	0.59618985	0.638870531	0.668980654	0.686824907	0.695484139	0.698230938	0.696886402	0.692057914	0.685294482	0.677114299	0.668211069	0.659866541	0.653158162	0.64753133	0.642813255	0.638786458	0.634021585	0.628428912	0.620973145	0.611139932	0.600423894	0.589559213	0.579772136	0.571309354	0.564460436	0.559964435	0.558094058	0.557271533	0.55220232	0.536874561	0.509498644	0.475787543	0.441863469	0.408244269	0.375839421	0.346760371	0.322192899	0.30109184	0.283760956	0.269765017
18	0.192312117	0.193141262	0.197112567	0.208087574	0.231403229	0.264166068	0.295381171	0.319429133	0.338076244	0.352422348	0.359455084	0.356846331	0.345986523	0.333105505	0.323671286	0.317917922	0.314531313	0.311846649	0.309277823	0.307448254	0.308601141	0.31464224	0.326874523	0.345781242	0.36889378	0.392368622	0.414468696	0.434767798	0.460170688	0.497472614	0.546967202	0.598622548	0.640915457	0.670663893	0.687998126	0.696373724	0.699064614	0.697484513	0.692433573	0.685328972	0.676796793	0.667836831	0.659624054	0.653121269	0.647438949	0.642450342	0.638238234	0.633424392	0.627849081	0.620526764	0.610858836	0.600285629	0.589726283	0.580137705	0.571507805	0.564693223	0.560588745	0.559013874	0.557960357	0.552618173	0.537222947	0.509996826	0.476140802	0.442361117	0.408414115	0.376217592	0.346737271	0.322438258	0.301772037	0.28501541	0.270546441
23	0.193202482	0.193928254	0.197909171	0.209001762	0.232682013	0.26584872	0.297549597	0.322027318	0.341083931	0.355564279	0.362755983	0.360150015	0.348960486	0.335819163	0.32630965	0.320581519	0.317197488	0.314536862	0.311882717	0.309944397	0.311008042	0.317031287	0.329235062	0.348186523	0.371348111	0.395148741	0.417407289	0.437848667	0.463599926	0.501409392	0.551429928	0.604149472	0.647801684	0.678552449	0.696671786	0.705487788	0.708291344	0.706711626	0.70163005	0.69434106	0.685685198	0.676624819	0.668355186	0.661653583	0.655871742	0.650989909	0.646906391	0.642131639	0.636336831	0.628520677	0.61864289	0.607931164	0.597101034	0.587186854	0.578241141	0.571208586	0.567210836	0.56580489	0.564705662	0.559263446	0.543326833	0.515224543	0.480918138	0.446318325	0.411936378	0.379104261	0.349572918	0.324315911	0.303841625	0.286747259	0.272679934
28	0.197864427	0.198696776	0.202771435	0.214090592	0.238542621	0.273000469	0.305956905	0.331648507	0.351904932	0.367114288	0.374463547	0.371527671	0.359855031	0.346279406	0.33645002	0.330584588	0.327164038	0.324405622	0.321715895	0.319737883	0.320856227	0.327182648	0.340110846	0.360034283	0.384385056	0.409551667	0.432979612	0.454609433	0.481670156	0.521393847	0.573724448	0.628279629	0.673134572	0.704538526	0.722984094	0.731851963	0.734747111	0.733252955	0.728260958	0.720950665	0.712248137	0.703246412	0.694954861	0.688288169	0.682549441	0.677607511	0.673428085	0.668487095	0.662473178	0.654454936	0.644210411	0.633027989	0.621764008	0.611442521	0.601993195	0.594458187	0.58996858	0.588163381	0.58678093	0.580398917	0.562574804	0.531787387	0.494985309	0.458767839	0.422655944	0.388539498	0.357425929	0.331672038	0.310328044	0.292324264	0.277297068
33	0.187954098	0.188701642	0.192633012	0.203640824	0.227292479	0.260634439	0.292484065	0.317185195	0.336545419	0.351133068	0.358376766	0.355643384	0.344310496	0.331075048	0.321521618	0.315761919	0.312463142	0.309733704	0.307188801	0.30530077	0.306366957	0.312500255	0.324906316	0.34409931	0.367495632	0.39165871	0.41402898	0.434648462	0.460569078	0.498480416	0.548136252	0.600041908	0.642687232	0.672427183	0.689851326	0.69827359	0.700926371	0.699342489	0.694380762	0.687345292	0.679025018	0.670438525	0.662500303	0.656091848	0.650602565	0.645986751	0.6420562	0.637333429	0.631587583	0.623777916	0.614017996	0.603493827	0.592837313	0.582994777	0.574018636	0.566918857	0.562777764	0.561133188	0.559762649	0.553950083	0.537680648	0.509003236	0.474551347	0.440357086	0.406045176	0.373490953	0.343751993	0.318299434	0.297660278	0.280454196	0.266854248
38	0.180597284	0.181366999	0.185179089	0.195723586	0.218356912	0.250053138	0.280248515	0.303551789	0.321722287	0.335383102	0.342185957	0.339610353	0.328772948	0.316160082	0.306988182	0.301438133	0.298163883	0.295390549	0.293008438	0.291231698	0.292211331	0.297988422	0.309711286	0.328046632	0.35038189	0.373556016	0.394967527	0.414682097	0.439753962	0.476718528	0.525221488	0.576252863	0.618501895	0.647980838	0.665150791	0.673377021	0.675912607	0.674318772	0.669243442	0.661996248	0.653534473	0.644775188	0.636667652	0.630124583	0.624587698	0.619996839	0.616069026	0.611291657	0.605424596	0.597605194	0.587972709	0.577640883	0.567223968	0.557598689	0.548838457	0.542093098	0.538598288	0.537450516	0.536875737	0.532518959	0.518317423	0.492338703	0.460126188	0.427982243	0.395025752	0.363952878	0.334860682	0.31132673	0.291297042	0.274491982	0.260735177
43	0.186301737	0.187070716	0.190826777	0.201285733	0.223792712	0.255250251	0.28515624	0.308227633	0.32629204	0.339930255	0.34675173	0.34432385	0.333528633	0.320902444	0.31170249	0.306123488	0.302876582	0.300072015	0.297713993	0.295959856	0.29692688	0.302671585	0.31431597	0.332365243	0.354489791	0.377412869	0.398581823	0.418092191	0.442958467	0.479571239	0.527436438	0.57767658	0.619455086	0.648683588	0.665760608	0.674059097	0.676605309	0.674958097	0.669830688	0.662618933	0.654223106	0.645529139	0.63754402	0.630947336	0.62537906	0.620982359	0.617188138	0.612417613	0.606563336	0.598869017	0.589363905	0.579046872	0.568617619	0.559096937	0.550426033	0.543673644	0.54020336	0.539277434	0.539016174	0.535084374	0.521366255	0.495736803	0.464419204	0.432537669	0.400082997	0.368907197	0.341140881	0.317305063	0.296940525	0.28059782	0.266794036
48	0.27653507	0.277538907	0.281271029	0.291953084	0.314645512	0.346770114	0.377339344	0.401108546	0.419606845	0.433633768	0.440498677	0.438002214	0.427197676	0.414335335	0.405060812	0.39951555	0.3962953	0.393647724	0.390986291	0.389084695	0.39015796	0.396119364	0.408133351	0.426728108	0.449326487	0.472571104	0.494012439	0.513957705	0.539102975	0.575958619	0.624256989	0.674283382	0.715365966	0.743789754	0.76031583	0.768253151	0.770542886	0.768874569	0.763827912	0.757058477	0.748932378	0.740506329	0.732982337	0.726744349	0.721388993	0.717085882	0.713460307	0.708776456	0.702841063	0.695359778	0.686088918	0.675859838	0.665357808	0.655563387	0.646837866	0.639910054	0.636095467	0.634687205	0.633153193	0.626991587	0.610305313	0.58230847	0.547364801	0.514534454	0.480502807	0.447815203	0.420613143	0.395097163	0.373367644	0.355070706	0.342314143
4	0.245826935	0.24671658	0.250945203	0.262901019	0.288682885	0.325030687	0.36054153	0.388343043	0.410096209	0.426615537	0.434405607	0.431280983	0.418838261	0.404539414	0.394108119	0.387137036	0.382819318	0.379897017	0.37708268	0.375099416	0.376285509	0.382526504	0.395802368	0.416849242	0.442414773	0.469225855	0.494799626	0.517828917	0.546091305	0.58814548	0.644358909	0.704052582	0.754049284	0.788949046	0.809596551	0.819901527	0.823345747	0.822393607	0.817757121	0.810182705	0.800984071	0.791193566	0.781602783	0.773636079	0.767228814	0.762109614	0.757519179	0.752111252	0.745358192	0.736872804	0.725753945	0.713098779	0.700620999	0.689760682	0.680068225	0.67247174	0.667636716	0.665571024	0.66412077	0.656940087	0.637557303	0.603788475	0.562349364	0.522024221	0.482875323	0.445625764	0.411420171	0.383304254	0.359749865	0.341335489	0.326754757
9	0.191763718	0.192750189	0.196957502	0.208748791	0.233490923	0.268059429	0.301348706	0.327512851	0.348112127	0.363791292	0.371100104	0.368183498	0.356440436	0.342628642	0.332376949	0.326086012	0.322287461	0.319289537	0.316515026	0.314638429	0.315835433	0.321945917	0.334839219	0.354793171	0.379357347	0.40468253	0.428675444	0.450523853	0.47763445	0.51806479	0.572346543	0.630098111	0.678147967	0.71231457	0.732740831	0.742726108	0.745787689	0.744455241	0.739311445	0.731834791	0.722729947	0.713064509	0.703661653	0.695844784	0.68941188	0.684053348	0.679527902	0.674155368	0.667661569	0.659227068	0.648289498	0.636496089	0.62432953	0.613356824	0.604206805	0.59703979	0.592587428	0.590716492	0.589849252	0.58405433	0.566522997	0.535418736	0.496862194	0.459020826	0.421646737	0.386045437	0.35421917	0.326587637	0.305326925	0.287404635	0.273379524
14	0.20258639	0.20347719	0.207616925	0.218999642	0.242706291	0.275922974	0.30771233	0.332222858	0.351322562	0.365881075	0.372994067	0.370577144	0.359354218	0.34564999	0.335541878	0.329404271	0.325739459	0.322881814	0.320185321	0.318264872	0.319276751	0.325007425	0.336945656	0.355576255	0.378521452	0.402212698	0.424678382	0.445130452	0.470465253	0.507738319	0.55749748	0.610583838	0.654964263	0.686592624	0.705505821	0.714693343	0.71760748	0.716063837	0.710825429	0.703548285	0.694692011	0.685284172	0.676474927	0.669311359	0.66324691	0.658147319	0.653945424	0.649005975	0.64307433	0.635351285	0.625181293	0.614099376	0.602856928	0.592939388	0.584636209	0.578121728	0.57440649	0.573480408	0.573591406	0.569473042	0.554782535	0.527455861	0.492842627	0.457917749	0.423497369	0.390704829	0.360812642	0.335160501	0.314045422	0.296919512	0.282930107
19	0.19529488	0.19614114	0.200427643	0.212195101	0.237172846	0.272138756	0.305673411	0.331792564	0.352364536	0.367982507	0.375409797	0.372359558	0.36038726	0.346293347	0.335936028	0.329670087	0.326005347	0.323183451	0.320290082	0.318263944	0.319401839	0.325660417	0.338545612	0.358736834	0.383507145	0.408988852	0.433047541	0.455116726	0.482533441	0.522705325	0.576205908	0.632667154	0.679155728	0.711945395	0.731248041	0.740456991	0.74346268	0.741868114	0.736640313	0.729322523	0.720405034	0.710903981	0.70206882	0.694771809	0.688578829	0.683331146	0.678951687	0.673811374	0.667542966	0.659236185	0.648585508	0.637050395	0.625305192	0.614595912	0.605326664	0.598009346	0.593765805	0.592280545	0.591324912	0.58526659	0.567708634	0.536482015	0.498483298	0.461194081	0.424017507	0.388723903	0.357871099	0.331058047	0.308776686	0.290947359	0.276427908
24	0.20068866	0.201562042	0.205748349	0.217528782	0.24281715	0.278443108	0.312725736	0.339623596	0.360861876	0.376872643	0.384541199	0.38141785	0.369056503	0.354638562	0.344119651	0.337870125	0.334270089	0.331431012	0.328608304	0.32645261	0.327537861	0.333992738	0.347180867	0.367762461	0.393248915	0.419766827	0.444606528	0.467522223	0.496128916	0.538136548	0.594184229	0.653832752	0.703507102	0.738612307	0.759388777	0.769559726	0.77293106	0.771370812	0.766022382	0.758307779	0.749051805	0.739272606	0.730215911	0.722798366	0.716444627	0.71101727	0.706433943	0.701087418	0.694497355	0.685513521	0.674203356	0.661969261	0.649621709	0.63820557	0.62800741	0.62001349	0.615414333	0.614002011	0.612928417	0.606413757	0.587430875	0.554051848	0.513833687	0.474435013	0.435741386	0.399260302	0.366013334	0.338502558	0.316197276	0.29797027	0.28327821
29	0.194162243	0.195021912	0.199255165	0.210633806	0.234909552	0.269051385	0.301862196	0.327372249	0.347280279	0.362322219	0.369685068	0.366856389	0.354967904	0.341034546	0.330896788	0.324778696	0.321175702	0.318418061	0.315746459	0.31365749	0.314672675	0.320814464	0.33332984	0.352917269	0.377031458	0.402094182	0.42554442	0.447017037	0.473865073	0.513273287	0.565339313	0.620346984	0.665960794	0.697835138	0.716491693	0.725450229	0.72824471	0.726429169	0.721141612	0.713597638	0.704700475	0.695422524	0.686778735	0.679610005	0.673558468	0.668512737	0.664319292	0.65934386	0.653167861	0.644870329	0.634479761	0.623356704	0.612015457	0.60167731	0.592495025	0.585435416	0.581792474	0.580988638	0.580480202	0.57509452	0.558377228	0.528611039	0.492327989	0.456185333	0.42008163	0.38571459	0.355033091	0.329475025	0.307926935	0.290403488	0.275719888
34	0.202915131	0.203867448	0.208074182	0.219860285	0.245263027	0.280873523	0.315033773	0.341648344	0.362645333	0.378302774	0.385933552	0.382917792	0.3706291	0.356251173	0.345757198	0.339436746	0.335804007	0.332828804	0.330120032	0.328060374	0.329149548	0.335602587	0.348747163	0.369422442	0.394798939	0.421140051	0.445599969	0.468099196	0.496134132	0.537003623	0.590664566	0.646825396	0.692841071	0.724744568	0.743296374	0.752173483	0.754930228	0.753191584	0.747915035	0.740485769	0.731583562	0.722321373	0.713777567	0.706785729	0.700778714	0.695872183	0.691570432	0.686497594	0.680231855	0.671769584	0.661270894	0.649928427	0.638477127	0.627972962	0.618441304	0.611056409	0.607073084	0.605744779	0.604446916	0.597828038	0.579378795	0.54764816	0.509449658	0.471607943	0.434333457	0.398660569	0.366717196	0.340429812	0.317792383	0.299345881	0.284574004
39	0.210382284	0.211317133	0.215749112	0.228172629	0.254598533	0.291585343	0.327182908	0.354864651	0.376583575	0.393005544	0.400994172	0.397889902	0.385086776	0.370161838	0.359266921	0.352657452	0.348919693	0.345748191	0.342964758	0.340886934	0.341948036	0.348582152	0.362179985	0.383442444	0.409656904	0.436900242	0.462076833	0.485114664	0.513887218	0.555766324	0.610438016	0.66742499	0.713929138	0.745859965	0.764271557	0.773034524	0.775802735	0.774143853	0.769003726	0.761641661	0.752897818	0.743811514	0.735349429	0.728325982	0.722285796	0.717409276	0.713199802	0.70795676	0.701545848	0.693022337	0.682529283	0.671190907	0.659647396	0.648964898	0.639225355	0.631640846	0.627545417	0.626027011	0.624665603	0.617738684	0.598207431	0.564497233	0.524432728	0.484986893	0.445599785	0.408757513	0.376169825	0.347660239	0.325353941	0.307033384	0.29136851
44	0.196900004	0.197803138	0.202185257	0.214352626	0.240084374	0.276211355	0.310928163	0.337940545	0.359164126	0.375146915	0.383023194	0.38009726	0.367643951	0.353056465	0.342402651	0.33593582	0.332282408	0.329074066	0.326339185	0.324302131	0.325326928	0.331841458	0.34513569	0.365892062	0.391478973	0.418227964	0.443065783	0.465814824	0.494360789	0.536199232	0.59111369	0.649057499	0.697207362	0.730627583	0.750113362	0.75952514	0.762578973	0.760944277	0.75548438	0.747756059	0.738704124	0.729194226	0.720477053	0.713303313	0.707065878	0.702046945	0.6977543	0.692357228	0.685736276	0.67699565	0.666046567	0.654172231	0.642282609	0.631312672	0.621375899	0.613673487	0.609547284	0.608160644	0.607109958	0.600681606	0.581497207	0.548293278	0.508556342	0.469362029	0.430573605	0.394101733	0.361343114	0.333726968	0.311434478	0.293129194	0.277915872
49	0.194982039	0.195798937	0.199907639	0.211202364	0.235107988	0.268478178	0.300346101	0.325061539	0.344256879	0.358725724	0.365900086	0.363255951	0.351640784	0.337991861	0.328031846	0.321955839	0.318515486	0.315624501	0.313068821	0.311136768	0.312017625	0.318020912	0.330247756	0.34912195	0.372437393	0.396854026	0.419492547	0.440243188	0.466458875	0.504969627	0.555704684	0.609676597	0.654987533	0.686803436	0.70544279	0.714474834	0.717407048	0.715824505	0.710443305	0.702905988	0.69402804	0.684737985	0.676234113	0.669270039	0.663388217	0.658550001	0.654441468	0.649381711	0.643037663	0.634650437	0.624377391	0.61323654	0.60208542	0.591906476	0.58266601	0.575692753	0.572253804	0.571454606	0.571066538	0.566235059	0.550462539	0.521899973	0.486654492	0.451764206	0.416555832	0.383264019	0.352957615	0.326755511	0.306093377	0.289397604	0.274758378
5	0.201215419	0.202003034	0.205725491	0.215794976	0.237438934	0.267659522	0.296210298	0.317756921	0.334185011	0.346454463	0.352193738	0.349449333	0.33928656	0.328090337	0.319967869	0.314445398	0.310876751	0.30841847	0.306481457	0.305533383	0.307384439	0.313652574	0.325807231	0.344027417	0.365621474	0.387490602	0.408274177	0.427980504	0.453775013	0.492865882	0.543514001	0.594427857	0.634887846	0.662350373	0.678108564	0.685641638	0.687479838	0.685823976	0.680749438	0.673020098	0.664097031	0.65474748	0.645478661	0.637692393	0.63153493	0.62642536	0.621687378	0.61636925	0.610399578	0.60314978	0.593679103	0.583218146	0.572918099	0.563982099	0.556027179	0.549917687	0.545989251	0.544026346	0.542783362	0.538375782	0.526171508	0.50382312	0.474587175	0.444860006	0.415129071	0.386029002	0.359630452	0.336385654	0.316828065	0.3006395	0.286871235
10	0.178000353	0.178761752	0.182338038	0.192367558	0.213783803	0.243653193	0.271610897	0.292813251	0.309072905	0.321130115	0.326520332	0.323721205	0.314033703	0.302903041	0.294654355	0.28950941	0.286308473	0.283825573	0.28185677	0.28087399	0.282767426	0.289151262	0.301345934	0.319517386	0.341170035	0.362789636	0.383175262	0.402585291	0.428210004	0.466922942	0.51732117	0.56797457	0.607898037	0.635228489	0.65111462	0.658599378	0.660521787	0.658403805	0.65272182	0.645012393	0.63605388	0.626630947	0.617583811	0.610190687	0.603863108	0.598462198	0.593689049	0.588346874	0.582560829	0.575326381	0.565900198	0.555791568	0.54552306	0.536338431	0.528635569	0.522504258	0.518584547	0.517062383	0.516321954	0.512281542	0.500141862	0.477812776	0.449458774	0.420654515	0.391711329	0.363618127	0.337284129	0.315284757	0.296166427	0.279888442	0.266267967
15	0.178038565	0.1787916	0.182520341	0.192729671	0.214472296	0.244826511	0.273105715	0.294439908	0.310784814	0.322973446	0.32854226	0.325653522	0.315815775	0.304520292	0.296116317	0.290958366	0.287827163	0.285477768	0.283428465	0.282431976	0.28433704	0.290903778	0.303206672	0.321552128	0.343403454	0.365115367	0.38552052	0.405017591	0.430751369	0.469194957	0.518760569	0.568020776	0.606542178	0.632784859	0.647946908	0.655015659	0.656820205	0.654642864	0.649088536	0.641582356	0.632910904	0.623787749	0.615195106	0.608090229	0.601977105	0.596629101	0.592020253	0.58689449	0.581251519	0.574168427	0.565037901	0.555162873	0.545107283	0.536215244	0.528566215	0.522446678	0.518589122	0.517136964	0.516496079	0.512410072	0.500211014	0.477984991	0.44964582	0.42082859	0.391442361	0.362712337	0.337167857	0.314036985	0.294875238	0.279222229	0.265903806
20	0.17579483	0.176452081	0.180094533	0.190121145	0.211669742	0.241792066	0.269773636	0.290912939	0.307182447	0.319248464	0.324774095	0.321795947	0.311833461	0.300430967	0.292172139	0.287116572	0.284057482	0.281698104	0.279686709	0.278575087	0.28038108	0.286813123	0.298956714	0.317154716	0.338802895	0.360413519	0.380621983	0.400096509	0.425940581	0.464319965	0.514029815	0.563852066	0.603075711	0.63002776	0.645622936	0.652860453	0.654988996	0.652840551	0.647268035	0.639713422	0.630807764	0.621544184	0.612981099	0.606021299	0.599939186	0.594613289	0.590017672	0.584914554	0.579169339	0.571833382	0.5624036	0.552222749	0.541983988	0.532757985	0.524669342	0.518185837	0.51416723	0.512753377	0.512343994	0.508735982	0.496995644	0.474789976	0.446851984	0.418182635	0.389498389	0.361697277	0.335610953	0.313079436	0.29393603	0.278319731	0.265087342
25	0.186261165	0.187008924	0.190680403	0.200933995	0.223264587	0.254602619	0.283794661	0.305722296	0.322515861	0.335017979	0.340956969	0.338093478	0.327734635	0.315759999	0.307175375	0.301957685	0.298778019	0.296373819	0.294373187	0.293238748	0.295051848	0.301675871	0.314079739	0.332590362	0.354666901	0.376869851	0.397436128	0.417237155	0.443466184	0.482057798	0.531300381	0.580267075	0.618646361	0.644875031	0.660017264	0.667161321	0.669097796	0.666974093	0.661618885	0.654152911	0.645426514	0.636440242	0.628234191	0.621496457	0.615534641	0.610403217	0.606036899	0.601123509	0.595434268	0.58807961	0.578943492	0.569076045	0.559168248	0.550102441	0.541987251	0.535461305	0.531737982	0.530479742	0.530006131	0.526077793	0.513717782	0.490733534	0.462146813	0.433255109	0.403599414	0.374629609	0.348327174	0.325223896	0.305798753	0.289599074	0.276087958
30	0.177176676	0.177916432	0.181547148	0.191618195	0.213417342	0.244073397	0.272831129	0.294613295	0.311459395	0.323920957	0.329795484	0.326864559	0.316414788	0.304568093	0.296102338	0.291024363	0.288021265	0.285614164	0.283686482	0.282596706	0.284447451	0.291063199	0.303520253	0.322120801	0.344440917	0.367100838	0.388102903	0.408520614	0.435776711	0.476380158	0.529026171	0.58226126	0.624659189	0.653735714	0.670534393	0.6785079	0.680726297	0.678450924	0.672432829	0.664116252	0.654515481	0.644683748	0.635641092	0.628179607	0.621667385	0.61608088	0.611280078	0.605904207	0.59956531	0.591383473	0.581336217	0.570636087	0.559938335	0.550169111	0.541362006	0.534451958	0.530679022	0.529546091	0.529136231	0.525331952	0.512822074	0.489210001	0.459396349	0.42929599	0.398417705	0.368711386	0.34139013	0.31790116	0.298461884	0.281735989	0.267294931
35	0.188552019	0.189400046	0.193341047	0.204296996	0.227925614	0.261019973	0.291923445	0.315209652	0.333137633	0.346390912	0.352685573	0.349595048	0.338535417	0.326057775	0.317022773	0.311493	0.308273105	0.305729006	0.303667381	0.302540919	0.304503764	0.311559406	0.324752462	0.344541864	0.368088821	0.391952177	0.413855218	0.434934821	0.462849517	0.503951308	0.556212417	0.608052941	0.648698357	0.675984024	0.691518316	0.698790224	0.70081568	0.698662102	0.693095372	0.685284084	0.676295974	0.667147327	0.658700188	0.651699003	0.645560626	0.640295326	0.635688816	0.6304726	0.624409236	0.616530529	0.606989753	0.596744317	0.586427857	0.576873932	0.568120376	0.561149217	0.55713367	0.555627319	0.554193557	0.548704238	0.533860475	0.507828557	0.475889839	0.443804141	0.411654907	0.380563664	0.352016114	0.327539064	0.307227696	0.290422105	0.275739297
40	0.182010276	0.18274522	0.186402663	0.196531776	0.218246286	0.248383446	0.276386493	0.297262793	0.313119084	0.324856032	0.330547502	0.327976518	0.317866784	0.306202756	0.297863796	0.292713477	0.289680409	0.287114754	0.285303345	0.284346064	0.286146236	0.292656905	0.304673894	0.322633294	0.344089924	0.365896412	0.385897556	0.405255983	0.431448477	0.470537203	0.520571272	0.57081505	0.610712518	0.637687022	0.653031465	0.660143557	0.661917897	0.659496649	0.653474283	0.645249706	0.635912066	0.626404197	0.617648183	0.610421759	0.604103766	0.598831734	0.594251527	0.588782322	0.582540459	0.574871537	0.565645627	0.555745128	0.545779831	0.536812705	0.528527543	0.522220731	0.519145087	0.518391659	0.518023516	0.514463639	0.502651999	0.48077255	0.452958545	0.424733106	0.395195632	0.366889261	0.341321192	0.318862276	0.300073314	0.284567243	0.271011022
45	0.183440916	0.184061561	0.187496363	0.197435673	0.218786264	0.24859734	0.276379162	0.297244149	0.313287715	0.325130604	0.330688517	0.327917065	0.317756785	0.306205567	0.297805499	0.292662826	0.289665051	0.287077174	0.285068363	0.283978867	0.285656041	0.292124083	0.304151061	0.321969628	0.343352274	0.365127661	0.385047849	0.404184666	0.429908787	0.468094929	0.516606384	0.56501129	0.603359905	0.629094924	0.643738407	0.650663193	0.652385786	0.650099674	0.644547079	0.636914574	0.628151763	0.619289415	0.611179921	0.604354705	0.59846154	0.593636663	0.589441711	0.584343727	0.57833471	0.570931416	0.561966289	0.552332521	0.542556415	0.533684786	0.525512983	0.519233905	0.515969742	0.514907341	0.514627497	0.511339992	0.499710953	0.477958042	0.450699127	0.422917087	0.394777003	0.367180185	0.342090223	0.319677873	0.301110233	0.286349537	0.27239015
50	0.173790703	0.174498341	0.178080574	0.188016812	0.209243042	0.238921624	0.266593529	0.287266878	0.303036344	0.314780007	0.320463187	0.317854927	0.30781072	0.296462094	0.288237967	0.283122636	0.280164878	0.277658256	0.275799758	0.274776175	0.276506851	0.282917215	0.294819188	0.312593724	0.333787839	0.355410524	0.375293524	0.394454811	0.420243501	0.45870558	0.508215931	0.558243713	0.598273182	0.625422158	0.640905216	0.648168551	0.65006012	0.647616899	0.641533576	0.633481449	0.624290658	0.614842844	0.606237166	0.599118228	0.592936166	0.587863758	0.583414767	0.578048165	0.571817379	0.564059656	0.554738666	0.544771043	0.534790244	0.525753657	0.517463193	0.511112267	0.507959756	0.507062688	0.506683306	0.503233149	0.49152492	0.469553672	0.442423618	0.414443243	0.385536621	0.357904707	0.332428879	0.309990921	0.290113304	0.27476135	0.261754353
