1	0.216478255	0.217483513	0.221846812	0.234582529	0.259077532	0.290586986	0.318562412	0.340679786	0.358392571	0.371947039	0.375806654	0.369774743	0.357704433	0.345449866	0.337054767	0.332018798	0.329208382	0.327106642	0.323872229	0.321752962	0.323379048	0.329514818	0.341540935	0.360424889	0.383442535	0.40632651	0.42690329	0.446234433	0.471359906	0.507715606	0.555576128	0.60656272	0.646917215	0.674758321	0.691550254	0.700505418	0.703637312	0.702861755	0.700209942	0.695050921	0.688373803	0.680685353	0.673762326	0.668652463	0.665318802	0.663123074	0.659692956	0.655778319	0.650635202	0.642966562	0.634423523	0.625442155	0.61649568	0.607977046	0.599846934	0.595529224	0.59163124	0.589990769	0.590902885	0.588311519	0.571518441	0.542468224	0.508142623	0.473393262	0.441235242	0.412862748	0.385948489	0.36329604	0.343261414	0.328872068	0.316085392
6	0.202723867	0.20354246	0.207904023	0.220704035	0.244014051	0.274261135	0.301979155	0.322799852	0.338767074	0.351259574	0.354682123	0.349486918	0.338530884	0.326162348	0.318149755	0.313998028	0.310690574	0.308573302	0.306115649	0.304742941	0.30609873	0.311942438	0.324036123	0.342225223	0.363429447	0.385296629	0.40520111	0.423704553	0.447438383	0.48121923	0.526153483	0.574269705	0.612951799	0.640063367	0.655994782	0.664720737	0.666485632	0.665685513	0.662966899	0.657441763	0.651860766	0.644740101	0.638936961	0.633709838	0.629040011	0.627077747	0.623282603	0.619735017	0.614231846	0.607234245	0.599080059	0.590636164	0.581801723	0.572883337	0.566200957	0.561100959	0.558333727	0.55807199	0.559458275	0.557172627	0.542679926	0.515611175	0.482914242	0.449753408	0.419569124	0.391175806	0.365238042	0.343528426	0.325584812	0.311627505	0.299324489
11	0.181434492	0.182368287	0.187123758	0.200574582	0.224948668	0.256313026	0.285248477	0.307389417	0.324776625	0.338240276	0.342054275	0.336222058	0.324509766	0.312300268	0.303516087	0.298760272	0.296146313	0.293812102	0.290913874	0.289480053	0.291339475	0.297846968	0.310278151	0.329809089	0.352656563	0.376238836	0.397401612	0.417138545	0.442680277	0.479306723	0.5276385	0.578519909	0.617996509	0.645365379	0.661822453	0.670850564	0.673120111	0.672278882	0.668296543	0.661773257	0.656607885	0.65006137	0.644000982	0.639309889	0.634589686	0.631812565	0.628096456	0.62522274	0.619926607	0.612416916	0.603919325	0.594259492	0.584909565	0.575673554	0.568015216	0.562356759	0.559079744	0.55882609	0.560432437	0.557133208	0.540261717	0.510943449	0.475868493	0.440434738	0.408156383	0.378721506	0.351525388	0.328113015	0.309676819	0.294614655	0.281625821
16	0.17433269	0.175167029	0.179924553	0.19379787	0.219329058	0.251473586	0.28100075	0.30370744	0.321480713	0.335223146	0.339118588	0.332903802	0.320475148	0.308238461	0.298895025	0.293998597	0.291510666	0.289152837	0.286168705	0.284762092	0.286791881	0.293617239	0.306112417	0.326071473	0.349474386	0.373582643	0.395236079	0.415435183	0.441981118	0.479724661	0.529658928	0.582234219	0.622738468	0.651007224	0.667993442	0.677372266	0.679636366	0.678891121	0.674748117	0.668043162	0.662513155	0.656059027	0.649812227	0.644602689	0.63958123	0.636953641	0.633651048	0.63082509	0.625037064	0.616554545	0.607611514	0.597470947	0.587792322	0.578465352	0.570236661	0.564134338	0.560214521	0.559698157	0.561311708	0.557638148	0.539561343	0.508989016	0.472901491	0.435958983	0.403207422	0.372998282	0.345365869	0.321672408	0.302866116	0.287893358	0.274432279
21	0.172566392	0.173051614	0.177622878	0.190934449	0.215731887	0.246608921	0.274638743	0.29648698	0.313003515	0.32626746	0.330220031	0.324497335	0.312450122	0.300841387	0.29162834	0.286955527	0.284364039	0.282149873	0.279223053	0.277839763	0.280025411	0.286574169	0.298341315	0.317438633	0.339549333	0.362643075	0.383243677	0.402872822	0.428401431	0.464448662	0.512617565	0.563736141	0.603383861	0.631272499	0.648099101	0.657307466	0.659253459	0.658538364	0.654449445	0.648012127	0.642393121	0.63609278	0.62957199	0.624367207	0.619728869	0.617198855	0.614292616	0.611513525	0.605926735	0.597672474	0.588581565	0.578953175	0.569407908	0.560218126	0.552303296	0.546732552	0.543085792	0.542296059	0.543376674	0.5405916	0.524062269	0.49521163	0.461285387	0.426033633	0.394441172	0.365830446	0.339254039	0.316840102	0.298570285	0.28344263	0.270150027
26	0.175915913	0.176444697	0.18135206	0.195374486	0.221106797	0.253372754	0.282493422	0.305116202	0.322390926	0.336221527	0.340423245	0.334579169	0.322153429	0.309899917	0.300447277	0.295705115	0.293115282	0.290707097	0.287895587	0.286307188	0.288505191	0.295230702	0.307520829	0.327107612	0.349747138	0.373517147	0.394756707	0.414981185	0.441023079	0.477558588	0.526236894	0.577386724	0.616919003	0.644540747	0.661041304	0.669894779	0.671893747	0.671138244	0.666955682	0.660550796	0.654917782	0.648577885	0.642227974	0.637127537	0.632408209	0.629879893	0.627237542	0.624394488	0.618887462	0.610865285	0.601766199	0.592185834	0.582762459	0.573564001	0.565632123	0.560518697	0.557124548	0.556610881	0.557765964	0.555064812	0.538080047	0.508091627	0.472463898	0.435854963	0.402987204	0.373423104	0.345881384	0.322373854	0.303436892	0.287860925	0.274999224
31	0.176973946	0.177553991	0.1823936	0.196184759	0.221462438	0.253046001	0.281256808	0.303275889	0.31982493	0.333189954	0.337183652	0.331507812	0.319620215	0.308000675	0.298803665	0.294175286	0.291596187	0.28939808	0.286452558	0.285011862	0.28731783	0.293867847	0.305808597	0.325047052	0.346958633	0.370088169	0.390738185	0.41056291	0.435943734	0.471696922	0.519223568	0.569438446	0.608190777	0.635361254	0.651500215	0.660114482	0.661815592	0.661055009	0.65685799	0.650620676	0.644897924	0.638667091	0.632244435	0.627049608	0.622193621	0.619538843	0.617155959	0.614251733	0.608611937	0.60074375	0.591762607	0.582581994	0.573390265	0.564442911	0.556742	0.551817529	0.548427544	0.547939304	0.548888068	0.545759753	0.528835456	0.499609343	0.464959104	0.430068144	0.397644013	0.368872925	0.342154856	0.31982669	0.301048832	0.286235708	0.273517703
36	0.176605088	0.177200227	0.182163244	0.196199752	0.222175063	0.254548153	0.283687034	0.306559423	0.323881748	0.337746897	0.342034182	0.336410728	0.324213267	0.312000328	0.302721895	0.297762911	0.294980116	0.292695831	0.289567998	0.288082946	0.290358479	0.297189045	0.309805984	0.329608397	0.352387411	0.376571535	0.398280267	0.419022156	0.445396092	0.482711529	0.531977263	0.583862609	0.623959468	0.651962099	0.668512564	0.677123488	0.678863841	0.67824114	0.674047696	0.667994032	0.662133147	0.656052925	0.649502252	0.644156222	0.63926371	0.636712661	0.634218466	0.631249328	0.625544809	0.617517735	0.608194893	0.598780214	0.589107349	0.579467041	0.571259874	0.565869947	0.562017993	0.561046871	0.56143946	0.558163717	0.540258398	0.509071218	0.472602851	0.435686494	0.402912325	0.372948451	0.345265286	0.321962309	0.302913166	0.287814019	0.274609878
41	0.18449024	0.185082319	0.189839282	0.203599489	0.228963733	0.259925642	0.287822967	0.309408533	0.32570026	0.338781871	0.343007928	0.337837472	0.326045456	0.31392839	0.304850729	0.299807239	0.296955955	0.294709514	0.291646061	0.290280437	0.292318252	0.298840743	0.310941863	0.329505004	0.350953925	0.373931841	0.394389517	0.41427975	0.439300648	0.474659424	0.521126545	0.570132066	0.608377026	0.635040779	0.650613096	0.658707588	0.660186061	0.659371687	0.654998287	0.64899479	0.643059854	0.637282252	0.630838292	0.625613575	0.620783483	0.618012593	0.615728222	0.612849972	0.607249457	0.59956775	0.590846412	0.582251053	0.573388563	0.564425183	0.557078554	0.552468973	0.549407865	0.548971719	0.54963744	0.547134758	0.531131656	0.502610867	0.468551757	0.433870614	0.402350195	0.37463009	0.348040422	0.326138457	0.30777392	0.29326326	0.280387757
46	0.186303856	0.187027399	0.192002781	0.206528474	0.233479143	0.266213893	0.295805904	0.318798897	0.336295927	0.350269397	0.354834342	0.349463611	0.336910646	0.324107034	0.314688824	0.309353896	0.306185188	0.303883964	0.300597351	0.299145884	0.301231415	0.308268379	0.321168656	0.340856193	0.363780383	0.388182218	0.409887566	0.430682936	0.457043289	0.494155472	0.542673131	0.593243289	0.63262853	0.659854821	0.675663058	0.683877316	0.685439257	0.684766729	0.680502089	0.674599357	0.668712405	0.663090903	0.656597564	0.651398777	0.646573813	0.643836175	0.641279748	0.638401145	0.632681153	0.624900637	0.615952573	0.606977786	0.597540147	0.588085633	0.580237886	0.575217566	0.571494294	0.570680571	0.570865403	0.567702353	0.549854438	0.518912817	0.48251013	0.445358554	0.412618985	0.382640142	0.354913928	0.332190606	0.312893435	0.297730587	0.284179248
2	0.237193481	0.240304506	0.246981959	0.263065493	0.294036237	0.329699429	0.358104553	0.378339501	0.394078521	0.405877543	0.408914969	0.40342668	0.392711285	0.382258743	0.375422664	0.371205778	0.368973973	0.367669095	0.366383887	0.367334462	0.372735839	0.383347854	0.399776688	0.422228646	0.446516653	0.469502967	0.490468991	0.513201156	0.54829306	0.59960992	0.659675699	0.713277081	0.749539893	0.772194928	0.785486138	0.792295233	0.793237158	0.789686918	0.783282521	0.77394091	0.762944971	0.751482728	0.740831479	0.731886101	0.724439388	0.718654601	0.711855026	0.705398742	0.698268488	0.689518692	0.680321659	0.671633774	0.66296597	0.654665812	0.646932368	0.642602927	0.638130337	0.635469088	0.634360226	0.628089472	0.608034043	0.577054281	0.541043217	0.504770054	0.470949924	0.441132099	0.412932184	0.388669879	0.36851824	0.353111044	0.339125036
7	0.232450208	0.235287995	0.242181828	0.25981801	0.291231411	0.328759979	0.359220012	0.380393942	0.39622557	0.408393747	0.411532334	0.40599063	0.395355023	0.38388795	0.376315761	0.372213269	0.369309402	0.367901716	0.367231542	0.368932104	0.374440895	0.385308088	0.40330824	0.427327127	0.452909718	0.477517389	0.499824686	0.524060369	0.561379907	0.614698598	0.676928249	0.732395157	0.769300082	0.793134278	0.806582044	0.813569488	0.813624082	0.810055522	0.803047151	0.792780776	0.783143662	0.771832319	0.76182927	0.752852302	0.744008599	0.73815683	0.730998787	0.724666652	0.716982891	0.708257817	0.699090618	0.689678569	0.680254439	0.670776732	0.663161841	0.657009065	0.652746677	0.651000774	0.649692955	0.642374767	0.621165993	0.587223879	0.547662536	0.508829007	0.472678296	0.439708391	0.410004688	0.384179069	0.364015069	0.347487336	0.332744818
12	0.181758693	0.184130816	0.190242025	0.205463921	0.232143598	0.263303332	0.288516224	0.305623987	0.318268795	0.328260296	0.330951302	0.326208317	0.316973611	0.307861668	0.301014029	0.297304978	0.295432805	0.294177856	0.29345158	0.295219873	0.300414442	0.310175023	0.324993913	0.345312435	0.366766923	0.387313631	0.405775154	0.426521847	0.459778542	0.507528582	0.563570992	0.613984403	0.647624323	0.669989073	0.683456524	0.69066972	0.690841723	0.68676814	0.67858611	0.667567065	0.657952371	0.647188616	0.637284287	0.628638659	0.620021421	0.613797123	0.607087747	0.601665648	0.594450053	0.585871392	0.577508662	0.568703855	0.560467285	0.552461639	0.545621357	0.54052305	0.537203043	0.536342391	0.537156323	0.533206662	0.518294814	0.493642793	0.463671145	0.432390299	0.403295393	0.376599846	0.351724004	0.330138106	0.312179754	0.298037968	0.284864541
17	0.190801846	0.193247579	0.199838769	0.216251043	0.245579503	0.279540079	0.306982891	0.325853621	0.339626099	0.350492011	0.353446438	0.348380612	0.338272272	0.328732768	0.321094733	0.317133192	0.315204185	0.313829754	0.313043044	0.314699951	0.320372609	0.330829699	0.346668245	0.368569831	0.391860466	0.414214135	0.434182608	0.456368886	0.491583522	0.542006581	0.601518774	0.654517978	0.689171931	0.711870775	0.725164405	0.732169242	0.732116222	0.727995955	0.719533391	0.708279928	0.698315366	0.687647364	0.677454979	0.668537745	0.659895916	0.653567674	0.647106898	0.641564307	0.634136141	0.624989716	0.616199156	0.606922983	0.598240428	0.589766184	0.582521088	0.577129246	0.57336029	0.572083877	0.571776726	0.566237904	0.548216474	0.519463634	0.485402493	0.450501705	0.419421876	0.389937167	0.363226347	0.339909417	0.321101637	0.305536581	0.291776149
22	0.202386415	0.204566347	0.211051973	0.227478918	0.256933662	0.290838339	0.31773723	0.336548857	0.350131224	0.360842107	0.363880936	0.358786473	0.348736397	0.339363458	0.331576325	0.327690237	0.325593046	0.324256256	0.323437197	0.325030993	0.330826553	0.34121545	0.356724501	0.378374427	0.401054541	0.423080063	0.442825383	0.464925181	0.499663664	0.548965047	0.607209223	0.659421139	0.693601349	0.716156861	0.729432413	0.736360411	0.73631271	0.732493286	0.724461681	0.71381294	0.703954917	0.693630252	0.68335884	0.674527665	0.666001549	0.659927084	0.654046203	0.64855472	0.641241954	0.632113078	0.623145229	0.614222451	0.605456686	0.59703191	0.589889981	0.584815354	0.58091728	0.579437669	0.578850917	0.573970778	0.556560571	0.528607272	0.495294267	0.461322419	0.4300167	0.401841133	0.374719714	0.352623796	0.333062389	0.318231648	0.304306524
27	0.189748357	0.191899856	0.198182097	0.214091519	0.242741463	0.27574142	0.30188211	0.320273535	0.333408775	0.343914314	0.34685547	0.341823119	0.332034214	0.322605703	0.315118837	0.311306783	0.309275182	0.307862509	0.307077608	0.308637151	0.314221219	0.324355467	0.339569611	0.360721307	0.382723017	0.404136393	0.423233234	0.444641613	0.47803751	0.524704275	0.579510322	0.628064391	0.659616019	0.680585253	0.692759612	0.699070368	0.698621394	0.69501974	0.687392221	0.677371679	0.668198301	0.658671246	0.649204204	0.640955308	0.633090082	0.627590763	0.622192234	0.617182734	0.610408499	0.602095113	0.593764666	0.585610916	0.577486207	0.569572574	0.562778261	0.558387081	0.554872976	0.553600899	0.553222439	0.549085594	0.532969549	0.506614903	0.475514082	0.442891904	0.413045618	0.385604025	0.36012739	0.338638699	0.319769516	0.304951272	0.291803861
32	0.19065909	0.192714522	0.198823931	0.214299168	0.241951845	0.273096958	0.29761267	0.31469681	0.326616442	0.336336312	0.339192237	0.334687154	0.325417211	0.31653684	0.309371437	0.305680026	0.303703834	0.30252847	0.301624342	0.303066709	0.308446907	0.317857728	0.331891063	0.351542362	0.371806257	0.391818911	0.40959885	0.430056138	0.461840966	0.507047388	0.56106493	0.610366268	0.643167279	0.665003268	0.677755958	0.684393467	0.684019217	0.680341937	0.672370897	0.662145597	0.652456568	0.642623189	0.632669035	0.624108777	0.615894444	0.609936131	0.604680113	0.599690612	0.592600909	0.583934915	0.575387125	0.567122665	0.558966008	0.550995426	0.544330298	0.53995226	0.536501938	0.535427816	0.535183751	0.531525717	0.516747969	0.492019988	0.46223391	0.431618655	0.402876786	0.377340989	0.352776703	0.33244454	0.314656297	0.300705642	0.287944532
37	0.180395724	0.18249853	0.188862759	0.204760859	0.233426778	0.265954453	0.29169616	0.309753654	0.322644878	0.333046925	0.336060208	0.331401259	0.321628463	0.312099918	0.304636044	0.300656095	0.298419248	0.297236525	0.296179883	0.297703441	0.303184952	0.313116048	0.328271072	0.348753645	0.370208215	0.391484407	0.410503602	0.432014348	0.465118982	0.511885131	0.566701853	0.616003076	0.648700345	0.670490509	0.683073318	0.689311255	0.688914052	0.68551742	0.677699152	0.667870101	0.658194746	0.648892122	0.639150909	0.630667679	0.6225359	0.616786831	0.611698776	0.606662306	0.599548124	0.591052299	0.582367021	0.574275155	0.56608007	0.557988725	0.551246266	0.546727469	0.542976166	0.541404288	0.540610069	0.536188489	0.520097548	0.493325112	0.46182628	0.428835997	0.399648989	0.372597926	0.347116726	0.325418254	0.307149861	0.292659827	0.279464994
42	0.202124547	0.204144555	0.210508609	0.226696198	0.255802499	0.288766787	0.314957347	0.333200125	0.346144235	0.356590033	0.359797662	0.355240952	0.345370006	0.335591009	0.328178917	0.323993074	0.321652582	0.320333808	0.31923722	0.320749481	0.326144181	0.336244207	0.351497079	0.372069434	0.393546418	0.414894989	0.433794111	0.455340258	0.487974223	0.534010085	0.587630703	0.635533555	0.667219199	0.688268062	0.700232631	0.706242752	0.705736339	0.702460385	0.694813539	0.685407667	0.676179807	0.667291666	0.657872499	0.64960302	0.641676855	0.635973997	0.631104361	0.626243553	0.619228049	0.611061746	0.602667392	0.594773467	0.586688084	0.578527104	0.571965235	0.567531211	0.563839479	0.562463951	0.561521288	0.557523832	0.54154478	0.515298584	0.483920197	0.451281875	0.422226549	0.395334285	0.369799542	0.348370849	0.330348521	0.31616135	0.302705019
47	0.203450322	0.205648734	0.212156728	0.228423098	0.257853967	0.290984364	0.317406348	0.33578711	0.348922993	0.359611404	0.362874383	0.358445832	0.348318774	0.338163034	0.330751146	0.32637054	0.323944156	0.322716694	0.321556079	0.323106082	0.328483561	0.33871425	0.3541682	0.374697724	0.396516842	0.418147081	0.437312013	0.459133553	0.492358792	0.539121161	0.593629937	0.641915615	0.673630068	0.694430847	0.706139736	0.712039747	0.711602789	0.707910526	0.700047542	0.690575767	0.681300432	0.672487828	0.662998536	0.654568727	0.646593423	0.640915749	0.635759176	0.63070623	0.623566508	0.615409348	0.6071385	0.599408421	0.59140531	0.583120628	0.576427977	0.572258316	0.568706728	0.567431117	0.566609649	0.562957355	0.547255034	0.520698439	0.488605388	0.456160755	0.426472972	0.399122065	0.373544478	0.351254455	0.333286895	0.318718935	0.304858289
3	0.214683059	0.216810476	0.221920556	0.235084568	0.261574389	0.294794238	0.324236805	0.346860256	0.365074322	0.379218005	0.383287159	0.377762026	0.365609222	0.353166696	0.344771249	0.339959552	0.33728395	0.335132914	0.332216228	0.330654629	0.332828668	0.340316351	0.353138565	0.373264536	0.396487341	0.420296564	0.442290594	0.462626981	0.489057594	0.528486187	0.580126558	0.633993913	0.676902201	0.705474053	0.72247326	0.731623855	0.734431501	0.733526577	0.730491736	0.724482395	0.716899589	0.709009817	0.701603863	0.695583519	0.691442921	0.688664725	0.684606557	0.680348594	0.67449371	0.666530802	0.656888424	0.647561038	0.637962732	0.628466202	0.620013225	0.615278121	0.61098583	0.609201091	0.609926022	0.604404379	0.5838975	0.550743568	0.511785823	0.472677068	0.43719726	0.405709499	0.376549551	0.352445085	0.332181578	0.31680706	0.303159245
8	0.198113027	0.199760985	0.2050468	0.219341157	0.245017326	0.277836314	0.307483314	0.329476194	0.34673468	0.360309636	0.36442812	0.359111665	0.347704059	0.335043541	0.32673003	0.322012476	0.319069286	0.31687102	0.314495553	0.31363146	0.315765699	0.322566154	0.335761471	0.355672453	0.378367058	0.401660942	0.422699887	0.442480318	0.468907904	0.50663068	0.555994067	0.608118774	0.648764346	0.677333934	0.69427293	0.703515882	0.705702024	0.704652466	0.700523917	0.693492928	0.687475787	0.67985288	0.673120264	0.667555743	0.66208352	0.659118643	0.654954525	0.651394495	0.64550962	0.637693175	0.628957197	0.619340871	0.609781028	0.60028627	0.592670833	0.586694625	0.58315958	0.582374272	0.582868342	0.578288631	0.559758393	0.52786635	0.490173851	0.452528246	0.417781434	0.386715379	0.358376995	0.334619938	0.31527076	0.300333131	0.287184764
13	0.176356886	0.177835865	0.183294033	0.197978445	0.224697869	0.258489003	0.289117387	0.312233535	0.330324736	0.344529966	0.348903452	0.343141239	0.331030242	0.318709524	0.309700737	0.30497661	0.302449472	0.300140337	0.297466004	0.296389992	0.298855722	0.306293495	0.319642431	0.340326453	0.364119918	0.388383822	0.410279819	0.430852171	0.458339093	0.497696622	0.549289088	0.603232855	0.644747689	0.673777581	0.691261419	0.700760475	0.703008854	0.701967866	0.697406004	0.690151655	0.684023375	0.67676446	0.669928964	0.664356233	0.659026949	0.655961698	0.6520249	0.648844066	0.642819404	0.634374498	0.625252518	0.614919669	0.604946254	0.59515204	0.586654463	0.580243454	0.576106317	0.574913811	0.57545894	0.570088806	0.549816827	0.516301948	0.477145675	0.437984035	0.402528446	0.370598846	0.341581582	0.316674276	0.297623784	0.281269268	0.268306867
18	0.176556671	0.177948042	0.183350515	0.19790632	0.224404913	0.257358886	0.286914873	0.309103863	0.326247995	0.339997361	0.344514825	0.339069169	0.326953456	0.315107297	0.305920227	0.301300823	0.298842535	0.296573062	0.294046692	0.293078163	0.295659896	0.302946055	0.315651744	0.335692053	0.358562777	0.381910357	0.402851697	0.422855664	0.449905263	0.488277687	0.538641195	0.591205191	0.631124799	0.659135843	0.676060415	0.685201105	0.687186588	0.685934212	0.681223227	0.673830317	0.667612542	0.660320328	0.653472554	0.647845439	0.642420001	0.639464387	0.635931862	0.632818153	0.626847681	0.618461432	0.609599552	0.599756218	0.590222818	0.580970891	0.573017271	0.567221234	0.563429654	0.562397468	0.563048522	0.558503988	0.539474946	0.507692156	0.470091461	0.431635899	0.397896319	0.366792639	0.338535994	0.315091311	0.295853126	0.280342465	0.267879393
23	0.178364218	0.179617791	0.185120344	0.199915584	0.226977943	0.260535022	0.290216016	0.312776577	0.329859808	0.343625483	0.348310785	0.342985216	0.330880944	0.31864498	0.309308721	0.304715944	0.302209826	0.299854577	0.297191927	0.296190314	0.298894377	0.306170426	0.318916696	0.338948468	0.361734511	0.38535363	0.406546534	0.42704958	0.454294228	0.492854253	0.54391324	0.597466952	0.638971063	0.668297278	0.685818654	0.695099969	0.69708356	0.695822479	0.690989958	0.683537364	0.676901699	0.669533442	0.662133878	0.656210917	0.650786126	0.647549811	0.644440576	0.641035408	0.635041166	0.626506294	0.617025816	0.606977167	0.597124765	0.58761644	0.579186386	0.573686129	0.569891842	0.568801964	0.569725248	0.566371121	0.548096374	0.51615812	0.477754647	0.439141275	0.403912158	0.372831519	0.344113185	0.319742302	0.29974979	0.284430742	0.271142371
28	0.184693519	0.185872992	0.191391577	0.206481567	0.234080726	0.26813682	0.298241251	0.321383579	0.338949487	0.353059132	0.357611796	0.35194141	0.339763296	0.327781366	0.31844442	0.313743219	0.311114767	0.308871232	0.306207271	0.305165746	0.307980997	0.315498942	0.328602595	0.349219127	0.372463553	0.396561906	0.418048139	0.438921001	0.466716677	0.505986044	0.557794012	0.611917212	0.653521984	0.682732984	0.700228181	0.709490075	0.711401601	0.710440629	0.705852411	0.698766556	0.692282634	0.685065256	0.677826808	0.671890811	0.666571612	0.663525628	0.660368444	0.656979258	0.650853077	0.642213332	0.632510459	0.622429981	0.612293921	0.602354691	0.593765752	0.587857017	0.583652642	0.582319072	0.582299475	0.577577261	0.557392463	0.523400268	0.48398402	0.444189185	0.409474218	0.377762869	0.348306023	0.325022997	0.304761425	0.289434111	0.276070779
33	0.173766285	0.174848541	0.180244184	0.19471309	0.221214285	0.254004158	0.282960561	0.305114711	0.321787384	0.335453568	0.339966225	0.334650928	0.322754893	0.311073571	0.301946033	0.297363106	0.294743773	0.292640854	0.289906927	0.288995066	0.291754699	0.298930855	0.311539674	0.331136777	0.353310065	0.376430157	0.397059659	0.41720074	0.443723683	0.480918534	0.52972212	0.580391163	0.619129303	0.646422405	0.662615756	0.671220438	0.672775863	0.67190484	0.667408041	0.660765508	0.654632328	0.648105296	0.641282446	0.635696825	0.630496213	0.627628051	0.625009522	0.62196043	0.616144998	0.607980333	0.598818363	0.589565026	0.580220663	0.571118873	0.563464826	0.558098654	0.554129488	0.552906883	0.552936448	0.548525482	0.529798665	0.498371251	0.461438125	0.423980484	0.390786478	0.360764616	0.33262485	0.310527198	0.290910366	0.27675665	0.262947719
38	0.169238857	0.170494841	0.175959732	0.190578181	0.217217796	0.249863305	0.278868136	0.300953566	0.317627909	0.331185363	0.335748866	0.33074466	0.318865206	0.306758578	0.297645147	0.292772476	0.289987534	0.287929285	0.285176847	0.284224165	0.286831064	0.294123544	0.306942467	0.326509976	0.348755116	0.372211807	0.393230821	0.413919303	0.441102812	0.479524179	0.529807459	0.582252772	0.622791186	0.651321789	0.668081225	0.676781936	0.678445701	0.677365591	0.67247294	0.66551645	0.658792977	0.651961692	0.644780376	0.638783985	0.633377205	0.630289388	0.62744843	0.624010918	0.617910608	0.609573027	0.600175752	0.590695869	0.581033533	0.571191592	0.563149033	0.55804797	0.554267366	0.553330169	0.553518715	0.550048677	0.531742774	0.50020987	0.462570258	0.42459323	0.390742577	0.360254858	0.332244865	0.308761341	0.289573168	0.274011253	0.260855703
43	0.171853736	0.172861079	0.178100037	0.192093748	0.217815826	0.248872519	0.276642992	0.297789258	0.313763373	0.326651697	0.330981982	0.326306757	0.314891756	0.303076306	0.294496048	0.289691943	0.286914332	0.28497558	0.282134618	0.281282682	0.283752926	0.290728171	0.303043348	0.321519846	0.342631072	0.364975951	0.385077079	0.404880307	0.430661443	0.467135154	0.514852395	0.564620936	0.60336261	0.630733932	0.646907567	0.655280772	0.656889646	0.655851444	0.650992167	0.644383673	0.637918386	0.631572812	0.624629055	0.618900859	0.613567627	0.610605345	0.607843048	0.604640468	0.598636315	0.590708141	0.581730333	0.572861848	0.56362259	0.554254949	0.546488945	0.541743847	0.53820749	0.537532327	0.538008566	0.535775782	0.519501819	0.490095563	0.455051421	0.419038257	0.387116739	0.358350528	0.331855688	0.30975074	0.290552555	0.276317034	0.263793168
48	0.180134809	0.181378528	0.18706214	0.202167353	0.230114648	0.264079879	0.294252429	0.317305848	0.334860004	0.349004321	0.353959399	0.348866657	0.336599467	0.32403314	0.314864107	0.309740745	0.30674431	0.304507503	0.301548399	0.300497693	0.30308792	0.310790302	0.324249708	0.344507959	0.367667139	0.392073949	0.413974618	0.435320177	0.462998856	0.502406544	0.553678942	0.606625708	0.647263897	0.675339126	0.691630353	0.700171888	0.701638742	0.700516061	0.695675196	0.689126044	0.682569338	0.67616943	0.669022487	0.66310029	0.657935198	0.654886871	0.651855929	0.648452618	0.642288527	0.634158333	0.624769449	0.615488824	0.605737052	0.59575465	0.587430055	0.581993392	0.577863669	0.576386701	0.575880653	0.571698028	0.552072826	0.518391217	0.479134212	0.439807626	0.404936051	0.373528713	0.344555561	0.320480283	0.30116471	0.28553573	0.271981218
4	0.229211967	0.23140736	0.237123504	0.251996557	0.281092752	0.317591093	0.350145625	0.375008413	0.395089468	0.410529598	0.414843133	0.4087064	0.395320726	0.382011425	0.372655512	0.367374096	0.364449093	0.362079959	0.359051552	0.357180145	0.359249782	0.367394882	0.380965421	0.402608676	0.427843508	0.454175612	0.478451162	0.500925793	0.529342933	0.57241572	0.62971985	0.69037297	0.739267706	0.772191972	0.791653235	0.802318764	0.805356359	0.804397946	0.800788744	0.794219985	0.786024275	0.777391477	0.769104616	0.761969771	0.757061148	0.75361994	0.749015962	0.743971618	0.737179123	0.72816937	0.717175518	0.706152713	0.694909729	0.683796245	0.673993326	0.668541031	0.664027093	0.662683341	0.663948852	0.657138856	0.632777351	0.593984035	0.549392643	0.50527081	0.466066334	0.430534869	0.398770883	0.372697245	0.351535898	0.334802663	0.320871773
9	0.183641427	0.185438465	0.191216639	0.20686795	0.234477252	0.269480489	0.301335707	0.325123764	0.343790488	0.358514305	0.362939319	0.357045817	0.344433807	0.330955609	0.321625652	0.316472113	0.313518458	0.311208264	0.308624346	0.307654702	0.310018903	0.317262785	0.33100056	0.352080855	0.376375867	0.40161197	0.424301273	0.445813434	0.474240834	0.515370785	0.569645633	0.627765547	0.673538316	0.705822558	0.725138099	0.735828331	0.738620403	0.737655265	0.732949484	0.725109879	0.718649155	0.710292311	0.702707728	0.696364741	0.690135562	0.686366368	0.681677895	0.677714402	0.670979052	0.661897804	0.652033585	0.640888624	0.630174688	0.6198315	0.61097184	0.60426317	0.600408303	0.599947623	0.601125156	0.595408918	0.573516082	0.537414205	0.495178365	0.452867972	0.415463633	0.381079079	0.350907402	0.325183561	0.304014548	0.289171828	0.275221801
14	0.189242321	0.190862593	0.196711383	0.212194424	0.239909536	0.274518372	0.305912919	0.329202272	0.347334317	0.361643359	0.366183324	0.36064971	0.347869823	0.334779009	0.325056717	0.319946365	0.317254605	0.314931996	0.312189386	0.311066626	0.313583203	0.320846011	0.333947048	0.35450444	0.378206185	0.402557584	0.424739683	0.445642606	0.473307985	0.512958196	0.565329918	0.621100648	0.665054087	0.696164368	0.715025701	0.725314206	0.727718614	0.726604594	0.721536146	0.713610809	0.706818243	0.698983642	0.691427123	0.685350489	0.679424447	0.675790329	0.671549518	0.668046333	0.661711515	0.652843045	0.642985895	0.632251177	0.621935523	0.611967539	0.603408065	0.597497536	0.594001789	0.593720481	0.595118252	0.590424254	0.56998685	0.535658183	0.495070169	0.454026112	0.417265263	0.384562503	0.354785831	0.329980362	0.310389578	0.295031001	0.281606478
19	0.177763223	0.179173908	0.184810676	0.200182871	0.227933774	0.262517954	0.293653497	0.317248124	0.335312692	0.349725922	0.354300327	0.348482344	0.33552764	0.322629201	0.312765221	0.307641949	0.305030931	0.302712291	0.299945018	0.298892813	0.301571882	0.308967791	0.322109286	0.342796785	0.366864084	0.391636969	0.413895118	0.435114254	0.463337893	0.503521239	0.556883735	0.613455081	0.657270764	0.687927784	0.706393977	0.71650014	0.718857697	0.717815185	0.712882472	0.705148148	0.698431128	0.690840682	0.683389473	0.677198337	0.671509157	0.667999846	0.664100364	0.660530374	0.654157256	0.644889065	0.634972394	0.624219221	0.613947728	0.603941707	0.595183286	0.589048689	0.585157252	0.584508244	0.585718164	0.580543983	0.559595098	0.524713842	0.483975046	0.443411578	0.406308847	0.373854072	0.343705075	0.31928776	0.299513915	0.283826544	0.270397471
24	0.182906728	0.18417074	0.190062787	0.205906613	0.234956815	0.270912229	0.303100808	0.328038568	0.347206625	0.362412009	0.367195836	0.360999575	0.3475864	0.334428742	0.3243046	0.319273357	0.316562462	0.314092847	0.31127844	0.310045921	0.312897784	0.320727134	0.334617197	0.356381315	0.381584115	0.407970104	0.431803147	0.454652135	0.484812631	0.527737591	0.585005906	0.645835831	0.693045872	0.726298391	0.746097627	0.756610165	0.75906216	0.758093217	0.753162177	0.745460397	0.738279457	0.730344367	0.722294954	0.715631193	0.709548495	0.705679888	0.702049952	0.698238175	0.691376531	0.681616358	0.670635814	0.659042744	0.647597427	0.636568172	0.626993997	0.620307176	0.615628681	0.614479951	0.614853037	0.60923938	0.585996907	0.547606915	0.503701568	0.459591117	0.420912124	0.38581446	0.354174696	0.327857145	0.306653987	0.290104529	0.2759465
29	0.182367456	0.183506393	0.189160025	0.204422285	0.232189857	0.266607641	0.297172216	0.32060105	0.338286546	0.352715466	0.357274869	0.351631188	0.338821943	0.326076906	0.316177889	0.311183171	0.308469812	0.306236473	0.303478342	0.302294606	0.305096579	0.312451009	0.325474327	0.346077473	0.369661666	0.394378471	0.416462095	0.437867344	0.465989951	0.505729675	0.558277341	0.613566735	0.656031688	0.685699833	0.703356763	0.712809565	0.714726729	0.713702701	0.708567853	0.701246256	0.694575433	0.687141053	0.679721873	0.673583932	0.667828254	0.664468081	0.661194685	0.657758141	0.651527745	0.642647985	0.632648202	0.622524279	0.612411791	0.602591773	0.594223885	0.588748904	0.585148038	0.584539036	0.585296532	0.581106486	0.561119608	0.527296458	0.487117754	0.446959683	0.410953422	0.37908649	0.349610883	0.325059909	0.305210743	0.289256706	0.276000002
34	0.189512022	0.19083924	0.196674027	0.212457622	0.241283735	0.276892922	0.308691946	0.333169593	0.351735336	0.366680234	0.371476794	0.365658425	0.352641025	0.339528034	0.32952542	0.324256047	0.321387549	0.319070469	0.316097842	0.314865423	0.31768127	0.325364073	0.339117646	0.360509873	0.384987647	0.410730176	0.433937504	0.456369743	0.485236745	0.526273641	0.580294458	0.63672988	0.680163901	0.71041279	0.728282615	0.737650549	0.739490389	0.738444105	0.733516072	0.726387423	0.719462874	0.712233451	0.704608205	0.698327343	0.692622236	0.689138576	0.685989176	0.682279282	0.675907608	0.667002491	0.656847212	0.646631506	0.636083289	0.625694528	0.617188671	0.611368879	0.607359806	0.606205896	0.606115044	0.601097102	0.579435167	0.543487891	0.501617478	0.459532527	0.422595312	0.389204667	0.358906529	0.333226737	0.31311269	0.297091684	0.282719346
39	0.197367091	0.198783282	0.204955281	0.221581939	0.252197757	0.289691334	0.323319319	0.349120281	0.368916479	0.384758606	0.390021174	0.384027617	0.370182835	0.356146277	0.345735101	0.340132137	0.336946149	0.33456089	0.331393936	0.330107374	0.332930442	0.341067665	0.355689443	0.378095062	0.403909314	0.43118617	0.455679533	0.479364748	0.509732823	0.552993895	0.60948061	0.668258697	0.713167941	0.744183071	0.762126954	0.7714928	0.773399592	0.772538224	0.767499028	0.760482429	0.753546954	0.746291267	0.73856521	0.732224596	0.726217978	0.722660849	0.71948143	0.715702593	0.709013942	0.699808449	0.689265298	0.678609687	0.667728586	0.656877641	0.647666491	0.641483118	0.636889522	0.635374414	0.634750261	0.628496853	0.604557155	0.565191502	0.519993622	0.475723848	0.435953604	0.401292086	0.369143923	0.342768651	0.321969051	0.305669589	0.291125101
44	0.185629618	0.1869202	0.192968569	0.209207029	0.239009989	0.27532342	0.307859097	0.332724884	0.35176294	0.366980488	0.372182669	0.366701199	0.353317003	0.339463009	0.329425626	0.323765891	0.320499578	0.318233454	0.315057682	0.31389419	0.316579223	0.324490028	0.338737883	0.360191839	0.384852955	0.411042427	0.434763899	0.457672312	0.487147799	0.52894643	0.583535308	0.640611254	0.684699589	0.715231885	0.733096144	0.742208367	0.743868817	0.742963328	0.737965787	0.730981617	0.723960519	0.717057761	0.709286304	0.702883487	0.697023974	0.693546439	0.690267612	0.686422875	0.67971184	0.670808068	0.660737409	0.650625584	0.640108755	0.629427968	0.620431044	0.614802904	0.610650895	0.609610905	0.609402258	0.604305944	0.581771926	0.544109795	0.50032681	0.457253731	0.418583587	0.384799579	0.353919076	0.328524017	0.307808566	0.291783965	0.2775901
49	0.185705664	0.187029896	0.192766959	0.20808846	0.236326303	0.270102724	0.300387999	0.323311386	0.340803819	0.354817483	0.359675211	0.354662001	0.342047942	0.3290233	0.31949188	0.314139602	0.311059675	0.308956354	0.305897344	0.30485997	0.307416207	0.314835575	0.328033464	0.347764409	0.370638303	0.394985001	0.416835708	0.438129478	0.465706706	0.504877484	0.556181566	0.610753313	0.653843484	0.684152121	0.701968304	0.71118907	0.712961247	0.712061214	0.707075453	0.700070261	0.693025475	0.686155709	0.678540013	0.672178909	0.666420135	0.662819233	0.659701772	0.656296274	0.649800326	0.641076884	0.631128567	0.621244896	0.611111983	0.601028782	0.592616112	0.58710753	0.583100281	0.582351441	0.582462413	0.578264511	0.558482128	0.524304469	0.484279193	0.444138381	0.409222545	0.376804512	0.34786456	0.324162136	0.304209979	0.288555763	0.275654356
5	0.186130881	0.187247955	0.19202007	0.204855465	0.228695787	0.258895277	0.285138684	0.304009583	0.318667621	0.330157891	0.333289184	0.328277804	0.317842643	0.306849727	0.299629201	0.29593963	0.293282654	0.291426654	0.289721031	0.289613947	0.292264245	0.299298192	0.312201135	0.330911621	0.352057112	0.373262392	0.392306321	0.411784715	0.43847353	0.477474242	0.52758314	0.578426219	0.616632474	0.642717252	0.658209439	0.666380071	0.667315006	0.665340916	0.66148211	0.654896749	0.647310822	0.638195262	0.630867649	0.624295621	0.619237454	0.616170005	0.611165294	0.606399885	0.600068796	0.592842042	0.584296851	0.575652046	0.566656374	0.557443828	0.550825325	0.545824403	0.542874486	0.541977142	0.542878047	0.539955681	0.525653628	0.49909913	0.466516867	0.434122432	0.404104898	0.37614123	0.350721263	0.329049731	0.310897898	0.296672314	0.283881269
10	0.170542097	0.17204518	0.177025475	0.190379551	0.214188955	0.244161433	0.270659934	0.290054438	0.304832272	0.316351051	0.319333878	0.313970781	0.303657029	0.292972826	0.285382098	0.281174901	0.278807227	0.276920077	0.275117785	0.275014175	0.278037764	0.28545455	0.298434627	0.317534293	0.33890425	0.360461082	0.379787062	0.398950327	0.426219397	0.465758214	0.516096895	0.566851681	0.604541527	0.630472764	0.645877822	0.65420403	0.655792541	0.654044677	0.648738648	0.640622109	0.634167439	0.626270462	0.61903474	0.613032627	0.60699501	0.603223359	0.598461839	0.594702758	0.588584717	0.580670645	0.572340631	0.562957825	0.554014799	0.545316046	0.537936113	0.53234803	0.529172492	0.528793808	0.530089635	0.526562669	0.511153972	0.484672354	0.452401554	0.420314695	0.389749846	0.362338286	0.336831765	0.314302393	0.297119289	0.282633903	0.269730449
15	0.168780139	0.170174792	0.175085102	0.188556399	0.212922787	0.243034776	0.269527079	0.288825678	0.303402436	0.314851293	0.318017881	0.312752771	0.302188634	0.291818859	0.283948384	0.279737445	0.277638241	0.275720753	0.273671991	0.273569017	0.276851793	0.284524177	0.297258848	0.316370721	0.337719199	0.359034674	0.378204104	0.397092737	0.424340706	0.463339434	0.512859986	0.562222365	0.598286395	0.622973112	0.637765574	0.645729739	0.647092209	0.64534396	0.640059769	0.632249172	0.625706144	0.618311655	0.611265217	0.605493114	0.599831812	0.596253035	0.591979561	0.588580238	0.582715873	0.574666766	0.566422817	0.557355735	0.548727362	0.540196011	0.532903829	0.527518704	0.52425724	0.523821462	0.524814459	0.521159842	0.505791934	0.479581347	0.448073718	0.415955527	0.385657186	0.358423639	0.333135394	0.310680069	0.293702974	0.279744241	0.266582281
20	0.162316221	0.163529945	0.168491404	0.182118013	0.207332023	0.238052904	0.265039561	0.28511597	0.300171615	0.312030689	0.315495732	0.310050002	0.29900912	0.288458102	0.280061388	0.275887393	0.273724718	0.271792939	0.269721969	0.269488372	0.272900484	0.280734514	0.293675439	0.313256706	0.335108055	0.357026128	0.376694965	0.39648441	0.424523891	0.46468926	0.516264127	0.567816208	0.605430515	0.631317568	0.646878397	0.655224159	0.656723422	0.654907969	0.649741174	0.641941273	0.635229104	0.627696081	0.620385547	0.614270063	0.608569439	0.605025161	0.601018064	0.597421155	0.591318969	0.582871356	0.57395516	0.564342362	0.555003569	0.545956907	0.538115341	0.532439273	0.528550861	0.527573952	0.528641018	0.525528209	0.509709719	0.482356559	0.449407709	0.415726024	0.384838457	0.357151727	0.331213534	0.308769925	0.290508603	0.276048134	0.263109632
25	0.175407897	0.176453187	0.181544557	0.195501406	0.221242161	0.252735286	0.280057052	0.300396503	0.315532705	0.327645532	0.331319357	0.325894134	0.314587242	0.303645055	0.295189272	0.290915433	0.288583485	0.286590413	0.284470749	0.284293872	0.287728783	0.29565112	0.308784675	0.328458222	0.350209506	0.372295706	0.391993046	0.411918443	0.440028712	0.47950481	0.529612983	0.579034816	0.614716068	0.639451791	0.654153899	0.661906216	0.663231072	0.661620946	0.656600931	0.649263561	0.642679763	0.635521358	0.628469615	0.622535313	0.617009037	0.613632441	0.610258086	0.606769167	0.60096942	0.592972146	0.584205245	0.575127594	0.566123088	0.557424135	0.549890416	0.544989757	0.541440738	0.540672881	0.541453325	0.538989817	0.523917834	0.496634403	0.464032797	0.430422984	0.399856344	0.372343971	0.346501852	0.323942943	0.306168918	0.29077758	0.277692616
30	0.166909736	0.167925535	0.173064919	0.186888113	0.21232827	0.24345008	0.270516051	0.29088149	0.305997363	0.318230008	0.32177792	0.316249669	0.305087054	0.294314745	0.285814137	0.281542536	0.279244272	0.277355892	0.275283842	0.274984211	0.27854018	0.286425798	0.299610384	0.319518472	0.341505226	0.364081838	0.384377437	0.405075874	0.434195276	0.475863608	0.529636203	0.583760773	0.62377292	0.651432237	0.667737531	0.676334619	0.677756356	0.676029706	0.670393903	0.662367738	0.654827814	0.64673343	0.638724425	0.632038065	0.625701606	0.621883706	0.618162102	0.614234315	0.607617698	0.59877076	0.588987123	0.579131317	0.569299998	0.559762148	0.551617985	0.546240091	0.542505555	0.541570404	0.542373049	0.539752481	0.523607234	0.495258325	0.46107662	0.4267886	0.394330648	0.365988175	0.339583767	0.31681476	0.297408081	0.28259849	0.269589656
35	0.171610826	0.172720198	0.178109754	0.192783604	0.219671841	0.252403957	0.280636018	0.301831308	0.317436028	0.330266539	0.334178291	0.328687668	0.317151226	0.305764185	0.29700579	0.292332719	0.289704416	0.287689972	0.285390147	0.285218347	0.288981019	0.297155122	0.310931699	0.331539681	0.35421647	0.377629632	0.398635575	0.419921912	0.449432332	0.491492697	0.544922826	0.598354706	0.637341996	0.663945599	0.679452356	0.68739756	0.688425206	0.686896025	0.681421687	0.673899279	0.666620954	0.659110648	0.651279878	0.644807111	0.638704618	0.634873298	0.631403477	0.627553836	0.621157312	0.612556802	0.603090006	0.593671935	0.584111246	0.574481779	0.566590378	0.560971502	0.556822775	0.555365124	0.555203785	0.551269801	0.533439674	0.503174585	0.467844198	0.431571897	0.398945615	0.369514977	0.341927965	0.318537195	0.300288738	0.284156028	0.270804524
40	0.171826812	0.172947647	0.178111412	0.191956959	0.21724921	0.247547822	0.273720194	0.29299154	0.307118809	0.318646531	0.322419775	0.317659165	0.306903186	0.296119498	0.287948581	0.283373096	0.280704542	0.279024167	0.276880853	0.276712675	0.280112982	0.287871836	0.300741822	0.319554898	0.340292696	0.361828248	0.381184078	0.401158842	0.428864345	0.4683691	0.51860802	0.568736444	0.605789777	0.631198718	0.64597398	0.653511978	0.65439307	0.652628585	0.646924531	0.639388608	0.63205478	0.624890603	0.617181696	0.610814161	0.604763541	0.600898614	0.597694101	0.593989602	0.587617327	0.579472525	0.570652859	0.561943258	0.553022707	0.544071426	0.536805019	0.53218345	0.528855621	0.528201454	0.528682007	0.526454427	0.511922914	0.485636555	0.453432415	0.420817232	0.390668096	0.363586571	0.338343499	0.316970276	0.299115435	0.284896609	0.27202509
45	0.16602069	0.167046718	0.172049772	0.185591767	0.210632491	0.240741818	0.266990522	0.286517057	0.301065073	0.312712811	0.316457012	0.311611964	0.300608981	0.289638841	0.281486527	0.276885211	0.274230939	0.272428287	0.270068501	0.269869211	0.273151013	0.281011107	0.294034705	0.312942588	0.333966455	0.355886009	0.375423707	0.395658505	0.423455283	0.463154324	0.513400088	0.563148494	0.599904602	0.624977959	0.639520183	0.646926524	0.647877989	0.646178634	0.640643034	0.633450893	0.626232785	0.619399098	0.611942684	0.605713332	0.599945475	0.596225585	0.592955458	0.589372798	0.583188055	0.575312085	0.566454536	0.557860284	0.548979628	0.539962687	0.532523075	0.527882995	0.524507983	0.523820404	0.524320207	0.522323562	0.507939773	0.481350496	0.449283308	0.416130371	0.386774268	0.359592409	0.333940154	0.312208978	0.294745272	0.280423105	0.267585735
50	0.163320259	0.164378885	0.169428317	0.183094885	0.208100022	0.23791316	0.263844717	0.283109796	0.297430047	0.308967227	0.312736974	0.308058371	0.297330703	0.286508687	0.278517547	0.274026214	0.271388937	0.269660384	0.267333034	0.267198533	0.270407202	0.278150021	0.291110956	0.309552809	0.330302626	0.351860387	0.371209357	0.391154202	0.418693662	0.458245912	0.508642426	0.559278182	0.597101119	0.623141696	0.638158468	0.645806263	0.646832572	0.644964431	0.639295578	0.631835875	0.624374574	0.617461041	0.609679072	0.603115087	0.597168185	0.593551349	0.589999685	0.586270527	0.579783067	0.571720447	0.562798455	0.554122244	0.544982821	0.53572314	0.528259437	0.52350856	0.520049995	0.519410842	0.519829832	0.517906539	0.503419227	0.477003165	0.444956578	0.411874545	0.381893874	0.354761664	0.329190026	0.307550719	0.289808654	0.275750239	0.262594386
