1	0.241374658	0.242498648	0.247554304	0.261444375	0.286588848	0.317563485	0.344917456	0.365919322	0.383442962	0.397005632	0.401239568	0.396421636	0.385205959	0.373153921	0.363789045	0.358345109	0.356034282	0.353980983	0.350436198	0.347777634	0.349027959	0.355170285	0.367513068	0.386229331	0.409001711	0.431915826	0.452721127	0.472050947	0.495879324	0.530759749	0.577201852	0.626714912	0.668492758	0.695892699	0.712573772	0.722229529	0.726437835	0.726161479	0.723380389	0.717589374	0.711116495	0.705814015	0.699990173	0.694139674	0.689416338	0.68650396	0.683921539	0.680924642	0.676045994	0.668513178	0.659918092	0.650738647	0.641137263	0.632390953	0.624003058	0.618296196	0.615137453	0.614158582	0.615451569	0.613424383	0.598321922	0.570748487	0.538040801	0.505124607	0.473846526	0.446012892	0.420292412	0.39902263	0.381025734	0.364744367	0.351660322
6	0.225590644	0.226688539	0.23172526	0.245242118	0.269844585	0.300072324	0.326271811	0.346479674	0.362894074	0.375500758	0.379948837	0.375614008	0.364593814	0.352274696	0.343649457	0.338770632	0.335823863	0.333687385	0.330941946	0.328629751	0.329869044	0.335935451	0.347266426	0.365135673	0.386679451	0.408139736	0.428495748	0.447225655	0.470132838	0.504257492	0.548933392	0.596591056	0.636741578	0.662601167	0.67865203	0.687736769	0.691544193	0.690969667	0.688032431	0.6820267	0.675737358	0.670635434	0.664109283	0.65846805	0.65450023	0.651204346	0.648535496	0.645534298	0.641047676	0.633952209	0.625401116	0.615854502	0.606793451	0.59876359	0.591263818	0.586029723	0.582757611	0.581782755	0.583826392	0.582642971	0.569249981	0.543669758	0.512504131	0.480680438	0.45085541	0.424087928	0.399621566	0.378982172	0.360296269	0.345906876	0.332838006
11	0.209621854	0.210869973	0.216158983	0.230145863	0.255584479	0.287049889	0.314656916	0.336283512	0.353563421	0.367121438	0.371708037	0.367138112	0.355813828	0.343084368	0.333885393	0.32894961	0.325799113	0.323451081	0.32094202	0.318518985	0.319800597	0.326402692	0.338774488	0.357851453	0.380828164	0.404012488	0.42581369	0.445715692	0.470271883	0.506963832	0.554570177	0.60454302	0.646027785	0.672474397	0.688763398	0.697720823	0.701258991	0.700961423	0.698107058	0.691953993	0.685452753	0.680065899	0.673553462	0.668093461	0.664075102	0.660711903	0.657932393	0.654410346	0.649544632	0.64218049	0.633240265	0.623609539	0.614302883	0.605961697	0.598038548	0.592369061	0.588750577	0.587736739	0.589575837	0.587785481	0.572514082	0.544216826	0.510795204	0.477041839	0.445038105	0.417258609	0.391111321	0.36969591	0.35040923	0.334498132	0.321228206
16	0.201849924	0.203292263	0.208813375	0.223312172	0.249650357	0.281916689	0.310275955	0.332515715	0.350270614	0.364335202	0.368999703	0.364193383	0.352528755	0.339461557	0.329906383	0.324858756	0.321546266	0.319146275	0.316657981	0.314240191	0.315652348	0.322515325	0.335250277	0.354914345	0.378397087	0.402191515	0.424568832	0.444944459	0.470275751	0.507957107	0.556942831	0.608747862	0.652285202	0.680092535	0.697046709	0.706342373	0.710103755	0.709914078	0.707039945	0.700766734	0.693961614	0.68821365	0.681267819	0.675675642	0.671583304	0.668044185	0.665176186	0.661745692	0.656741375	0.648999043	0.639419181	0.629198797	0.619430653	0.610578802	0.601939409	0.595668781	0.591656277	0.590144854	0.591467174	0.588570358	0.572166744	0.542169839	0.506672126	0.471572915	0.438709865	0.409217799	0.382598825	0.360755459	0.340759928	0.324835096	0.3111745
21	0.198233931	0.199522903	0.204750126	0.218548916	0.243504316	0.274212953	0.301200066	0.322279841	0.339028464	0.352466439	0.357020183	0.352674754	0.34179606	0.329264488	0.319982156	0.314988702	0.311768203	0.309447273	0.30723244	0.304838773	0.30603881	0.312463879	0.324782998	0.34353478	0.365772281	0.38853129	0.409856797	0.429156376	0.453149625	0.489116576	0.535724605	0.585160204	0.626953697	0.653738962	0.670130201	0.679142859	0.682821791	0.68278025	0.679864956	0.673591597	0.666846192	0.661248627	0.654493317	0.649260463	0.645289857	0.641856945	0.638960497	0.635514426	0.630806401	0.623611744	0.614612964	0.605014817	0.595677073	0.58723872	0.579194003	0.573410681	0.569834727	0.568560307	0.5700119	0.567639018	0.552851541	0.525244458	0.492070106	0.459138145	0.427934281	0.400315001	0.374853576	0.354095081	0.334956909	0.319391558	0.306461096
26	0.199272892	0.200600074	0.205952525	0.22010558	0.245572983	0.276791716	0.304151192	0.325593247	0.342609837	0.356266163	0.360753372	0.356360161	0.345341728	0.332769398	0.323365578	0.318228153	0.315047239	0.312789171	0.310589048	0.308165256	0.309433322	0.315973117	0.328389488	0.347314682	0.369813929	0.392756675	0.414228428	0.433593791	0.457786209	0.493693377	0.540138891	0.589102189	0.630182283	0.656605241	0.672579681	0.681430715	0.685107503	0.684971498	0.682159723	0.675948303	0.669255696	0.66364095	0.657061068	0.651896188	0.647921781	0.644557808	0.641656315	0.638237138	0.633577857	0.626494118	0.617689048	0.60830483	0.599135518	0.590853433	0.582820459	0.577241263	0.57386048	0.572776239	0.574411131	0.572383802	0.55717665	0.529113398	0.495522245	0.461835625	0.430360037	0.402452042	0.376641637	0.355283138	0.336109855	0.320451841	0.307313247
31	0.206038153	0.207353402	0.212777028	0.226806441	0.251945416	0.282595189	0.309342893	0.330188053	0.346663393	0.359830386	0.364202921	0.35987622	0.349348292	0.33728007	0.328156742	0.323109461	0.319955451	0.317741046	0.315704102	0.313334019	0.314569032	0.32097583	0.33320576	0.351754718	0.373710947	0.39610804	0.416954523	0.435646295	0.459188523	0.494352264	0.539728226	0.587633789	0.628073708	0.653897017	0.669518204	0.678148076	0.681686279	0.681285781	0.678203246	0.671899253	0.665025603	0.659362708	0.652892991	0.647793639	0.64388994	0.640451224	0.637497062	0.634190072	0.629726884	0.62268951	0.613849367	0.604680242	0.595704038	0.587630178	0.579727078	0.574340895	0.571373941	0.570524552	0.572205925	0.570115384	0.555551467	0.528106679	0.495388128	0.462571358	0.43181561	0.405195173	0.379747851	0.359031709	0.340650795	0.324723835	0.312136892
36	0.197936187	0.199180534	0.204563127	0.218776774	0.244344747	0.275668821	0.303080854	0.324709199	0.34199573	0.355741259	0.360095022	0.355532821	0.344645366	0.332270628	0.32286879	0.317767721	0.314620445	0.31236511	0.310221993	0.307897523	0.309147141	0.315792992	0.328442799	0.347885053	0.370899541	0.394307702	0.416143774	0.435723208	0.460304674	0.496985722	0.544347192	0.594193131	0.635934788	0.662532993	0.678544199	0.687265918	0.690895568	0.690785215	0.688036976	0.681770932	0.6750848	0.669468719	0.662971344	0.657892726	0.654072573	0.650651685	0.647691633	0.644197229	0.639652875	0.632285381	0.623026699	0.613449456	0.603999435	0.595478108	0.587040582	0.581034009	0.577357518	0.575992579	0.577327244	0.57477353	0.558901472	0.529837381	0.495674208	0.461372875	0.429597669	0.401289922	0.374925331	0.353806353	0.333887466	0.318341883	0.305124838
41	0.208252258	0.209569208	0.214846619	0.228796644	0.253806329	0.284235717	0.310895172	0.331588738	0.347995625	0.361125365	0.365418307	0.36116996	0.350461201	0.338206641	0.328927447	0.323827905	0.320694571	0.318464026	0.316355256	0.314069134	0.315210977	0.321561383	0.333827628	0.352441456	0.374512239	0.397086749	0.418096024	0.437032164	0.460889202	0.496636065	0.542691769	0.591312017	0.632030822	0.65794952	0.673503368	0.681948474	0.685230152	0.684850589	0.681748519	0.675287345	0.668457611	0.662606892	0.655936541	0.650756866	0.64666144	0.643143895	0.640168263	0.636690594	0.632208727	0.625152276	0.616196129	0.606925427	0.597918131	0.589816924	0.581864452	0.5765707	0.573603193	0.57281105	0.574804646	0.572973681	0.558767073	0.531588179	0.498777265	0.466108857	0.435279245	0.407930223	0.38284676	0.362080931	0.3432444	0.328675736	0.314932341
46	0.206310635	0.207694494	0.21314517	0.227691825	0.253805011	0.285442264	0.313079194	0.33459199	0.351690491	0.365286697	0.369753032	0.365311371	0.354310593	0.34170318	0.332142894	0.3268922	0.32356898	0.321305242	0.3191525	0.316759947	0.318027286	0.324647526	0.337276733	0.356556869	0.379321745	0.402553066	0.424165549	0.443589589	0.467882163	0.504097645	0.550625132	0.599548576	0.640500148	0.666517663	0.682203086	0.690812805	0.694224734	0.693944308	0.690974826	0.684677271	0.677898764	0.672237885	0.665751023	0.66059874	0.656730963	0.653254506	0.650331488	0.64688147	0.642405622	0.635193751	0.626232999	0.616810602	0.607676684	0.599412728	0.591181197	0.585472035	0.582171787	0.581052262	0.582500134	0.579794659	0.56435644	0.535994935	0.50198282	0.468116841	0.436304976	0.40827392	0.382571767	0.361544119	0.342183799	0.326095421	0.313265279
2	0.262929299	0.266174825	0.273687107	0.291558662	0.322748765	0.358535835	0.386186321	0.405597288	0.421367397	0.433145288	0.436502209	0.432194917	0.422403673	0.411884843	0.403856047	0.399085262	0.397256043	0.396131481	0.394382711	0.394848102	0.400258161	0.410754467	0.427275445	0.449828634	0.474714582	0.498000596	0.519089759	0.541675938	0.57560339	0.625499802	0.684415741	0.737751116	0.776055894	0.798586409	0.812017359	0.819586652	0.821626442	0.818222566	0.811800143	0.801850661	0.791236975	0.781991851	0.772157347	0.762556526	0.754193531	0.747372349	0.741334719	0.735693726	0.728965263	0.720314663	0.711135318	0.701680627	0.692470504	0.684064072	0.675813288	0.670094392	0.666214642	0.663795186	0.662775335	0.657401173	0.638891825	0.60849953	0.573547506	0.538516454	0.505554903	0.475650943	0.448456865	0.42597785	0.405369594	0.389060158	0.374556273
7	0.257544195	0.260696444	0.268305518	0.2862275	0.317836727	0.354111152	0.382225308	0.402240092	0.417889717	0.429883032	0.433769067	0.429541745	0.419175507	0.40768872	0.399753415	0.395265105	0.392689478	0.391372329	0.390470898	0.391219724	0.396352607	0.407275774	0.424092788	0.447182824	0.472408229	0.496074877	0.518430203	0.542002503	0.576917425	0.628501897	0.68868264	0.743216323	0.782158649	0.80453426	0.817847717	0.824915513	0.826605623	0.82334579	0.816704044	0.806452574	0.795864383	0.786468131	0.775959173	0.766624734	0.758847909	0.751891284	0.745862119	0.739871562	0.733016276	0.724258163	0.71470831	0.704787093	0.695426938	0.687127951	0.679195415	0.673248603	0.668770546	0.666068773	0.665432055	0.65986177	0.641068425	0.60976934	0.573504608	0.537192512	0.502466852	0.471507078	0.443700211	0.421262449	0.399511769	0.382467701	0.367342158
12	0.203962121	0.206818564	0.213602912	0.229532356	0.257496338	0.289001471	0.313229522	0.330182659	0.343143323	0.353417563	0.356838466	0.353373765	0.344433945	0.334314932	0.327108076	0.323179781	0.320741332	0.319552859	0.319087239	0.319673224	0.324409495	0.334374352	0.349474959	0.369854767	0.391732409	0.412398033	0.431964659	0.452814269	0.484898216	0.532567747	0.588155798	0.638772422	0.675565152	0.697293177	0.710392126	0.717413131	0.719096853	0.715569308	0.708627444	0.698080606	0.687157782	0.677430246	0.666876202	0.657619427	0.649827353	0.642813131	0.636811611	0.63084625	0.62426009	0.616037932	0.607165279	0.598116259	0.589655621	0.582175334	0.574948226	0.569773694	0.566070497	0.564316912	0.564862363	0.561825066	0.548302034	0.523653099	0.494155547	0.464067454	0.435166417	0.409265212	0.384885631	0.365039049	0.346503595	0.330534118	0.317082879
17	0.219086902	0.222245426	0.229570463	0.246899936	0.277169106	0.311421247	0.337870434	0.356440539	0.370597707	0.381858879	0.385521698	0.381647655	0.372204842	0.361563974	0.353814048	0.349574391	0.346918347	0.345559463	0.345185315	0.345896737	0.350929409	0.361579254	0.377879507	0.400000249	0.423822778	0.446367581	0.467558241	0.489859725	0.523727425	0.574049535	0.632609298	0.685373847	0.723271252	0.74519413	0.758180833	0.764893793	0.766304287	0.762808215	0.755798721	0.745137123	0.733990454	0.724135609	0.713461747	0.704182133	0.696334389	0.689240663	0.683082234	0.676967477	0.670167239	0.661707305	0.652445724	0.643079537	0.634285061	0.626409286	0.618740186	0.613115817	0.609122296	0.606815739	0.606658591	0.602060634	0.585313758	0.556950431	0.523524459	0.489731892	0.458106851	0.429750229	0.403776798	0.382455962	0.362103153	0.345634061	0.331245052
22	0.223445199	0.226423784	0.233533306	0.250388054	0.279824152	0.313094866	0.33866366	0.356879323	0.370774596	0.381695187	0.384894654	0.381135954	0.372067014	0.361835103	0.354129494	0.349902709	0.347263368	0.345969006	0.345663889	0.346257031	0.351044433	0.361273199	0.377139981	0.398647196	0.421626772	0.443507902	0.463967471	0.485338443	0.517994951	0.566668452	0.623180376	0.674290507	0.711496371	0.733190609	0.746062025	0.752927242	0.754479466	0.751386455	0.74474184	0.734304954	0.723425931	0.713816482	0.703484275	0.69466468	0.68716736	0.680257764	0.674273852	0.668221312	0.661764169	0.653514523	0.644478994	0.635389922	0.626770778	0.619001105	0.611488606	0.606041829	0.602202932	0.600256529	0.600322749	0.59627836	0.580834916	0.553948934	0.522005178	0.490311442	0.459907199	0.432626087	0.407369071	0.385981842	0.366893462	0.349784831	0.336141106
27	0.215146158	0.218152942	0.22525386	0.242073916	0.271229902	0.304245868	0.329620864	0.347579763	0.361165169	0.371975805	0.375359625	0.371721479	0.362756047	0.352448396	0.344803234	0.340506919	0.337851039	0.336586655	0.336286315	0.336825691	0.341563913	0.351689985	0.367458529	0.388680902	0.411414181	0.432905907	0.452893724	0.473622787	0.505171709	0.552082167	0.606027417	0.654472472	0.689393754	0.709562104	0.721461973	0.727747413	0.729165134	0.726121162	0.719830918	0.709802807	0.699435692	0.690327634	0.680641763	0.672407872	0.665476591	0.658992298	0.653299556	0.647589982	0.641625921	0.633924492	0.625316189	0.616665157	0.608524369	0.601342082	0.594162353	0.589011516	0.585471889	0.583594188	0.583643211	0.579453896	0.564673102	0.538457355	0.507409763	0.476089799	0.446204451	0.419839045	0.395137202	0.374685472	0.355674697	0.338778929	0.326075339
32	0.213537661	0.216378702	0.223425965	0.239895998	0.268123889	0.299786364	0.32400026	0.340931526	0.353648914	0.363936883	0.3671708	0.363747355	0.355270101	0.345494128	0.338169942	0.333948996	0.331373855	0.330167958	0.330006715	0.330438515	0.334842381	0.344484155	0.359483975	0.379681289	0.401174577	0.421670384	0.440747394	0.46059892	0.491034373	0.53658976	0.589743389	0.638349771	0.673965007	0.694714911	0.706927978	0.713333728	0.714806661	0.711776885	0.705381819	0.695304124	0.684715817	0.675574803	0.665772148	0.657449763	0.650323539	0.643783392	0.638116128	0.632422129	0.626347068	0.618414715	0.609491318	0.600743985	0.592480837	0.585185333	0.577936851	0.572923835	0.569413747	0.567618366	0.567972091	0.564599177	0.550817746	0.526257756	0.496273337	0.466064463	0.437417266	0.412039202	0.388149245	0.368219467	0.349765004	0.334485963	0.321362914
37	0.200674066	0.203624764	0.210556519	0.227061157	0.255712674	0.288039618	0.312979891	0.330564765	0.343930442	0.354587832	0.357860014	0.354111825	0.345183195	0.335105956	0.327396709	0.323121826	0.320504927	0.319255856	0.318996332	0.319546331	0.324136158	0.334073149	0.34963391	0.370626156	0.393070685	0.414502559	0.434523337	0.455327024	0.487093718	0.534400495	0.5892982	0.639187118	0.675512224	0.696586358	0.709017422	0.715492719	0.716989948	0.713958772	0.707415285	0.697279341	0.68658236	0.677250031	0.667262058	0.658881704	0.651764817	0.645132504	0.639367982	0.633651249	0.627553954	0.619578522	0.610530507	0.601721626	0.59336208	0.585872218	0.578302239	0.572892373	0.569167171	0.5671809	0.567208976	0.563141376	0.548468482	0.522446493	0.491387835	0.4602473	0.430687138	0.404007789	0.379543611	0.359069562	0.33960325	0.324010608	0.310400304
42	0.217195442	0.219925819	0.226783258	0.243038835	0.271220815	0.302805943	0.327060994	0.344054312	0.35687872	0.367033358	0.370105836	0.366571794	0.357939756	0.348093172	0.340639849	0.336392077	0.333851568	0.332602658	0.332383369	0.332934569	0.337367855	0.347005252	0.362106226	0.382396052	0.403976353	0.424529931	0.443721484	0.46355756	0.493807493	0.538917533	0.590987427	0.638135477	0.672278594	0.692077874	0.703635862	0.709761745	0.711114146	0.708136815	0.701964299	0.692089236	0.681894004	0.672964775	0.663418864	0.655372604	0.648439726	0.642126258	0.636626423	0.631167624	0.625360678	0.617782775	0.609254947	0.600936364	0.592937814	0.5858423	0.578726927	0.573842438	0.570573453	0.568731185	0.569107346	0.566011685	0.552506534	0.528265028	0.499078258	0.469778991	0.441815801	0.416355855	0.392711588	0.373191982	0.355437054	0.339794771	0.327335284
47	0.226950387	0.229927154	0.237166124	0.254362008	0.283965019	0.317409919	0.343176758	0.361262709	0.374883255	0.385702558	0.389173022	0.3854335	0.376274453	0.365806047	0.357935656	0.353510113	0.350806148	0.349548909	0.349328786	0.349910788	0.35451594	0.36455233	0.380404396	0.401805714	0.424754295	0.446547114	0.46676704	0.487806599	0.519707263	0.567182468	0.621951377	0.671314514	0.706710316	0.727043818	0.739002046	0.745303762	0.746636576	0.743447944	0.736988748	0.726958219	0.716549071	0.707313937	0.697607515	0.689324289	0.682242525	0.675664236	0.669797829	0.664057746	0.657978206	0.650046455	0.641219764	0.63253524	0.624261979	0.616819181	0.609408351	0.604224804	0.600792342	0.598982673	0.599284698	0.595693098	0.580829554	0.554454342	0.522754909	0.491072858	0.461064183	0.433787527	0.408538748	0.387552417	0.368344192	0.352346621	0.338870554
3	0.235813897	0.237587526	0.243410084	0.257829463	0.283854839	0.316157125	0.344234107	0.365558788	0.383193966	0.396615574	0.401554921	0.397199193	0.385748382	0.373087732	0.364156766	0.359220373	0.356868962	0.354804721	0.35148298	0.349936559	0.352295057	0.359326962	0.37172422	0.391216604	0.414518808	0.437647364	0.459348058	0.479550277	0.505063217	0.54323334	0.593100361	0.64539487	0.689008087	0.716836477	0.733944249	0.743741048	0.747743307	0.746835673	0.743515112	0.736824965	0.729702839	0.723626402	0.716328357	0.70979024	0.704918894	0.700884554	0.697625577	0.694355115	0.689402081	0.681682102	0.672273901	0.661907977	0.652136312	0.643378182	0.635232342	0.629519412	0.625416954	0.623165414	0.623428886	0.619081535	0.601481246	0.570536001	0.534364833	0.497745301	0.463874406	0.433249726	0.405801113	0.383109389	0.363992726	0.346606393	0.333084061
8	0.225189223	0.227116898	0.232983289	0.247879795	0.274784364	0.307684465	0.33603292	0.357580253	0.374944638	0.388730104	0.393705855	0.389621147	0.378301047	0.365411912	0.356370661	0.351454909	0.34841877	0.346229365	0.343830858	0.341955853	0.343916884	0.351110959	0.363993129	0.383459767	0.40645806	0.429351072	0.451057606	0.471261127	0.496664519	0.534585953	0.583746132	0.635412584	0.67847255	0.706188445	0.723181687	0.732523835	0.736208274	0.735426614	0.731874655	0.725079672	0.717762181	0.711414477	0.704058973	0.698023888	0.693379446	0.68949621	0.686385731	0.682678148	0.677401845	0.669595246	0.660289287	0.650185109	0.640563603	0.631919856	0.62375168	0.617757998	0.613898207	0.612232877	0.613078841	0.609643954	0.592247175	0.56127342	0.525132684	0.488404876	0.454041897	0.424362509	0.39677173	0.375109491	0.355115308	0.338164801	0.324617718
13	0.195994704	0.197964074	0.203885556	0.218831254	0.245707055	0.278614906	0.306911262	0.32872703	0.346149383	0.360085956	0.364970361	0.360765608	0.349677816	0.337097364	0.328046443	0.323276083	0.320282819	0.318099837	0.315872754	0.313859567	0.3158197	0.323102794	0.336059091	0.355708275	0.378822613	0.401950747	0.423636122	0.443750386	0.469112856	0.507084528	0.556168015	0.607433205	0.65006884	0.677382408	0.69411102	0.703280766	0.706957997	0.706495629	0.703117121	0.696346794	0.689238571	0.683240571	0.675917197	0.670041041	0.665612404	0.661669952	0.658587792	0.654923794	0.649772281	0.642114657	0.632892785	0.622946544	0.613292439	0.604586835	0.596058424	0.589840171	0.585648924	0.583823342	0.584539653	0.580507906	0.562961207	0.531845508	0.495441292	0.45933539	0.425313616	0.395459259	0.368505932	0.346278909	0.32646296	0.309826555	0.296732015
18	0.198430892	0.200409822	0.20646119	0.221411489	0.248179101	0.280643373	0.308576697	0.329828403	0.346765184	0.36052966	0.365479598	0.361537521	0.350530427	0.337928102	0.328808162	0.323924238	0.320777876	0.318563605	0.316390271	0.314453105	0.316435751	0.323632982	0.336527839	0.355917453	0.378661584	0.40155398	0.422956348	0.442706101	0.468151497	0.506179165	0.555010233	0.605985955	0.648479939	0.675664962	0.692272306	0.701389496	0.704968628	0.704193542	0.700498777	0.693457831	0.685894442	0.679407911	0.67203438	0.666163526	0.661722205	0.657818304	0.654528141	0.650788551	0.645769531	0.638200391	0.628997034	0.61910899	0.609609815	0.6009328	0.592624462	0.586712283	0.583121045	0.581641903	0.582785927	0.579928794	0.563519777	0.533397513	0.49759955	0.462006808	0.428289917	0.398841627	0.371804961	0.350418231	0.330413508	0.314761055	0.300531048
23	0.205346107	0.207373307	0.213405457	0.228596901	0.255668017	0.288569196	0.316860285	0.33864706	0.355851366	0.369774512	0.374690767	0.370634372	0.359609432	0.346945731	0.337625682	0.332618959	0.32945895	0.327273747	0.32530193	0.323338107	0.325260853	0.332544194	0.345667356	0.365216465	0.388174036	0.411402014	0.43310926	0.45304932	0.478706612	0.517360224	0.567140043	0.619580362	0.66370499	0.692099135	0.70944056	0.718911725	0.722648934	0.722133071	0.718540828	0.711406852	0.703627519	0.696924726	0.689378002	0.683421076	0.67886659	0.674744685	0.671296832	0.667305766	0.662038142	0.654136404	0.644342429	0.634231098	0.624410585	0.615624815	0.607027708	0.600937387	0.597055604	0.595270325	0.595884686	0.591987269	0.574319126	0.543184322	0.506036438	0.469170749	0.434774125	0.405302902	0.377886626	0.355764131	0.335475392	0.319062484	0.305845671
28	0.202229242	0.204245088	0.210398369	0.225922905	0.253581863	0.287216843	0.316362137	0.338858173	0.356719244	0.37110202	0.37604098	0.371713864	0.360513832	0.347794945	0.338276504	0.333131704	0.329969234	0.327748445	0.325739569	0.323744712	0.325736324	0.333231043	0.346898305	0.367308393	0.391190153	0.415270353	0.437699968	0.458285752	0.484904044	0.524753852	0.575902773	0.62934002	0.673986685	0.702542175	0.719937282	0.72950364	0.733314561	0.732936624	0.729493258	0.722340357	0.714589425	0.70796137	0.700412703	0.694448871	0.690066319	0.686038139	0.682543562	0.678523485	0.673307236	0.665343055	0.655449163	0.644986591	0.634872241	0.625631381	0.616565933	0.610024847	0.605663936	0.603733798	0.604133985	0.599688843	0.580930802	0.547864066	0.509321873	0.471453145	0.436482661	0.40544888	0.377494419	0.354608378	0.334277054	0.317518528	0.303589363
33	0.196962371	0.198750184	0.204662148	0.219521618	0.245967522	0.278050783	0.30565907	0.327031122	0.34387552	0.357563966	0.362277828	0.358214614	0.347547507	0.335268505	0.326149956	0.321219549	0.318096564	0.315965188	0.314110917	0.312189714	0.314000717	0.321111207	0.334140887	0.353601532	0.376200883	0.39899742	0.420235553	0.439683983	0.464764232	0.502351008	0.550449661	0.600790907	0.643069923	0.670076013	0.686561436	0.695710675	0.699387791	0.698986391	0.695674463	0.68885773	0.681467515	0.675179571	0.668032284	0.66250906	0.658362334	0.654536558	0.651297468	0.647577989	0.642788828	0.635216124	0.625890719	0.616104853	0.606563118	0.597878426	0.589265643	0.583227349	0.579119923	0.577276164	0.577944416	0.574297737	0.557175547	0.526699381	0.490998183	0.455198067	0.422466246	0.392889887	0.366366917	0.344708846	0.324691939	0.309001497	0.295966569
38	0.195494494	0.197332674	0.203241162	0.218113279	0.244642791	0.27684763	0.304579945	0.326045942	0.343020507	0.356648945	0.361435217	0.357324469	0.346576654	0.334234273	0.325007955	0.319933027	0.316812839	0.314723845	0.312887576	0.311004106	0.312803511	0.31992892	0.333036824	0.352764442	0.375756259	0.399092793	0.420848708	0.440640342	0.466468909	0.50533262	0.555218601	0.607279785	0.650655204	0.678456164	0.695341754	0.704556802	0.70811628	0.707433227	0.703684991	0.696520002	0.688802099	0.682120076	0.674744441	0.668840449	0.664367496	0.660357696	0.65693496	0.653076527	0.647935689	0.640078262	0.630380307	0.620252629	0.610470693	0.601539421	0.592896419	0.586806412	0.583197243	0.581767447	0.582898636	0.579990713	0.563314614	0.532742569	0.496453911	0.460681611	0.426854586	0.397800473	0.37084637	0.34871606	0.328841981	0.312246654	0.299110853
43	0.196141192	0.197949807	0.203833081	0.218568268	0.244763274	0.276481301	0.303715871	0.324610903	0.341031378	0.354353282	0.359070198	0.355147877	0.344566005	0.332377739	0.323289236	0.318261765	0.315118681	0.313021974	0.311244632	0.309372867	0.311129033	0.318070674	0.330918512	0.350160148	0.372460134	0.395068739	0.416112358	0.435325215	0.460284984	0.497874765	0.545832557	0.596002413	0.637945635	0.664883902	0.681308334	0.690288503	0.693731844	0.693089183	0.68951192	0.682421429	0.674825539	0.668325683	0.661116239	0.655416647	0.65101462	0.647186509	0.643784483	0.639896827	0.634913253	0.627346587	0.617854128	0.608113065	0.598651543	0.590100743	0.581746434	0.57586265	0.572361894	0.571054271	0.572586506	0.570176606	0.554592804	0.525439955	0.490528768	0.455277281	0.423132171	0.394692904	0.368220095	0.346608247	0.326822841	0.311539054	0.298284323
48	0.199874655	0.201762193	0.207976256	0.223626275	0.251379717	0.284986135	0.313990722	0.336350244	0.35412475	0.368457313	0.373403856	0.369103311	0.3579563	0.345202251	0.335697644	0.330433476	0.327207788	0.325012701	0.323079343	0.321042893	0.322873297	0.330278613	0.3439401	0.364422665	0.388357858	0.412572896	0.435102004	0.455759655	0.482325453	0.522270754	0.573268373	0.626264762	0.670006606	0.697749187	0.714458269	0.72351984	0.727018839	0.726525117	0.723073554	0.715998429	0.708469716	0.701948616	0.694675939	0.688927065	0.684491937	0.680550359	0.677020819	0.67306093	0.66788487	0.659956604	0.650203156	0.640062323	0.630088936	0.621015442	0.612117305	0.605859108	0.601733687	0.59979749	0.60030978	0.59632229	0.577797656	0.545067206	0.506783519	0.469018013	0.434581692	0.403580184	0.375642448	0.352797264	0.332575688	0.315992191	0.302287246
4	0.254050962	0.256112776	0.262624965	0.279057937	0.308571493	0.344867945	0.376529374	0.400701275	0.420617181	0.435707497	0.441130364	0.436168488	0.423249311	0.408967469	0.398994308	0.393500872	0.390715605	0.388560539	0.385230414	0.383372875	0.385605877	0.393142269	0.406617001	0.427877171	0.453654553	0.479447582	0.503839426	0.526546737	0.554802152	0.597046251	0.652534083	0.711661494	0.761332988	0.793434449	0.81310429	0.824245982	0.828883506	0.828026374	0.824305792	0.817061438	0.809393128	0.802463262	0.794207764	0.786832951	0.781249282	0.776588079	0.772690441	0.768750392	0.762892247	0.753815857	0.74307761	0.730980901	0.719687111	0.709504034	0.700287549	0.693730711	0.689114442	0.687010334	0.687701365	0.683002461	0.661744486	0.624889094	0.582267995	0.540158672	0.501114994	0.467095928	0.436755765	0.411645855	0.389997091	0.371520414	0.357268154
9	0.205561775	0.207602889	0.214026306	0.230066953	0.258556794	0.293451265	0.323715914	0.347172222	0.365989176	0.380658746	0.385803946	0.381143892	0.368798251	0.35493448	0.345161984	0.339932509	0.336619479	0.334326327	0.331955743	0.329875801	0.331832788	0.339359625	0.352861099	0.373459346	0.397989912	0.422693992	0.446273017	0.468263617	0.495703707	0.536817253	0.590397609	0.647440026	0.695632356	0.726900944	0.746181966	0.756732649	0.760980895	0.760249484	0.756585466	0.749324283	0.741462042	0.734617394	0.726460456	0.719659504	0.714308945	0.709687363	0.706071601	0.701830198	0.695805169	0.686989177	0.676493686	0.665201712	0.654367695	0.644616058	0.6354429	0.628877929	0.624836368	0.623185689	0.624453116	0.620438478	0.600371818	0.565290732	0.524513654	0.484162082	0.446591684	0.414381961	0.385232874	0.36105803	0.340042891	0.322677125	0.308808785
14	0.211831233	0.213891683	0.220205572	0.235736026	0.263299127	0.296717925	0.32569105	0.347600838	0.365019353	0.379082871	0.384283178	0.380245939	0.368439313	0.354849769	0.345030633	0.339776304	0.336459619	0.334238112	0.33203298	0.329981241	0.331811192	0.338914776	0.351748433	0.371108845	0.394145986	0.417409385	0.439445166	0.459814905	0.485656113	0.524092503	0.573895254	0.627016397	0.672124642	0.701710398	0.719862031	0.729856639	0.733769771	0.733126763	0.729227758	0.72185636	0.714029686	0.707185991	0.699276487	0.692804121	0.687862576	0.683641282	0.68012539	0.676044939	0.670571864	0.662318822	0.652533016	0.642095373	0.632108609	0.623201606	0.614758376	0.608983519	0.605558056	0.60459776	0.606416417	0.603694059	0.586485794	0.555076783	0.517731354	0.479809502	0.445032206	0.414023643	0.386699748	0.364323152	0.344200396	0.327381889	0.314243859
19	0.207730879	0.209864777	0.216344345	0.232587282	0.261454693	0.296620575	0.327186771	0.350652468	0.369369871	0.384390167	0.389583764	0.384942036	0.372679525	0.358906681	0.348806902	0.343406806	0.340052084	0.337709939	0.335437883	0.333313933	0.335183837	0.342763397	0.356611215	0.377552919	0.402334055	0.427453458	0.451150755	0.472947201	0.500488956	0.541514528	0.594659934	0.650808172	0.69786499	0.728069703	0.746427194	0.756403941	0.760404895	0.759902622	0.756333683	0.749095124	0.741265484	0.734389898	0.726354711	0.719848625	0.714863457	0.710503901	0.70683139	0.702609671	0.696813297	0.688235757	0.677859219	0.667030524	0.656394314	0.646783007	0.637502001	0.630953133	0.626865516	0.625120389	0.625908868	0.621218643	0.600913292	0.565980074	0.525303353	0.484968281	0.448115014	0.415762725	0.386751311	0.363225077	0.341717939	0.325129054	0.310534088
24	0.213130708	0.215218745	0.221822724	0.238104439	0.267109873	0.302487181	0.333436563	0.357527602	0.376803217	0.392160918	0.397366416	0.392588514	0.38035954	0.366577088	0.356393284	0.350912882	0.347522934	0.345222023	0.343108113	0.340944741	0.342812404	0.350471469	0.364760896	0.38626942	0.411648098	0.437637393	0.462069372	0.48451052	0.51306095	0.556083177	0.612036365	0.671476223	0.721812143	0.754294977	0.773969517	0.784746108	0.789070477	0.788774686	0.785037323	0.777361696	0.769068161	0.761756391	0.753431472	0.746804734	0.741640148	0.737071889	0.73303545	0.728401724	0.72228474	0.713121536	0.702103031	0.690351472	0.678955072	0.668634647	0.658644818	0.651313692	0.646756353	0.644952141	0.645768311	0.640959656	0.619613831	0.582790132	0.539930311	0.498074624	0.459762789	0.426224611	0.39588688	0.371167737	0.349468817	0.331826386	0.317721263
29	0.204998186	0.207037353	0.213407327	0.229280123	0.257279227	0.291443965	0.321268852	0.344158957	0.362367266	0.377053002	0.382032947	0.377588033	0.365866353	0.352477677	0.342502868	0.337099074	0.333806388	0.331537256	0.329558044	0.327463493	0.329186098	0.336520417	0.350266968	0.370954891	0.39522123	0.420015459	0.443242903	0.464417854	0.49149257	0.532110384	0.58441564	0.639601352	0.685815048	0.715407059	0.733375016	0.743074288	0.746894961	0.746434124	0.742742004	0.735327135	0.727366974	0.72048956	0.712788198	0.706586728	0.701627331	0.697251954	0.693565504	0.689266222	0.68366314	0.675304153	0.665051335	0.654429934	0.644055977	0.634719468	0.625709196	0.619465218	0.615679113	0.614364326	0.615660628	0.612113369	0.593332895	0.559614882	0.520000963	0.480926155	0.444753853	0.413373491	0.384582692	0.361196428	0.340829052	0.323752661	0.310174877
34	0.208697423	0.210682738	0.217057443	0.232958074	0.261019987	0.295288511	0.325196549	0.348366515	0.366728121	0.381372198	0.386261299	0.381717104	0.370079922	0.356881476	0.346934594	0.34153293	0.338235338	0.335982455	0.333982666	0.331878832	0.333721306	0.341160298	0.355037509	0.375950737	0.400591369	0.42566702	0.449136446	0.470489324	0.497735031	0.538697262	0.591463692	0.647034201	0.693601565	0.723273692	0.741215224	0.750946222	0.754785119	0.754265543	0.750549	0.743159949	0.735181184	0.728252041	0.720486302	0.714244026	0.709387667	0.705161033	0.701426378	0.697090743	0.691567378	0.683179772	0.672839057	0.662053096	0.651521814	0.642015903	0.632721295	0.626306739	0.622389638	0.620847008	0.621650681	0.617219777	0.597602358	0.563458076	0.52376602	0.484397969	0.448073463	0.416195729	0.387542716	0.364085075	0.343313254	0.326216236	0.312289804
39	0.221653995	0.223689388	0.230459541	0.247408104	0.27748171	0.313984341	0.345832918	0.370471914	0.390171563	0.405901705	0.411172521	0.406241074	0.393776899	0.379649649	0.369143727	0.363365751	0.359877926	0.357496475	0.355370132	0.353242842	0.355079981	0.362950319	0.377751863	0.399865998	0.425915882	0.452459192	0.477273202	0.499908016	0.528733688	0.571635683	0.626418068	0.683491713	0.730524262	0.760108942	0.7778095	0.787387854	0.791183402	0.790661031	0.787106121	0.779839554	0.771976463	0.765067456	0.757310484	0.751131291	0.746186471	0.741819495	0.738017452	0.733754775	0.728205474	0.719709968	0.709199019	0.69820335	0.68749313	0.677774879	0.66835758	0.661677197	0.65737642	0.655417745	0.65582638	0.650213948	0.628677405	0.591408625	0.548261252	0.506463844	0.467864138	0.434164851	0.40395023	0.379580349	0.358505553	0.340229758	0.326071679
44	0.207643935	0.209655087	0.216206923	0.232569861	0.261386577	0.296329358	0.326679429	0.350078052	0.368696657	0.383570674	0.388689021	0.384191358	0.37223276	0.358534652	0.348428354	0.34281514	0.339361648	0.337147628	0.335153719	0.333042194	0.334875214	0.342313867	0.356204816	0.377210546	0.402077297	0.427406872	0.451128439	0.472806887	0.500480266	0.542086233	0.595755044	0.652575843	0.700348174	0.73100985	0.749516392	0.759624519	0.763672662	0.763114687	0.759222827	0.751567514	0.743317339	0.736076379	0.728082084	0.721691337	0.716678614	0.712268584	0.708359779	0.703895481	0.698125617	0.689422261	0.678809521	0.667656582	0.656841403	0.647035597	0.637516405	0.630925836	0.627185641	0.625904838	0.627247459	0.623211217	0.603586367	0.568535816	0.527375225	0.486849018	0.449653387	0.417161718	0.387778263	0.363610859	0.342925951	0.324936913	0.31187809
49	0.206168446	0.208147945	0.214326542	0.229821855	0.257021485	0.289776331	0.318218422	0.339945467	0.357149616	0.370967603	0.375708234	0.371647122	0.360291941	0.347228888	0.337515614	0.332032102	0.328759284	0.326586103	0.324706498	0.322602861	0.324324727	0.331380359	0.344347117	0.363929487	0.387022472	0.41060205	0.432569982	0.452784305	0.478798403	0.517728175	0.568043715	0.621589762	0.667185323	0.696734932	0.714609803	0.724441593	0.728224625	0.727538061	0.723724569	0.716175017	0.708003042	0.701007161	0.693175111	0.686990017	0.682206499	0.677969227	0.674386747	0.67032854	0.664902157	0.656632876	0.646470773	0.635931803	0.625823152	0.616701221	0.607850136	0.601809837	0.598549632	0.59755902	0.599265629	0.596345914	0.579255286	0.547897549	0.510320403	0.472844913	0.438256136	0.407723649	0.380151656	0.35748148	0.337782891	0.320956831	0.30802664
5	0.211562518	0.213181437	0.21863885	0.23254058	0.257431337	0.287597628	0.312642975	0.331099821	0.345964186	0.357324325	0.36141279	0.357274594	0.34708236	0.335689231	0.327904166	0.323504093	0.321067205	0.319419868	0.317212857	0.316266044	0.318923596	0.32632759	0.338653411	0.357273203	0.378791276	0.399564615	0.419315203	0.438411449	0.464205639	0.503124262	0.552605189	0.602781635	0.642915532	0.667791782	0.683031759	0.691595063	0.694776033	0.693109654	0.688836927	0.681367495	0.673698622	0.667138152	0.659373678	0.652391483	0.647110998	0.642586127	0.638792764	0.634990798	0.629861071	0.6222111	0.613165289	0.603171827	0.593978966	0.585893883	0.578546338	0.573203071	0.569469637	0.567781284	0.569120474	0.567455752	0.554091024	0.528826257	0.498474925	0.46718205	0.438103168	0.411199205	0.386851711	0.366231693	0.34802179	0.332353269	0.318758851
10	0.190319252	0.192090084	0.197690899	0.211659881	0.236785166	0.267131775	0.292598605	0.311710969	0.326716772	0.338588758	0.342556182	0.338540967	0.328419796	0.317002936	0.308875142	0.304425952	0.301635681	0.299789546	0.298121576	0.296976872	0.29961113	0.307425773	0.320468537	0.339527866	0.361468302	0.382891824	0.403112514	0.422634784	0.449020379	0.488843003	0.539111196	0.589820516	0.63049526	0.655887307	0.671265977	0.679587103	0.682626898	0.681319749	0.67708744	0.669425869	0.661346267	0.654478101	0.646527738	0.639905312	0.634768768	0.630348815	0.626669558	0.622430856	0.61688574	0.609001864	0.599882093	0.5902454	0.581111561	0.572876827	0.564974654	0.55937161	0.555711712	0.554199089	0.555393996	0.55286326	0.538731499	0.512687048	0.481409389	0.44984901	0.419403519	0.39299831	0.36829111	0.347013686	0.329238201	0.313345286	0.299972896
15	0.189906277	0.191802466	0.197363851	0.211273813	0.236357754	0.266356674	0.291473001	0.310198016	0.324810364	0.336500169	0.340359778	0.336396895	0.32647799	0.31522772	0.307150079	0.302816913	0.30001801	0.298187236	0.296616089	0.295469532	0.298120734	0.305837357	0.318762967	0.337588278	0.359127665	0.380336549	0.400262159	0.419321464	0.445323333	0.484428148	0.533415628	0.582567946	0.621834584	0.646022992	0.660731889	0.668627817	0.671482229	0.670136456	0.665980314	0.658506076	0.650618108	0.643999264	0.636334772	0.630035231	0.625084416	0.620663588	0.616962673	0.612878104	0.607540948	0.599917379	0.591139026	0.581869853	0.573034458	0.565070352	0.557384357	0.551980619	0.548521525	0.547169414	0.548289971	0.54610017	0.532348533	0.506995659	0.4763027	0.445166841	0.415989174	0.389419735	0.365274743	0.345473803	0.326843308	0.311750457	0.298303726
20	0.187653976	0.189479437	0.195081652	0.209264273	0.234736209	0.265301102	0.290858681	0.310112602	0.325159034	0.33721885	0.341095928	0.336935583	0.32678326	0.315365411	0.306949223	0.302382119	0.299496319	0.297624817	0.296106352	0.294994822	0.297633109	0.305496739	0.318803861	0.338058145	0.36003903	0.381749772	0.40212039	0.4215982	0.448116882	0.488084787	0.538016901	0.588016369	0.628066046	0.652875739	0.667879316	0.676058673	0.679012556	0.677905962	0.673919798	0.666374939	0.6584603	0.651701388	0.643996789	0.637606569	0.632684036	0.628265519	0.62462313	0.620386089	0.615124972	0.607413503	0.598284886	0.588670757	0.5794897	0.571253189	0.563161795	0.557343024	0.553501691	0.551945968	0.552940335	0.550469399	0.536244332	0.509983583	0.478379213	0.446661765	0.416877526	0.390255939	0.365380545	0.344597376	0.326261479	0.310422615	0.297619067
25	0.192794802	0.19454667	0.200076615	0.213970535	0.238974756	0.269003324	0.294220909	0.3130329	0.32767318	0.339590749	0.343488059	0.339655892	0.329818939	0.318494626	0.310108649	0.30550064	0.302560689	0.30073456	0.299415576	0.298352269	0.300846076	0.308346184	0.32148716	0.340384514	0.361764291	0.382946024	0.402644346	0.421427097	0.447139494	0.485934036	0.533994674	0.5818118	0.61983554	0.643537447	0.65795279	0.665881164	0.668825749	0.667793274	0.663795644	0.656400524	0.64857253	0.64195844	0.634600474	0.628629115	0.623824539	0.619617248	0.615849406	0.611751035	0.606779263	0.599515067	0.590708021	0.581690944	0.572953648	0.565047749	0.557525027	0.552148824	0.548730749	0.547660337	0.549224724	0.547905106	0.53508742	0.510265639	0.47989443	0.449469514	0.421034848	0.394917866	0.37083443	0.350868888	0.333240605	0.317315248	0.304378604
30	0.1892635	0.190977335	0.196558668	0.210554519	0.235494403	0.265543819	0.290955716	0.310174339	0.325149493	0.337173337	0.341053037	0.337010666	0.327138498	0.315947818	0.307504685	0.302855516	0.300006336	0.298200235	0.296859039	0.295750013	0.298270078	0.305995908	0.319395021	0.338779433	0.360863389	0.382883259	0.403495377	0.423081664	0.450128404	0.491375993	0.543362357	0.595967765	0.638553751	0.665285573	0.681289872	0.689926937	0.693104873	0.691907354	0.687334486	0.679239973	0.670585611	0.66303134	0.654849457	0.648188791	0.642822963	0.63797326	0.633882177	0.629405961	0.623811274	0.615662023	0.605952026	0.595917823	0.586261603	0.577543914	0.569072545	0.563202623	0.559649131	0.558273486	0.559737003	0.557854118	0.54383261	0.517307429	0.485154946	0.453018824	0.42249915	0.395353664	0.369865366	0.348871257	0.330725162	0.313677639	0.300133698
35	0.199638612	0.201488053	0.207435593	0.222558468	0.249584356	0.282001862	0.30914863	0.329597206	0.34557966	0.358335329	0.362416988	0.358096511	0.347565728	0.335611996	0.326663582	0.321749182	0.318625159	0.316654239	0.315227277	0.314008951	0.316796973	0.325050935	0.339279426	0.359783776	0.383076595	0.406194052	0.427696318	0.44812024	0.475901974	0.517696085	0.569732928	0.621637111	0.6629662	0.688222634	0.703219318	0.711230285	0.714138546	0.713172119	0.708973349	0.701245701	0.692954288	0.685797552	0.677921825	0.671620057	0.666655605	0.66206253	0.658026999	0.653642951	0.64836021	0.640434999	0.630949615	0.621258196	0.611898177	0.603396125	0.594815632	0.588730997	0.584843412	0.582993979	0.583360354	0.579585197	0.563267946	0.534532793	0.500310123	0.466045731	0.434124083	0.405818532	0.379332239	0.357668859	0.338703109	0.321338668	0.30845963
40	0.194273492	0.195988843	0.201739084	0.215988507	0.241361053	0.271546879	0.296804118	0.315618497	0.330182889	0.342001055	0.345844759	0.341949053	0.332131021	0.320794444	0.312286052	0.307520619	0.30454198	0.302729198	0.301485175	0.300426229	0.302957989	0.310568408	0.323820339	0.343008968	0.364691969	0.386251064	0.406335543	0.425394401	0.451821329	0.491862117	0.54190126	0.592136718	0.63226204	0.657131843	0.671915302	0.679834942	0.682605102	0.681317728	0.67687106	0.668839157	0.66034038	0.653122454	0.645202448	0.638898068	0.633792619	0.62912223	0.625033609	0.620623896	0.615285275	0.607633995	0.598461584	0.589064923	0.580048134	0.572015408	0.564096441	0.558720675	0.555500999	0.55441617	0.555924836	0.554083741	0.540729098	0.515118754	0.484201109	0.452642804	0.423152099	0.396573722	0.372264237	0.351499038	0.332655022	0.317581548	0.304887322
45	0.190644571	0.192367416	0.197856677	0.211758861	0.236625145	0.266473843	0.291436489	0.310241943	0.324837891	0.336651245	0.340412032	0.336376239	0.326542797	0.315345523	0.306909731	0.302194078	0.299265878	0.297391834	0.296064469	0.294914856	0.297382265	0.30491386	0.318105162	0.337232509	0.358896074	0.380424599	0.400459543	0.419451235	0.445486021	0.484913264	0.533916759	0.582828575	0.621819081	0.645873515	0.660271329	0.667965793	0.670657593	0.669519245	0.665352955	0.657762691	0.649610585	0.642842966	0.635414553	0.629477206	0.624728252	0.62043607	0.616575795	0.612469128	0.60749074	0.600035235	0.591053769	0.58180503	0.573009847	0.565063372	0.557205488	0.551693437	0.5483861	0.54720484	0.548644451	0.546766418	0.533604719	0.508301661	0.477840121	0.446904621	0.417572966	0.391615319	0.367637316	0.347701173	0.330164129	0.314250625	0.301515507
50	0.188185496	0.189963102	0.195480002	0.209460184	0.234375816	0.264022083	0.288917498	0.307495834	0.321932902	0.333733746	0.337385416	0.333487452	0.323849594	0.31280729	0.304561276	0.299881079	0.296976519	0.295187307	0.293907876	0.292783961	0.295294275	0.302796985	0.315859904	0.334783685	0.356263898	0.377626199	0.397530507	0.416396284	0.442453264	0.481889672	0.531445189	0.58158253	0.621940171	0.646993918	0.662037627	0.670117732	0.672955728	0.671539303	0.667115456	0.659213868	0.650800882	0.643510127	0.635697633	0.629444147	0.624507292	0.620028277	0.616008014	0.61170272	0.6064207	0.598604418	0.589384855	0.579934583	0.570888032	0.562737231	0.554741631	0.549192927	0.545985461	0.544834263	0.546198569	0.544208888	0.530841906	0.505311601	0.474392077	0.443105796	0.414093679	0.387694006	0.363418709	0.343079791	0.325164146	0.309426866	0.296606445
