1	0.211519833	0.21240766	0.216474004	0.230882894	0.257240723	0.288371474	0.316197903	0.337860168	0.354746901	0.367164111	0.371281672	0.366567007	0.354486099	0.342235884	0.3335184	0.329161713	0.326405872	0.324216783	0.320717371	0.3179826	0.318885938	0.326018799	0.3392713	0.358103634	0.381065605	0.405220458	0.426869201	0.446696999	0.470836193	0.507069463	0.553771148	0.601359621	0.63969163	0.665229513	0.680080459	0.68791765	0.690899033	0.690658557	0.68740378	0.682119044	0.67600195	0.669755393	0.663307986	0.658078807	0.654454119	0.651594755	0.648172666	0.644364649	0.639786843	0.633204055	0.624242781	0.615464826	0.606164091	0.597671133	0.59037919	0.585185418	0.583010642	0.583977116	0.585402833	0.584006549	0.571000326	0.543388865	0.512370415	0.479931198	0.448315664	0.419590607	0.392848143	0.370643732	0.351351868	0.334923896	0.320542645
6	0.189485231	0.190493302	0.19475598	0.208828484	0.234018089	0.263444419	0.289781784	0.309882832	0.325540245	0.337310717	0.34131191	0.336668382	0.32506054	0.313331747	0.305108781	0.300988808	0.298269719	0.296489614	0.293117803	0.290665522	0.291646907	0.298250453	0.310657265	0.328780756	0.3504036	0.373144848	0.393846427	0.412799726	0.436107094	0.471211594	0.517084828	0.564607266	0.603441211	0.629068048	0.644305848	0.652186414	0.654869383	0.654566911	0.651400317	0.646033232	0.639807709	0.633475814	0.626996857	0.621444587	0.617658839	0.615014764	0.611282983	0.607300872	0.602837163	0.596263382	0.587303977	0.578121518	0.568656598	0.559881122	0.552649405	0.547693163	0.545744031	0.546835777	0.549484975	0.549795348	0.538448847	0.512099222	0.482597831	0.451056748	0.420269399	0.392538561	0.36643459	0.34458239	0.325576815	0.310090361	0.295441313
11	0.170461354	0.171544231	0.175963933	0.190381415	0.216299885	0.246779052	0.274368187	0.295734449	0.312269297	0.324657864	0.328780055	0.323735206	0.311760701	0.299722781	0.291226245	0.286987796	0.284183091	0.282272962	0.278836981	0.276446218	0.27761399	0.284515595	0.297681454	0.317142416	0.340228153	0.364372288	0.386450742	0.406707134	0.431621528	0.469253591	0.518385323	0.568555418	0.608879674	0.635159275	0.650576591	0.658538787	0.66117401	0.66076991	0.657505684	0.652134375	0.645774426	0.639236438	0.632742154	0.62716974	0.623115609	0.620338222	0.616434141	0.612240303	0.607606449	0.600912131	0.591631609	0.581891052	0.571881758	0.562684611	0.555203685	0.549951891	0.547604462	0.548308171	0.55064517	0.550095358	0.536869326	0.508200111	0.476623556	0.44323598	0.411138586	0.381588545	0.354566501	0.331182107	0.311447516	0.295317764	0.279411086
16	0.168330754	0.169358317	0.174053901	0.189105132	0.215918281	0.24724515	0.275428498	0.29726606	0.314171015	0.326889672	0.331081007	0.325854047	0.31336836	0.301002396	0.292444373	0.288152224	0.285307915	0.283365209	0.279890344	0.277457179	0.278668608	0.285747832	0.299223962	0.319117814	0.342629359	0.367143969	0.389484376	0.410101385	0.435564631	0.473804511	0.523593108	0.574748158	0.61602733	0.642945417	0.658946921	0.666986926	0.669594639	0.669221973	0.665951177	0.660297523	0.653722603	0.647118813	0.640400516	0.634653695	0.630755485	0.627996803	0.624072082	0.620118948	0.615420853	0.608388934	0.598618551	0.588559084	0.578540108	0.568984305	0.561059522	0.555151543	0.552391851	0.552727743	0.554470433	0.552983508	0.53863126	0.509093619	0.476129488	0.441685138	0.408589753	0.378442623	0.350775653	0.327587844	0.307543326	0.290919813	0.276065516
21	0.162953777	0.163976349	0.168442676	0.182882775	0.208605483	0.238755394	0.265961467	0.286871643	0.303100726	0.315335547	0.319490391	0.314492962	0.302594833	0.290673295	0.282324902	0.278138583	0.275361508	0.273469853	0.270041172	0.267676438	0.268815885	0.275526388	0.288459065	0.307561948	0.330208124	0.353811438	0.375404737	0.39526939	0.419634728	0.456353192	0.504598194	0.554448775	0.594893781	0.621469548	0.637292968	0.64533203	0.647934873	0.647552594	0.644299436	0.638748457	0.63225826	0.625691362	0.619039322	0.613389399	0.609482203	0.606852504	0.602926518	0.599009461	0.594465724	0.587755484	0.578397452	0.568483088	0.558592206	0.54943149	0.54182937	0.536396779	0.533880008	0.534298402	0.536273355	0.535420765	0.522136754	0.494110145	0.462851489	0.429838903	0.398010628	0.369296559	0.342163738	0.319843157	0.300226091	0.284181496	0.269413561
26	0.161605835	0.16277759	0.167414065	0.182042209	0.208034859	0.238309479	0.265593603	0.286473873	0.302662746	0.314907304	0.319110872	0.314166765	0.302342429	0.290354618	0.282032378	0.277862826	0.275046946	0.273202445	0.269851013	0.267522073	0.268675017	0.275364998	0.288285717	0.307405906	0.329956308	0.353336294	0.374738269	0.394444965	0.418636598	0.454886979	0.502327434	0.551182223	0.590760647	0.61665634	0.631979755	0.639813254	0.642292929	0.641857247	0.638586861	0.633076206	0.626664659	0.620217909	0.613689699	0.608121019	0.604169131	0.601526992	0.597610815	0.593672216	0.589210498	0.582656884	0.573492453	0.563900838	0.554086486	0.545223907	0.538006866	0.532929674	0.530704604	0.531430444	0.533818744	0.533363342	0.520584982	0.492720547	0.461552236	0.42847193	0.396672	0.368104131	0.340681831	0.318794601	0.299058954	0.282822798	0.268664535
31	0.168716757	0.169793112	0.174419135	0.188844866	0.214398846	0.243998373	0.270482008	0.290644744	0.30612625	0.317834521	0.321817675	0.317052385	0.305663596	0.294261327	0.286262099	0.282345247	0.279703701	0.277866482	0.274544414	0.2723214	0.273446105	0.279960572	0.292539917	0.31115472	0.332973322	0.355662435	0.376278851	0.395207522	0.418515891	0.453661291	0.499795272	0.547474408	0.586152031	0.611434327	0.626416572	0.633908105	0.636174918	0.635569041	0.632224732	0.626710525	0.620225909	0.613748385	0.607234903	0.601642353	0.597702222	0.595151331	0.591176568	0.587149197	0.582766919	0.576311603	0.567381343	0.558108759	0.548843023	0.540123474	0.533053947	0.528077415	0.52615127	0.526963603	0.529286886	0.528757147	0.516202995	0.489481671	0.459604108	0.42799461	0.397289919	0.369361868	0.343736913	0.321826343	0.302936915	0.287236455	0.273064351
36	0.158776274	0.15990705	0.164501502	0.179103298	0.20504325	0.235296221	0.262586713	0.283592219	0.299881603	0.312114856	0.316220182	0.311134654	0.299328012	0.287558785	0.279315847	0.275316217	0.272519898	0.270628569	0.267265154	0.265000179	0.266298213	0.272985791	0.286061572	0.305571873	0.328506929	0.352220181	0.373839115	0.393723518	0.418333284	0.455317965	0.503660772	0.553260288	0.59325787	0.619359395	0.634784845	0.642572455	0.644962603	0.644531827	0.641380174	0.635844332	0.629397693	0.622868644	0.616370283	0.610701958	0.606910367	0.604374954	0.600405753	0.596306203	0.591857812	0.585118634	0.575770788	0.565820096	0.555814854	0.546714259	0.539164162	0.533677491	0.531081905	0.531568551	0.533707469	0.532927863	0.519385839	0.490979704	0.459579447	0.426555984	0.394542069	0.365720945	0.337854668	0.315921914	0.296325485	0.280005663	0.264910022
41	0.170323688	0.171521602	0.176106178	0.190856777	0.216721815	0.246648194	0.273413803	0.293658012	0.309368086	0.321261589	0.325343058	0.320489839	0.308781448	0.297078034	0.288869886	0.284805449	0.281963344	0.280151118	0.276857219	0.274630172	0.275793985	0.282314145	0.294997565	0.313917444	0.335979501	0.359003617	0.379934977	0.399232171	0.423156079	0.458985067	0.505987006	0.554474301	0.593629178	0.619154908	0.634124631	0.641612809	0.643816767	0.643082229	0.639651746	0.634043791	0.627416674	0.620694264	0.614003946	0.608328902	0.604378482	0.601714106	0.597788995	0.593886515	0.58948882	0.583003926	0.573883054	0.564291069	0.554786531	0.546041238	0.539059917	0.534194805	0.532229208	0.533205191	0.535670153	0.535434825	0.522920499	0.495858919	0.465269034	0.433074244	0.401582378	0.373266409	0.346732819	0.324852731	0.305563127	0.29006357	0.275296877
46	0.168721031	0.169958296	0.174773719	0.189981873	0.216852538	0.248039217	0.275984369	0.297183088	0.313652218	0.326123841	0.330301794	0.325211451	0.313094158	0.300961341	0.292449573	0.28819866	0.285280265	0.283377108	0.279957323	0.277638564	0.278886666	0.285701042	0.298967974	0.318712063	0.341835578	0.365804502	0.387522985	0.407595235	0.432318316	0.469127607	0.517112554	0.566263571	0.605722188	0.63130574	0.646424568	0.653985521	0.656182161	0.655545653	0.652324657	0.646838324	0.640315468	0.633890264	0.627341995	0.621638482	0.617759991	0.615248103	0.61128284	0.607257766	0.602863446	0.596323465	0.587017516	0.57729256	0.567645418	0.558684042	0.551241088	0.545898664	0.543541923	0.544049236	0.546114647	0.545178214	0.53133487	0.502397576	0.470494185	0.436997828	0.404605187	0.37481126	0.347721846	0.324712122	0.305420802	0.289163142	0.274492829
2	0.231205774	0.234056067	0.240350111	0.25890606	0.291233183	0.326580481	0.354931979	0.37489533	0.390030828	0.401046983	0.404588653	0.400132394	0.389319102	0.378673487	0.371101906	0.36733836	0.365174416	0.364126512	0.362647876	0.362953356	0.367763985	0.379338014	0.397093228	0.419740413	0.444769546	0.469340765	0.491650544	0.515761664	0.550662242	0.602944955	0.662781631	0.715048001	0.751929879	0.774435053	0.787245833	0.793442278	0.794546166	0.791348991	0.78424148	0.774596343	0.764033912	0.753545583	0.743075551	0.733878111	0.726396838	0.719941739	0.713148128	0.706414147	0.699631074	0.691428109	0.681639295	0.672553923	0.663023542	0.654181246	0.646624755	0.640832813	0.637602412	0.637151204	0.636559888	0.632000696	0.615080085	0.583771155	0.549522339	0.514043644	0.479703401	0.447844966	0.418754359	0.394879794	0.373482451	0.355683761	0.339935468
7	0.224240556	0.227202002	0.233879528	0.25268955	0.285216141	0.320678726	0.349146263	0.369018332	0.383859962	0.394967053	0.398499147	0.393720305	0.382787402	0.371981989	0.364397978	0.360634534	0.358266116	0.357364861	0.355864722	0.356342684	0.361282438	0.372710422	0.390630423	0.413979768	0.439392622	0.4641814	0.486838079	0.511190566	0.546564497	0.59956742	0.660385165	0.713179981	0.750127173	0.772061237	0.784350893	0.790261947	0.790864381	0.787549324	0.780597536	0.77094021	0.760546364	0.750107504	0.73980419	0.730506566	0.723053373	0.716917238	0.71001929	0.703361607	0.696668099	0.688707811	0.678886145	0.669268169	0.659461278	0.650382606	0.642651059	0.637013697	0.633854197	0.633313016	0.633136445	0.628934688	0.611727737	0.579768031	0.545205242	0.508611083	0.47352114	0.441725144	0.411569601	0.387167407	0.365775365	0.347836226	0.331898404
12	0.168964553	0.17149269	0.177432981	0.19410724	0.222687845	0.253373103	0.277765088	0.294506985	0.306762591	0.316105474	0.319134464	0.315102244	0.305565649	0.296111816	0.289569719	0.286370213	0.284252639	0.283477876	0.28226792	0.282882541	0.287453357	0.29768256	0.313485047	0.334070733	0.356231355	0.377694991	0.397529847	0.419272558	0.451514576	0.500164156	0.556338238	0.605423995	0.64024091	0.661226049	0.673349299	0.679188287	0.679679721	0.676205613	0.668991771	0.659171907	0.648517057	0.638077971	0.627738437	0.618378481	0.61081848	0.604599646	0.597575885	0.590958597	0.584615115	0.577177075	0.568142033	0.559273084	0.550341454	0.542306039	0.53564846	0.530830688	0.528394158	0.528346161	0.52939168	0.527864324	0.515992062	0.491153532	0.463671882	0.433874829	0.404498295	0.378074171	0.352189315	0.330891867	0.311800616	0.295962899	0.280841616
17	0.180948453	0.183726888	0.190077874	0.207845581	0.238204965	0.270916981	0.297017342	0.314941394	0.328121407	0.338064472	0.341251912	0.33692827	0.326932544	0.31713776	0.310304267	0.306926027	0.304702662	0.303893794	0.302555963	0.303209711	0.307984076	0.318609213	0.33533947	0.357223811	0.380852738	0.403684445	0.424629684	0.447442872	0.481062402	0.531822657	0.590475108	0.641616952	0.677522658	0.69885528	0.710906429	0.716645694	0.716940906	0.713288882	0.705868834	0.695813106	0.684906088	0.674210438	0.663699382	0.654278114	0.646633106	0.640348822	0.633240659	0.626449199	0.620079981	0.612383995	0.603012053	0.593709185	0.584543796	0.57606693	0.569092604	0.563953904	0.561253007	0.560940421	0.561159963	0.558161453	0.543751293	0.516038129	0.485207236	0.452818981	0.421091239	0.392065025	0.365383374	0.342151882	0.3221713	0.305725448	0.290416967
22	0.185550463	0.188238135	0.194484407	0.212117026	0.242185038	0.274566303	0.300407371	0.318209466	0.331360378	0.341232256	0.344354696	0.3400129	0.330199834	0.320537851	0.313814425	0.310507982	0.308235614	0.307461631	0.306121192	0.306752889	0.311444101	0.321859734	0.338321755	0.359937294	0.383174058	0.405692428	0.42633905	0.44871616	0.481681382	0.531353602	0.588903622	0.639377526	0.675156659	0.696627326	0.709142861	0.715164446	0.715610953	0.712183338	0.705181458	0.695385756	0.684802281	0.674385695	0.66413679	0.6548008	0.647337579	0.641380119	0.63436142	0.627762656	0.621502421	0.613912333	0.604477617	0.595224533	0.586123471	0.577564947	0.570441135	0.565071698	0.562184964	0.561759875	0.561973606	0.558977757	0.544729228	0.517371693	0.487329819	0.455467492	0.424023271	0.395621244	0.368785534	0.346692271	0.326558371	0.309626969	0.294403917
27	0.178733206	0.181434464	0.187649609	0.205240596	0.235262993	0.26763767	0.293460855	0.311189382	0.324226956	0.334062178	0.337110895	0.33266248	0.322750779	0.313032829	0.306194644	0.302866673	0.30061792	0.299755753	0.298421866	0.299055425	0.303751506	0.314175214	0.330598228	0.352186346	0.375358855	0.397712337	0.418195421	0.440329228	0.472594586	0.520825258	0.576229134	0.624292098	0.657833722	0.677676645	0.688997547	0.694356417	0.694612627	0.691269511	0.684551591	0.675294885	0.66530344	0.655456554	0.645756043	0.636973969	0.629913525	0.624308472	0.617625971	0.611292424	0.605356014	0.598287993	0.589464745	0.580698657	0.572058171	0.564051797	0.557223295	0.552209344	0.549705164	0.549432689	0.549852873	0.547097242	0.533370509	0.506703494	0.477400544	0.446125915	0.415693189	0.387285069	0.360918533	0.338764072	0.319503474	0.302888711	0.288110605
32	0.17692699	0.179629927	0.185921803	0.203325896	0.232732354	0.264141729	0.289001925	0.305986635	0.318356553	0.327755699	0.330712817	0.326500208	0.317056957	0.307701674	0.30109697	0.297907942	0.295725458	0.29497467	0.293638215	0.294204284	0.298673574	0.308578216	0.324317588	0.345039625	0.367209092	0.388654357	0.408293945	0.429530968	0.46079021	0.507912274	0.562823729	0.611254413	0.645539829	0.666077518	0.677782096	0.68331812	0.683610594	0.680355369	0.673575653	0.664147123	0.653947119	0.643830953	0.633937789	0.62511684	0.617944709	0.612242681	0.605509828	0.599248943	0.593307691	0.586067291	0.576957787	0.567899527	0.55891437	0.550713271	0.544077456	0.539137824	0.536701777	0.536610663	0.5372301	0.535101397	0.52224648	0.496411376	0.468363525	0.43799386	0.408110102	0.380934431	0.35506182	0.333317348	0.31456724	0.298639874	0.283702587
37	0.161453637	0.164063616	0.170211476	0.187182897	0.216125843	0.247265212	0.272065145	0.289076956	0.301563362	0.311028699	0.313956184	0.309548416	0.299862374	0.290391452	0.283815065	0.280605369	0.278348905	0.27760107	0.276269033	0.276801272	0.281272478	0.291254254	0.307038175	0.32799079	0.35049053	0.372147552	0.392143592	0.413693671	0.445361003	0.492832345	0.547993305	0.596556112	0.630882391	0.651383397	0.66318275	0.668805199	0.669039307	0.665644448	0.658864422	0.649368808	0.639176207	0.629254446	0.619452407	0.610672191	0.603652012	0.598107875	0.591485614	0.585327616	0.579509597	0.572279874	0.563175972	0.554137935	0.545361109	0.537225983	0.530513144	0.52541173	0.522757091	0.522509051	0.52320806	0.521064152	0.508249895	0.482498296	0.454578013	0.42400301	0.394170706	0.366742372	0.341107517	0.319292233	0.299956798	0.284196777	0.269174236
42	0.181182321	0.183783511	0.189927903	0.207239234	0.236638243	0.268182082	0.293268055	0.3102954	0.322839964	0.332255574	0.335263792	0.330976646	0.321229746	0.31166421	0.304993767	0.301697981	0.299398589	0.298599151	0.297231988	0.297769498	0.302235802	0.312283851	0.328099068	0.349097381	0.371599963	0.393204775	0.41300858	0.434354017	0.465588555	0.512252409	0.566218815	0.613202549	0.646225063	0.665825349	0.676970483	0.682189257	0.682383328	0.679103619	0.672549938	0.663436846	0.653491754	0.643749257	0.634171166	0.625606884	0.618685111	0.613239874	0.606674904	0.600504189	0.594799777	0.587843043	0.579097589	0.570362852	0.561672291	0.553946671	0.547513515	0.542740699	0.540342764	0.540145564	0.541060916	0.539151821	0.526632241	0.501376728	0.473368578	0.443616445	0.414114752	0.387037282	0.361633526	0.340370042	0.321060847	0.304756019	0.290489893
47	0.192509531	0.195268592	0.201631846	0.219310912	0.24936578	0.281640459	0.307354666	0.324816749	0.337662027	0.347300196	0.350379693	0.346128726	0.336202496	0.326389685	0.319575686	0.316193324	0.313808535	0.312903086	0.311536975	0.31212072	0.316688938	0.326850579	0.342997543	0.364458853	0.387373676	0.409462348	0.429653139	0.45150147	0.483398671	0.531168178	0.586562471	0.634792728	0.668533662	0.688485985	0.699782387	0.705028509	0.705127661	0.701603288	0.694868169	0.685520949	0.675451999	0.665485371	0.655802599	0.646971604	0.639917301	0.634261582	0.627496707	0.62108631	0.615190585	0.608102176	0.599297599	0.590305679	0.581537614	0.573460781	0.566968674	0.562249278	0.559923244	0.559830298	0.560778836	0.558774974	0.545924027	0.519699237	0.490848174	0.459856047	0.429233051	0.401740218	0.37501552	0.35312919	0.33388422	0.317359978	0.301593913
3	0.205904045	0.20758333	0.212327962	0.227092995	0.253875731	0.285483214	0.313688138	0.335302218	0.352213984	0.365050995	0.369878189	0.365321478	0.353170778	0.340859879	0.332391296	0.3281949	0.325478246	0.32377931	0.320628789	0.318413137	0.320089918	0.327858087	0.341758405	0.361353387	0.384696431	0.408995709	0.431064853	0.451770902	0.477724809	0.51686054	0.566947498	0.618396858	0.659810472	0.687141231	0.703172862	0.711367752	0.714210215	0.713719674	0.70974705	0.703633936	0.696457482	0.689330786	0.682126482	0.675933975	0.671720782	0.668592271	0.664612231	0.660457622	0.655355599	0.647998275	0.638356434	0.629007101	0.619245627	0.609943099	0.601977061	0.596080713	0.593361012	0.593666999	0.5940641	0.590685527	0.574545795	0.543025789	0.508351567	0.472068736	0.437470808	0.405603062	0.376963044	0.353575723	0.33321996	0.316545972	0.301206311
8	0.181261664	0.182842394	0.187848608	0.202901025	0.22966639	0.260822744	0.288333198	0.309206166	0.325326639	0.337709904	0.342230848	0.337757932	0.325946972	0.314075471	0.305796484	0.301721155	0.299052376	0.297399488	0.294310557	0.292317644	0.293966117	0.301312089	0.314792888	0.33411597	0.35670172	0.380086992	0.401606324	0.421680035	0.446981419	0.485368851	0.534958212	0.585915613	0.627278938	0.654662883	0.670937754	0.679235317	0.68187394	0.681231756	0.677290393	0.670951157	0.663756409	0.656561552	0.649275345	0.643019157	0.638728336	0.635544291	0.631332438	0.626905044	0.621930821	0.614676646	0.604985129	0.595198945	0.585167826	0.575790745	0.567940875	0.562306803	0.5597262	0.560017759	0.561595147	0.559828523	0.545082659	0.514872565	0.481441234	0.446346895	0.412856739	0.381640854	0.353853951	0.330301764	0.310948672	0.294604735	0.279545568
13	0.162709152	0.164364971	0.169613029	0.185289855	0.213170746	0.245479245	0.274117502	0.295900488	0.312619207	0.325475531	0.33000426	0.3252836	0.313372299	0.301426797	0.293198094	0.289147804	0.286408073	0.284712678	0.281597884	0.279606268	0.281288379	0.288846087	0.302735026	0.322776801	0.346149932	0.370283551	0.392258768	0.412717734	0.438435145	0.477385705	0.527732141	0.578980938	0.620210878	0.647243601	0.663289738	0.671441742	0.674003854	0.673355768	0.669618741	0.663373958	0.656393301	0.649336158	0.642222332	0.63609034	0.631859091	0.628791734	0.624503569	0.620183623	0.615284089	0.608138004	0.598449811	0.588499001	0.578440646	0.568918398	0.560927704	0.554983702	0.55188592	0.551790782	0.552631162	0.549873682	0.533728288	0.50179012	0.467099442	0.431182996	0.396552971	0.365337615	0.336546499	0.313081928	0.292558601	0.276326876	0.260841219
18	0.160361128	0.162022611	0.167161065	0.182579272	0.209758233	0.241126387	0.268820712	0.289630568	0.30569308	0.318086283	0.322588463	0.318109875	0.306343038	0.294552754	0.286396597	0.282336526	0.279670603	0.277996901	0.274959202	0.27308669	0.274765735	0.282156633	0.295719554	0.31522218	0.337915097	0.361338384	0.382811742	0.402906187	0.428311414	0.466670829	0.516305132	0.566758917	0.60733925	0.63389212	0.649664069	0.657672689	0.659987958	0.659081331	0.65518253	0.648845244	0.641557011	0.634404226	0.627126335	0.62079112	0.616434838	0.613325261	0.608963166	0.604522896	0.59962982	0.592630315	0.583189772	0.573444246	0.563577983	0.554316167	0.546721725	0.541230563	0.538712361	0.538972875	0.540398389	0.538712711	0.524058294	0.494049744	0.460626643	0.425883824	0.392267695	0.361706404	0.334060453	0.311113883	0.291184502	0.274591505	0.25963859
23	0.170195071	0.171867022	0.177093758	0.192766256	0.220293101	0.252116684	0.280298292	0.301376555	0.31762143	0.330124678	0.334714602	0.330158627	0.318363994	0.306496694	0.298177533	0.294077262	0.29139051	0.289601756	0.286478971	0.284657341	0.286379127	0.293663269	0.307234515	0.326877802	0.34969671	0.373221879	0.394749956	0.41492641	0.440410434	0.47897329	0.529426257	0.58127489	0.62338246	0.651261352	0.667903619	0.676243056	0.678831517	0.678108407	0.674144045	0.667591296	0.660167919	0.652732131	0.645245182	0.638862101	0.634310372	0.631048964	0.626572603	0.622024923	0.616921332	0.60967199	0.599887112	0.589799313	0.57971598	0.570138911	0.562364079	0.556761919	0.554145389	0.554349942	0.555819169	0.553917032	0.53876311	0.507957471	0.473861102	0.437908817	0.403713633	0.372858938	0.344672147	0.321381663	0.301109293	0.285055663	0.269528935
28	0.175550258	0.177290986	0.182868289	0.199428724	0.228546601	0.26232442	0.292291548	0.31489199	0.332465945	0.34579656	0.350534729	0.34548797	0.33291375	0.32029897	0.311515538	0.30716157	0.304252926	0.302368472	0.299104722	0.297140221	0.29899384	0.306785816	0.321290619	0.342463652	0.367065503	0.392421118	0.415593997	0.437313882	0.464679594	0.505910045	0.559316182	0.613684554	0.657348512	0.685907194	0.702758151	0.711130739	0.71369763	0.712846244	0.708880938	0.702270835	0.694764107	0.687242516	0.679714158	0.673146666	0.668523083	0.665182812	0.66057931	0.655854693	0.65056261	0.643029048	0.632793017	0.622067022	0.611320765	0.601338946	0.592914659	0.586742556	0.583670995	0.583487332	0.584558872	0.581326403	0.563535236	0.529019386	0.491857991	0.453246793	0.416570708	0.383813443	0.35335561	0.328947481	0.307867488	0.290635426	0.275424413
33	0.157548044	0.159230988	0.16441169	0.179963406	0.207316623	0.239041062	0.267111855	0.288255745	0.304653281	0.317187026	0.321746293	0.317034212	0.305185359	0.293303309	0.285071248	0.281099272	0.278392889	0.276642942	0.273579598	0.271734078	0.27349758	0.28083906	0.294551625	0.314465863	0.337485314	0.361170084	0.382830356	0.403142223	0.428811017	0.467336149	0.517326016	0.568103096	0.608856098	0.635478089	0.651297998	0.659230087	0.661586774	0.660811447	0.657135058	0.6509511	0.643831153	0.636768977	0.629673606	0.623576001	0.619362515	0.616366281	0.612086604	0.607707908	0.602872732	0.595903461	0.586427034	0.576401901	0.566303568	0.556924802	0.549205	0.543513673	0.540618664	0.540552639	0.542172303	0.540324696	0.525149812	0.494144537	0.460157739	0.424763764	0.390631451	0.3598889	0.332057841	0.308181	0.288069298	0.27141302	0.256724035
38	0.15875449	0.160427578	0.165451967	0.180423669	0.206618214	0.236828001	0.263536987	0.28348763	0.29883493	0.310634826	0.314848062	0.310408722	0.299223515	0.287950361	0.280088985	0.276224647	0.273558967	0.271905883	0.26895606	0.267181485	0.268850848	0.275868955	0.288961695	0.308083958	0.33022475	0.352950853	0.373781957	0.393341109	0.418178095	0.455865088	0.505102684	0.555307646	0.595892526	0.622539351	0.638314961	0.646189652	0.648426674	0.647428874	0.643368611	0.636957568	0.629589194	0.622245387	0.614957705	0.608607785	0.604106503	0.600954366	0.596492246	0.592007716	0.587097978	0.58015095	0.570740358	0.560747744	0.550781912	0.541613624	0.534147471	0.528873497	0.526605267	0.527124298	0.529185443	0.528318168	0.514849913	0.486085493	0.454484534	0.420649437	0.388098317	0.358860148	0.332119041	0.309277735	0.289715875	0.273587007	0.259176324
43	0.16127426	0.162883458	0.168013488	0.183343693	0.210129193	0.240973951	0.268260981	0.28864488	0.304408492	0.316472242	0.320786577	0.316267487	0.304872479	0.293311091	0.285267834	0.281290887	0.278579786	0.276893716	0.273841018	0.272000013	0.273644562	0.280722311	0.294007043	0.313372769	0.335793649	0.358857058	0.379941739	0.399715744	0.424691921	0.462390902	0.511517133	0.561761385	0.602400922	0.629135996	0.645067203	0.65297713	0.655278018	0.654298674	0.650397199	0.644061885	0.636826563	0.629540834	0.622202647	0.615996279	0.611608883	0.608500254	0.604080562	0.599612245	0.5947299	0.587701408	0.578133774	0.568063782	0.558041242	0.548914515	0.541474803	0.53608946	0.533598022	0.533948043	0.53602463	0.535068818	0.5211552	0.491969148	0.459290504	0.425158193	0.392071823	0.362029431	0.33472655	0.311526486	0.29218193	0.276050203	0.261080996
48	0.162548364	0.164251737	0.169629392	0.185700017	0.213966294	0.24660497	0.275461366	0.297130537	0.313954856	0.326853991	0.331532955	0.326747164	0.314659414	0.302566402	0.294094694	0.289954753	0.287146276	0.285302627	0.282124966	0.280240291	0.282089434	0.289537158	0.303618449	0.324215418	0.348059557	0.372534099	0.394855858	0.415786042	0.442213964	0.482018422	0.533769159	0.586189811	0.628191478	0.655487421	0.671543547	0.679511282	0.681830549	0.680940459	0.677168591	0.670837812	0.663589019	0.656272695	0.649023474	0.642723928	0.638311702	0.635209497	0.630687684	0.626110803	0.621142992	0.61396858	0.604157715	0.593732952	0.583294822	0.573669458	0.565664826	0.559757534	0.556745476	0.55657626	0.557909204	0.555496018	0.539218924	0.506831243	0.471383453	0.434746876	0.399378894	0.368125205	0.338718944	0.314969403	0.294408825	0.277987068	0.26262595
4	0.217230601	0.219116546	0.22452453	0.241337038	0.271458166	0.306666236	0.338050778	0.362032692	0.380701955	0.394814355	0.399899876	0.394815246	0.381391904	0.367835857	0.358418834	0.353595966	0.350692201	0.348830973	0.34541394	0.342999085	0.344674843	0.35286964	0.367769163	0.389108674	0.414649777	0.441602783	0.466016609	0.488956738	0.517678438	0.561067323	0.617446201	0.676127016	0.724217823	0.756393661	0.775348427	0.78494044	0.788407024	0.787896043	0.783576155	0.776549014	0.76850611	0.760301458	0.751914878	0.744907976	0.739895744	0.735867763	0.731097593	0.72615931	0.720049998	0.711410588	0.700087014	0.688839447	0.677212284	0.666388889	0.657256637	0.650489398	0.6473377	0.647717443	0.648793655	0.645077479	0.625535833	0.588138722	0.547516635	0.505875697	0.466536745	0.430838498	0.399520223	0.373147849	0.350809385	0.3330835	0.316818214
9	0.166040242	0.167806759	0.173344397	0.189938052	0.218969187	0.252714334	0.282762986	0.305575104	0.323256048	0.336727066	0.341622067	0.336619329	0.323601008	0.310625698	0.301648786	0.297187402	0.294338781	0.292576585	0.289337872	0.287218132	0.288929709	0.296720122	0.311078044	0.331771506	0.35614506	0.38170298	0.405183089	0.427183903	0.454926826	0.496959315	0.552008605	0.609333981	0.656464525	0.687968593	0.706714002	0.71613765	0.719363196	0.718830193	0.714581956	0.707618221	0.699508368	0.691253136	0.682975672	0.675819239	0.670628333	0.666786418	0.661932165	0.656977805	0.651096815	0.642689094	0.631719801	0.620504701	0.609105739	0.598510406	0.589714158	0.583417675	0.580555946	0.580971529	0.582683528	0.580068587	0.562197432	0.527117582	0.488783974	0.448791504	0.411205946	0.377010383	0.346724865	0.321210664	0.300310016	0.283154464	0.267072623
14	0.177325997	0.179102334	0.184605673	0.200791557	0.229005342	0.261624506	0.290621801	0.312065616	0.328706055	0.341515969	0.346400902	0.342013941	0.329317089	0.316431279	0.307489746	0.302959281	0.300006872	0.298221086	0.295083115	0.29305271	0.294729921	0.302057688	0.315618383	0.335235277	0.358235739	0.382265352	0.404353067	0.425022437	0.450961037	0.489912718	0.540699953	0.593724531	0.637397396	0.66658253	0.683944455	0.692680162	0.695479125	0.694715553	0.690521585	0.683736765	0.675916678	0.668066017	0.660241743	0.653472101	0.64866736	0.645158547	0.640491221	0.635827266	0.630452276	0.622870362	0.612803842	0.602412513	0.592006533	0.582450055	0.57460192	0.569209742	0.567076667	0.568002173	0.57014383	0.568763816	0.553522148	0.5216462	0.486476242	0.449234717	0.413801393	0.381838526	0.353072855	0.328835307	0.308413438	0.291547233	0.276665207
19	0.171567894	0.173345038	0.178925898	0.195457486	0.224283854	0.257684077	0.287357063	0.309662902	0.326995253	0.340221093	0.345030369	0.340053437	0.327272282	0.314455579	0.30555406	0.301122043	0.298212047	0.296374086	0.293138861	0.291087765	0.292756556	0.300372911	0.314552083	0.335183661	0.359314634	0.384515976	0.407553617	0.429071578	0.456203922	0.497147337	0.550539682	0.605511773	0.650183435	0.679774183	0.697062785	0.705726835	0.70852107	0.707827641	0.703741779	0.697079647	0.689322689	0.681424124	0.673535452	0.66671858	0.661778868	0.658243662	0.653625042	0.648935403	0.643403587	0.635494374	0.624938647	0.614084457	0.60319275	0.593036917	0.584750568	0.578833244	0.576101429	0.576524211	0.577970689	0.575331009	0.558148473	0.524184019	0.487294433	0.448764407	0.412454536	0.379841261	0.349576118	0.325285216	0.304325867	0.287168636	0.271829829
24	0.182811343	0.184667497	0.190386581	0.207506431	0.237555346	0.272456162	0.303762981	0.327547572	0.346080339	0.360111944	0.365036047	0.359688719	0.346440154	0.333145013	0.323890202	0.319243719	0.3162428	0.314368225	0.311032139	0.308918242	0.310767865	0.318738002	0.333630816	0.355466332	0.381219272	0.407973434	0.432462169	0.455493608	0.484355429	0.527993346	0.58528753	0.644546932	0.692903054	0.725020198	0.744008058	0.753399755	0.756448989	0.755708366	0.751473227	0.744322963	0.736265655	0.728011959	0.719755482	0.712562985	0.707477888	0.703723602	0.698690592	0.693572868	0.687589946	0.679103655	0.667820285	0.655985864	0.644089072	0.633042369	0.623831298	0.617129215	0.613768299	0.613788088	0.615276981	0.611966081	0.592348122	0.554848254	0.514400892	0.472967659	0.43372209	0.398143636	0.366697912	0.340336406	0.318287374	0.30032285	0.284295905
29	0	0	0	0	0	0	0	0	0	0	0	0	0	0	0	0	0	0	0	0	0	0	0	0	0	0	0	0	0	0	0	0	0	0	0	0	0	0	0	0	0	0	0	0	0	0	0	0	0	0	0	0	0	0	0	0	0	0	0	0	0	0	0	0	0	0	0	0	0	0	0
34	0.147833244	0.149625948	0.15519632	0.171606736	0.200547103	0.234326996	0.264743749	0.287987645	0.305977312	0.319577847	0.324206381	0.318849623	0.306067942	0.293179549	0.284230753	0.27981636	0.276826254	0.274905156	0.271660206	0.269657028	0.271527353	0.279447345	0.294153971	0.315758283	0.341249347	0.367599914	0.391817337	0.414426286	0.442629636	0.485356888	0.541156481	0.598436577	0.644787582	0.675256471	0.693139695	0.702024482	0.70473155	0.703716998	0.699513386	0.692544191	0.684650988	0.676758413	0.668838132	0.661768681	0.656661686	0.653120712	0.648193914	0.64328319	0.637750168	0.629725803	0.618804192	0.607326033	0.59598557	0.585422261	0.576663675	0.570231912	0.566998931	0.567136305	0.568641438	0.565459461	0.547111752	0.511700656	0.473848241	0.434202162	0.396413485	0.363178847	0.332638161	0.306512137	0.284956475	0.267354212	0.252354501
39	0.18083538	0.182735216	0.188633044	0.206129906	0.2367398	0.272223864	0.303834129	0.327723335	0.346372776	0.360472432	0.365447929	0.359998676	0.346568563	0.333074074	0.323701634	0.319101389	0.315947816	0.313990492	0.310600684	0.30849134	0.310342852	0.31836957	0.333584653	0.355859705	0.381836236	0.408640633	0.433152425	0.456018766	0.484743851	0.527703777	0.583254112	0.639575248	0.684412781	0.713423019	0.730229812	0.738537279	0.740990484	0.740070805	0.736263555	0.72967898	0.722039692	0.714260297	0.706467885	0.699786286	0.695047134	0.691663041	0.68693338	0.68219059	0.676834031	0.669036683	0.65852619	0.647324508	0.636098329	0.625728988	0.617261774	0.611119681	0.608098083	0.608028754	0.609363278	0.605949689	0.586642102	0.549604157	0.509965741	0.469009877	0.430200591	0.395642321	0.36415359	0.338306555	0.316449068	0.298603715	0.283028064
44	0.171509781	0.173365347	0.179114775	0.196366738	0.226275645	0.260867757	0.291612679	0.314746507	0.332704781	0.346352608	0.351232292	0.346041766	0.333049416	0.319926604	0.31072526	0.306088651	0.303042855	0.301104232	0.297830601	0.29585309	0.297690118	0.305449405	0.320117602	0.341717698	0.366870029	0.393039173	0.416884168	0.439244784	0.467242527	0.509344058	0.564399037	0.620694773	0.666276586	0.696169238	0.713718922	0.722408009	0.724974253	0.723975249	0.719830181	0.712872257	0.705009283	0.697095488	0.689177565	0.682198861	0.677218557	0.673608021	0.668678686	0.663592084	0.658010837	0.650164925	0.639548474	0.628389903	0.617236576	0.606942565	0.598338793	0.592147324	0.589348518	0.589625776	0.591312359	0.588438132	0.570052343	0.534432935	0.495521114	0.455532376	0.417508527	0.383732979	0.352469564	0.327440433	0.30575671	0.28832636	0.272567719
49	0.172005012	0.173786815	0.179329094	0.195691593	0.224114686	0.256915171	0.286028466	0.307709314	0.324497703	0.337391367	0.342030363	0.337153437	0.324504465	0.311877816	0.303101811	0.298697626	0.295725307	0.293978693	0.290807854	0.288802654	0.290531728	0.297786333	0.31159781	0.331942479	0.355589278	0.38005032	0.402527098	0.423594335	0.450100589	0.489875782	0.541780464	0.5954954	0.639314761	0.668410489	0.685663286	0.694157651	0.696673334	0.695760744	0.691747226	0.684986564	0.677170271	0.66943426	0.661705168	0.654965458	0.650140584	0.646818864	0.642181035	0.637478193	0.632185815	0.62461128	0.614300341	0.603524163	0.592920869	0.58314522	0.575059252	0.569175144	0.566643306	0.567285503	0.569212447	0.567377543	0.55134936	0.518648613	0.48287192	0.445280655	0.409476386	0.37789183	0.347986739	0.32408894	0.30338092	0.286859917	0.27182389
5	0.166548961	0.168109112	0.172676292	0.18677186	0.21211624	0.241154406	0.266150283	0.284554463	0.298531694	0.309265035	0.312886463	0.308443855	0.297647573	0.286871186	0.279326275	0.275502135	0.27303701	0.271708616	0.269118707	0.267830893	0.270173068	0.278143261	0.291760784	0.310487606	0.332053556	0.354176451	0.374458748	0.39436653	0.421091089	0.461967452	0.513427324	0.563985387	0.603368144	0.628485381	0.643133074	0.650407856	0.652507109	0.651221432	0.646558043	0.639379165	0.63131278	0.623283939	0.615283094	0.608406231	0.603353282	0.599419116	0.594590436	0.589727028	0.584264075	0.577000144	0.567493432	0.558159728	0.548513068	0.53967032	0.532226863	0.526979682	0.524766567	0.525610943	0.527671536	0.52752947	0.51635237	0.490957617	0.461790486	0.430811903	0.400730605	0.372940451	0.346715287	0.325975809	0.306478722	0.289889033	0.276109525
10	0.152401964	0.153899896	0.158633149	0.172960536	0.198215199	0.22706674	0.252022775	0.270413473	0.284278139	0.294842345	0.29828927	0.293795052	0.283220616	0.272746211	0.265470992	0.261918247	0.259488967	0.258130771	0.255659913	0.254476901	0.256902775	0.264755881	0.278292333	0.297117376	0.318591801	0.340471627	0.360541499	0.380155987	0.406410411	0.446685551	0.497341018	0.547099248	0.585773701	0.610407189	0.624883592	0.632057297	0.63393607	0.632624673	0.627924743	0.620824085	0.612896718	0.604980523	0.597047527	0.590233529	0.585299882	0.581527344	0.576685943	0.571851275	0.566655641	0.559489705	0.550093932	0.540646212	0.531178634	0.522369014	0.515131074	0.509860791	0.507539372	0.508160462	0.509877842	0.509154675	0.497463718	0.472071588	0.44383828	0.413173922	0.383522045	0.356736395	0.330962381	0.309336681	0.290900373	0.275105921	0.26102815
15	0.146796434	0.148341555	0.153110729	0.16746363	0.192808491	0.221644245	0.246496994	0.264768607	0.278584086	0.289093137	0.292561923	0.288133519	0.277648634	0.267195279	0.259982733	0.256372448	0.253990751	0.252612223	0.250210293	0.249103278	0.251564074	0.259447926	0.272960774	0.291866235	0.31332957	0.335017557	0.354977107	0.37450933	0.400669061	0.440579747	0.490684157	0.539451239	0.577084051	0.60095236	0.614888176	0.621817315	0.623566233	0.622208419	0.617690919	0.610773359	0.603051291	0.595418106	0.587842905	0.581187296	0.576239662	0.57253854	0.567808006	0.563126417	0.558104456	0.55116596	0.542003682	0.532676473	0.523316773	0.514599505	0.507515492	0.502471332	0.500155292	0.500652084	0.502500799	0.501946625	0.490437381	0.46545881	0.437014617	0.406716362	0.377175856	0.350386325	0.324700953	0.3034918	0.284639839	0.268807461	0.254882577
20	0.152072815	0.15357634	0.158359614	0.172749989	0.198348391	0.227512724	0.252621939	0.271122108	0.285094513	0.295792179	0.299246134	0.294576656	0.283863155	0.273306418	0.265946909	0.262327227	0.259876384	0.258452212	0.255925706	0.254742027	0.257148181	0.264982212	0.278635059	0.297757609	0.319413219	0.341358918	0.361451052	0.381132743	0.407498383	0.447545551	0.49795538	0.546953822	0.584858822	0.608905011	0.623063549	0.630097688	0.631898866	0.630601903	0.626322271	0.619444615	0.611781732	0.604260381	0.596694706	0.590001951	0.585138392	0.581497505	0.576673547	0.571922238	0.566873785	0.559831517	0.550543114	0.541049802	0.531599829	0.522716391	0.515415525	0.51009147	0.507472405	0.507860118	0.509769795	0.509327435	0.497616766	0.472243982	0.443798832	0.41354112	0.384006183	0.356982416	0.33152362	0.309783332	0.29124179	0.275855599	0.260872866
25	0.15519867	0.156758746	0.161541528	0.176024861	0.201666764	0.23097348	0.256269559	0.274764223	0.288717651	0.299408445	0.302960985	0.29846379	0.287802457	0.277167872	0.269736606	0.26608184	0.263644096	0.262274372	0.259801423	0.258740111	0.261186279	0.268938877	0.282524289	0.301600071	0.323202634	0.344957804	0.364899289	0.384355462	0.410249813	0.449436808	0.498503298	0.545863166	0.582297618	0.605336977	0.618848432	0.625727628	0.627471243	0.626161147	0.621974478	0.615406298	0.608047728	0.600704311	0.593365965	0.586931757	0.582153364	0.578643728	0.573915451	0.569125273	0.564258378	0.557596342	0.548804864	0.539662579	0.530426984	0.521977156	0.515177872	0.510315887	0.507962766	0.508436586	0.510619665	0.510597301	0.499543445	0.474572287	0.446502509	0.416282287	0.386849904	0.360142346	0.334733576	0.313208328	0.294612394	0.279120583	0.264496357
30	0.152381693	0.153988469	0.158843417	0.173328351	0.19898349	0.228270966	0.253712228	0.272385565	0.286622374	0.297422111	0.301013143	0.296382026	0.285631621	0.27497374	0.26763052	0.264077646	0.261627867	0.260235804	0.257744659	0.256693333	0.259221225	0.267105453	0.280925285	0.300441667	0.322609475	0.345066981	0.365776605	0.386112506	0.413365458	0.45512078	0.508152118	0.560312684	0.601000292	0.627045129	0.642391859	0.649880166	0.651814629	0.65029644	0.645547477	0.638105506	0.629750498	0.621439722	0.613267336	0.606082633	0.600750236	0.596875667	0.591759024	0.586587334	0.581068918	0.573609596	0.563824168	0.55369959	0.543577383	0.534255881	0.526608154	0.521094119	0.518541522	0.518994696	0.521180405	0.520919158	0.508716146	0.482226357	0.452414759	0.420546838	0.38951836	0.361476546	0.334577022	0.312522706	0.293558934	0.27696973	0.26211874
35	0.160758742	0.162471078	0.167780443	0.183421322	0.211062547	0.242542439	0.269622668	0.28953426	0.304615609	0.316063869	0.319856966	0.314919258	0.303508413	0.292212349	0.284392507	0.280543516	0.277877281	0.276337322	0.273717694	0.272584733	0.275252683	0.28365302	0.298224829	0.318887373	0.342250669	0.365752117	0.387133594	0.408259428	0.436362743	0.478930065	0.532271693	0.584054313	0.623787049	0.648897094	0.663485376	0.67053485	0.672233372	0.670729391	0.666075568	0.658761374	0.650670996	0.642709327	0.634839122	0.627919807	0.622797754	0.619086399	0.614091029	0.609190431	0.603853753	0.596507683	0.586776556	0.576747622	0.566842176	0.557621089	0.549881114	0.544112483	0.541256297	0.541205399	0.542455672	0.540534497	0.526327192	0.497507338	0.465961724	0.432468589	0.400001954	0.370462228	0.343073666	0.320105166	0.30015875	0.283488626	0.268116271
40	0.158054861	0.159711195	0.164731687	0.179697197	0.205800466	0.235536605	0.261047491	0.279545669	0.293526242	0.304202772	0.3077754	0.303286462	0.292426101	0.281626148	0.274110021	0.270386503	0.267790199	0.266370206	0.263896422	0.262872496	0.265422736	0.273252243	0.287064047	0.306546399	0.328528129	0.350630889	0.370880822	0.390823597	0.417589278	0.458281434	0.509548878	0.559542262	0.598028373	0.622394948	0.636475847	0.64334795	0.644895462	0.643203637	0.638465289	0.631220312	0.623120388	0.615119079	0.607211737	0.600322283	0.595307248	0.591599739	0.586583181	0.581621936	0.576465552	0.569501497	0.560219397	0.550570647	0.540982995	0.532196341	0.525116717	0.520017902	0.517767637	0.518350013	0.520409148	0.520001314	0.508310092	0.482461423	0.453320664	0.422129901	0.391600501	0.364118395	0.33827095	0.316626362	0.297272375	0.280814352	0.267134531
45	0.152614733	0.154179122	0.159005746	0.17354186	0.199248753	0.22855271	0.253864672	0.272309673	0.286316256	0.297018473	0.300519496	0.295865285	0.285077105	0.274462012	0.267008455	0.263353329	0.260818917	0.25939499	0.256880532	0.255794097	0.258288842	0.266011629	0.279725306	0.299121219	0.321047921	0.34310056	0.363314228	0.383123297	0.409618537	0.449685054	0.500118089	0.549083047	0.586723951	0.610545142	0.624336041	0.631169538	0.632704431	0.631131552	0.626747882	0.619839037	0.612132075	0.604484061	0.596874595	0.590243658	0.585397115	0.581908445	0.577182629	0.572403882	0.567448111	0.560595575	0.551484286	0.541941843	0.532535152	0.523782332	0.516685063	0.511630553	0.509244865	0.50969534	0.511755713	0.511455054	0.499884911	0.474397192	0.445879868	0.414977341	0.38498283	0.357995334	0.332157177	0.311118217	0.291853161	0.276152237	0.261613824
50	0.143197177	0.144813629	0.149531899	0.163813705	0.188649191	0.216873188	0.241194667	0.258893182	0.272273308	0.282512688	0.285851585	0.281460001	0.271151999	0.261004131	0.253948407	0.25044393	0.24805147	0.246705185	0.244287449	0.243218127	0.245602028	0.253047565	0.26624417	0.284943714	0.306114199	0.327377825	0.346856475	0.365972588	0.391755118	0.431063412	0.481066155	0.530246228	0.568527062	0.592856659	0.607068642	0.613960929	0.615571613	0.613916923	0.609181008	0.601843245	0.593713444	0.585743654	0.577864749	0.571038575	0.566014139	0.562360654	0.557397162	0.552479548	0.547436822	0.540469684	0.531223008	0.521663792	0.512340133	0.503793467	0.496874687	0.491946272	0.489873043	0.490575171	0.492752331	0.492602639	0.481689417	0.457437488	0.429782746	0.400138244	0.370968725	0.34474006	0.319507582	0.29848186	0.280264058	0.264610605	0.250614834
