1 	 0.30343	 0.30121	 0.30342	 0.31326	 0.33318	 0.36350	 0.39660	 0.41985	 0.44095	 0.46336	 0.47875	 0.47151	 0.43556	 0.39323	 0.36291	 0.34354	 0.33222	 0.32560	 0.31946	 0.31512	 0.31321	 0.31400	 0.31971	 0.33165	 0.34960	 0.37447	 0.40530	 0.44124	 0.48648	 0.53013	 0.57247	 0.61831	 0.65491	 0.67834	 0.69075	 0.69702	 0.70086	 0.69970	 0.69664	 0.69306	 0.68787	 0.68098	 0.67286	 0.66451	 0.65568	 0.64743	 0.64228	 0.63911	 0.63340	 0.62585	 0.61776	 0.61060	 0.60460	 0.60060	 0.60142	 0.60892	 0.62418	 0.64618	 0.67834	 0.72094	 0.76203	 0.77512	 0.75648	 0.71865	 0.67957	 0.64982	 0.62565	 0.60247	 0.58306	 0.56767	 0.55289
6 	 0.25195	 0.24979	 0.25195	 0.26107	 0.28004	 0.30884	 0.34010	 0.36208	 0.38214	 0.40326	 0.41772	 0.41132	 0.37755	 0.33776	 0.30905	 0.29056	 0.28008	 0.27387	 0.26773	 0.26346	 0.26163	 0.26248	 0.26794	 0.27925	 0.29628	 0.32030	 0.34966	 0.38417	 0.42732	 0.46957	 0.50988	 0.55296	 0.58785	 0.61014	 0.62203	 0.62795	 0.63149	 0.62991	 0.62702	 0.62357	 0.61863	 0.61220	 0.60441	 0.59631	 0.58782	 0.57993	 0.57505	 0.57237	 0.56709	 0.55965	 0.55176	 0.54489	 0.53920	 0.53522	 0.53594	 0.54272	 0.55683	 0.57698	 0.60644	 0.64532	 0.68264	 0.69817	 0.68611	 0.65454	 0.61844	 0.59038	 0.56817	 0.54517	 0.52528	 0.50975	 0.49507
11 	 0.30007	 0.29779	 0.29996	 0.30968	 0.32948	 0.35969	 0.39263	 0.41574	 0.43676	 0.45921	 0.47462	 0.46737	 0.43114	 0.38864	 0.35827	 0.33884	 0.32755	 0.32094	 0.31471	 0.31047	 0.30851	 0.30928	 0.31493	 0.32682	 0.34474	 0.36970	 0.40062	 0.43679	 0.48222	 0.52620	 0.56891	 0.61504	 0.65179	 0.67506	 0.68723	 0.69325	 0.69680	 0.69542	 0.69226	 0.68857	 0.68341	 0.67656	 0.66840	 0.65990	 0.65093	 0.64269	 0.63753	 0.63429	 0.62856	 0.62101	 0.61293	 0.60582	 0.59992	 0.59600	 0.59693	 0.60467	 0.62027	 0.64271	 0.67555	 0.71915	 0.76142	 0.77507	 0.75623	 0.71776	 0.67835	 0.64846	 0.62438	 0.60056	 0.58142	 0.56565	 0.55076
16 	 0.24985	 0.24765	 0.24968	 0.25862	 0.27749	 0.30635	 0.33765	 0.35953	 0.37954	 0.40077	 0.41552	 0.40932	 0.37536	 0.33519	 0.30631	 0.28759	 0.27698	 0.27064	 0.26447	 0.26024	 0.25835	 0.25916	 0.26453	 0.27568	 0.29258	 0.31659	 0.34603	 0.38061	 0.42378	 0.46602	 0.50606	 0.54892	 0.58380	 0.60619	 0.61830	 0.62423	 0.62763	 0.62608	 0.62312	 0.61962	 0.61470	 0.60833	 0.60059	 0.59261	 0.58432	 0.57670	 0.57200	 0.56936	 0.56424	 0.55696	 0.54912	 0.54233	 0.53677	 0.53295	 0.53381	 0.54069	 0.55502	 0.57543	 0.60535	 0.64541	 0.68419	 0.70069	 0.68892	 0.65695	 0.62020	 0.59245	 0.57013	 0.54689	 0.52749	 0.51148	 0.49713
21 	 0.29788	 0.29560	 0.29772	 0.30732	 0.32712	 0.35727	 0.39007	 0.41314	 0.43408	 0.45651	 0.47203	 0.46479	 0.42869	 0.38630	 0.35603	 0.33669	 0.32543	 0.31887	 0.31264	 0.30838	 0.30646	 0.30721	 0.31282	 0.32463	 0.34250	 0.36739	 0.39823	 0.43423	 0.47944	 0.52326	 0.56572	 0.61165	 0.64823	 0.67151	 0.68368	 0.68963	 0.69319	 0.69186	 0.68868	 0.68500	 0.67993	 0.67315	 0.66503	 0.65666	 0.64790	 0.63978	 0.63476	 0.63146	 0.62586	 0.61840	 0.61035	 0.60330	 0.59742	 0.59360	 0.59460	 0.60218	 0.61773	 0.64003	 0.67265	 0.71611	 0.75800	 0.77173	 0.75307	 0.71480	 0.67557	 0.64549	 0.62175	 0.59802	 0.57895	 0.56309	 0.54819
26 	 0.24879	 0.24664	 0.24874	 0.25788	 0.27711	 0.30638	 0.33816	 0.36045	 0.38077	 0.40229	 0.41732	 0.41102	 0.37665	 0.33613	 0.30704	 0.28826	 0.27757	 0.27127	 0.26510	 0.26086	 0.25898	 0.25981	 0.26520	 0.27650	 0.29356	 0.31781	 0.34759	 0.38253	 0.42606	 0.46865	 0.50905	 0.55240	 0.58755	 0.61012	 0.62226	 0.62813	 0.63152	 0.62999	 0.62709	 0.62366	 0.61879	 0.61244	 0.60462	 0.59645	 0.58798	 0.58023	 0.57545	 0.57267	 0.56744	 0.56004	 0.55214	 0.54527	 0.53967	 0.53592	 0.53679	 0.54380	 0.55854	 0.57941	 0.60983	 0.65049	 0.68936	 0.70503	 0.69198	 0.65887	 0.62134	 0.59287	 0.57009	 0.54669	 0.52625	 0.51007	 0.49516
31 	 0.30318	 0.30088	 0.30300	 0.31262	 0.33243	 0.36260	 0.39560	 0.41882	 0.43981	 0.46234	 0.47786	 0.47060	 0.43433	 0.39175	 0.36141	 0.34197	 0.33064	 0.32403	 0.31778	 0.31350	 0.31152	 0.31226	 0.31784	 0.32966	 0.34757	 0.37248	 0.40346	 0.43952	 0.48475	 0.52847	 0.57084	 0.61669	 0.65333	 0.67668	 0.68892	 0.69494	 0.69861	 0.69741	 0.69438	 0.69083	 0.68578	 0.67906	 0.67096	 0.66256	 0.65380	 0.64571	 0.64063	 0.63729	 0.63161	 0.62414	 0.61603	 0.60888	 0.60296	 0.59907	 0.59998	 0.60757	 0.62315	 0.64549	 0.67814	 0.72171	 0.76336	 0.77664	 0.75762	 0.71923	 0.67990	 0.65004	 0.62589	 0.60234	 0.58309	 0.56813	 0.55282
36 	 0.24977	 0.24758	 0.24970	 0.25861	 0.27731	 0.30583	 0.33665	 0.35831	 0.37798	 0.39877	 0.41315	 0.40694	 0.37372	 0.33452	 0.30626	 0.28795	 0.27756	 0.27142	 0.26532	 0.26115	 0.25924	 0.26000	 0.26530	 0.27631	 0.29300	 0.31658	 0.34550	 0.37951	 0.42173	 0.46315	 0.50231	 0.54402	 0.57770	 0.59918	 0.61068	 0.61623	 0.61949	 0.61795	 0.61521	 0.61195	 0.60730	 0.60117	 0.59348	 0.58555	 0.57737	 0.56983	 0.56521	 0.56258	 0.55756	 0.55038	 0.54265	 0.53598	 0.53052	 0.52684	 0.52769	 0.53433	 0.54827	 0.56807	 0.59679	 0.63486	 0.67117	 0.68683	 0.67613	 0.64527	 0.61009	 0.58229	 0.56045	 0.53755	 0.51788	 0.50193	 0.48791
41 	 0.29983	 0.29750	 0.29963	 0.30921	 0.32894	 0.35901	 0.39186	 0.41498	 0.43596	 0.45844	 0.47396	 0.46671	 0.43052	 0.38802	 0.35778	 0.33839	 0.32709	 0.32046	 0.31425	 0.31001	 0.30799	 0.30872	 0.31427	 0.32601	 0.34387	 0.36877	 0.39969	 0.43574	 0.48092	 0.52465	 0.56699	 0.61283	 0.64950	 0.67283	 0.68513	 0.69119	 0.69483	 0.69363	 0.69064	 0.68719	 0.68222	 0.67559	 0.66745	 0.65908	 0.65032	 0.64225	 0.63717	 0.63389	 0.62835	 0.62090	 0.61282	 0.60571	 0.59985	 0.59597	 0.59698	 0.60461	 0.62026	 0.64273	 0.67546	 0.71919	 0.76106	 0.77478	 0.75566	 0.71720	 0.67759	 0.64764	 0.62329	 0.60019	 0.58020	 0.56529	 0.54995
46 	 0.25043	 0.24816	 0.25019	 0.25913	 0.27817	 0.30716	 0.33870	 0.36094	 0.38120	 0.40273	 0.41767	 0.41129	 0.37692	 0.33637	 0.30735	 0.28854	 0.27786	 0.27155	 0.26535	 0.26112	 0.25918	 0.25996	 0.26535	 0.27654	 0.29357	 0.31779	 0.34754	 0.38248	 0.42600	 0.46846	 0.50871	 0.55196	 0.58705	 0.60962	 0.62179	 0.62772	 0.63119	 0.62977	 0.62702	 0.62381	 0.61911	 0.61287	 0.60507	 0.59698	 0.58865	 0.58100	 0.57625	 0.57346	 0.56831	 0.56101	 0.55317	 0.54640	 0.54079	 0.53702	 0.53790	 0.54493	 0.55966	 0.58061	 0.61123	 0.65219	 0.69144	 0.70754	 0.69466	 0.66147	 0.62408	 0.59573	 0.57296	 0.54949	 0.53021	 0.51392	 0.49916
2 	 0.25118	 0.24885	 0.25084	 0.25934	 0.27748	 0.30617	 0.33725	 0.35852	 0.37835	 0.40026	 0.41607	 0.41026	 0.37566	 0.33467	 0.30525	 0.28643	 0.27564	 0.26898	 0.26270	 0.25857	 0.25683	 0.25767	 0.26314	 0.27436	 0.29101	 0.31460	 0.34368	 0.37845	 0.42285	 0.46696	 0.50946	 0.55525	 0.59203	 0.61509	 0.62685	 0.63208	 0.63450	 0.63134	 0.62605	 0.61998	 0.61287	 0.60492	 0.59640	 0.58797	 0.57953	 0.57188	 0.56696	 0.56405	 0.55861	 0.55111	 0.54332	 0.53652	 0.53088	 0.52723	 0.52870	 0.53661	 0.55148	 0.57152	 0.60147	 0.64427	 0.68880	 0.71080	 0.70120	 0.66898	 0.63278	 0.60606	 0.58470	 0.56236	 0.54305	 0.52770	 0.51319
7 	 0.30041	 0.29799	 0.30000	 0.30909	 0.32795	 0.35772	 0.39005	 0.41220	 0.43270	 0.45563	 0.47196	 0.46530	 0.42891	 0.38600	 0.35543	 0.33607	 0.32464	 0.31767	 0.31137	 0.30722	 0.30543	 0.30627	 0.31200	 0.32390	 0.34142	 0.36572	 0.39592	 0.43189	 0.47801	 0.52348	 0.56828	 0.61688	 0.65535	 0.67912	 0.69092	 0.69606	 0.69853	 0.69554	 0.68991	 0.68338	 0.67586	 0.66736	 0.65850	 0.64990	 0.64117	 0.63318	 0.62800	 0.62452	 0.61865	 0.61104	 0.60307	 0.59602	 0.59012	 0.58639	 0.58792	 0.59646	 0.61227	 0.63364	 0.66550	 0.71086	 0.75813	 0.77806	 0.76289	 0.72619	 0.68775	 0.65945	 0.63664	 0.61467	 0.59660	 0.58118	 0.56680
12 	 0.25028	 0.24799	 0.24997	 0.25845	 0.27668	 0.30547	 0.33666	 0.35802	 0.37783	 0.39989	 0.41583	 0.41006	 0.37533	 0.33413	 0.30469	 0.28580	 0.27498	 0.26832	 0.26201	 0.25794	 0.25619	 0.25704	 0.26248	 0.27375	 0.29032	 0.31388	 0.34307	 0.37794	 0.42229	 0.46638	 0.50878	 0.55437	 0.59094	 0.61367	 0.62530	 0.63032	 0.63259	 0.62947	 0.62415	 0.61803	 0.61088	 0.60299	 0.59445	 0.58611	 0.57772	 0.57014	 0.56532	 0.56233	 0.55690	 0.54950	 0.54169	 0.53495	 0.52938	 0.52580	 0.52735	 0.53526	 0.55034	 0.57042	 0.60037	 0.64336	 0.68801	 0.70984	 0.69998	 0.66759	 0.63116	 0.60439	 0.58283	 0.56061	 0.54124	 0.52586	 0.51131
17 	 0.29913	 0.29675	 0.29869	 0.30758	 0.32630	 0.35571	 0.38771	 0.40968	 0.42990	 0.45260	 0.46891	 0.46231	 0.42613	 0.38353	 0.35327	 0.33401	 0.32265	 0.31575	 0.30942	 0.30535	 0.30356	 0.30436	 0.31000	 0.32175	 0.33911	 0.36310	 0.39313	 0.42880	 0.47448	 0.51954	 0.56392	 0.61197	 0.64994	 0.67339	 0.68500	 0.68995	 0.69232	 0.68931	 0.68371	 0.67723	 0.66987	 0.66157	 0.65271	 0.64418	 0.63559	 0.62776	 0.62265	 0.61919	 0.61342	 0.60590	 0.59798	 0.59095	 0.58518	 0.58156	 0.58312	 0.59157	 0.60731	 0.62857	 0.66030	 0.70555	 0.75279	 0.77279	 0.75825	 0.72171	 0.68363	 0.65580	 0.63305	 0.61082	 0.59281	 0.57787	 0.56336
22 	 0.25128	 0.24900	 0.25089	 0.25934	 0.27764	 0.30641	 0.33748	 0.35878	 0.37851	 0.40048	 0.41645	 0.41069	 0.37595	 0.33480	 0.30547	 0.28670	 0.27583	 0.26916	 0.26284	 0.25879	 0.25701	 0.25784	 0.26322	 0.27436	 0.29097	 0.31440	 0.34343	 0.37819	 0.42235	 0.46624	 0.50843	 0.55374	 0.58999	 0.61253	 0.62393	 0.62872	 0.63087	 0.62769	 0.62234	 0.61621	 0.60917	 0.60132	 0.59280	 0.58447	 0.57618	 0.56864	 0.56377	 0.56072	 0.55535	 0.54795	 0.54028	 0.53352	 0.52800	 0.52453	 0.52610	 0.53394	 0.54902	 0.56912	 0.59906	 0.64202	 0.68680	 0.70868	 0.69903	 0.66690	 0.63047	 0.60382	 0.58253	 0.55984	 0.54113	 0.52533	 0.51100
27 	 0.29744	 0.29499	 0.29688	 0.30568	 0.32440	 0.35393	 0.38599	 0.40806	 0.42835	 0.45108	 0.46750	 0.46099	 0.42486	 0.38217	 0.35182	 0.33253	 0.32109	 0.31418	 0.30784	 0.30372	 0.30188	 0.30262	 0.30819	 0.31988	 0.33722	 0.36119	 0.39119	 0.42687	 0.47245	 0.51731	 0.56123	 0.60888	 0.64681	 0.67043	 0.68232	 0.68755	 0.69017	 0.68740	 0.68198	 0.67569	 0.66844	 0.66028	 0.65154	 0.64306	 0.63459	 0.62692	 0.62188	 0.61841	 0.61273	 0.60527	 0.59739	 0.59038	 0.58453	 0.58094	 0.58249	 0.59077	 0.60651	 0.62772	 0.65927	 0.70431	 0.75150	 0.77158	 0.75705	 0.72088	 0.68274	 0.65487	 0.63235	 0.61051	 0.59193	 0.57717	 0.56266
32 	 0.25025	 0.24798	 0.24992	 0.25837	 0.27671	 0.30566	 0.33705	 0.35847	 0.37838	 0.40059	 0.41674	 0.41096	 0.37594	 0.33434	 0.30472	 0.28571	 0.27474	 0.26806	 0.26167	 0.25758	 0.25573	 0.25651	 0.26186	 0.27302	 0.28965	 0.31331	 0.34260	 0.37760	 0.42207	 0.46610	 0.50824	 0.55374	 0.59033	 0.61317	 0.62484	 0.62982	 0.63212	 0.62904	 0.62379	 0.61769	 0.61066	 0.60292	 0.59432	 0.58600	 0.57769	 0.57019	 0.56533	 0.56234	 0.55694	 0.54955	 0.54180	 0.53502	 0.52946	 0.52594	 0.52759	 0.53560	 0.55079	 0.57107	 0.60132	 0.64476	 0.68983	 0.71181	 0.70201	 0.66937	 0.63309	 0.60576	 0.58423	 0.56168	 0.54282	 0.52724	 0.51269
37 	 0.30129	 0.29881	 0.30085	 0.30983	 0.32896	 0.35901	 0.39167	 0.41405	 0.43473	 0.45785	 0.47454	 0.46784	 0.43110	 0.38768	 0.35686	 0.33725	 0.32557	 0.31855	 0.31213	 0.30796	 0.30612	 0.30687	 0.31249	 0.32438	 0.34200	 0.36642	 0.39697	 0.43317	 0.47935	 0.52470	 0.56916	 0.61748	 0.65572	 0.67937	 0.69120	 0.69626	 0.69871	 0.69580	 0.69034	 0.68397	 0.67666	 0.66843	 0.65958	 0.65103	 0.64243	 0.63467	 0.62952	 0.62601	 0.62021	 0.61271	 0.60477	 0.59774	 0.59183	 0.58822	 0.58991	 0.59848	 0.61450	 0.63614	 0.66838	 0.71425	 0.76189	 0.78147	 0.76574	 0.72856	 0.68949	 0.66123	 0.63853	 0.61629	 0.59796	 0.58283	 0.56810
42 	 0.24812	 0.24584	 0.24781	 0.25630	 0.27467	 0.30362	 0.33493	 0.35634	 0.37622	 0.39837	 0.41445	 0.40871	 0.37379	 0.33251	 0.30301	 0.28402	 0.27310	 0.26644	 0.26007	 0.25602	 0.25419	 0.25496	 0.26032	 0.27149	 0.28811	 0.31170	 0.34090	 0.37582	 0.42009	 0.46394	 0.50594	 0.55114	 0.58750	 0.61022	 0.62183	 0.62677	 0.62898	 0.62588	 0.62065	 0.61463	 0.60770	 0.59993	 0.59144	 0.58313	 0.57492	 0.56748	 0.56272	 0.55974	 0.55440	 0.54707	 0.53932	 0.53261	 0.52708	 0.52355	 0.52518	 0.53314	 0.54832	 0.56860	 0.59880	 0.64200	 0.68685	 0.70871	 0.69886	 0.66643	 0.62939	 0.60269	 0.58113	 0.55850	 0.53917	 0.52392	 0.50930
47 	 0.29884	 0.29638	 0.29832	 0.30725	 0.32611	 0.35580	 0.38816	 0.41039	 0.43084	 0.45381	 0.47038	 0.46374	 0.42721	 0.38409	 0.35350	 0.33397	 0.32243	 0.31543	 0.30899	 0.30482	 0.30294	 0.30368	 0.30921	 0.32096	 0.33841	 0.36259	 0.39286	 0.42887	 0.47474	 0.51979	 0.56382	 0.61157	 0.64942	 0.67284	 0.68453	 0.68951	 0.69188	 0.68892	 0.68347	 0.67721	 0.66998	 0.66185	 0.65308	 0.64459	 0.63614	 0.62852	 0.62350	 0.61995	 0.61422	 0.60682	 0.59892	 0.59200	 0.58625	 0.58273	 0.58442	 0.59295	 0.60898	 0.63052	 0.66252	 0.70824	 0.75566	 0.77552	 0.76054	 0.72359	 0.68553	 0.65742	 0.63487	 0.61273	 0.59440	 0.58000	 0.56454
3	0	0	0	0	0	0	0	0	0	0	0	0	0	0	0	0	0	0	0	0	0	0	0	0	0	0	0	0	0	0	0	0	0	0	0	0	0	0	0	0	0	0	0	0	0	0	0	0	0	0	0	0	0	0	0	0	0	0	0	0	0	0	0	0	0	0	0	0	0	0	0
8 	 0.27072	 0.26640	 0.26630	 0.27270	 0.28822	 0.31360	 0.34173	 0.36099	 0.37874	 0.39768	 0.41032	 0.40305	 0.36997	 0.33153	 0.30378	 0.28566	 0.27535	 0.26912	 0.26301	 0.25885	 0.25706	 0.25799	 0.26357	 0.27495	 0.29186	 0.31552	 0.34424	 0.37816	 0.42132	 0.46547	 0.50927	 0.55562	 0.59244	 0.61528	 0.62709	 0.63284	 0.63615	 0.63399	 0.63011	 0.62557	 0.61973	 0.61258	 0.60418	 0.59544	 0.58634	 0.57801	 0.57286	 0.56997	 0.56453	 0.55699	 0.54911	 0.54235	 0.53685	 0.53322	 0.53466	 0.54245	 0.55735	 0.57757	 0.60754	 0.64944	 0.69404	 0.71912	 0.71499	 0.68937	 0.65896	 0.63741	 0.62022	 0.60274	 0.58860	 0.57699	 0.56507
13 	 0.33332	 0.32900	 0.32866	 0.33495	 0.35009	 0.37511	 0.40359	 0.42322	 0.44126	 0.46094	 0.47391	 0.46569	 0.43116	 0.39150	 0.36335	 0.34535	 0.33485	 0.32871	 0.32283	 0.31899	 0.31738	 0.31830	 0.32385	 0.33534	 0.35256	 0.37615	 0.40543	 0.44004	 0.48462	 0.53017	 0.57670	 0.62636	 0.66525	 0.68904	 0.70107	 0.70689	 0.71029	 0.70836	 0.70413	 0.69923	 0.69305	 0.68543	 0.67652	 0.66744	 0.65808	 0.64947	 0.64402	 0.64045	 0.63458	 0.62691	 0.61874	 0.61162	 0.60578	 0.60203	 0.60351	 0.61198	 0.62783	 0.64968	 0.68210	 0.72745	 0.77617	 0.79959	 0.78942	 0.75867	 0.72618	 0.70327	 0.68536	 0.66823	 0.65542	 0.64490	 0.63226
18 	 0.27059	 0.26619	 0.26593	 0.27212	 0.28751	 0.31276	 0.34062	 0.35977	 0.37739	 0.39621	 0.40889	 0.40171	 0.36873	 0.33045	 0.30290	 0.28482	 0.27455	 0.26846	 0.26228	 0.25816	 0.25634	 0.25726	 0.26281	 0.27407	 0.29090	 0.31444	 0.34307	 0.37680	 0.41973	 0.46374	 0.50738	 0.55348	 0.59003	 0.61267	 0.62444	 0.63013	 0.63340	 0.63130	 0.62748	 0.62302	 0.61729	 0.61027	 0.60191	 0.59323	 0.58428	 0.57617	 0.57106	 0.56813	 0.56275	 0.55535	 0.54751	 0.54079	 0.53531	 0.53181	 0.53336	 0.54110	 0.55602	 0.57631	 0.60638	 0.64846	 0.69367	 0.71894	 0.71528	 0.68912	 0.65918	 0.63763	 0.62082	 0.60327	 0.58854	 0.57772	 0.56546
23 	 0.33426	 0.32976	 0.32932	 0.33548	 0.35064	 0.37571	 0.40419	 0.42385	 0.44188	 0.46157	 0.47455	 0.46628	 0.43166	 0.39187	 0.36362	 0.34549	 0.33486	 0.32866	 0.32277	 0.31888	 0.31719	 0.31804	 0.32354	 0.33503	 0.35229	 0.37601	 0.40547	 0.44010	 0.48474	 0.53031	 0.57679	 0.62630	 0.66513	 0.68894	 0.70097	 0.70675	 0.71012	 0.70825	 0.70407	 0.69925	 0.69312	 0.68561	 0.67673	 0.66768	 0.65841	 0.64988	 0.64443	 0.64079	 0.63493	 0.62731	 0.61921	 0.61208	 0.60625	 0.60253	 0.60403	 0.61238	 0.62829	 0.65020	 0.68261	 0.72797	 0.77661	 0.80022	 0.79021	 0.75944	 0.72733	 0.70442	 0.68665	 0.67037	 0.65716	 0.64663	 0.63431
28 	 0.27126	 0.26686	 0.26662	 0.27267	 0.28790	 0.31302	 0.34092	 0.36018	 0.37780	 0.39668	 0.40935	 0.40222	 0.36935	 0.33106	 0.30348	 0.28543	 0.27509	 0.26893	 0.26284	 0.25862	 0.25676	 0.25760	 0.26300	 0.27417	 0.29093	 0.31446	 0.34311	 0.37679	 0.41947	 0.46316	 0.50630	 0.55209	 0.58891	 0.61209	 0.62452	 0.63069	 0.63431	 0.63268	 0.62920	 0.62503	 0.61951	 0.61271	 0.60443	 0.59585	 0.58699	 0.57893	 0.57393	 0.57104	 0.56582	 0.55840	 0.55054	 0.54369	 0.53814	 0.53454	 0.53587	 0.54349	 0.55825	 0.57846	 0.60846	 0.65070	 0.69578	 0.72119	 0.71692	 0.69098	 0.66069	 0.63873	 0.62174	 0.60418	 0.58958	 0.57817	 0.56630
33 	 0.33268	 0.32805	 0.32757	 0.33392	 0.34944	 0.37511	 0.40396	 0.42388	 0.44210	 0.46195	 0.47515	 0.46682	 0.43189	 0.39161	 0.36300	 0.34454	 0.33370	 0.32728	 0.32124	 0.31715	 0.31534	 0.31612	 0.32170	 0.33341	 0.35098	 0.37509	 0.40491	 0.43988	 0.48464	 0.53000	 0.57615	 0.62549	 0.66420	 0.68804	 0.70011	 0.70596	 0.70939	 0.70761	 0.70351	 0.69874	 0.69265	 0.68515	 0.67637	 0.66746	 0.65829	 0.64987	 0.64450	 0.64093	 0.63512	 0.62754	 0.61943	 0.61233	 0.60644	 0.60274	 0.60423	 0.61265	 0.62851	 0.65041	 0.68281	 0.72806	 0.77661	 0.79977	 0.78967	 0.75868	 0.72644	 0.70382	 0.68618	 0.66904	 0.65595	 0.64555	 0.63355
38 	 0.27111	 0.26657	 0.26624	 0.27221	 0.28728	 0.31223	 0.33995	 0.35901	 0.37657	 0.39545	 0.40813	 0.40091	 0.36786	 0.32941	 0.30172	 0.28358	 0.27323	 0.26699	 0.26081	 0.25663	 0.25474	 0.25549	 0.26082	 0.27187	 0.28846	 0.31192	 0.34061	 0.37443	 0.41719	 0.46086	 0.50388	 0.54938	 0.58562	 0.60814	 0.61994	 0.62559	 0.62882	 0.62682	 0.62318	 0.61892	 0.61337	 0.60659	 0.59826	 0.58959	 0.58075	 0.57271	 0.56769	 0.56478	 0.55951	 0.55213	 0.54439	 0.53769	 0.53234	 0.52891	 0.53053	 0.53839	 0.55344	 0.57397	 0.60424	 0.64684	 0.69245	 0.71843	 0.71471	 0.68880	 0.65882	 0.63738	 0.62076	 0.60361	 0.58927	 0.57805	 0.56652
43 	 0.32680	 0.32198	 0.32136	 0.32761	 0.34310	 0.36872	 0.39745	 0.41722	 0.43523	 0.45488	 0.46796	 0.45969	 0.42485	 0.38456	 0.35576	 0.33701	 0.32599	 0.31937	 0.31311	 0.30883	 0.30684	 0.30756	 0.31310	 0.32487	 0.34250	 0.36677	 0.39663	 0.43163	 0.47614	 0.52121	 0.56669	 0.61524	 0.65336	 0.67686	 0.68883	 0.69459	 0.69794	 0.69622	 0.69226	 0.68767	 0.68179	 0.67444	 0.66584	 0.65698	 0.64782	 0.63950	 0.63423	 0.63075	 0.62504	 0.61756	 0.60957	 0.60257	 0.59680	 0.59320	 0.59479	 0.60326	 0.61919	 0.64109	 0.67341	 0.71875	 0.76745	 0.79147	 0.78237	 0.75215	 0.72018	 0.69782	 0.68064	 0.66407	 0.65123	 0.64086	 0.62879
48 	 0.27031	 0.26585	 0.26549	 0.27151	 0.28661	 0.31145	 0.33901	 0.35800	 0.37539	 0.39409	 0.40659	 0.39942	 0.36672	 0.32869	 0.30128	 0.28327	 0.27300	 0.26682	 0.26072	 0.25656	 0.25460	 0.25536	 0.26070	 0.27171	 0.28828	 0.31168	 0.34017	 0.37372	 0.41616	 0.45961	 0.50250	 0.54791	 0.58416	 0.60673	 0.61857	 0.62428	 0.62754	 0.62559	 0.62203	 0.61790	 0.61242	 0.60564	 0.59735	 0.58874	 0.58000	 0.57204	 0.56707	 0.56416	 0.55890	 0.55156	 0.54379	 0.53712	 0.53169	 0.52821	 0.52973	 0.53744	 0.55225	 0.57248	 0.60241	 0.64434	 0.68911	 0.71469	 0.71137	 0.68599	 0.65634	 0.63488	 0.61836	 0.60114	 0.58685	 0.57615	 0.56412
4 	 0.30739	 0.30258	 0.30224	 0.30930	 0.32687	 0.35636	 0.38912	 0.41104	 0.43157	 0.45510	 0.47180	 0.46418	 0.42486	 0.37844	 0.34505	 0.32374	 0.31107	 0.30334	 0.29636	 0.29175	 0.28983	 0.29079	 0.29694	 0.30966	 0.32845	 0.35476	 0.38757	 0.42670	 0.47651	 0.52521	 0.57263	 0.62372	 0.66367	 0.68810	 0.70008	 0.70544	 0.70822	 0.70556	 0.70021	 0.69395	 0.68650	 0.67791	 0.66857	 0.65919	 0.64948	 0.64053	 0.63503	 0.63144	 0.62522	 0.61727	 0.60897	 0.60185	 0.59598	 0.59250	 0.59468	 0.60484	 0.62320	 0.64774	 0.68482	 0.73811	 0.79416	 0.81938	 0.80579	 0.76980	 0.73334	 0.70846	 0.68912	 0.67054	 0.65586	 0.64411	 0.63090
9 	 0.35681	 0.35178	 0.35133	 0.35864	 0.37650	 0.40645	 0.43987	 0.46216	 0.48304	 0.50716	 0.52417	 0.51569	 0.47508	 0.42746	 0.39330	 0.37157	 0.35826	 0.35020	 0.34320	 0.33860	 0.33662	 0.33759	 0.34400	 0.35733	 0.37702	 0.40395	 0.43768	 0.47752	 0.52837	 0.57818	 0.62786	 0.68144	 0.72281	 0.74784	 0.75986	 0.76522	 0.76806	 0.76545	 0.75978	 0.75310	 0.74523	 0.73622	 0.72654	 0.71694	 0.70703	 0.69794	 0.69211	 0.68801	 0.68144	 0.67341	 0.66504	 0.65768	 0.65152	 0.64799	 0.65026	 0.66086	 0.67974	 0.70536	 0.74398	 0.79946	 0.85792	 0.88177	 0.86381	 0.82409	 0.78614	 0.76067	 0.74120	 0.72337	 0.70965	 0.69877	 0.68535
14 	 0.30573	 0.30097	 0.30058	 0.30750	 0.32503	 0.35453	 0.38721	 0.40907	 0.42955	 0.45304	 0.46967	 0.46218	 0.42295	 0.37663	 0.34346	 0.32222	 0.30957	 0.30185	 0.29489	 0.29035	 0.28846	 0.28947	 0.29558	 0.30830	 0.32712	 0.35336	 0.38611	 0.42511	 0.47472	 0.52344	 0.57100	 0.62221	 0.66232	 0.68681	 0.69883	 0.70415	 0.70693	 0.70422	 0.69886	 0.69252	 0.68504	 0.67650	 0.66714	 0.65772	 0.64807	 0.63928	 0.63380	 0.63003	 0.62385	 0.61589	 0.60763	 0.60042	 0.59454	 0.59108	 0.59326	 0.60334	 0.62160	 0.64608	 0.68297	 0.73617	 0.79243	 0.81774	 0.80415	 0.76820	 0.73207	 0.70733	 0.68774	 0.66942	 0.65443	 0.64303	 0.62986
19 	 0.35872	 0.35364	 0.35317	 0.36043	 0.37839	 0.40834	 0.44185	 0.46428	 0.48512	 0.50944	 0.52668	 0.51827	 0.47744	 0.42955	 0.39532	 0.37346	 0.36005	 0.35198	 0.34495	 0.34044	 0.33847	 0.33939	 0.34568	 0.35889	 0.37851	 0.40541	 0.43921	 0.47916	 0.53007	 0.57993	 0.62954	 0.68306	 0.72431	 0.74913	 0.76096	 0.76606	 0.76876	 0.76612	 0.76036	 0.75367	 0.74592	 0.73697	 0.72724	 0.71765	 0.70785	 0.69887	 0.69311	 0.68885	 0.68227	 0.67427	 0.66588	 0.65855	 0.65248	 0.64902	 0.65139	 0.66207	 0.68114	 0.70697	 0.74581	 0.80149	 0.86022	 0.88392	 0.86546	 0.82536	 0.78729	 0.76182	 0.74183	 0.72437	 0.71034	 0.69903	 0.68592
24 	 0.30510	 0.30025	 0.29990	 0.30683	 0.32446	 0.35403	 0.38675	 0.40861	 0.42909	 0.45264	 0.46935	 0.46180	 0.42253	 0.37614	 0.34286	 0.32158	 0.30890	 0.30114	 0.29416	 0.28966	 0.28771	 0.28869	 0.29482	 0.30747	 0.32623	 0.35250	 0.38531	 0.42437	 0.47395	 0.52270	 0.57014	 0.62121	 0.66111	 0.68535	 0.69723	 0.70234	 0.70500	 0.70225	 0.69684	 0.69053	 0.68302	 0.67451	 0.66514	 0.65570	 0.64611	 0.63738	 0.63182	 0.62800	 0.62185	 0.61392	 0.60563	 0.59848	 0.59267	 0.58932	 0.59162	 0.60169	 0.62001	 0.64451	 0.68145	 0.73460	 0.79076	 0.81622	 0.80281	 0.76723	 0.73095	 0.70652	 0.68730	 0.66857	 0.65445	 0.64237	 0.62942
29 	 0.35911	 0.35393	 0.35339	 0.36052	 0.37837	 0.40830	 0.44175	 0.46413	 0.48502	 0.50924	 0.52642	 0.51796	 0.47712	 0.42922	 0.39500	 0.37313	 0.35977	 0.35165	 0.34459	 0.34004	 0.33800	 0.33886	 0.34512	 0.35824	 0.37781	 0.40471	 0.43853	 0.47838	 0.52919	 0.57884	 0.62817	 0.68147	 0.72279	 0.74780	 0.75991	 0.76529	 0.76826	 0.76580	 0.76022	 0.75366	 0.74595	 0.73712	 0.72750	 0.71791	 0.70812	 0.69915	 0.69340	 0.68911	 0.68257	 0.67460	 0.66623	 0.65883	 0.65272	 0.64924	 0.65147	 0.66206	 0.68110	 0.70682	 0.74555	 0.80109	 0.86001	 0.88401	 0.86588	 0.82617	 0.78869	 0.76339	 0.74351	 0.72613	 0.71246	 0.70143	 0.68831
34 	 0.30269	 0.29792	 0.29748	 0.30421	 0.32156	 0.35064	 0.38290	 0.40450	 0.42468	 0.44791	 0.46451	 0.45711	 0.41819	 0.37229	 0.33940	 0.31826	 0.30571	 0.29805	 0.29106	 0.28651	 0.28456	 0.28545	 0.29136	 0.30376	 0.32225	 0.34817	 0.38056	 0.41916	 0.46818	 0.51622	 0.56274	 0.61271	 0.65197	 0.67592	 0.68770	 0.69282	 0.69549	 0.69281	 0.68747	 0.68129	 0.67400	 0.66562	 0.65641	 0.64719	 0.63775	 0.62921	 0.62378	 0.62017	 0.61418	 0.60636	 0.59823	 0.59120	 0.58548	 0.58216	 0.58437	 0.59437	 0.61253	 0.63675	 0.67345	 0.72622	 0.78206	 0.80796	 0.79559	 0.76087	 0.72467	 0.70049	 0.68157	 0.66329	 0.64887	 0.63733	 0.62435
39 	 0.36154	 0.35642	 0.35585	 0.36303	 0.38090	 0.41086	 0.44436	 0.46680	 0.48771	 0.51206	 0.52931	 0.52084	 0.47984	 0.43183	 0.39753	 0.37563	 0.36221	 0.35408	 0.34705	 0.34244	 0.34040	 0.34122	 0.34740	 0.36055	 0.38005	 0.40693	 0.44083	 0.48074	 0.53159	 0.58127	 0.63051	 0.68362	 0.72465	 0.74948	 0.76137	 0.76649	 0.76928	 0.76678	 0.76124	 0.75470	 0.74705	 0.73823	 0.72863	 0.71907	 0.70925	 0.70032	 0.69458	 0.69028	 0.68378	 0.67585	 0.66749	 0.66013	 0.65410	 0.65062	 0.65295	 0.66364	 0.68290	 0.70879	 0.74767	 0.80341	 0.86224	 0.88584	 0.86732	 0.82681	 0.78884	 0.76319	 0.74345	 0.72597	 0.71221	 0.70180	 0.68842
44 	 0.30520	 0.30036	 0.29988	 0.30667	 0.32413	 0.35341	 0.38585	 0.40758	 0.42795	 0.45138	 0.46811	 0.46056	 0.42131	 0.37504	 0.34185	 0.32060	 0.30793	 0.30019	 0.29318	 0.28864	 0.28662	 0.28750	 0.29348	 0.30599	 0.32462	 0.35076	 0.38348	 0.42241	 0.47180	 0.52021	 0.56718	 0.61773	 0.65717	 0.68119	 0.69294	 0.69796	 0.70053	 0.69779	 0.69240	 0.68618	 0.67888	 0.67047	 0.66111	 0.65175	 0.64228	 0.63369	 0.62824	 0.62452	 0.61844	 0.61063	 0.60248	 0.59547	 0.58973	 0.58644	 0.58877	 0.59888	 0.61733	 0.64194	 0.67900	 0.73245	 0.78876	 0.81445	 0.80143	 0.76589	 0.72985	 0.70516	 0.68607	 0.66784	 0.65332	 0.64188	 0.62855
49 	 0.35772	 0.35262	 0.35200	 0.35901	 0.37667	 0.40632	 0.43948	 0.46169	 0.48239	 0.50646	 0.52356	 0.51518	 0.47463	 0.42702	 0.39303	 0.37131	 0.35797	 0.34990	 0.34282	 0.33825	 0.33618	 0.33701	 0.34319	 0.35617	 0.37559	 0.40232	 0.43594	 0.47562	 0.52612	 0.57548	 0.62439	 0.67728	 0.71816	 0.74287	 0.75481	 0.76000	 0.76275	 0.76023	 0.75470	 0.74822	 0.74064	 0.73183	 0.72227	 0.71283	 0.70320	 0.69433	 0.68868	 0.68447	 0.67804	 0.67014	 0.66180	 0.65452	 0.64852	 0.64510	 0.64734	 0.65796	 0.67698	 0.70265	 0.74131	 0.79668	 0.85527	 0.87918	 0.86121	 0.82165	 0.78365	 0.75855	 0.73872	 0.72099	 0.70756	 0.69654	 0.68367
5 	 0.34058	 0.33585	 0.33528	 0.34162	 0.35724	 0.38362	 0.41317	 0.43284	 0.45117	 0.47180	 0.48594	 0.47779	 0.44169	 0.39963	 0.36959	 0.35038	 0.33900	 0.33215	 0.32594	 0.32201	 0.32039	 0.32137	 0.32720	 0.33906	 0.35657	 0.38072	 0.41087	 0.44684	 0.49334	 0.54023	 0.58769	 0.63816	 0.67712	 0.70056	 0.71189	 0.71716	 0.71999	 0.71734	 0.71201	 0.70577	 0.69829	 0.68962	 0.68033	 0.67108	 0.66158	 0.65280	 0.64714	 0.64333	 0.63713	 0.62930	 0.62117	 0.61414	 0.60833	 0.60482	 0.60680	 0.61618	 0.63274	 0.65504	 0.68847	 0.73664	 0.78942	 0.81600	 0.80717	 0.77685	 0.74494	 0.72410	 0.70791	 0.69209	 0.68088	 0.67057	 0.65906
10 	 0.27994	 0.27534	 0.27495	 0.28120	 0.29701	 0.32340	 0.35244	 0.37168	 0.38959	 0.40966	 0.42349	 0.41631	 0.38157	 0.34077	 0.31128	 0.29209	 0.28097	 0.27412	 0.26765	 0.26345	 0.26171	 0.26269	 0.26845	 0.28007	 0.29721	 0.32123	 0.35079	 0.38602	 0.43107	 0.47662	 0.52136	 0.56861	 0.60568	 0.62821	 0.63947	 0.64455	 0.64721	 0.64441	 0.63941	 0.63353	 0.62648	 0.61841	 0.60955	 0.60066	 0.59156	 0.58320	 0.57786	 0.57467	 0.56900	 0.56134	 0.55349	 0.54675	 0.54130	 0.53799	 0.53995	 0.54867	 0.56449	 0.58540	 0.61690	 0.66235	 0.71186	 0.74000	 0.73636	 0.71007	 0.68017	 0.65978	 0.64397	 0.62766	 0.61447	 0.60376	 0.59215
15 	 0.34538	 0.34048	 0.33993	 0.34637	 0.36250	 0.38956	 0.41982	 0.43982	 0.45833	 0.47937	 0.49382	 0.48552	 0.44868	 0.40566	 0.37485	 0.35510	 0.34333	 0.33625	 0.32985	 0.32581	 0.32411	 0.32507	 0.33095	 0.34311	 0.36111	 0.38573	 0.41658	 0.45318	 0.50028	 0.54771	 0.59569	 0.64662	 0.68578	 0.70917	 0.72034	 0.72533	 0.72804	 0.72535	 0.71994	 0.71361	 0.70612	 0.69749	 0.68810	 0.67877	 0.66926	 0.66048	 0.65473	 0.65071	 0.64449	 0.63671	 0.62852	 0.62143	 0.61564	 0.61221	 0.61433	 0.62394	 0.64098	 0.66375	 0.69787	 0.74676	 0.80053	 0.82687	 0.81699	 0.78553	 0.75366	 0.73214	 0.71566	 0.70029	 0.68855	 0.67864	 0.66701
20 	 0.28253	 0.27788	 0.27738	 0.28350	 0.29939	 0.32597	 0.35517	 0.37444	 0.39231	 0.41243	 0.42638	 0.41925	 0.38436	 0.34326	 0.31363	 0.29439	 0.28310	 0.27622	 0.26969	 0.26554	 0.26378	 0.26471	 0.27038	 0.28200	 0.29918	 0.32325	 0.35294	 0.38831	 0.43342	 0.47904	 0.52383	 0.57109	 0.60804	 0.63047	 0.64160	 0.64649	 0.64903	 0.64624	 0.64121	 0.63534	 0.62838	 0.62038	 0.61151	 0.60264	 0.59360	 0.58537	 0.58002	 0.57668	 0.57102	 0.56345	 0.55557	 0.54886	 0.54341	 0.54018	 0.54225	 0.55105	 0.56694	 0.58804	 0.61976	 0.66553	 0.71543	 0.74369	 0.73965	 0.71344	 0.68335	 0.66301	 0.64726	 0.63081	 0.61772	 0.60749	 0.59597
25 	 0.34437	 0.33949	 0.33890	 0.34521	 0.36114	 0.38794	 0.41793	 0.43780	 0.45625	 0.47725	 0.49181	 0.48356	 0.44681	 0.40393	 0.37334	 0.35376	 0.34205	 0.33503	 0.32869	 0.32469	 0.32296	 0.32387	 0.32960	 0.34158	 0.35936	 0.38377	 0.41448	 0.45094	 0.49780	 0.54496	 0.59255	 0.64309	 0.68197	 0.70514	 0.71630	 0.72119	 0.72380	 0.72111	 0.71568	 0.70941	 0.70204	 0.69354	 0.68420	 0.67496	 0.66557	 0.65694	 0.65126	 0.64725	 0.64109	 0.63341	 0.62527	 0.61824	 0.61249	 0.60918	 0.61132	 0.62089	 0.63795	 0.66073	 0.69490	 0.74392	 0.79763	 0.82400	 0.81430	 0.78292	 0.75077	 0.72940	 0.71274	 0.69725	 0.68542	 0.67615	 0.66427
30 	 0.28209	 0.27739	 0.27692	 0.28303	 0.29881	 0.32527	 0.35435	 0.37364	 0.39150	 0.41171	 0.42563	 0.41851	 0.38366	 0.34269	 0.31315	 0.29392	 0.28270	 0.27583	 0.26927	 0.26507	 0.26327	 0.26413	 0.26973	 0.28114	 0.29817	 0.32211	 0.35168	 0.38694	 0.43176	 0.47697	 0.52110	 0.56777	 0.60457	 0.62701	 0.63835	 0.64347	 0.64615	 0.64352	 0.63871	 0.63306	 0.62628	 0.61841	 0.60964	 0.60082	 0.59193	 0.58377	 0.57851	 0.57524	 0.56967	 0.56213	 0.55431	 0.54761	 0.54223	 0.53897	 0.54102	 0.54969	 0.56565	 0.58665	 0.61830	 0.66396	 0.71383	 0.74197	 0.73816	 0.71193	 0.68184	 0.66142	 0.64557	 0.62900	 0.61597	 0.60537	 0.59398
35 	 0.34307	 0.33813	 0.33751	 0.34389	 0.35997	 0.38694	 0.41705	 0.43706	 0.45563	 0.47670	 0.49124	 0.48301	 0.44615	 0.40307	 0.37226	 0.35252	 0.34067	 0.33358	 0.32713	 0.32302	 0.32119	 0.32200	 0.32773	 0.33972	 0.35756	 0.38214	 0.41296	 0.44947	 0.49635	 0.54327	 0.59042	 0.64053	 0.67926	 0.70254	 0.71384	 0.71893	 0.72171	 0.71917	 0.71401	 0.70796	 0.70075	 0.69232	 0.68311	 0.67396	 0.66460	 0.65600	 0.65040	 0.64647	 0.64040	 0.63272	 0.62462	 0.61760	 0.61184	 0.60848	 0.61066	 0.62026	 0.63730	 0.66008	 0.69419	 0.74322	 0.79651	 0.82298	 0.81337	 0.78201	 0.74977	 0.72833	 0.71183	 0.69587	 0.68479	 0.67447	 0.66303
40 	 0.28255	 0.27781	 0.27734	 0.28348	 0.29937	 0.32610	 0.35536	 0.37472	 0.39268	 0.41301	 0.42707	 0.41982	 0.38467	 0.34334	 0.31355	 0.29415	 0.28280	 0.27589	 0.26932	 0.26507	 0.26319	 0.26402	 0.26954	 0.28107	 0.29818	 0.32234	 0.35217	 0.38765	 0.43279	 0.47820	 0.52254	 0.56936	 0.60606	 0.62823	 0.63932	 0.64415	 0.64664	 0.64388	 0.63898	 0.63335	 0.62660	 0.61879	 0.60996	 0.60110	 0.59214	 0.58391	 0.57863	 0.57533	 0.56976	 0.56227	 0.55448	 0.54778	 0.54242	 0.53928	 0.54144	 0.55035	 0.56656	 0.58795	 0.61991	 0.66606	 0.71606	 0.74421	 0.74023	 0.71378	 0.68407	 0.66342	 0.64779	 0.63172	 0.61872	 0.60793	 0.59638
45 	 0.34594	 0.34101	 0.34035	 0.34659	 0.36243	 0.38920	 0.41915	 0.43913	 0.45763	 0.47868	 0.49323	 0.48494	 0.44807	 0.40506	 0.37435	 0.35469	 0.34285	 0.33578	 0.32938	 0.32529	 0.32349	 0.32426	 0.32986	 0.34166	 0.35936	 0.38377	 0.41454	 0.45103	 0.49781	 0.54462	 0.59160	 0.64159	 0.68020	 0.70333	 0.71452	 0.71951	 0.72220	 0.71961	 0.71442	 0.70839	 0.70121	 0.69290	 0.68367	 0.67454	 0.66527	 0.65674	 0.65118	 0.64724	 0.64115	 0.63346	 0.62547	 0.61846	 0.61276	 0.60946	 0.61165	 0.62126	 0.63844	 0.66138	 0.69564	 0.74477	 0.79845	 0.82493	 0.81517	 0.78358	 0.75186	 0.73044	 0.71381	 0.69812	 0.68738	 0.67763	 0.66586
50 	 0.27787	 0.27309	 0.27267	 0.27869	 0.29441	 0.32076	 0.34970	 0.36892	 0.38670	 0.40677	 0.42077	 0.41362	 0.37878	 0.33786	 0.30828	 0.28901	 0.27776	 0.27088	 0.26438	 0.26013	 0.25822	 0.25900	 0.26443	 0.27578	 0.29268	 0.31655	 0.34606	 0.38123	 0.42594	 0.47091	 0.51464	 0.56084	 0.59703	 0.61905	 0.63005	 0.63484	 0.63733	 0.63460	 0.62979	 0.62428	 0.61757	 0.60985	 0.60110	 0.59232	 0.58350	 0.57545	 0.57024	 0.56706	 0.56152	 0.55409	 0.54644	 0.53983	 0.53457	 0.53146	 0.53363	 0.54250	 0.55862	 0.57979	 0.61150	 0.65735	 0.70717	 0.73579	 0.73281	 0.70676	 0.67740	 0.65691	 0.64140	 0.62524	 0.61225	 0.60154	 0.59026
