1 	 0.26880	 0.26601	 0.26774	 0.27573	 0.29346	 0.32079	 0.35052	 0.37048	 0.38838	 0.40947	 0.42449	 0.41845	 0.38508	 0.34541	 0.31604	 0.29688	 0.28469	 0.27762	 0.27201	 0.26760	 0.26512	 0.26566	 0.27177	 0.28329	 0.30054	 0.32527	 0.35574	 0.39060	 0.43499	 0.48103	 0.52685	 0.57414	 0.61001	 0.62954	 0.63634	 0.63653	 0.63312	 0.62674	 0.61894	 0.61055	 0.60164	 0.59174	 0.58190	 0.57280	 0.56371	 0.55507	 0.54892	 0.54539	 0.53944	 0.53178	 0.52433	 0.51860	 0.51409	 0.51213	 0.51489	 0.52403	 0.54092	 0.56251	 0.59462	 0.63974	 0.68799	 0.71361	 0.70685	 0.67699	 0.64166	 0.61786	 0.59930	 0.57888	 0.56129	 0.54703	 0.53463
4 	 0.23919	 0.23645	 0.23831	 0.24652	 0.26466	 0.29263	 0.32331	 0.34429	 0.36282	 0.38446	 0.39988	 0.39427	 0.36075	 0.32020	 0.29019	 0.27088	 0.25885	 0.25204	 0.24639	 0.24184	 0.23958	 0.24051	 0.24679	 0.25812	 0.27507	 0.29953	 0.32938	 0.36415	 0.40878	 0.45478	 0.50023	 0.54798	 0.58533	 0.60713	 0.61665	 0.61927	 0.61802	 0.61348	 0.60682	 0.59888	 0.59008	 0.58027	 0.57060	 0.56164	 0.55278	 0.54427	 0.53806	 0.53438	 0.52830	 0.52052	 0.51281	 0.50664	 0.50157	 0.49885	 0.50081	 0.50932	 0.52568	 0.54659	 0.57804	 0.62277	 0.67058	 0.69664	 0.68981	 0.65858	 0.62174	 0.59672	 0.57725	 0.55643	 0.53751	 0.52189	 0.50960
7 	 0.23911	 0.23630	 0.23813	 0.24634	 0.26435	 0.29237	 0.32333	 0.34468	 0.36351	 0.38526	 0.40069	 0.39515	 0.36164	 0.32084	 0.29081	 0.27155	 0.25945	 0.25253	 0.24691	 0.24230	 0.23996	 0.24086	 0.24707	 0.25817	 0.27487	 0.29898	 0.32863	 0.36323	 0.40734	 0.45245	 0.49657	 0.54346	 0.58076	 0.60358	 0.61473	 0.61889	 0.61889	 0.61548	 0.60985	 0.60259	 0.59427	 0.58484	 0.57546	 0.56686	 0.55832	 0.54998	 0.54394	 0.54035	 0.53430	 0.52668	 0.51896	 0.51266	 0.50747	 0.50435	 0.50598	 0.51399	 0.52983	 0.55027	 0.58109	 0.62528	 0.67243	 0.69781	 0.69065	 0.65949	 0.62279	 0.59750	 0.57771	 0.55600	 0.53680	 0.52104	 0.50865
10 	 0.24002	 0.23715	 0.23892	 0.24709	 0.26512	 0.29298	 0.32383	 0.34517	 0.36396	 0.38572	 0.40118	 0.39566	 0.36222	 0.32141	 0.29141	 0.27214	 0.26009	 0.25312	 0.24740	 0.24275	 0.24038	 0.24126	 0.24732	 0.25834	 0.27498	 0.29904	 0.32867	 0.36311	 0.40700	 0.45179	 0.49541	 0.54193	 0.57909	 0.60193	 0.61326	 0.61757	 0.61779	 0.61452	 0.60902	 0.60192	 0.59378	 0.58449	 0.57523	 0.56676	 0.55826	 0.54997	 0.54408	 0.54050	 0.53448	 0.52696	 0.51926	 0.51300	 0.50779	 0.50463	 0.50627	 0.51423	 0.53007	 0.55043	 0.58115	 0.62511	 0.67205	 0.69749	 0.69032	 0.65931	 0.62280	 0.59721	 0.57804	 0.55689	 0.53781	 0.52149	 0.50864
13 	 0.24025	 0.23738	 0.23911	 0.24721	 0.26505	 0.29276	 0.32348	 0.34481	 0.36352	 0.38511	 0.40039	 0.39491	 0.36172	 0.32117	 0.29131	 0.27207	 0.25994	 0.25296	 0.24728	 0.24266	 0.24021	 0.24090	 0.24688	 0.25777	 0.27416	 0.29796	 0.32734	 0.36155	 0.40493	 0.44896	 0.49176	 0.53750	 0.57437	 0.59734	 0.60908	 0.61383	 0.61446	 0.61164	 0.60657	 0.59976	 0.59182	 0.58281	 0.57374	 0.56534	 0.55706	 0.54904	 0.54324	 0.53986	 0.53395	 0.52657	 0.51897	 0.51271	 0.50743	 0.50411	 0.50555	 0.51342	 0.52906	 0.54921	 0.57952	 0.62289	 0.66941	 0.69485	 0.68805	 0.65743	 0.62161	 0.59665	 0.57766	 0.55649	 0.53789	 0.52264	 0.50974
16 	 0.23950	 0.23665	 0.23832	 0.24646	 0.26428	 0.29178	 0.32220	 0.34325	 0.36186	 0.38342	 0.39858	 0.39307	 0.36004	 0.31972	 0.29005	 0.27105	 0.25911	 0.25188	 0.24614	 0.24148	 0.23919	 0.24008	 0.24581	 0.25639	 0.27264	 0.29623	 0.32541	 0.35924	 0.40213	 0.44550	 0.48744	 0.53250	 0.56881	 0.59174	 0.60371	 0.60891	 0.60963	 0.60705	 0.60225	 0.59563	 0.58805	 0.57932	 0.57028	 0.56212	 0.55393	 0.54608	 0.54048	 0.53705	 0.53128	 0.52412	 0.51668	 0.51045	 0.50508	 0.50174	 0.50340	 0.51106	 0.52632	 0.54612	 0.57593	 0.61877	 0.66474	 0.68989	 0.68369	 0.65394	 0.61817	 0.59420	 0.57499	 0.55504	 0.53653	 0.52087	 0.50908
19 	 0.23872	 0.23566	 0.23721	 0.24521	 0.26270	 0.28977	 0.31983	 0.34076	 0.35912	 0.37988	 0.39432	 0.38879	 0.35673	 0.31759	 0.28854	 0.26980	 0.25795	 0.25095	 0.24524	 0.24058	 0.23811	 0.23870	 0.24422	 0.25455	 0.27018	 0.29308	 0.32147	 0.35439	 0.39582	 0.43739	 0.47745	 0.52059	 0.55634	 0.57984	 0.59316	 0.59982	 0.60185	 0.60045	 0.59649	 0.59056	 0.58361	 0.57524	 0.56665	 0.55877	 0.55111	 0.54366	 0.53832	 0.53520	 0.52967	 0.52265	 0.51530	 0.50913	 0.50358	 0.49976	 0.50089	 0.50793	 0.52217	 0.54073	 0.56870	 0.60891	 0.65199	 0.67650	 0.67157	 0.64352	 0.61007	 0.58710	 0.56925	 0.54952	 0.53186	 0.51658	 0.50499
2 	 0.29936	 0.29351	 0.29214	 0.29750	 0.31345	 0.33970	 0.36862	 0.38759	 0.40461	 0.42421	 0.43709	 0.42880	 0.39360	 0.35249	 0.32179	 0.30149	 0.28855	 0.28123	 0.27539	 0.27070	 0.26812	 0.26898	 0.27602	 0.28908	 0.30837	 0.33549	 0.36843	 0.40564	 0.45285	 0.50306	 0.55365	 0.60472	 0.64286	 0.66390	 0.67207	 0.67379	 0.67255	 0.66813	 0.66244	 0.65607	 0.64846	 0.63905	 0.62890	 0.61894	 0.60867	 0.59883	 0.59206	 0.58822	 0.58180	 0.57332	 0.56509	 0.55884	 0.55398	 0.55149	 0.55393	 0.56321	 0.58058	 0.60345	 0.63742	 0.68403	 0.73342	 0.75930	 0.75555	 0.73338	 0.70542	 0.68716	 0.67264	 0.65836	 0.64649	 0.63631	 0.62614
5 	 0.29547	 0.28956	 0.28832	 0.29366	 0.30963	 0.33595	 0.36523	 0.38463	 0.40190	 0.42154	 0.43429	 0.42612	 0.39130	 0.35043	 0.31992	 0.29980	 0.28706	 0.27977	 0.27401	 0.26937	 0.26683	 0.26781	 0.27491	 0.28776	 0.30669	 0.33312	 0.36528	 0.40178	 0.44828	 0.49747	 0.54696	 0.59768	 0.63662	 0.65941	 0.66991	 0.67390	 0.67444	 0.67138	 0.66657	 0.66042	 0.65282	 0.64355	 0.63371	 0.62418	 0.61441	 0.60492	 0.59822	 0.59438	 0.58794	 0.57954	 0.57121	 0.56462	 0.55932	 0.55625	 0.55789	 0.56619	 0.58243	 0.60389	 0.63625	 0.68109	 0.72879	 0.75369	 0.75027	 0.72862	 0.70124	 0.68289	 0.66806	 0.65388	 0.64165	 0.63172	 0.62120
8 	 0.29206	 0.28613	 0.28484	 0.29027	 0.30600	 0.33198	 0.36106	 0.38053	 0.39773	 0.41721	 0.42979	 0.42166	 0.38727	 0.34684	 0.31675	 0.29690	 0.28425	 0.27689	 0.27114	 0.26640	 0.26382	 0.26481	 0.27167	 0.28409	 0.30247	 0.32836	 0.35987	 0.39568	 0.44099	 0.48865	 0.53629	 0.58559	 0.62405	 0.64737	 0.65897	 0.66406	 0.66549	 0.66340	 0.65940	 0.65381	 0.64663	 0.63773	 0.62830	 0.61926	 0.60988	 0.60074	 0.59436	 0.59061	 0.58430	 0.57626	 0.56809	 0.56154	 0.55621	 0.55290	 0.55434	 0.56211	 0.57775	 0.59845	 0.62965	 0.67314	 0.71937	 0.74414	 0.74155	 0.72072	 0.69400	 0.67638	 0.66276	 0.64817	 0.63640	 0.62598	 0.61568
11 	 0.29201	 0.28611	 0.28477	 0.29006	 0.30578	 0.33158	 0.36052	 0.37998	 0.39715	 0.41647	 0.42897	 0.42098	 0.38675	 0.34639	 0.31633	 0.29654	 0.28396	 0.27666	 0.27079	 0.26600	 0.26343	 0.26432	 0.27105	 0.28333	 0.30155	 0.32725	 0.35864	 0.39424	 0.43918	 0.48621	 0.53313	 0.58178	 0.61991	 0.64328	 0.65512	 0.66047	 0.66206	 0.66014	 0.65640	 0.65100	 0.64400	 0.63532	 0.62600	 0.61705	 0.60785	 0.59888	 0.59265	 0.58901	 0.58281	 0.57491	 0.56677	 0.56028	 0.55502	 0.55162	 0.55299	 0.56068	 0.57619	 0.59671	 0.62767	 0.67075	 0.71670	 0.74151	 0.73909	 0.71811	 0.69169	 0.67425	 0.66013	 0.64684	 0.63493	 0.62498	 0.61423
14 	 0.29050	 0.28452	 0.28310	 0.28839	 0.30378	 0.32917	 0.35767	 0.37690	 0.39393	 0.41283	 0.42501	 0.41701	 0.38338	 0.34374	 0.31405	 0.29443	 0.28193	 0.27468	 0.26892	 0.26414	 0.26147	 0.26225	 0.26881	 0.28077	 0.29858	 0.32388	 0.35476	 0.38974	 0.43375	 0.47974	 0.52547	 0.57311	 0.61072	 0.63399	 0.64607	 0.65164	 0.65347	 0.65188	 0.64837	 0.64315	 0.63645	 0.62794	 0.61889	 0.61018	 0.60133	 0.59261	 0.58651	 0.58304	 0.57705	 0.56935	 0.56138	 0.55495	 0.54964	 0.54609	 0.54739	 0.55495	 0.57007	 0.58995	 0.62006	 0.66206	 0.70683	 0.73174	 0.73010	 0.70997	 0.68466	 0.66811	 0.65512	 0.64209	 0.63118	 0.62082	 0.61099
17 	 0.28863	 0.28270	 0.28129	 0.28651	 0.30178	 0.32686	 0.35482	 0.37361	 0.39039	 0.40906	 0.42093	 0.41292	 0.37982	 0.34069	 0.31140	 0.29214	 0.27985	 0.27246	 0.26665	 0.26184	 0.25934	 0.26024	 0.26652	 0.27822	 0.29581	 0.32071	 0.35107	 0.38539	 0.42857	 0.47346	 0.51808	 0.56467	 0.60158	 0.62458	 0.63677	 0.64271	 0.64466	 0.64323	 0.63978	 0.63469	 0.62834	 0.62020	 0.61121	 0.60281	 0.59403	 0.58559	 0.57978	 0.57636	 0.57058	 0.56313	 0.55538	 0.54906	 0.54366	 0.54013	 0.54153	 0.54874	 0.56331	 0.58281	 0.61203	 0.65282	 0.69667	 0.72154	 0.72067	 0.70166	 0.67740	 0.66227	 0.64981	 0.63726	 0.62611	 0.61710	 0.60744
20 	 0.28523	 0.27921	 0.27770	 0.28278	 0.29757	 0.32182	 0.34898	 0.36722	 0.38328	 0.40087	 0.41185	 0.40391	 0.37231	 0.33505	 0.30694	 0.28828	 0.27621	 0.26913	 0.26337	 0.25865	 0.25602	 0.25670	 0.26279	 0.27394	 0.29058	 0.31441	 0.34338	 0.37616	 0.41706	 0.45941	 0.50153	 0.54566	 0.58156	 0.60479	 0.61793	 0.62498	 0.62785	 0.62729	 0.62453	 0.61983	 0.61378	 0.60591	 0.59737	 0.58933	 0.58139	 0.57350	 0.56795	 0.56486	 0.55930	 0.55218	 0.54477	 0.53863	 0.53323	 0.52933	 0.53015	 0.53649	 0.54970	 0.56744	 0.59413	 0.63144	 0.67184	 0.69679	 0.69809	 0.68145	 0.66023	 0.64725	 0.63736	 0.62615	 0.61626	 0.60832	 0.59881
3 	 0.30786	 0.30240	 0.30154	 0.30764	 0.32525	 0.35492	 0.38828	 0.41028	 0.42976	 0.45335	 0.47022	 0.46330	 0.42430	 0.37679	 0.34144	 0.31820	 0.30327	 0.29444	 0.28778	 0.28276	 0.27991	 0.28062	 0.28798	 0.30181	 0.32211	 0.35091	 0.38682	 0.42788	 0.47944	 0.53232	 0.58362	 0.63642	 0.67630	 0.69871	 0.70769	 0.70946	 0.70796	 0.70294	 0.69612	 0.68816	 0.67930	 0.66901	 0.65862	 0.64901	 0.63918	 0.62973	 0.62321	 0.61946	 0.61291	 0.60431	 0.59609	 0.58975	 0.58480	 0.58251	 0.58561	 0.59592	 0.61476	 0.63898	 0.67499	 0.72547	 0.77846	 0.80290	 0.79515	 0.76864	 0.73619	 0.71368	 0.69474	 0.67836	 0.66358	 0.65141	 0.63912
6 	 0.30336	 0.29791	 0.29718	 0.30342	 0.32110	 0.35090	 0.38462	 0.40712	 0.42684	 0.45040	 0.46720	 0.46053	 0.42175	 0.37438	 0.33900	 0.31588	 0.30107	 0.29232	 0.28572	 0.28072	 0.27789	 0.27875	 0.28608	 0.29972	 0.31980	 0.34815	 0.38344	 0.42403	 0.47502	 0.52720	 0.57760	 0.63017	 0.67072	 0.69474	 0.70579	 0.70951	 0.70954	 0.70579	 0.69994	 0.69239	 0.68362	 0.67356	 0.66339	 0.65400	 0.64454	 0.63523	 0.62873	 0.62486	 0.61834	 0.60979	 0.60141	 0.59487	 0.58960	 0.58663	 0.58907	 0.59859	 0.61653	 0.63974	 0.67467	 0.72407	 0.77614	 0.79997	 0.79216	 0.76621	 0.73316	 0.70988	 0.69125	 0.67417	 0.65939	 0.64677	 0.63456
9 	 0.30022	 0.29472	 0.29396	 0.30013	 0.31760	 0.34706	 0.38053	 0.40297	 0.42262	 0.44588	 0.46238	 0.45575	 0.41754	 0.37063	 0.33558	 0.31278	 0.29818	 0.28930	 0.28271	 0.27765	 0.27481	 0.27560	 0.28272	 0.29596	 0.31549	 0.34330	 0.37794	 0.41784	 0.46776	 0.51845	 0.56718	 0.61854	 0.65854	 0.68294	 0.69504	 0.69971	 0.70058	 0.69777	 0.69263	 0.68555	 0.67724	 0.66761	 0.65782	 0.64886	 0.63967	 0.63072	 0.62454	 0.62075	 0.61426	 0.60609	 0.59784	 0.59126	 0.58593	 0.58274	 0.58492	 0.59394	 0.61125	 0.63370	 0.66749	 0.71547	 0.76605	 0.78989	 0.78283	 0.75738	 0.72521	 0.70312	 0.68546	 0.66830	 0.65353	 0.64129	 0.62877
12 	 0.30092	 0.29537	 0.29457	 0.30065	 0.31814	 0.34770	 0.38127	 0.40380	 0.42350	 0.44691	 0.46356	 0.45692	 0.41855	 0.37135	 0.33621	 0.31334	 0.29858	 0.28965	 0.28305	 0.27791	 0.27500	 0.27578	 0.28284	 0.29599	 0.31553	 0.34334	 0.37815	 0.41824	 0.46818	 0.51874	 0.56717	 0.61822	 0.65814	 0.68254	 0.69465	 0.69938	 0.70033	 0.69761	 0.69265	 0.68572	 0.67761	 0.66808	 0.65835	 0.64949	 0.64040	 0.63156	 0.62538	 0.62166	 0.61524	 0.60708	 0.59886	 0.59230	 0.58695	 0.58384	 0.58605	 0.59512	 0.61261	 0.63511	 0.66892	 0.71684	 0.76736	 0.79081	 0.78386	 0.75856	 0.72660	 0.70406	 0.68622	 0.66922	 0.65434	 0.64202	 0.62909
15 	 0.29741	 0.29182	 0.29098	 0.29702	 0.31418	 0.34325	 0.37629	 0.39850	 0.41785	 0.44070	 0.45686	 0.45026	 0.41275	 0.36651	 0.33185	 0.30916	 0.29459	 0.28592	 0.27920	 0.27403	 0.27116	 0.27181	 0.27867	 0.29158	 0.31065	 0.33796	 0.37200	 0.41132	 0.46021	 0.50954	 0.55666	 0.60653	 0.64580	 0.67015	 0.68251	 0.68762	 0.68889	 0.68650	 0.68183	 0.67528	 0.66749	 0.65824	 0.64881	 0.64014	 0.63137	 0.62275	 0.61679	 0.61328	 0.60712	 0.59920	 0.59110	 0.58460	 0.57932	 0.57608	 0.57809	 0.58691	 0.60380	 0.62565	 0.65837	 0.70469	 0.75372	 0.77734	 0.77158	 0.74775	 0.71735	 0.69590	 0.67908	 0.66277	 0.64840	 0.63623	 0.62404
18 	 0.29411	 0.28853	 0.28771	 0.29375	 0.31074	 0.33919	 0.37132	 0.39285	 0.41168	 0.43387	 0.44936	 0.44272	 0.40608	 0.36103	 0.32733	 0.30521	 0.29100	 0.28217	 0.27555	 0.27039	 0.26762	 0.26839	 0.27499	 0.28744	 0.30616	 0.33282	 0.36613	 0.40435	 0.45182	 0.49964	 0.54543	 0.59392	 0.63209	 0.65599	 0.66841	 0.67388	 0.67531	 0.67309	 0.66866	 0.66227	 0.65485	 0.64596	 0.63666	 0.62827	 0.61972	 0.61143	 0.60578	 0.60239	 0.59646	 0.58893	 0.58110	 0.57471	 0.56933	 0.56603	 0.56813	 0.57646	 0.59250	 0.61341	 0.64470	 0.68898	 0.73592	 0.75968	 0.75532	 0.73302	 0.70473	 0.68506	 0.66952	 0.65394	 0.64046	 0.62944	 0.61753
21 	 0.28740	 0.28181	 0.28093	 0.28674	 0.30313	 0.33037	 0.36113	 0.38174	 0.39958	 0.42021	 0.43429	 0.42749	 0.39305	 0.35075	 0.31871	 0.29753	 0.28378	 0.27536	 0.26895	 0.26384	 0.26101	 0.26159	 0.26791	 0.27985	 0.29753	 0.32292	 0.35458	 0.39082	 0.43568	 0.48081	 0.52423	 0.57016	 0.60714	 0.63073	 0.64368	 0.64993	 0.65205	 0.65066	 0.64676	 0.64074	 0.63355	 0.62489	 0.61597	 0.60802	 0.60011	 0.59240	 0.58698	 0.58373	 0.57807	 0.57088	 0.56343	 0.55729	 0.55193	 0.54835	 0.54986	 0.55727	 0.57170	 0.59045	 0.61850	 0.65831	 0.70089	 0.72448	 0.72305	 0.70391	 0.67956	 0.66377	 0.65070	 0.63733	 0.62537	 0.61463	 0.60471
