1 	 0.30392	 0.30174	 0.30360	 0.31033	 0.32720	 0.35312	 0.38185	 0.40113	 0.41958	 0.44046	 0.45459	 0.44757	 0.41413	 0.37547	 0.34781	 0.32939	 0.31796	 0.31133	 0.30630	 0.30137	 0.29884	 0.29971	 0.30527	 0.31637	 0.33373	 0.35740	 0.38674	 0.42066	 0.46429	 0.51060	 0.55678	 0.60491	 0.64060	 0.65808	 0.66352	 0.66294	 0.65962	 0.65297	 0.64604	 0.63905	 0.62836	 0.61722	 0.60788	 0.59969	 0.59172	 0.58330	 0.57746	 0.57301	 0.56747	 0.55972	 0.55310	 0.54805	 0.54409	 0.54266	 0.54470	 0.55309	 0.56947	 0.59070	 0.62275	 0.66684	 0.71360	 0.73768	 0.72814	 0.69716	 0.66304	 0.63870	 0.61915	 0.59901	 0.58338	 0.57073	 0.55713
4 	 0.23175	 0.22969	 0.23177	 0.23885	 0.25673	 0.28450	 0.31531	 0.33531	 0.35456	 0.37662	 0.39090	 0.38464	 0.35085	 0.31088	 0.28235	 0.26314	 0.25142	 0.24488	 0.23898	 0.23386	 0.23072	 0.23160	 0.23717	 0.24848	 0.26601	 0.29075	 0.32096	 0.35532	 0.39915	 0.44488	 0.48925	 0.53635	 0.57354	 0.59440	 0.60327	 0.60577	 0.60486	 0.59979	 0.59427	 0.58752	 0.57714	 0.56658	 0.55747	 0.54958	 0.54205	 0.53411	 0.52841	 0.52445	 0.51900	 0.51113	 0.50424	 0.49859	 0.49393	 0.49175	 0.49328	 0.50087	 0.51654	 0.53621	 0.56680	 0.60918	 0.65411	 0.67964	 0.67420	 0.64638	 0.61247	 0.58762	 0.56789	 0.54602	 0.52818	 0.51299	 0.49860
7 	 0.22968	 0.22726	 0.22920	 0.23631	 0.25416	 0.28196	 0.31325	 0.33346	 0.35292	 0.37503	 0.38959	 0.38338	 0.34964	 0.30991	 0.28110	 0.26180	 0.24985	 0.24330	 0.23729	 0.23215	 0.22891	 0.22999	 0.23527	 0.24622	 0.26335	 0.28799	 0.31791	 0.35206	 0.39511	 0.43961	 0.48186	 0.52762	 0.56520	 0.58779	 0.59864	 0.60281	 0.60351	 0.59967	 0.59524	 0.58884	 0.57909	 0.56928	 0.56047	 0.55277	 0.54531	 0.53768	 0.53232	 0.52839	 0.52310	 0.51542	 0.50851	 0.50242	 0.49738	 0.49485	 0.49593	 0.50320	 0.51840	 0.53750	 0.56737	 0.60946	 0.65380	 0.67873	 0.67315	 0.64531	 0.61094	 0.58629	 0.56650	 0.54458	 0.52682	 0.51087	 0.49665
10 	 0.22961	 0.22719	 0.22926	 0.23630	 0.25419	 0.28162	 0.31305	 0.33312	 0.35248	 0.37452	 0.38920	 0.38300	 0.34932	 0.30957	 0.28065	 0.26149	 0.24960	 0.24327	 0.23712	 0.23195	 0.22885	 0.22998	 0.23515	 0.24553	 0.26243	 0.28717	 0.31718	 0.35117	 0.39381	 0.43766	 0.47908	 0.52427	 0.56166	 0.58440	 0.59557	 0.59996	 0.60143	 0.59776	 0.59353	 0.58722	 0.57769	 0.56818	 0.55957	 0.55168	 0.54446	 0.53700	 0.53159	 0.52787	 0.52281	 0.51535	 0.50858	 0.50244	 0.49721	 0.49437	 0.49554	 0.50281	 0.51802	 0.53724	 0.56661	 0.60847	 0.65275	 0.67755	 0.67188	 0.64461	 0.61049	 0.58572	 0.56610	 0.54354	 0.52564	 0.51074	 0.49603
13 	 0.22965	 0.22720	 0.22923	 0.23622	 0.25386	 0.28115	 0.31229	 0.33242	 0.35181	 0.37355	 0.38823	 0.38207	 0.34863	 0.30900	 0.28026	 0.26128	 0.24948	 0.24301	 0.23676	 0.23158	 0.22842	 0.22949	 0.23465	 0.24467	 0.26129	 0.28580	 0.31563	 0.34925	 0.39141	 0.43444	 0.47470	 0.51885	 0.55589	 0.57895	 0.59063	 0.59564	 0.59757	 0.59457	 0.59072	 0.58473	 0.57559	 0.56635	 0.55798	 0.55041	 0.54345	 0.53605	 0.53078	 0.52722	 0.52243	 0.51512	 0.50817	 0.50197	 0.49663	 0.49378	 0.49472	 0.50196	 0.51681	 0.53551	 0.56424	 0.60539	 0.64886	 0.67346	 0.66874	 0.64200	 0.60872	 0.58412	 0.56460	 0.54327	 0.52487	 0.51023	 0.49607
16 	 0.22902	 0.22671	 0.22870	 0.23561	 0.25292	 0.28012	 0.31137	 0.33147	 0.35047	 0.37233	 0.38683	 0.38100	 0.34789	 0.30850	 0.27983	 0.26057	 0.24870	 0.24247	 0.23603	 0.23081	 0.22778	 0.22858	 0.23355	 0.24352	 0.25999	 0.28443	 0.31409	 0.34745	 0.38877	 0.43115	 0.47067	 0.51399	 0.55056	 0.57369	 0.58579	 0.59144	 0.59348	 0.59043	 0.58681	 0.58130	 0.57286	 0.56330	 0.55509	 0.54747	 0.54077	 0.53361	 0.52866	 0.52520	 0.52027	 0.51324	 0.50690	 0.50082	 0.49532	 0.49222	 0.49298	 0.50015	 0.51517	 0.53367	 0.56133	 0.60136	 0.64431	 0.66897	 0.66486	 0.63959	 0.60662	 0.58246	 0.56353	 0.54157	 0.52411	 0.50946	 0.49515
19 	 0.22672	 0.22447	 0.22634	 0.23296	 0.25002	 0.27685	 0.30744	 0.32727	 0.34612	 0.36686	 0.38132	 0.37565	 0.34373	 0.30511	 0.27691	 0.25827	 0.24664	 0.24014	 0.23390	 0.22892	 0.22589	 0.22648	 0.23144	 0.24086	 0.25673	 0.28034	 0.30952	 0.34177	 0.38210	 0.42280	 0.45999	 0.50131	 0.53740	 0.56106	 0.57443	 0.58134	 0.58478	 0.58268	 0.57977	 0.57489	 0.56685	 0.55756	 0.54988	 0.54283	 0.53647	 0.52983	 0.52471	 0.52155	 0.51716	 0.51042	 0.50393	 0.49760	 0.49187	 0.48850	 0.48889	 0.49574	 0.50975	 0.52690	 0.55236	 0.58932	 0.62939	 0.65348	 0.65226	 0.62894	 0.59840	 0.57507	 0.55657	 0.53567	 0.51840	 0.50400	 0.48998
2	0	0	0	0	0	0	0	0	0	0	0	0	0	0	0	0	0	0	0	0	0	0	0	0	0	0	0	0	0	0	0	0	0	0	0	0	0	0	0	0	0	0	0	0	0	0	0	0	0	0	0	0	0	0	0	0	0	0	0	0	0	0	0	0	0	0	0	0	0	0	0
5 	 0.28500	 0.27970	 0.27889	 0.28362	 0.29919	 0.32489	 0.35395	 0.37251	 0.39037	 0.41011	 0.42193	 0.41327	 0.37854	 0.33869	 0.30972	 0.29006	 0.27801	 0.27149	 0.26574	 0.26035	 0.25741	 0.25888	 0.26520	 0.27764	 0.29684	 0.32300	 0.35441	 0.39007	 0.43568	 0.48486	 0.53453	 0.58572	 0.62479	 0.64624	 0.65562	 0.65918	 0.65970	 0.65645	 0.65219	 0.64675	 0.63737	 0.62710	 0.61731	 0.60825	 0.59924	 0.58987	 0.58357	 0.57885	 0.57271	 0.56438	 0.55680	 0.55064	 0.54562	 0.54325	 0.54462	 0.55275	 0.56928	 0.59084	 0.62398	 0.66906	 0.71742	 0.74472	 0.74108	 0.71605	 0.68817	 0.66842	 0.65415	 0.63855	 0.62690	 0.61675	 0.60505
8 	 0.28215	 0.27668	 0.27572	 0.28035	 0.29553	 0.32101	 0.35021	 0.36867	 0.38656	 0.40606	 0.41761	 0.40914	 0.37518	 0.33611	 0.30707	 0.28750	 0.27535	 0.26895	 0.26302	 0.25769	 0.25461	 0.25615	 0.26208	 0.27400	 0.29266	 0.31858	 0.34939	 0.38434	 0.42869	 0.47598	 0.52308	 0.57229	 0.61125	 0.63400	 0.64490	 0.64958	 0.65124	 0.64875	 0.64526	 0.64026	 0.63151	 0.62190	 0.61255	 0.60383	 0.59516	 0.58619	 0.58042	 0.57592	 0.57007	 0.56206	 0.55458	 0.54840	 0.54315	 0.54029	 0.54137	 0.54905	 0.56505	 0.58571	 0.61733	 0.66044	 0.70653	 0.73346	 0.73124	 0.70797	 0.68105	 0.66234	 0.64794	 0.63265	 0.62183	 0.61129	 0.60018
11 	 0.27990	 0.27438	 0.27358	 0.27811	 0.29335	 0.31812	 0.34722	 0.36556	 0.38304	 0.40237	 0.41398	 0.40560	 0.37194	 0.33325	 0.30440	 0.28500	 0.27299	 0.26671	 0.26062	 0.25533	 0.25238	 0.25383	 0.25975	 0.27101	 0.28920	 0.31499	 0.34571	 0.38023	 0.42361	 0.46989	 0.51552	 0.56336	 0.60188	 0.62477	 0.63604	 0.64123	 0.64375	 0.64160	 0.63838	 0.63347	 0.62491	 0.61575	 0.60666	 0.59802	 0.58978	 0.58101	 0.57533	 0.57106	 0.56560	 0.55782	 0.55054	 0.54438	 0.53900	 0.53602	 0.53697	 0.54456	 0.56006	 0.58019	 0.61086	 0.65275	 0.69819	 0.72512	 0.72400	 0.70206	 0.67616	 0.65723	 0.64349	 0.62879	 0.61755	 0.60838	 0.59695
14 	 0.27858	 0.27307	 0.27221	 0.27654	 0.29174	 0.31610	 0.34463	 0.36266	 0.38001	 0.39886	 0.41020	 0.40202	 0.36904	 0.33075	 0.30225	 0.28321	 0.27127	 0.26490	 0.25885	 0.25355	 0.25050	 0.25189	 0.25763	 0.26859	 0.28638	 0.31173	 0.34212	 0.37602	 0.41864	 0.46372	 0.50801	 0.55455	 0.59238	 0.61520	 0.62680	 0.63230	 0.63510	 0.63334	 0.63053	 0.62582	 0.61743	 0.60860	 0.59980	 0.59160	 0.58368	 0.57533	 0.56962	 0.56560	 0.56048	 0.55289	 0.54556	 0.53940	 0.53394	 0.53094	 0.53189	 0.53923	 0.55413	 0.57353	 0.60301	 0.64331	 0.68719	 0.71430	 0.71514	 0.69489	 0.67032	 0.65261	 0.63924	 0.62461	 0.61404	 0.60453	 0.59398
17 	 0.27776	 0.27255	 0.27158	 0.27599	 0.29046	 0.31471	 0.34325	 0.36136	 0.37808	 0.39694	 0.40825	 0.40034	 0.36781	 0.32986	 0.30160	 0.28236	 0.27043	 0.26414	 0.25801	 0.25264	 0.24972	 0.25083	 0.25635	 0.26730	 0.28487	 0.31006	 0.34006	 0.37359	 0.41507	 0.45930	 0.50268	 0.54830	 0.58548	 0.60828	 0.62018	 0.62628	 0.62916	 0.62729	 0.62444	 0.62016	 0.61261	 0.60337	 0.59474	 0.58650	 0.57896	 0.57099	 0.56549	 0.56157	 0.55632	 0.54902	 0.54254	 0.53646	 0.53083	 0.52769	 0.52831	 0.53562	 0.55066	 0.56978	 0.59775	 0.63682	 0.67982	 0.70719	 0.70875	 0.69068	 0.66637	 0.64909	 0.63632	 0.62259	 0.61171	 0.60286	 0.59243
20 	 0.27575	 0.27037	 0.26937	 0.27338	 0.28784	 0.31113	 0.33871	 0.35629	 0.37286	 0.39045	 0.40137	 0.39366	 0.36251	 0.32591	 0.29824	 0.27968	 0.26814	 0.26196	 0.25587	 0.25072	 0.24786	 0.24888	 0.25424	 0.26418	 0.28085	 0.30491	 0.33392	 0.36586	 0.40557	 0.44722	 0.48726	 0.52980	 0.56615	 0.58957	 0.60279	 0.61026	 0.61468	 0.61397	 0.61202	 0.60817	 0.60074	 0.59184	 0.58397	 0.57653	 0.56963	 0.56223	 0.55695	 0.55347	 0.54894	 0.54221	 0.53549	 0.52922	 0.52337	 0.51993	 0.52018	 0.52660	 0.54002	 0.55703	 0.58182	 0.61657	 0.65582	 0.68326	 0.68878	 0.67423	 0.65353	 0.63821	 0.62687	 0.61409	 0.60373	 0.59566	 0.58532
3 	 0.29822	 0.29356	 0.29341	 0.29916	 0.31659	 0.34584	 0.37851	 0.39922	 0.41953	 0.44357	 0.45919	 0.45060	 0.41035	 0.36384	 0.33063	 0.30866	 0.29488	 0.28700	 0.28065	 0.27488	 0.27185	 0.27308	 0.27982	 0.29328	 0.31394	 0.34233	 0.37712	 0.41723	 0.46842	 0.52176	 0.57431	 0.62920	 0.66891	 0.68888	 0.69571	 0.69625	 0.69432	 0.68892	 0.68213	 0.67490	 0.66395	 0.65252	 0.64211	 0.63276	 0.62342	 0.61385	 0.60744	 0.60247	 0.59603	 0.58755	 0.58009	 0.57438	 0.56978	 0.56818	 0.57110	 0.58166	 0.60139	 0.62674	 0.66610	 0.72029	 0.77692	 0.80249	 0.78893	 0.75398	 0.71977	 0.69599	 0.67817	 0.66015	 0.64615	 0.63452	 0.62146
6 	 0.29299	 0.28815	 0.28796	 0.29375	 0.31119	 0.34047	 0.37374	 0.39470	 0.41499	 0.43906	 0.45461	 0.44621	 0.40635	 0.36043	 0.32736	 0.30558	 0.29181	 0.28406	 0.27748	 0.27188	 0.26896	 0.27047	 0.27696	 0.29010	 0.31022	 0.33805	 0.37204	 0.41153	 0.46181	 0.51388	 0.56491	 0.61901	 0.65970	 0.68207	 0.69148	 0.69421	 0.69425	 0.69029	 0.68443	 0.67724	 0.66645	 0.65570	 0.64537	 0.63624	 0.62722	 0.61767	 0.61148	 0.60643	 0.60003	 0.59165	 0.58398	 0.57786	 0.57263	 0.57048	 0.57267	 0.58247	 0.60127	 0.62536	 0.66305	 0.71610	 0.77112	 0.79635	 0.78304	 0.74943	 0.71468	 0.69056	 0.67267	 0.65474	 0.64023	 0.62789	 0.61451
9 	 0.28908	 0.28403	 0.28387	 0.28950	 0.30674	 0.33545	 0.36871	 0.38951	 0.40956	 0.43319	 0.44835	 0.44016	 0.40121	 0.35615	 0.32323	 0.30154	 0.28786	 0.28045	 0.27376	 0.26819	 0.26521	 0.26675	 0.27298	 0.28555	 0.30506	 0.33267	 0.36627	 0.40498	 0.45358	 0.50369	 0.55220	 0.60432	 0.64456	 0.66785	 0.67850	 0.68241	 0.68362	 0.68035	 0.67524	 0.66849	 0.65840	 0.64804	 0.63824	 0.62915	 0.62051	 0.61142	 0.60555	 0.60079	 0.59474	 0.58673	 0.57936	 0.57317	 0.56773	 0.56504	 0.56679	 0.57610	 0.59412	 0.61729	 0.65275	 0.70273	 0.75548	 0.78047	 0.76962	 0.73834	 0.70558	 0.68217	 0.66462	 0.64698	 0.63362	 0.62195	 0.60833
12 	 0.28883	 0.28374	 0.28357	 0.28915	 0.30640	 0.33498	 0.36819	 0.38892	 0.40903	 0.43249	 0.44779	 0.43973	 0.40083	 0.35561	 0.32271	 0.30101	 0.28731	 0.27980	 0.27311	 0.26753	 0.26443	 0.26591	 0.27219	 0.28438	 0.30376	 0.33141	 0.36496	 0.40372	 0.45217	 0.50177	 0.54955	 0.60100	 0.64105	 0.66441	 0.67522	 0.67933	 0.68085	 0.67791	 0.67300	 0.66638	 0.65649	 0.64633	 0.63667	 0.62776	 0.61923	 0.61041	 0.60465	 0.60004	 0.59409	 0.58613	 0.57871	 0.57254	 0.56702	 0.56434	 0.56606	 0.57542	 0.59326	 0.61624	 0.65149	 0.70132	 0.75363	 0.77863	 0.76809	 0.73678	 0.70442	 0.68176	 0.66450	 0.64685	 0.63312	 0.62124	 0.60750
15 	 0.28473	 0.27963	 0.27932	 0.28468	 0.30176	 0.32956	 0.36193	 0.38221	 0.40182	 0.42448	 0.43921	 0.43134	 0.39375	 0.34969	 0.31738	 0.29618	 0.28270	 0.27508	 0.26853	 0.26293	 0.25979	 0.26116	 0.26726	 0.27890	 0.29772	 0.32471	 0.35771	 0.39525	 0.44239	 0.49033	 0.53620	 0.58550	 0.62468	 0.64802	 0.65927	 0.66400	 0.66592	 0.66352	 0.65926	 0.65300	 0.64337	 0.63362	 0.62451	 0.61615	 0.60811	 0.59972	 0.59404	 0.58965	 0.58429	 0.57662	 0.56922	 0.56298	 0.55744	 0.55460	 0.55624	 0.56510	 0.58182	 0.60337	 0.63627	 0.68294	 0.73201	 0.75720	 0.75036	 0.72285	 0.69319	 0.67195	 0.65559	 0.63896	 0.62607	 0.61405	 0.60174
18 	 0.28249	 0.27770	 0.27726	 0.28257	 0.29887	 0.32659	 0.35882	 0.37896	 0.39774	 0.42009	 0.43463	 0.42712	 0.39033	 0.34692	 0.31508	 0.29392	 0.28044	 0.27287	 0.26618	 0.26065	 0.25773	 0.25871	 0.26449	 0.27620	 0.29469	 0.32147	 0.35393	 0.39083	 0.43657	 0.48333	 0.52808	 0.57619	 0.61433	 0.63745	 0.64907	 0.65432	 0.65638	 0.65379	 0.64956	 0.64386	 0.63524	 0.62520	 0.61624	 0.60786	 0.60029	 0.59228	 0.58690	 0.58268	 0.57720	 0.56981	 0.56321	 0.55712	 0.55145	 0.54844	 0.54974	 0.55840	 0.57521	 0.59605	 0.62694	 0.67134	 0.71863	 0.74420	 0.73924	 0.71440	 0.68635	 0.66583	 0.65031	 0.63405	 0.62143	 0.61069	 0.59806
21 	 0.27740	 0.27246	 0.27204	 0.27715	 0.29335	 0.31985	 0.35063	 0.36988	 0.38810	 0.40881	 0.42248	 0.41506	 0.38038	 0.33896	 0.30813	 0.28771	 0.27484	 0.26765	 0.26088	 0.25562	 0.25266	 0.25361	 0.25931	 0.26988	 0.28748	 0.31305	 0.34418	 0.37933	 0.42289	 0.46694	 0.50842	 0.55306	 0.59020	 0.61359	 0.62609	 0.63255	 0.63602	 0.63436	 0.63113	 0.62583	 0.61727	 0.60764	 0.59924	 0.59165	 0.58496	 0.57749	 0.57229	 0.56858	 0.56383	 0.55700	 0.55032	 0.54409	 0.53821	 0.53500	 0.53585	 0.54335	 0.55796	 0.57617	 0.60294	 0.64156	 0.68341	 0.70929	 0.71013	 0.69106	 0.66698	 0.64881	 0.63561	 0.62044	 0.60949	 0.59883	 0.58783
