1 	 0.30805	 0.30541	 0.30698	 0.31522	 0.33238	 0.35848	 0.38713	 0.40618	 0.42443	 0.44535	 0.46031	 0.45363	 0.42034	 0.38172	 0.35261	 0.33368	 0.32296	 0.31650	 0.31058	 0.30659	 0.30419	 0.30462	 0.31049	 0.32191	 0.33942	 0.36365	 0.39287	 0.42715	 0.47123	 0.51593	 0.56187	 0.61044	 0.64705	 0.66591	 0.67135	 0.67058	 0.66767	 0.66032	 0.65173	 0.64387	 0.63485	 0.62553	 0.61678	 0.60727	 0.59753	 0.58967	 0.58440	 0.58043	 0.57392	 0.56642	 0.55893	 0.55357	 0.54879	 0.54627	 0.54854	 0.55736	 0.57452	 0.59699	 0.62893	 0.67411	 0.72221	 0.74614	 0.73623	 0.70426	 0.66972	 0.64495	 0.62540	 0.60538	 0.58967	 0.57715	 0.56470
4 	 0.24371	 0.24099	 0.24279	 0.25122	 0.26940	 0.29742	 0.32777	 0.34785	 0.36701	 0.38845	 0.40370	 0.39751	 0.36349	 0.32371	 0.29386	 0.27427	 0.26342	 0.25664	 0.25026	 0.24595	 0.24360	 0.24416	 0.25002	 0.26146	 0.27898	 0.30358	 0.33297	 0.36766	 0.41192	 0.45689	 0.50170	 0.54933	 0.58669	 0.60804	 0.61690	 0.61907	 0.61857	 0.61314	 0.60600	 0.59882	 0.59018	 0.58105	 0.57247	 0.56348	 0.55427	 0.54666	 0.54131	 0.53778	 0.53163	 0.52422	 0.51651	 0.51042	 0.50530	 0.50218	 0.50366	 0.51185	 0.52810	 0.54904	 0.57938	 0.62289	 0.66848	 0.69301	 0.68625	 0.65635	 0.62232	 0.59671	 0.57675	 0.55536	 0.53722	 0.52302	 0.50974
7 	 0.23438	 0.23171	 0.23352	 0.24188	 0.25999	 0.28820	 0.31898	 0.33954	 0.35903	 0.38047	 0.39581	 0.38979	 0.35557	 0.31519	 0.28525	 0.26578	 0.25489	 0.24798	 0.24129	 0.23710	 0.23507	 0.23558	 0.24097	 0.25203	 0.26928	 0.29355	 0.32278	 0.35750	 0.40149	 0.44594	 0.48942	 0.53591	 0.57317	 0.59560	 0.60604	 0.60969	 0.61048	 0.60611	 0.59980	 0.59329	 0.58527	 0.57644	 0.56789	 0.55929	 0.55045	 0.54277	 0.53744	 0.53423	 0.52859	 0.52126	 0.51332	 0.50682	 0.50155	 0.49831	 0.49943	 0.50739	 0.52316	 0.54336	 0.57318	 0.61634	 0.66131	 0.68547	 0.67912	 0.64997	 0.61570	 0.59000	 0.56981	 0.54793	 0.52919	 0.51455	 0.50135
10 	 0.23195	 0.22927	 0.23112	 0.23941	 0.25748	 0.28577	 0.31651	 0.33717	 0.35666	 0.37807	 0.39336	 0.38734	 0.35306	 0.31263	 0.28259	 0.26312	 0.25226	 0.24526	 0.23852	 0.23436	 0.23225	 0.23274	 0.23804	 0.24910	 0.26619	 0.29043	 0.31978	 0.35449	 0.39838	 0.44260	 0.48563	 0.53178	 0.56879	 0.59138	 0.60196	 0.60573	 0.60665	 0.60227	 0.59616	 0.58983	 0.58208	 0.57338	 0.56488	 0.55634	 0.54756	 0.53994	 0.53468	 0.53155	 0.52600	 0.51877	 0.51084	 0.50420	 0.49897	 0.49573	 0.49700	 0.50491	 0.52065	 0.54076	 0.57054	 0.61360	 0.65839	 0.68277	 0.67675	 0.64773	 0.61347	 0.58786	 0.56801	 0.54616	 0.52838	 0.51309	 0.49922
13 	 0.23265	 0.23002	 0.23177	 0.23996	 0.25790	 0.28603	 0.31666	 0.33722	 0.35659	 0.37785	 0.39307	 0.38725	 0.35304	 0.31259	 0.28276	 0.26344	 0.25260	 0.24572	 0.23902	 0.23460	 0.23250	 0.23287	 0.23804	 0.24883	 0.26562	 0.28963	 0.31886	 0.35341	 0.39692	 0.44052	 0.48245	 0.52764	 0.56427	 0.58698	 0.59793	 0.60224	 0.60370	 0.59975	 0.59407	 0.58801	 0.58060	 0.57211	 0.56373	 0.55543	 0.54686	 0.53930	 0.53426	 0.53139	 0.52601	 0.51878	 0.51094	 0.50438	 0.49908	 0.49569	 0.49686	 0.50467	 0.52013	 0.53989	 0.56924	 0.61155	 0.65555	 0.68006	 0.67444	 0.64620	 0.61257	 0.58743	 0.56777	 0.54611	 0.52788	 0.51292	 0.49936
16 	 0.23134	 0.22862	 0.23036	 0.23843	 0.25622	 0.28430	 0.31485	 0.33543	 0.35461	 0.37575	 0.39093	 0.38522	 0.35125	 0.31081	 0.28120	 0.26194	 0.25108	 0.24417	 0.23745	 0.23318	 0.23096	 0.23129	 0.23642	 0.24709	 0.26356	 0.28729	 0.31633	 0.35062	 0.39373	 0.43671	 0.47783	 0.52220	 0.55825	 0.58102	 0.59234	 0.59683	 0.59862	 0.59500	 0.58954	 0.58367	 0.57660	 0.56846	 0.56020	 0.55194	 0.54368	 0.53639	 0.53154	 0.52861	 0.52343	 0.51641	 0.50865	 0.50206	 0.49677	 0.49335	 0.49459	 0.50219	 0.51725	 0.53665	 0.56539	 0.60671	 0.65004	 0.67443	 0.66987	 0.64247	 0.60910	 0.58464	 0.56514	 0.54409	 0.52601	 0.51113	 0.49778
19 	 0.23013	 0.22747	 0.22902	 0.23691	 0.25425	 0.28176	 0.31190	 0.33226	 0.35109	 0.37155	 0.38609	 0.38056	 0.34771	 0.30837	 0.27927	 0.26032	 0.24964	 0.24284	 0.23617	 0.23167	 0.22941	 0.22961	 0.23441	 0.24465	 0.26048	 0.28366	 0.31199	 0.34543	 0.38711	 0.42823	 0.46708	 0.50929	 0.54460	 0.56802	 0.58078	 0.58687	 0.58983	 0.58739	 0.58290	 0.57779	 0.57108	 0.56333	 0.55547	 0.54766	 0.53981	 0.53282	 0.52822	 0.52570	 0.52071	 0.51379	 0.50620	 0.49962	 0.49417	 0.49043	 0.49127	 0.49826	 0.51213	 0.52997	 0.55629	 0.59394	 0.63371	 0.65778	 0.65585	 0.63227	 0.60100	 0.57778	 0.55949	 0.53920	 0.52156	 0.50714	 0.49413
2 	 0.29097	 0.28544	 0.28431	 0.29056	 0.30667	 0.33240	 0.36091	 0.37935	 0.39702	 0.41667	 0.42961	 0.42102	 0.38556	 0.34499	 0.31445	 0.29407	 0.28257	 0.27571	 0.26925	 0.26468	 0.26218	 0.26313	 0.26987	 0.28286	 0.30269	 0.32982	 0.36171	 0.39871	 0.44599	 0.49550	 0.54675	 0.59946	 0.63863	 0.65896	 0.66571	 0.66656	 0.66572	 0.66017	 0.65346	 0.64753	 0.63968	 0.63052	 0.62105	 0.61038	 0.59925	 0.58993	 0.58382	 0.57957	 0.57264	 0.56453	 0.55629	 0.55021	 0.54521	 0.54243	 0.54459	 0.55410	 0.57263	 0.59708	 0.63186	 0.68041	 0.73155	 0.75909	 0.75389	 0.72743	 0.69736	 0.67777	 0.66208	 0.64658	 0.63452	 0.62589	 0.61491
5 	 0.28772	 0.28218	 0.28125	 0.28744	 0.30361	 0.32964	 0.35850	 0.37736	 0.39528	 0.41487	 0.42762	 0.41918	 0.38391	 0.34330	 0.31288	 0.29278	 0.28147	 0.27454	 0.26798	 0.26356	 0.26146	 0.26251	 0.26906	 0.28178	 0.30127	 0.32774	 0.35900	 0.39547	 0.44217	 0.49110	 0.54151	 0.59393	 0.63363	 0.65576	 0.66486	 0.66781	 0.66849	 0.66428	 0.65826	 0.65253	 0.64486	 0.63571	 0.62636	 0.61621	 0.60543	 0.59613	 0.58989	 0.58587	 0.57922	 0.57111	 0.56258	 0.55581	 0.55043	 0.54717	 0.54867	 0.55763	 0.57516	 0.59819	 0.63175	 0.67872	 0.72848	 0.75560	 0.75071	 0.72454	 0.69499	 0.67512	 0.65925	 0.64358	 0.63201	 0.62125	 0.61077
8 	 0.28331	 0.27761	 0.27662	 0.28270	 0.29845	 0.32431	 0.35312	 0.37218	 0.39006	 0.40921	 0.42187	 0.41373	 0.37897	 0.33865	 0.30851	 0.28863	 0.27748	 0.27052	 0.26389	 0.25959	 0.25761	 0.25845	 0.26456	 0.27679	 0.29554	 0.32129	 0.35189	 0.38767	 0.43311	 0.48042	 0.52847	 0.57875	 0.61780	 0.64078	 0.65135	 0.65569	 0.65753	 0.65438	 0.64934	 0.64418	 0.63707	 0.62840	 0.61951	 0.60994	 0.59985	 0.59091	 0.58495	 0.58119	 0.57498	 0.56724	 0.55879	 0.55186	 0.54635	 0.54301	 0.54419	 0.55259	 0.56908	 0.59088	 0.62280	 0.66750	 0.71489	 0.74185	 0.73871	 0.71430	 0.68627	 0.66655	 0.65166	 0.63631	 0.62465	 0.61414	 0.60368
11 	 0.28307	 0.27753	 0.27650	 0.28251	 0.29823	 0.32400	 0.35276	 0.37181	 0.38960	 0.40883	 0.42147	 0.41333	 0.37864	 0.33826	 0.30816	 0.28830	 0.27713	 0.27022	 0.26349	 0.25916	 0.25713	 0.25792	 0.26396	 0.27603	 0.29470	 0.32033	 0.35091	 0.38655	 0.43179	 0.47873	 0.52614	 0.57588	 0.61460	 0.63755	 0.64830	 0.65275	 0.65480	 0.65177	 0.64689	 0.64199	 0.63511	 0.62663	 0.61772	 0.60833	 0.59841	 0.58958	 0.58365	 0.58007	 0.57398	 0.56629	 0.55791	 0.55099	 0.54548	 0.54211	 0.54335	 0.55183	 0.56826	 0.58991	 0.62175	 0.66631	 0.71352	 0.74050	 0.73777	 0.71322	 0.68547	 0.66549	 0.65091	 0.63546	 0.62400	 0.61383	 0.60302
14 	 0.28187	 0.27636	 0.27542	 0.28122	 0.29659	 0.32203	 0.35045	 0.36924	 0.38673	 0.40555	 0.41793	 0.41005	 0.37582	 0.33588	 0.30604	 0.28648	 0.27537	 0.26851	 0.26186	 0.25744	 0.25535	 0.25605	 0.26187	 0.27368	 0.29184	 0.31710	 0.34734	 0.38254	 0.42707	 0.47300	 0.51899	 0.56742	 0.60548	 0.62843	 0.63944	 0.64434	 0.64673	 0.64398	 0.63945	 0.63472	 0.62820	 0.62000	 0.61128	 0.60216	 0.59254	 0.58403	 0.57838	 0.57490	 0.56907	 0.56152	 0.55332	 0.54655	 0.54106	 0.53754	 0.53872	 0.54690	 0.56278	 0.58370	 0.61440	 0.65734	 0.70311	 0.73020	 0.72876	 0.70634	 0.67972	 0.66101	 0.64682	 0.63220	 0.62088	 0.61108	 0.60060
17 	 0.28004	 0.27443	 0.27335	 0.27894	 0.29408	 0.31935	 0.34746	 0.36615	 0.38334	 0.40191	 0.41416	 0.40637	 0.37257	 0.33297	 0.30354	 0.28420	 0.27319	 0.26628	 0.25958	 0.25518	 0.25307	 0.25368	 0.25936	 0.27106	 0.28872	 0.31358	 0.34349	 0.37820	 0.42188	 0.46692	 0.51175	 0.55885	 0.59603	 0.61892	 0.63021	 0.63528	 0.63800	 0.63557	 0.63124	 0.62661	 0.62037	 0.61255	 0.60399	 0.59509	 0.58585	 0.57763	 0.57224	 0.56891	 0.56337	 0.55598	 0.54794	 0.54115	 0.53569	 0.53222	 0.53349	 0.54128	 0.55663	 0.57684	 0.60628	 0.64753	 0.69172	 0.71892	 0.71933	 0.69877	 0.67348	 0.65559	 0.64179	 0.62792	 0.61683	 0.60746	 0.59665
20 	 0.27606	 0.27059	 0.26947	 0.27488	 0.28937	 0.31371	 0.34094	 0.35892	 0.37534	 0.39272	 0.40410	 0.39668	 0.36482	 0.32710	 0.29875	 0.27979	 0.26911	 0.26242	 0.25585	 0.25137	 0.24911	 0.24954	 0.25492	 0.26597	 0.28285	 0.30669	 0.33527	 0.36841	 0.40996	 0.45237	 0.49418	 0.53833	 0.57411	 0.59708	 0.60941	 0.61570	 0.61933	 0.61760	 0.61408	 0.60994	 0.60379	 0.59622	 0.58817	 0.57989	 0.57146	 0.56386	 0.55885	 0.55596	 0.55076	 0.54369	 0.53601	 0.52945	 0.52398	 0.52021	 0.52103	 0.52800	 0.54148	 0.55922	 0.58496	 0.62079	 0.66026	 0.68763	 0.69249	 0.67708	 0.65534	 0.63978	 0.62814	 0.61576	 0.60511	 0.59717	 0.58705
3 	 0.29901	 0.29382	 0.29347	 0.30072	 0.31888	 0.34833	 0.38091	 0.40180	 0.42209	 0.44576	 0.46244	 0.45406	 0.41396	 0.36746	 0.33270	 0.30998	 0.29682	 0.28879	 0.28171	 0.27685	 0.27425	 0.27518	 0.28230	 0.29599	 0.31676	 0.34546	 0.38000	 0.42064	 0.47234	 0.52441	 0.57703	 0.63239	 0.67352	 0.69525	 0.70254	 0.70315	 0.70180	 0.69578	 0.68765	 0.67985	 0.67044	 0.66025	 0.65041	 0.63986	 0.62892	 0.61975	 0.61365	 0.60915	 0.60200	 0.59388	 0.58565	 0.57930	 0.57407	 0.57147	 0.57435	 0.58537	 0.60574	 0.63224	 0.67076	 0.72574	 0.78290	 0.80909	 0.79605	 0.76135	 0.72578	 0.70176	 0.68282	 0.66452	 0.65072	 0.63932	 0.62682
6 	 0.29620	 0.29121	 0.29085	 0.29810	 0.31631	 0.34605	 0.37899	 0.40025	 0.42080	 0.44431	 0.46083	 0.45258	 0.41254	 0.36586	 0.33121	 0.30875	 0.29570	 0.28758	 0.28029	 0.27558	 0.27348	 0.27449	 0.28125	 0.29478	 0.31539	 0.34362	 0.37777	 0.41806	 0.46951	 0.52145	 0.57368	 0.62893	 0.67066	 0.69382	 0.70282	 0.70501	 0.70491	 0.69982	 0.69237	 0.68474	 0.67546	 0.66525	 0.65546	 0.64523	 0.63448	 0.62515	 0.61885	 0.61448	 0.60757	 0.59942	 0.59084	 0.58398	 0.57852	 0.57556	 0.57783	 0.58853	 0.60819	 0.63362	 0.67139	 0.72527	 0.78185	 0.80758	 0.79469	 0.75978	 0.72444	 0.70032	 0.68134	 0.66269	 0.64831	 0.63729	 0.62383
9 	 0.29176	 0.28672	 0.28641	 0.29352	 0.31149	 0.34097	 0.37389	 0.39532	 0.41576	 0.43904	 0.45532	 0.44737	 0.40772	 0.36127	 0.32691	 0.30459	 0.29173	 0.28358	 0.27619	 0.27150	 0.26941	 0.27030	 0.27675	 0.28991	 0.30980	 0.33742	 0.37111	 0.41078	 0.46114	 0.51166	 0.56182	 0.61530	 0.65643	 0.68037	 0.69079	 0.69434	 0.69536	 0.69130	 0.68474	 0.67781	 0.66928	 0.65955	 0.64994	 0.64024	 0.63005	 0.62098	 0.61494	 0.61083	 0.60425	 0.59630	 0.58790	 0.58079	 0.57520	 0.57206	 0.57405	 0.58419	 0.60299	 0.62728	 0.66356	 0.71578	 0.77024	 0.79577	 0.78426	 0.75105	 0.71666	 0.69305	 0.67458	 0.65615	 0.64163	 0.62997	 0.61733
12 	 0.29297	 0.28804	 0.28764	 0.29469	 0.31261	 0.34212	 0.37501	 0.39638	 0.41679	 0.44006	 0.45651	 0.44858	 0.40883	 0.36202	 0.32759	 0.30538	 0.29242	 0.28426	 0.27693	 0.27218	 0.26992	 0.27072	 0.27710	 0.29019	 0.31000	 0.33769	 0.37146	 0.41125	 0.46164	 0.51205	 0.56183	 0.61491	 0.65568	 0.67961	 0.68997	 0.69362	 0.69473	 0.69066	 0.68423	 0.67740	 0.66910	 0.65953	 0.64993	 0.64031	 0.63019	 0.62117	 0.61522	 0.61126	 0.60480	 0.59686	 0.58847	 0.58155	 0.57590	 0.57267	 0.57471	 0.58496	 0.60387	 0.62833	 0.66474	 0.71697	 0.77152	 0.79693	 0.78541	 0.75218	 0.71778	 0.69405	 0.67547	 0.65719	 0.64273	 0.63077	 0.61853
15 	 0.28919	 0.28410	 0.28369	 0.29070	 0.30836	 0.33760	 0.37015	 0.39146	 0.41160	 0.43445	 0.45058	 0.44282	 0.40366	 0.35743	 0.32338	 0.30129	 0.28845	 0.28034	 0.27298	 0.26811	 0.26592	 0.26658	 0.27275	 0.28546	 0.30489	 0.33222	 0.36555	 0.40480	 0.45438	 0.50362	 0.55182	 0.60337	 0.64360	 0.66756	 0.67839	 0.68243	 0.68404	 0.68042	 0.67441	 0.66794	 0.65998	 0.65065	 0.64146	 0.63220	 0.62244	 0.61375	 0.60807	 0.60432	 0.59811	 0.59035	 0.58212	 0.57511	 0.56951	 0.56626	 0.56817	 0.57809	 0.59633	 0.61983	 0.65496	 0.70513	 0.75764	 0.78308	 0.77365	 0.74277	 0.70964	 0.68654	 0.66856	 0.65135	 0.63681	 0.62608	 0.61297
18 	 0.28560	 0.28048	 0.27998	 0.28659	 0.30392	 0.33263	 0.36465	 0.38552	 0.40508	 0.42731	 0.44291	 0.43541	 0.39723	 0.35191	 0.31861	 0.29689	 0.28424	 0.27623	 0.26885	 0.26411	 0.26187	 0.26247	 0.26847	 0.28081	 0.29970	 0.32631	 0.35898	 0.39743	 0.44568	 0.49360	 0.54019	 0.58992	 0.62884	 0.65251	 0.66366	 0.66813	 0.67017	 0.66688	 0.66117	 0.65502	 0.64747	 0.63864	 0.62969	 0.62074	 0.61152	 0.60325	 0.59780	 0.59421	 0.58835	 0.58092	 0.57288	 0.56604	 0.56047	 0.55722	 0.55905	 0.56832	 0.58564	 0.60785	 0.64097	 0.68812	 0.73764	 0.76339	 0.75703	 0.72899	 0.69895	 0.67699	 0.66057	 0.64414	 0.63021	 0.61948	 0.60749
21 	 0.27898	 0.27394	 0.27340	 0.27972	 0.29632	 0.32395	 0.35450	 0.37452	 0.39297	 0.41363	 0.42800	 0.42084	 0.38509	 0.34230	 0.31035	 0.28931	 0.27709	 0.26933	 0.26205	 0.25727	 0.25497	 0.25538	 0.26108	 0.27280	 0.29082	 0.31634	 0.34751	 0.38417	 0.42990	 0.47509	 0.51873	 0.56538	 0.60272	 0.62613	 0.63794	 0.64332	 0.64593	 0.64335	 0.63852	 0.63285	 0.62550	 0.61704	 0.60860	 0.60027	 0.59170	 0.58407	 0.57903	 0.57590	 0.57041	 0.56316	 0.55553	 0.54881	 0.54336	 0.53992	 0.54131	 0.54950	 0.56481	 0.58432	 0.61313	 0.65382	 0.69744	 0.72345	 0.72281	 0.70140	 0.67583	 0.65704	 0.64278	 0.62747	 0.61522	 0.60534	 0.59401
