4456	0.167677847	0.167844455	0.171010962	0.181056221	0.203280127	0.234647686	0.265025488	0.288799085	0.307494168	0.321770229	0.328604491	0.325654493	0.314426489	0.300865722	0.290652641	0.284498181	0.281003168	0.278190562	0.275103174	0.273039252	0.273833568	0.279238351	0.290737771	0.309230481	0.332456993	0.357104303	0.380196884	0.40074148	0.426332415	0.463856938	0.51326354	0.565598994	0.608413234	0.637384526	0.653692734	0.661120335	0.663519445	0.661803866	0.65632447	0.649072216	0.640888891	0.632273773	0.62438486	0.618187111	0.6126961	0.608300847	0.604673246	0.599972558	0.594135173	0.58637609	0.576453162	0.565798184	0.555196345	0.545787256	0.537041991	0.530218698	0.526849993	0.525742766	0.525788069	0.522657033	0.509184138	0.483807236	0.452259344	0.420161359	0.387686336	0.356637302	0.328516011	0.30436865	0.28421902	0.268080848	0.254110321
8249	0.1375243	0.137572194	0.140470058	0.149615832	0.169506628	0.197558614	0.22523235	0.247041738	0.264238605	0.277653829	0.284472856	0.282376245	0.272052582	0.259292464	0.250086421	0.244473738	0.241133662	0.238328045	0.23552207	0.233079813	0.232885459	0.2368503	0.246137433	0.261954658	0.28242268	0.304392838	0.325245247	0.343260126	0.364222516	0.394877308	0.437030036	0.484963052	0.527443138	0.558338973	0.57672071	0.585244584	0.588216154	0.587006647	0.582329446	0.575940021	0.568260074	0.560080928	0.552747673	0.547030428	0.542425261	0.538607798	0.535556537	0.531838365	0.526603636	0.519091259	0.509599225	0.499273503	0.489009134	0.479996298	0.471842355	0.465478524	0.462474529	0.462446621	0.463546092	0.461765811	0.451086749	0.428946011	0.400299908	0.370541236	0.340349475	0.311422531	0.284912029	0.262702831	0.244220724	0.229371946	0.215814238
8539	0.156467747	0.156915933	0.159556275	0.167337982	0.18426197	0.207200032	0.227851466	0.242495918	0.253184643	0.260952796	0.26412946	0.261377834	0.253532231	0.244616808	0.238121862	0.234035922	0.231512526	0.229610369	0.228219006	0.22797063	0.230035934	0.235808759	0.246010049	0.261051505	0.279015765	0.297266762	0.314346816	0.331792456	0.357735833	0.398270544	0.450298652	0.501325722	0.540261459	0.565700842	0.579769781	0.585680535	0.586370401	0.582216059	0.573700845	0.563092736	0.551556413	0.539830142	0.529158925	0.520285504	0.512328041	0.505615353	0.499907398	0.493640935	0.486547562	0.478060897	0.468129492	0.458011078	0.448168147	0.439583328	0.431865393	0.426008452	0.423394434	0.423290413	0.424655675	0.424701663	0.418699933	0.40469712	0.385998831	0.366047702	0.344865865	0.324077459	0.304511298	0.286749563	0.271042197	0.258213858	0.246488726
8540	0.190337625	0.189903665	0.191768101	0.19871894	0.215102161	0.237508161	0.257146694	0.270634358	0.280106836	0.28681651	0.289076314	0.285675233	0.277570697	0.268296775	0.260948369	0.256171964	0.253004978	0.250468149	0.248576882	0.248173954	0.250485101	0.256368405	0.266896607	0.282213446	0.300247738	0.318682548	0.335863355	0.354073236	0.382399426	0.425991048	0.480742069	0.532696587	0.571123888	0.595391235	0.608253316	0.613498263	0.61358353	0.608456102	0.598622328	0.586825338	0.574164996	0.56147036	0.550009146	0.540275591	0.531378355	0.523999362	0.51777279	0.510728767	0.503188704	0.494880831	0.485053846	0.475161044	0.465676765	0.457368596	0.449656538	0.443874879	0.441464365	0.441229927	0.443118564	0.444133449	0.440245483	0.429940508	0.415312878	0.399182365	0.381488168	0.363731328	0.347277686	0.33195517	0.318191706	0.306041951	0.295430606
8541	0.157277881	0.15815981	0.161995375	0.172297054	0.194492096	0.225229196	0.253988863	0.275538972	0.291999449	0.304499564	0.310292047	0.307572789	0.297681324	0.285689756	0.276583846	0.271121329	0.267936596	0.265513792	0.263165539	0.262055899	0.263908524	0.270144278	0.282022001	0.300156026	0.322295791	0.345332367	0.36671649	0.386677492	0.413417691	0.45316814	0.504959858	0.558475448	0.60150059	0.630390897	0.646590275	0.653862564	0.655763406	0.65306942	0.64612776	0.637213623	0.627506974	0.617489672	0.608334656	0.600843334	0.594066407	0.588614295	0.584030248	0.578405932	0.571704602	0.563420767	0.553090891	0.54223225	0.531605779	0.522137921	0.513415309	0.506751325	0.503504538	0.502288469	0.501999714	0.498395861	0.484962297	0.460239171	0.429821072	0.399078187	0.367948922	0.337684404	0.310741215	0.287547563	0.268092055	0.251640673	0.238339432
8542	0.1808721	0.181938944	0.185929901	0.196666037	0.219655755	0.25096902	0.279248732	0.299657528	0.314797007	0.32620176	0.331406318	0.328559213	0.318887558	0.307268478	0.298462417	0.293187228	0.290069615	0.287692717	0.285886583	0.28559337	0.288422414	0.295612946	0.308486512	0.327238135	0.349321133	0.37178277	0.39254734	0.412902811	0.441691053	0.484264898	0.537496809	0.588974316	0.627811008	0.65277779	0.666341184	0.672125288	0.673115041	0.669619926	0.661888063	0.652353067	0.641958786	0.631466063	0.621925499	0.613999765	0.606694192	0.60071234	0.595765712	0.589812503	0.583030862	0.575069772	0.565376227	0.555304502	0.545449379	0.536748099	0.528623599	0.522247153	0.51896716	0.517621654	0.517356777	0.514062603	0.50186491	0.479509883	0.451082143	0.422062575	0.392383541	0.363541665	0.337211717	0.314865698	0.295455203	0.27946091	0.266031924
8543	0.166889959	0.167551127	0.17095675	0.180806041	0.202524959	0.232664188	0.260492115	0.281056085	0.296518483	0.308148417	0.31343198	0.310520577	0.300837461	0.289332951	0.280520494	0.275302365	0.272129069	0.269659672	0.267548534	0.266703679	0.268817315	0.275292432	0.287461042	0.305559365	0.327094824	0.349064244	0.369327921	0.388726289	0.415356289	0.454410587	0.503423201	0.551376072	0.588124482	0.611888422	0.624906012	0.630790764	0.632165913	0.629521044	0.623019804	0.61484737	0.605831958	0.5965713	0.588202518	0.581271236	0.574906864	0.569742168	0.565477958	0.560235266	0.554207939	0.546991731	0.537844628	0.528295213	0.51894779	0.510579512	0.502763004	0.496560924	0.493269687	0.491662308	0.491344171	0.488553124	0.477375607	0.456405277	0.429989703	0.402812493	0.374972311	0.3477018	0.322612182	0.300955559	0.283025571	0.267102713	0.254368777
8544	0.150168727	0.150643858	0.153521597	0.161879559	0.179983668	0.204842796	0.227675587	0.244170742	0.256283689	0.265118851	0.268999677	0.266237182	0.257757133	0.248011273	0.241078002	0.236714301	0.234033155	0.231866353	0.230263652	0.229691425	0.231466236	0.237114325	0.247517867	0.263166436	0.281974362	0.300973341	0.318635904	0.33597216	0.360696204	0.398862239	0.448174137	0.497585798	0.53624081	0.561689427	0.575779666	0.581852415	0.582795563	0.579130863	0.571666439	0.562272348	0.551828292	0.541086354	0.531349492	0.523288269	0.516120108	0.510053788	0.50514086	0.499627833	0.493076507	0.484914922	0.475320426	0.465471036	0.455816964	0.447302517	0.439610226	0.433704235	0.431084358	0.431150007	0.432141528	0.43119304	0.423838934	0.408103596	0.38742438	0.365121077	0.341742995	0.319048958	0.297735871	0.278665344	0.262472161	0.249391127	0.237043421
8549	0.185163266	0.18702786	0.191936795	0.204411865	0.230722587	0.26546202	0.295702462	0.316625343	0.331884242	0.343060119	0.348015483	0.345031181	0.335470688	0.324498868	0.316707693	0.312011299	0.309309369	0.307263982	0.306290458	0.307014711	0.310916652	0.319735621	0.334584005	0.355533016	0.379265383	0.40226197	0.423251167	0.444926758	0.476242713	0.522076093	0.576610671	0.625031363	0.659437318	0.681226337	0.693240234	0.698348187	0.699006862	0.69509482	0.687390134	0.677835438	0.66706336	0.656148871	0.646280694	0.637967905	0.630382284	0.623721198	0.618235482	0.612386418	0.605802802	0.59813795	0.589192079	0.579969934	0.570835166	0.562588328	0.554957959	0.54861584	0.544684604	0.543040999	0.541206958	0.535306056	0.520632191	0.495999523	0.466013665	0.435994051	0.405350855	0.375776274	0.348098267	0.323494898	0.303363344	0.286802667	0.272596898
8552	0.136003502	0.13641458	0.139830195	0.150130774	0.172604811	0.204248306	0.234966894	0.258971832	0.277880768	0.292434517	0.299597456	0.297035148	0.286139886	0.272773861	0.262724984	0.256698906	0.253267448	0.250422632	0.247346071	0.245188023	0.245923739	0.251237907	0.262731058	0.28125925	0.304608996	0.329449794	0.352622603	0.37312453	0.398538871	0.436044429	0.486151031	0.540100107	0.585188862	0.616306092	0.634061546	0.64227916	0.644868646	0.643061394	0.63726708	0.629653	0.621097983	0.612145306	0.603949704	0.597462438	0.591829058	0.587315141	0.583699249	0.578944407	0.572705251	0.564581055	0.554313335	0.543389851	0.532436806	0.52262812	0.513618406	0.506691991	0.503210036	0.50185514	0.501566936	0.497555709	0.482880911	0.456067431	0.4227074	0.388997423	0.355268926	0.322962683	0.293638583	0.269614795	0.249402426	0.23287275	0.21848593
8556	0.175725692	0.176374071	0.179418527	0.188204052	0.20757943	0.233661715	0.256475907	0.27222914	0.283455005	0.291435138	0.294506891	0.291367903	0.282974936	0.273522151	0.266778533	0.262419362	0.259650058	0.257590016	0.256414263	0.256560706	0.25941542	0.266311403	0.27818459	0.295430358	0.315394766	0.335019775	0.353376196	0.37307252	0.402917241	0.449113625	0.507107434	0.561913755	0.602476067	0.628628689	0.642878436	0.648734922	0.649094733	0.643840761	0.633920937	0.621826697	0.608397449	0.594812224	0.582414378	0.571911836	0.562552431	0.554254362	0.547272609	0.540193706	0.532348326	0.523278043	0.513036437	0.50272221	0.492800331	0.484025515	0.476123897	0.470020088	0.467040824	0.467163839	0.468109042	0.466972922	0.45975053	0.444427758	0.42433826	0.40253152	0.379922385	0.357691758	0.336556818	0.317331808	0.300514946	0.287088796	0.275285604
8557	0.168164808	0.168047804	0.170398786	0.178304322	0.196591605	0.222371986	0.246005705	0.263083984	0.275837478	0.285559262	0.289914175	0.28712173	0.278237132	0.267615892	0.259402976	0.254402888	0.251337544	0.248719312	0.246508006	0.245557686	0.24732112	0.252951621	0.263566268	0.279541753	0.298691344	0.318390525	0.336623178	0.354233412	0.378985067	0.416012278	0.463305115	0.510288858	0.546872736	0.570900938	0.584165237	0.589955748	0.591210468	0.588211227	0.581275478	0.572588417	0.563161676	0.553589312	0.545122867	0.538278156	0.531968612	0.526892813	0.522687496	0.517355093	0.511262954	0.503955143	0.494707255	0.484958473	0.475536263	0.467156663	0.459258205	0.452960877	0.449490691	0.447935443	0.448475038	0.448251109	0.441545589	0.426514904	0.406515892	0.385386006	0.363002992	0.341256706	0.320869361	0.302333876	0.286579686	0.273290583	0.261298582
8558	0.150094206	0.150460231	0.153898252	0.164030545	0.186126088	0.216862402	0.246211936	0.269143945	0.28706069	0.300598584	0.306985429	0.304355763	0.294209206	0.28196355	0.272634312	0.267045589	0.26393568	0.261345298	0.258502434	0.256541581	0.257321581	0.262550529	0.273463155	0.29112137	0.313259208	0.336746351	0.358545754	0.377867899	0.402296157	0.438590054	0.48748203	0.540724904	0.586030712	0.617805519	0.636186727	0.644817671	0.647724128	0.646104051	0.640362925	0.632488354	0.623497428	0.614185731	0.605756984	0.599062478	0.593105809	0.588532213	0.584694159	0.579602821	0.573287426	0.564984101	0.554332151	0.542884089	0.531508275	0.521477816	0.512186439	0.504782897	0.500785328	0.499211973	0.499187017	0.495973524	0.482175093	0.456453224	0.424896122	0.39277599	0.360537207	0.329609876	0.301508826	0.277913075	0.258041093	0.241510285	0.228603602
8561	0.195229211	0.196392417	0.200427384	0.211575756	0.235677727	0.268305669	0.297347909	0.317864285	0.332868032	0.343743286	0.348347495	0.344908723	0.334700918	0.323033672	0.314565007	0.309259525	0.306098779	0.303671897	0.302230196	0.302409006	0.305734546	0.314001345	0.328276135	0.348822779	0.37264599	0.396277439	0.418113964	0.440389241	0.472664552	0.52095816	0.580145636	0.634878814	0.674736329	0.699781155	0.713239421	0.718782821	0.719294597	0.714924498	0.706349888	0.695656401	0.683890703	0.67194806	0.661059034	0.651917385	0.643617955	0.636491962	0.630420241	0.623814973	0.616480669	0.60778701	0.597566062	0.586949302	0.576529632	0.567318242	0.558801242	0.552085945	0.548515978	0.547345577	0.546829982	0.543027496	0.530185555	0.50689061	0.478012006	0.448717732	0.418968013	0.390569156	0.36331153	0.340080679	0.320045483	0.303089684	0.289407348
8570	0.189253201	0.190147106	0.194234125	0.205659088	0.230828215	0.265476914	0.297250645	0.320615525	0.338178744	0.351484141	0.357414076	0.354014026	0.342795256	0.329390067	0.319138325	0.312916952	0.30920568	0.306448091	0.304237396	0.303478034	0.306149732	0.313830271	0.327933015	0.348833113	0.373612887	0.398911973	0.422456537	0.445250422	0.47657743	0.522425868	0.579854416	0.635467559	0.677545983	0.7045512	0.719170222	0.725579502	0.726983644	0.723751448	0.716200965	0.706735883	0.696321135	0.685812156	0.676152866	0.668003834	0.660501183	0.654341759	0.649156746	0.642986066	0.635927474	0.627551863	0.616998265	0.605905094	0.595137173	0.585434022	0.576441182	0.569404483	0.565658245	0.564018386	0.563680381	0.559644975	0.544896794	0.518217359	0.485117313	0.451960818	0.418337024	0.386145304	0.356821411	0.331537002	0.311086095	0.293694298	0.280050875
8571	0.199297607	0.199721292	0.203260589	0.214095307	0.238582148	0.272807951	0.304676775	0.328396678	0.346344388	0.359857792	0.365875699	0.362399657	0.351007128	0.33743651	0.327025456	0.320682652	0.316891656	0.313814076	0.311076007	0.309842488	0.311947453	0.319068224	0.332781228	0.353519164	0.378395444	0.403862818	0.427489884	0.449696638	0.47962019	0.52367406	0.579605668	0.634826298	0.677225855	0.704742119	0.719652786	0.726200597	0.727807491	0.724952446	0.717890032	0.708956665	0.698948458	0.688654131	0.679439305	0.671883137	0.664966731	0.659422137	0.654634919	0.648753827	0.642010549	0.633716694	0.623299994	0.612127797	0.601085463	0.591309222	0.58224919	0.575109629	0.571098806	0.569239428	0.568941344	0.565396935	0.551599937	0.526137932	0.494410455	0.462472103	0.430373427	0.399467659	0.37139048	0.346549257	0.325986522	0.30899434	0.294815718
8582	0.162295167	0.163005834	0.166301562	0.175500181	0.195499273	0.222750027	0.247217358	0.264757847	0.277661332	0.287349757	0.291578911	0.288828806	0.28026336	0.270113018	0.262407378	0.257707861	0.254868461	0.252699833	0.250939423	0.25064587	0.253181193	0.259588888	0.271100124	0.287964633	0.307937911	0.328195352	0.347045544	0.365805254	0.392982222	0.434006143	0.485971418	0.536714948	0.5753216	0.600198429	0.613619102	0.619394059	0.62029378	0.616649589	0.608725433	0.598796143	0.588090289	0.577287926	0.567467635	0.559295232	0.551852891	0.545709247	0.540521744	0.534462556	0.527631518	0.519654727	0.509967126	0.499863963	0.490040262	0.48136699	0.473350141	0.46715836	0.464092029	0.463024401	0.463558864	0.462181691	0.453478034	0.435467535	0.412532802	0.388346728	0.36318758	0.338612143	0.315354309	0.295782884	0.278084845	0.264009251	0.251656225
8583	0.150673657	0.151712549	0.155593652	0.166083498	0.188298948	0.218771182	0.246844073	0.267288198	0.282323916	0.293461368	0.298529983	0.295626067	0.286029177	0.274847998	0.266775011	0.261744874	0.258746961	0.256440072	0.254674692	0.254143007	0.256402819	0.263166888	0.275511783	0.294109816	0.316450594	0.339128068	0.360197961	0.380767093	0.409522683	0.453836198	0.511756149	0.570685392	0.617484687	0.648753624	0.666092186	0.673598552	0.674980517	0.671084901	0.662610703	0.651864385	0.639805455	0.627467118	0.616170033	0.606737467	0.598532064	0.591523813	0.585672963	0.579143482	0.571328343	0.561711098	0.550345404	0.538571753	0.526936374	0.516563076	0.507296033	0.500181511	0.496807175	0.496268054	0.496507709	0.493366844	0.480828652	0.457132875	0.42721316	0.396186663	0.36503366	0.335351347	0.308284438	0.28477844	0.26449803	0.247830794	0.234059574
8584	0.183562838	0.184478079	0.188543363	0.199994196	0.225238586	0.260199935	0.292691885	0.317010508	0.335615914	0.349821008	0.356498441	0.353433215	0.342279234	0.328905223	0.318768419	0.312752047	0.309260311	0.306410932	0.30378957	0.302639329	0.304861508	0.31206637	0.32580313	0.346584279	0.371576848	0.397284818	0.421143012	0.443509471	0.473298633	0.516959654	0.572455151	0.627448499	0.669800639	0.697171091	0.712140088	0.718739337	0.720404977	0.717759619	0.711134079	0.702676973	0.693295971	0.683563368	0.674748829	0.667579547	0.661000803	0.655623231	0.651138397	0.645541283	0.638990001	0.630878338	0.620493826	0.609455483	0.598572442	0.588707216	0.579423679	0.57197197	0.567736062	0.565491937	0.56436942	0.559342251	0.543198782	0.514709738	0.479987609	0.445592551	0.410963811	0.378017416	0.348055503	0.322415078	0.301154857	0.283026338	0.268800157
8585	0.119057725	0.119640402	0.122845133	0.131950085	0.152002424	0.180234991	0.207217115	0.228066863	0.244248114	0.256594374	0.262242275	0.259297152	0.249245798	0.237296326	0.228257365	0.222882073	0.21973671	0.217284583	0.214918229	0.213708403	0.215325048	0.221089045	0.232578485	0.250372602	0.272409283	0.295834662	0.317985781	0.339005819	0.367356524	0.410224617	0.467456722	0.528270003	0.578444207	0.612836259	0.632482393	0.641638153	0.644453503	0.641971867	0.634711443	0.625076782	0.614283261	0.60325647	0.593220213	0.584919559	0.57747205	0.571568504	0.566621525	0.560503505	0.552974031	0.543325076	0.531169336	0.518329765	0.505761836	0.494460035	0.484187367	0.47609138	0.471746643	0.470288284	0.471332045	0.469972286	0.458203375	0.433903082	0.403185154	0.372054509	0.340299543	0.309935804	0.281917813	0.257895773	0.238340407	0.221768062	0.207759075
8587	0.153631195	0.154245781	0.157453075	0.16667439	0.187027806	0.215478572	0.24213209	0.262217642	0.277363361	0.288883327	0.294262279	0.291491095	0.282081868	0.27076271	0.262099712	0.256857409	0.253708958	0.251269375	0.249145274	0.248263142	0.250284426	0.256554673	0.26831916	0.285989684	0.30736081	0.329474426	0.350022657	0.369668295	0.396599174	0.436894101	0.488823447	0.541116537	0.582091959	0.609151055	0.624162762	0.631057599	0.632908204	0.630206013	0.623247763	0.614376219	0.604730872	0.594823972	0.58590733	0.578606296	0.571873171	0.56651527	0.562126493	0.556635682	0.5502606	0.542527309	0.532804988	0.522489749	0.512405956	0.503471574	0.495239994	0.488784142	0.485512705	0.48416381	0.484244997	0.48212064	0.471525447	0.450905168	0.424679622	0.397154893	0.368669279	0.340902101	0.315982385	0.293651282	0.274199895	0.258559138	0.245569246
8588	0.138869112	0.139492284	0.143176629	0.153619007	0.176167566	0.207900542	0.238414011	0.261831659	0.280012328	0.29432675	0.301509761	0.299134173	0.288284655	0.274589321	0.264217272	0.258123453	0.254614434	0.251862838	0.248956419	0.247158033	0.248317314	0.253884208	0.265487503	0.283868535	0.306920266	0.331500501	0.354592552	0.375574126	0.402348808	0.441954182	0.494932934	0.552411595	0.600879229	0.634445714	0.653651564	0.662497525	0.665192654	0.662788453	0.655897013	0.646910853	0.637057546	0.626959967	0.617726395	0.610280873	0.603774641	0.598725206	0.594582901	0.589165091	0.582360753	0.573611789	0.562447835	0.550690029	0.539166677	0.528743403	0.519285255	0.512171716	0.508712011	0.507527687	0.507728869	0.504460014	0.490270037	0.463158252	0.429115865	0.394368124	0.359461338	0.326543789	0.296864174	0.271776255	0.251233411	0.234540988	0.220734545
8589	0.154818129	0.155118518	0.157812537	0.165966617	0.184559776	0.210730669	0.23506779	0.252831106	0.26621956	0.276395597	0.281052864	0.278158489	0.269024896	0.258471739	0.250951951	0.246352326	0.243494688	0.241144475	0.239369924	0.238655821	0.24060412	0.246587341	0.257772264	0.274810803	0.295134402	0.315627771	0.33483822	0.353795899	0.380268817	0.420849875	0.473674243	0.526626204	0.567919817	0.595462746	0.610913253	0.617794913	0.619294971	0.616056177	0.608780718	0.599449013	0.588777204	0.577924416	0.568209695	0.560241185	0.553326221	0.547317349	0.542286773	0.536879733	0.53031601	0.522095871	0.512180991	0.501713637	0.491369499	0.482198989	0.473978404	0.46737299	0.463627016	0.462834923	0.463482434	0.462236858	0.453938266	0.43604616	0.412677625	0.388164437	0.362740928	0.337740483	0.31432835	0.294293643	0.276682979	0.261862138	0.249158661
8590	0.159263647	0.160047607	0.163752971	0.174192841	0.196767937	0.228247789	0.25808906	0.28051877	0.297605202	0.310974131	0.31762123	0.315177103	0.304519033	0.2911916	0.28102124	0.27495872	0.271411023	0.268632465	0.266033043	0.264579371	0.266146578	0.272067056	0.283815749	0.302042497	0.324501666	0.348146365	0.370359296	0.390992901	0.418098192	0.457875366	0.509972176	0.564659602	0.609362236	0.639439348	0.656201075	0.66383287	0.665993833	0.663425139	0.656469973	0.64758766	0.637807598	0.627682383	0.618517398	0.611007264	0.604313911	0.598977359	0.594609596	0.589101909	0.582414335	0.573933641	0.563264018	0.552118529	0.541188432	0.531415465	0.52249597	0.515769798	0.512560911	0.511561705	0.511882164	0.509040011	0.496125471	0.471116529	0.439172068	0.406661063	0.374103142	0.342911533	0.314705704	0.290722107	0.270574944	0.254657009	0.240852881
8593	0.098362716	0.098714779	0.101532128	0.109798766	0.12757411	0.152384068	0.176355457	0.194934923	0.209487476	0.220715638	0.226163281	0.223798103	0.214516234	0.20337392	0.195391781	0.190577539	0.187776889	0.185531072	0.183297855	0.181944161	0.18277424	0.18729542	0.196676152	0.211787965	0.230884173	0.251383565	0.270894722	0.288843434	0.31225481	0.348298109	0.397877666	0.453120268	0.500953148	0.535148015	0.555492673	0.565186082	0.568062778	0.565915168	0.55943521	0.550768016	0.540836969	0.530453108	0.520961978	0.513265426	0.506765081	0.501599019	0.497321135	0.491954432	0.485028982	0.475756278	0.464396571	0.452407303	0.440592313	0.430183882	0.420754809	0.41351974	0.410018066	0.409609982	0.411383278	0.411276173	0.402580873	0.382509069	0.355982915	0.328276489	0.29996932	0.272779632	0.24739764	0.226201845	0.208150888	0.19312197	0.180211949
8594	0.118539334	0.118759986	0.121734724	0.130754474	0.150354361	0.177683254	0.204325363	0.225369716	0.242016776	0.254810026	0.260852348	0.258235462	0.248201546	0.236014756	0.226890569	0.22137617	0.218232362	0.215724953	0.212911457	0.21092533	0.211498362	0.216103539	0.226113325	0.242486725	0.263495597	0.286221714	0.30767039	0.32681798	0.351031308	0.387283548	0.436722789	0.491572337	0.538797514	0.57205738	0.591363404	0.600423252	0.603429882	0.601741468	0.595884212	0.587973572	0.578966495	0.569509559	0.560857481	0.553974642	0.547949353	0.543269569	0.53937906	0.534305036	0.527746647	0.51906295	0.507949125	0.496112329	0.484434015	0.474160128	0.464745067	0.457481485	0.454032358	0.453279045	0.454520047	0.453200594	0.441972177	0.418870073	0.389383675	0.35943008	0.328710396	0.299292312	0.272099657	0.249281434	0.229963491	0.214415222	0.20161054
8595	0.127966642	0.128634735	0.132176823	0.141888837	0.162513095	0.190816137	0.217561426	0.237829674	0.253262956	0.265011315	0.270598882	0.268178386	0.258850091	0.247645095	0.239315191	0.234284672	0.231393742	0.229132099	0.226966178	0.225751463	0.227192307	0.23274903	0.243609255	0.260370346	0.281055546	0.302721939	0.323034508	0.341675812	0.366362605	0.403963178	0.454022127	0.507286602	0.551450634	0.581994649	0.599691593	0.607883431	0.610335282	0.608020869	0.601378643	0.592589735	0.582772821	0.57270061	0.563485699	0.556043964	0.549604303	0.544337287	0.539893504	0.534464945	0.527987267	0.519587365	0.50914404	0.4981519	0.487285006	0.477746456	0.469090678	0.462331608	0.458980579	0.457834618	0.45797723	0.455130907	0.443007598	0.420104874	0.391347763	0.361874886	0.33185227	0.303120101	0.276189801	0.254411384	0.235151518	0.21904394	0.206127864
8596	0.105433033	0.105992587	0.109258922	0.118388143	0.137935766	0.165132142	0.191221265	0.211408003	0.227126268	0.239171642	0.244704849	0.24198571	0.232343917	0.220761594	0.212075205	0.206888475	0.203973913	0.201746978	0.199328128	0.197926689	0.199176814	0.204484483	0.215116241	0.231771254	0.252766379	0.275323049	0.296663521	0.316455698	0.342743337	0.382738542	0.436858655	0.495704754	0.545315736	0.579842926	0.599718518	0.608999714	0.611843838	0.609392089	0.602237711	0.592942122	0.582486965	0.57159707	0.561609001	0.553537364	0.54651179	0.540791405	0.536061658	0.53017202	0.522845363	0.513457061	0.501647931	0.489249509	0.47714213	0.466374783	0.456527418	0.449111253	0.44567479	0.445078749	0.446610372	0.445527406	0.434180753	0.41069092	0.381102963	0.350390078	0.31949962	0.289545427	0.262187835	0.239145432	0.219694712	0.203768637	0.18977111
8597	0.173416324	0.174516452	0.178838957	0.190551127	0.215301997	0.24901025	0.280419372	0.303930873	0.321790371	0.33516743	0.341258397	0.338294504	0.327481802	0.314405097	0.304664797	0.29879661	0.295493526	0.292954284	0.290625651	0.289460728	0.291462158	0.298251814	0.311139785	0.330713068	0.354522274	0.379113726	0.401842408	0.423053649	0.451216727	0.492842726	0.546512734	0.601152959	0.644436194	0.67315287	0.68899912	0.695969796	0.697688324	0.694798431	0.687766275	0.678905272	0.669146517	0.659052279	0.649810719	0.642207465	0.635348562	0.629710664	0.625041493	0.619314336	0.612408966	0.604106606	0.593814331	0.583002123	0.572339948	0.562764156	0.553933599	0.547297889	0.544115173	0.543013623	0.542379453	0.537625441	0.522192843	0.494837545	0.461108509	0.426985944	0.392871368	0.360265624	0.331000411	0.306907726	0.285667918	0.268775553	0.254981161
