4456	0.152121458	0.15268624	0.157453915	0.170969553	0.196283382	0.228271504	0.257018842	0.279304339	0.296519241	0.310383699	0.314947386	0.30921351	0.296199022	0.283257658	0.273566989	0.268956763	0.266087589	0.263330169	0.260429766	0.259436901	0.26126466	0.267791882	0.28067098	0.30033581	0.323504025	0.347809768	0.369700812	0.390472477	0.417495598	0.455842463	0.506909536	0.559809609	0.600317462	0.628061626	0.644286089	0.652520288	0.654342096	0.65250499	0.647755139	0.641149351	0.634916068	0.628222901	0.621380615	0.615669774	0.610922917	0.608544104	0.605295095	0.60191643	0.596030804	0.588019325	0.578550888	0.568223194	0.558425464	0.548952956	0.540530156	0.535333729	0.532199082	0.532157993	0.534001357	0.531834054	0.515672839	0.485824996	0.449616453	0.412966608	0.379729243	0.349612045	0.322549983	0.299093986	0.280533251	0.265479196	0.252439984
8249	0.119049956	0.119617173	0.124122114	0.136279921	0.158401367	0.186482008	0.212750469	0.232599934	0.248599287	0.261996603	0.266533485	0.261882034	0.250572471	0.237908293	0.229609679	0.225152907	0.221995949	0.219876087	0.217427736	0.215759372	0.216064546	0.221246537	0.232023782	0.24848844	0.268888008	0.290935679	0.31084186	0.328948994	0.35113744	0.382672162	0.426197951	0.474788806	0.516155908	0.545745098	0.563738828	0.57316383	0.575555233	0.574651553	0.570866521	0.564499746	0.558834282	0.552460101	0.546520794	0.541975729	0.53750371	0.535351731	0.532393329	0.529680923	0.524241443	0.516883621	0.508513927	0.498445276	0.489057197	0.48009862	0.472092065	0.467220881	0.464940787	0.465574182	0.468348399	0.467690741	0.454457158	0.42758487	0.394467353	0.360521822	0.329618027	0.301817306	0.276844105	0.25452628	0.237052989	0.223163073	0.211456992
8539	0.130512397	0.131020944	0.134930172	0.145323035	0.164226071	0.187086801	0.206209944	0.219516555	0.229049128	0.237007554	0.238649324	0.234117493	0.225203805	0.217026711	0.210746152	0.207580992	0.205347586	0.203723177	0.202718051	0.203440124	0.206322156	0.213174603	0.224670777	0.240449159	0.258157848	0.276065489	0.292283524	0.310023865	0.338265645	0.380185905	0.433773286	0.485689159	0.522439783	0.546776288	0.561012841	0.567894972	0.568323075	0.564263568	0.556384268	0.545921167	0.536237514	0.526309413	0.516939116	0.508884295	0.501248759	0.496179288	0.490807712	0.485770013	0.478510213	0.469567063	0.460365992	0.450355097	0.441536145	0.432983648	0.425363211	0.420822962	0.41854008	0.419264839	0.422310474	0.423396836	0.415504046	0.398343173	0.375783024	0.352029595	0.329442042	0.308759376	0.289454058	0.271285389	0.257098428	0.2448797	0.233755015
8540	0.169944937	0.170070321	0.173077788	0.183472925	0.202714895	0.225077687	0.242889282	0.255342625	0.263781399	0.270639937	0.271546949	0.266577497	0.257173185	0.248261187	0.241241463	0.236872943	0.234036771	0.23218899	0.230424484	0.230865722	0.233869781	0.241001862	0.253168899	0.269232886	0.287070609	0.305323617	0.321913092	0.340867417	0.371366044	0.41709345	0.473337593	0.525933753	0.561837486	0.585640631	0.598527451	0.604100288	0.603904536	0.598539341	0.589273595	0.578475911	0.5678595	0.55734499	0.546427247	0.536650267	0.528502293	0.522815451	0.516921579	0.511201746	0.503672965	0.495118678	0.485615173	0.476372099	0.467432835	0.458742743	0.452036939	0.447688956	0.444798908	0.445345569	0.448173365	0.450786663	0.44549186	0.43154478	0.412847604	0.392594057	0.373504094	0.355710953	0.338660691	0.322972421	0.30960474	0.299085422	0.288762585
8541	0.138426723	0.139934123	0.145123273	0.159102147	0.184118587	0.21487135	0.241115707	0.260848749	0.275597812	0.287742584	0.291491215	0.286490499	0.275080734	0.263792567	0.255226572	0.2508703	0.248386636	0.246406121	0.244251391	0.244085115	0.246789933	0.254005594	0.2672054	0.286010395	0.307476146	0.329859363	0.350144798	0.370176363	0.397930738	0.438404009	0.491150245	0.544925091	0.585585881	0.613754843	0.629808941	0.637738152	0.639378144	0.63642929	0.630027773	0.622105717	0.614171786	0.606275874	0.597848539	0.590578092	0.584770725	0.581320836	0.577165591	0.572844295	0.566160089	0.55772571	0.547836709	0.537562524	0.527506918	0.517771075	0.509913381	0.504726906	0.501156036	0.500703437	0.501927321	0.499977283	0.484319468	0.455764942	0.421246702	0.386369475	0.354547429	0.326406252	0.300264817	0.277951976	0.259651291	0.245496464	0.23261211
8542	0.164788092	0.166481254	0.171916971	0.186544891	0.213085812	0.244650449	0.270614653	0.289501668	0.303317985	0.314766074	0.318026653	0.31295746	0.301708233	0.29051184	0.282030587	0.277710524	0.275163144	0.273351136	0.271641953	0.272301799	0.27596853	0.284391558	0.298929688	0.318570034	0.340399772	0.362547529	0.382571537	0.403625277	0.434308532	0.47863513	0.533752713	0.586368207	0.623491782	0.648443128	0.662402334	0.669037069	0.669876515	0.666018626	0.658774001	0.649941131	0.641398592	0.632882611	0.623833206	0.615817942	0.609253468	0.604983027	0.60022435	0.595444473	0.588563614	0.580302223	0.570715144	0.561135864	0.551500568	0.54222553	0.534854434	0.529706222	0.526077091	0.525597086	0.52660635	0.524769779	0.510111969	0.482656448	0.449459501	0.415327902	0.38466758	0.356776516	0.331228536	0.309258786	0.291246473	0.277067322	0.264239456
8543	0.144115372	0.145334243	0.150054264	0.163613457	0.188390498	0.218497517	0.243876578	0.262788844	0.276585601	0.288066936	0.291470736	0.286438251	0.275356738	0.26444626	0.256319929	0.251765846	0.249122492	0.247358864	0.245429505	0.245409694	0.248306835	0.255972556	0.269581683	0.288200318	0.309056578	0.330447374	0.349866732	0.369548018	0.397311188	0.437191051	0.486946855	0.534845394	0.568985344	0.592426526	0.605513053	0.611878721	0.613012835	0.610018398	0.604093478	0.596905047	0.590003342	0.583214716	0.575484694	0.568580591	0.563111303	0.559860844	0.555992553	0.552052813	0.546098192	0.538821553	0.530263321	0.521572065	0.51278176	0.504028748	0.497067149	0.492404386	0.488703849	0.487906073	0.488639255	0.487496562	0.474532637	0.449496047	0.418533769	0.387482262	0.358305391	0.332951833	0.309072101	0.28803626	0.271414786	0.257643319	0.244895477
8544	0.116190968	0.11688182	0.121135001	0.132117349	0.152102552	0.176477127	0.197357897	0.211992921	0.222749815	0.231685988	0.233701657	0.229141581	0.219967538	0.210888758	0.204591747	0.201147752	0.198615211	0.197061246	0.195961119	0.196323813	0.19883518	0.205528063	0.217185865	0.233220062	0.251477601	0.270023784	0.286676572	0.304230961	0.330718642	0.369912677	0.420739712	0.471209356	0.507965468	0.532351346	0.546685486	0.553694281	0.554391296	0.551266093	0.544258197	0.534577191	0.525987874	0.517147836	0.508711213	0.501730017	0.49470177	0.490199023	0.485199022	0.480891955	0.474003452	0.465672539	0.456996075	0.447231522	0.438817317	0.430476854	0.422965776	0.418178604	0.416000908	0.41685857	0.419786733	0.419763717	0.41032653	0.39101759	0.366451667	0.340535591	0.316051874	0.29335583	0.272108146	0.253933236	0.238981524	0.226602545	0.215333085
8549	0.16614106	0.168279252	0.174899465	0.191421201	0.221052684	0.255680638	0.283448933	0.302340853	0.316358336	0.327768388	0.330793192	0.325457578	0.31494295	0.304276237	0.297140739	0.29342349	0.290781547	0.289235115	0.288783147	0.29044719	0.295141017	0.305483932	0.322006771	0.343803585	0.36737261	0.390383088	0.410738099	0.433105602	0.467108808	0.515449126	0.57204597	0.621820389	0.654733282	0.675840983	0.688232807	0.694461322	0.694645956	0.690979991	0.683839184	0.67398757	0.664910231	0.655525448	0.646590736	0.639106565	0.631536675	0.626383309	0.620597904	0.615603774	0.608772666	0.600719084	0.59256644	0.583233428	0.574829677	0.566558455	0.55871877	0.553394802	0.549882815	0.548871997	0.548864115	0.543687148	0.525859024	0.496151236	0.461604661	0.426172724	0.393840087	0.364861156	0.338014184	0.314902504	0.29550019	0.280443957	0.267008171
8552	0.118305144	0.119188508	0.124332452	0.138351678	0.164113033	0.196790683	0.22609035	0.248864025	0.26655313	0.280815048	0.285586666	0.280176707	0.267385618	0.254551251	0.244847667	0.24018722	0.237396494	0.234679943	0.231700428	0.23064258	0.23231819	0.238867112	0.25187608	0.271838366	0.295456042	0.320156873	0.342495237	0.363310544	0.390341906	0.428938144	0.480924803	0.536096168	0.57901871	0.608767599	0.626301594	0.635162973	0.637344076	0.635587912	0.630647996	0.62356232	0.616927177	0.609898449	0.602756447	0.596827283	0.591898893	0.589555604	0.586275597	0.582905492	0.576672652	0.568297055	0.558522787	0.547748667	0.5376798	0.527860376	0.519299823	0.513552667	0.509812424	0.509196691	0.51028103	0.506599117	0.488195374	0.456071892	0.417423841	0.378975202	0.34384169	0.313221736	0.284927993	0.26104215	0.241946139	0.226547428	0.213337422
8556	0.15112552	0.152024083	0.156403848	0.168160686	0.189930556	0.215443445	0.236252292	0.250141555	0.260280342	0.26838559	0.269747411	0.264925067	0.25629887	0.24686348	0.240801166	0.237187705	0.234268845	0.232727747	0.2322834	0.233270244	0.23661212	0.244790961	0.258396737	0.276084557	0.295476064	0.315013768	0.332661448	0.352410148	0.384446796	0.432414206	0.491391989	0.546311491	0.584664458	0.609347841	0.623358451	0.630037679	0.629746191	0.62481418	0.615892443	0.60384909	0.592540985	0.580638557	0.569635878	0.560168385	0.550814729	0.544234516	0.537124313	0.530754118	0.522560106	0.513501642	0.504559625	0.494696253	0.485589166	0.476918998	0.469355912	0.464437348	0.462142477	0.462835768	0.465444472	0.465448653	0.456261592	0.437240028	0.41374513	0.388255648	0.364553199	0.342149039	0.321403216	0.303596142	0.287425099	0.274435872	0.263014141
8557	0.144217496	0.144610278	0.14828657	0.159689535	0.180897951	0.206846451	0.228455356	0.244307826	0.255759778	0.265622734	0.268384299	0.263478002	0.253110327	0.242937062	0.235175196	0.231041325	0.228426284	0.226399181	0.224354093	0.224294297	0.226922869	0.233698942	0.245870321	0.262622167	0.28130162	0.300627867	0.318142389	0.336381141	0.36282816	0.401150571	0.449766574	0.497168664	0.531633579	0.55544231	0.56883226	0.575260081	0.576191192	0.572969182	0.566655069	0.558953208	0.551518878	0.544085822	0.536276045	0.529409886	0.523923472	0.520746809	0.516973832	0.512894244	0.506718259	0.499230409	0.490338955	0.48138387	0.472433696	0.463581233	0.456701081	0.451852786	0.448226735	0.447544653	0.449402442	0.45064499	0.442485438	0.423091871	0.398422605	0.372899149	0.349497786	0.328159854	0.307763884	0.289657825	0.275024744	0.262375548	0.250840067
8558	0.132466524	0.133382041	0.138306818	0.151978017	0.176862842	0.208175887	0.235689553	0.257185928	0.273776205	0.28696564	0.291218198	0.285946872	0.274083762	0.262427139	0.253500715	0.249327748	0.246837048	0.244349985	0.241700311	0.240836308	0.242586994	0.24887043	0.26123621	0.279854657	0.301749859	0.324881525	0.345774694	0.365430425	0.39125614	0.428558849	0.479223952	0.533113875	0.576348437	0.607227286	0.625621216	0.634923445	0.637418596	0.635538962	0.6303321	0.623308616	0.61631683	0.608958154	0.601320186	0.594971147	0.589951166	0.587387468	0.584009251	0.580169643	0.573701784	0.565002882	0.554556852	0.543581782	0.532828561	0.522515524	0.513783654	0.508097991	0.50439607	0.503919933	0.505721981	0.504054872	0.487904603	0.457641282	0.421478881	0.384266412	0.35185897	0.321905955	0.295027567	0.271797915	0.253149093	0.23885324	0.225707697
8561	0.174571164	0.175909514	0.181661579	0.196434661	0.22366778	0.25648449	0.283372562	0.302052286	0.315803023	0.326757142	0.329455508	0.323698723	0.312201005	0.301150803	0.293106354	0.288861942	0.285971591	0.283971315	0.282836544	0.284012905	0.288277389	0.297870249	0.313769119	0.335348199	0.359138962	0.382593651	0.403628703	0.42619965	0.460950454	0.511444568	0.572890752	0.629122361	0.66705473	0.691226779	0.705077605	0.711851414	0.712165297	0.70792891	0.699824592	0.688996522	0.679008692	0.668670158	0.658952864	0.650458958	0.642398049	0.63695164	0.630889991	0.625400084	0.617827362	0.60869372	0.598973037	0.58828636	0.578724761	0.569328833	0.560793496	0.555267995	0.551969556	0.551545677	0.552640996	0.549902197	0.534115987	0.506331264	0.473146463	0.438677065	0.407796115	0.379382878	0.353190802	0.330631455	0.311525744	0.296881276	0.283243557
8570	0.171244888	0.172893066	0.178384379	0.19407479	0.222889632	0.257727126	0.286974625	0.308507411	0.324606153	0.337657588	0.341468312	0.335719585	0.322714043	0.309824551	0.300337803	0.295035018	0.291923617	0.289904805	0.287816561	0.287905367	0.291456708	0.300424662	0.316078419	0.337766577	0.362053433	0.386929579	0.409474618	0.432644521	0.465339018	0.512841713	0.571836699	0.628374983	0.668288239	0.69499243	0.709781737	0.716887709	0.717863142	0.714472681	0.707446474	0.698971747	0.690561907	0.682152158	0.672902291	0.664695891	0.658044659	0.653827862	0.648943545	0.643940222	0.636664069	0.627901887	0.617741814	0.607371776	0.596948877	0.586878452	0.578581523	0.572796543	0.568639692	0.567825206	0.568566443	0.565798304	0.548219846	0.516399722	0.478013406	0.439833627	0.406053317	0.375173738	0.347456794	0.32337571	0.304095687	0.28808308	0.274169751
8571	0.184339422	0.185466486	0.190472187	0.205472456	0.233337079	0.267687741	0.29693884	0.318723043	0.334930287	0.34816847	0.351977131	0.345949298	0.333026604	0.320182588	0.310527121	0.305164674	0.301974755	0.299611301	0.297097397	0.296667497	0.29958759	0.307918295	0.323180013	0.344625077	0.368833366	0.393743561	0.416296648	0.438826901	0.469942735	0.515331783	0.57266653	0.628174272	0.668162976	0.695011591	0.709985991	0.717326583	0.718701011	0.715502264	0.708982555	0.700911143	0.693051826	0.685052425	0.676376606	0.668654797	0.662682647	0.659166426	0.654634523	0.649817632	0.643081195	0.634502853	0.624432125	0.614012557	0.603571852	0.593318118	0.584858852	0.579318126	0.575427069	0.57468909	0.575539322	0.573663377	0.557726837	0.527564306	0.491481833	0.455066197	0.422483955	0.392992298	0.365744389	0.342407898	0.323401477	0.308352837	0.294806679
8582	0.13638017	0.137536805	0.141992452	0.154329229	0.176626377	0.203044602	0.224641873	0.240255027	0.25140548	0.26096746	0.2634703	0.258944017	0.249267812	0.239823101	0.23268787	0.228819226	0.226547571	0.22501025	0.223535673	0.224148764	0.227320809	0.234641943	0.247272891	0.264315659	0.283197967	0.302584687	0.320343323	0.339180638	0.367663284	0.409487534	0.462085564	0.512593681	0.548618298	0.573046065	0.586560993	0.593096894	0.59387025	0.589786183	0.582185239	0.57323773	0.564407187	0.555757567	0.546558281	0.538383471	0.531891593	0.52776285	0.522938971	0.518087112	0.511340692	0.503180072	0.493835949	0.484594009	0.475321013	0.466317744	0.459295184	0.454648596	0.451559683	0.45156605	0.453410688	0.454219229	0.444571618	0.42348728	0.39722889	0.369075361	0.343827084	0.320805559	0.299122493	0.279792834	0.264491716	0.251139552	0.239263234
8583	0.127229188	0.128442385	0.133965781	0.147697677	0.172626259	0.203084937	0.229189364	0.247574429	0.261246223	0.272459483	0.275527817	0.270476176	0.259766778	0.24911494	0.241603885	0.237687828	0.235011024	0.233211562	0.231802708	0.232288643	0.235351266	0.243304692	0.256951606	0.276301202	0.298338377	0.320693319	0.340792055	0.361658036	0.392151665	0.437498393	0.496707383	0.556265299	0.600625576	0.629979814	0.647130672	0.655497616	0.65667685	0.653138202	0.645252725	0.634523901	0.624458681	0.614130143	0.604255074	0.596072954	0.588224388	0.5829901	0.577235304	0.571972215	0.564170622	0.554349923	0.54378892	0.53215796	0.521666533	0.511606321	0.502458175	0.496597742	0.49357447	0.493792189	0.495923	0.493535147	0.477880734	0.449516284	0.415013356	0.380247542	0.347843296	0.318929496	0.292667032	0.269880253	0.251480518	0.235995464	0.223606564
8584	0.165851949	0.167377263	0.172934502	0.18858623	0.217199448	0.252361366	0.282166263	0.304611318	0.321637566	0.335564926	0.339911778	0.334211388	0.32141835	0.308662388	0.299202073	0.294235623	0.291417813	0.289183604	0.286720739	0.2864292	0.289512598	0.297974416	0.313188717	0.33474424	0.35919748	0.384314313	0.407068401	0.429597649	0.460583444	0.505413471	0.562327379	0.618103867	0.65823148	0.685181357	0.700211253	0.707442248	0.708966879	0.706099454	0.700048238	0.692556654	0.685112971	0.677515389	0.669282663	0.662151657	0.656403413	0.653017534	0.648910337	0.644618309	0.637982461	0.629609724	0.619615332	0.609126674	0.598685536	0.588588857	0.580164055	0.574109557	0.569603582	0.568204454	0.568172252	0.564462944	0.545531999	0.512017393	0.472629988	0.433524607	0.398432742	0.36700752	0.338268451	0.314048075	0.294136273	0.278568573	0.264799858
8585	0.100024828	0.101162921	0.105742664	0.11840536	0.141401631	0.169756263	0.194735983	0.214154128	0.22890179	0.241083489	0.244782837	0.239541887	0.227917214	0.21658723	0.208091639	0.203613677	0.201064159	0.199268225	0.197087919	0.196623344	0.198973868	0.20599209	0.21887536	0.237445314	0.259071108	0.282044888	0.303372513	0.324681131	0.354291396	0.39817713	0.456521391	0.517551792	0.565060703	0.59845745	0.617623255	0.627176878	0.629729958	0.626880682	0.620159226	0.611644758	0.603100143	0.594585566	0.585135527	0.576916502	0.570619009	0.566785772	0.562243453	0.557384978	0.549875533	0.540236281	0.528475295	0.51659502	0.504536215	0.492977397	0.483677353	0.477030545	0.472549908	0.47209896	0.474259776	0.474595891	0.460004268	0.430645621	0.394889858	0.359447311	0.327053004	0.297650413	0.270808953	0.2476268	0.229129113	0.214484215	0.201735173
8587	0.130062228	0.131209328	0.135732647	0.148479506	0.171819025	0.200347269	0.224916622	0.243360639	0.257068402	0.268497678	0.27187004	0.267104048	0.256185514	0.245514498	0.237373933	0.232894315	0.230239533	0.228487277	0.22658364	0.226420138	0.229246809	0.236729196	0.249974542	0.268269176	0.289151664	0.310801969	0.330646994	0.350832415	0.379174562	0.420823974	0.474068034	0.527140293	0.566194519	0.59316793	0.608387663	0.615771904	0.617399412	0.614338829	0.607941405	0.600092849	0.592428642	0.584950157	0.576494065	0.569068673	0.56324175	0.559770363	0.555553715	0.551230873	0.544828072	0.536840206	0.52748276	0.517920548	0.508111464	0.498648334	0.491074718	0.486069231	0.482309852	0.48167975	0.482821039	0.482359449	0.469941159	0.444605235	0.413747096	0.381509158	0.35272903	0.326194327	0.301760781	0.280119363	0.262516693	0.24843924	0.235234676
8588	0.121777803	0.123041223	0.128212304	0.142433231	0.168169012	0.200366442	0.228794971	0.250410549	0.267050787	0.281035553	0.285908644	0.280881936	0.267958744	0.254832116	0.245061085	0.240202311	0.23739186	0.235008492	0.232247357	0.231514979	0.233613877	0.240269725	0.253230197	0.272499974	0.295122067	0.319123396	0.341096135	0.36221099	0.390171599	0.430247853	0.484223494	0.542125443	0.587979798	0.620421819	0.639329439	0.648746496	0.651096224	0.648616988	0.642496996	0.634544527	0.626743717	0.618733327	0.610364182	0.603298302	0.597726306	0.594693566	0.591035249	0.586973162	0.580215749	0.571252658	0.560608415	0.549481469	0.538498947	0.528180313	0.519658144	0.513952527	0.510259419	0.510003299	0.511609043	0.509474723	0.492237348	0.460224396	0.421417953	0.382452409	0.346854514	0.316000567	0.287774491	0.264170839	0.24410238	0.229561612	0.216118412
8589	0.130609396	0.131254601	0.135401285	0.14662236	0.168245389	0.195447426	0.218972909	0.235627898	0.248514789	0.259153407	0.261935398	0.256915488	0.246971603	0.235845305	0.228997372	0.225135562	0.221935272	0.220184204	0.218998134	0.21913907	0.221513244	0.228975532	0.2423118	0.260416557	0.280902406	0.301952304	0.321016449	0.340826907	0.369716889	0.412697528	0.467535156	0.521456595	0.561284854	0.587611555	0.60279026	0.610392457	0.611238146	0.608381358	0.602395802	0.593308465	0.584574751	0.575337934	0.567002991	0.559945516	0.553137998	0.548997034	0.543900079	0.538991091	0.53207956	0.523867701	0.515187646	0.505245827	0.495643601	0.486246878	0.478356707	0.472922175	0.469798774	0.469434572	0.471346693	0.471279217	0.460139112	0.436746626	0.407960634	0.377975918	0.350422023	0.325024219	0.30126001	0.280681324	0.262601861	0.249124392	0.236477018
8590	0.136452873	0.138044324	0.143123574	0.157343	0.182948074	0.214262982	0.241712906	0.262203365	0.277618503	0.29087388	0.295344723	0.290545099	0.278048007	0.265261455	0.255946526	0.250685001	0.247624717	0.245609539	0.243197087	0.242545925	0.244849986	0.252046883	0.265271758	0.284097381	0.305931524	0.329028028	0.350219498	0.371046844	0.399071956	0.439697761	0.492516633	0.547331454	0.58934001	0.618717556	0.635289673	0.643239833	0.645157191	0.642288949	0.635979216	0.628230532	0.620633715	0.613152847	0.604656589	0.597251713	0.591559889	0.588201707	0.58415714	0.580054616	0.573480055	0.565090302	0.555008744	0.54476378	0.534446453	0.52446226	0.516672605	0.511221151	0.507581666	0.507307294	0.508672289	0.507478812	0.492175085	0.462412161	0.425919479	0.389111629	0.356004143	0.326675685	0.300055076	0.276987593	0.258381769	0.244225291	0.231648435
8593	0.071376174	0.072010437	0.076161226	0.087130924	0.106771025	0.131520263	0.15396287	0.171019051	0.184055013	0.195142069	0.198483094	0.193908771	0.183337683	0.17312352	0.165566971	0.162041802	0.159777472	0.157867372	0.15586485	0.155620593	0.157310773	0.162794197	0.173325591	0.188961095	0.207753745	0.227620005	0.245910322	0.263887138	0.288795295	0.325379555	0.376298651	0.432212024	0.477811736	0.510416152	0.53028398	0.540553751	0.54330028	0.541406892	0.535674602	0.527226261	0.519171229	0.511029926	0.502923124	0.496141468	0.490115769	0.486837478	0.482995194	0.479196367	0.472250932	0.462852091	0.452035805	0.440271496	0.4296299	0.419450047	0.410461555	0.404428939	0.401217177	0.401755933	0.405368717	0.406452084	0.394953827	0.370429133	0.339782815	0.307838608	0.278807887	0.252492999	0.22847987	0.207365843	0.190160897	0.176425808	0.164874714
8594	0.10381009	0.10450818	0.108896408	0.121015132	0.142934747	0.17058618	0.195340624	0.214860482	0.229908504	0.242033683	0.245937273	0.240940486	0.229397959	0.218013982	0.209447831	0.205288093	0.202827155	0.200482324	0.197843282	0.196862484	0.19831923	0.203920042	0.214967014	0.23213298	0.252661284	0.274586545	0.294548994	0.313518418	0.338534563	0.37469422	0.424512618	0.478829735	0.522925184	0.554412583	0.57321062	0.582819106	0.585392966	0.583637976	0.578579716	0.571527865	0.564695362	0.55738938	0.549803564	0.543518993	0.538422737	0.535813318	0.532437589	0.528802446	0.522326453	0.513553517	0.50298587	0.491817442	0.481159039	0.471019922	0.462415367	0.456862885	0.453728554	0.454073601	0.457147002	0.457139536	0.443607452	0.416675791	0.383224744	0.349425339	0.318131881	0.290447891	0.265295221	0.243171215	0.22620353	0.21193671	0.199491899
8595	0.106763413	0.107913031	0.112869108	0.125704617	0.148683808	0.177135775	0.201967267	0.220527683	0.234583908	0.245921239	0.24946313	0.244670915	0.233939248	0.223479506	0.215584154	0.211867717	0.209610603	0.207496304	0.205561104	0.205447638	0.207843021	0.214455261	0.226533117	0.244157013	0.264447833	0.285526566	0.304562602	0.323206341	0.349513868	0.387824466	0.439312984	0.493277316	0.535312049	0.564790229	0.582533187	0.591493157	0.593532708	0.591196136	0.585196794	0.57682812	0.568868879	0.560599368	0.552464035	0.545657061	0.53975008	0.536411577	0.532230462	0.528354777	0.52166795	0.512929501	0.502980208	0.492279713	0.482362206	0.47288545	0.464545984	0.45918418	0.456107916	0.45607293	0.457947484	0.456197951	0.441639912	0.414699093	0.382049309	0.348187968	0.31743495	0.289602339	0.264409962	0.242838527	0.22580933	0.211155985	0.19905084
8596	0.08785105	0.088917918	0.093542677	0.105793988	0.127622296	0.154704916	0.178700166	0.197289551	0.211431041	0.222949167	0.226385813	0.221414245	0.210322331	0.199513127	0.191310708	0.187358564	0.185159209	0.183183835	0.18092834	0.180561343	0.182648288	0.18893482	0.200639584	0.21803325	0.23855446	0.26019521	0.280073478	0.299766965	0.327033566	0.367425673	0.422074409	0.480462979	0.526612436	0.559296469	0.578489944	0.587996853	0.590461235	0.588020943	0.581849293	0.573504313	0.565258173	0.556794412	0.547963605	0.54032556	0.534004997	0.530302388	0.526326008	0.522008306	0.514789967	0.505207894	0.493927702	0.482220947	0.471038127	0.460610097	0.451910663	0.446216365	0.442696184	0.443018395	0.445980571	0.445929477	0.432287411	0.404935364	0.371361064	0.336557877	0.305584246	0.277508367	0.251605662	0.229053149	0.211123098	0.196988849	0.184245934
8597	0.154024506	0.155570653	0.161434753	0.176776425	0.204511437	0.238157542	0.266816829	0.288042592	0.304005491	0.316618594	0.320377932	0.314891143	0.302558317	0.290439903	0.281262605	0.276809896	0.274201093	0.271908288	0.269794504	0.269766919	0.272784198	0.280539201	0.294627897	0.314875525	0.3379918	0.361577527	0.382699206	0.403641046	0.432710938	0.474356983	0.528273883	0.582335957	0.622192045	0.648903747	0.664325289	0.671882026	0.673192533	0.670301185	0.664223413	0.65607313	0.648285265	0.640390254	0.632330656	0.625399662	0.619402231	0.615921611	0.61171713	0.60757558	0.600927452	0.592528406	0.582741421	0.572527147	0.56293913	0.55379499	0.545818599	0.540685057	0.537455172	0.53726406	0.53835835	0.534344053	0.516228116	0.485087262	0.447709202	0.409957624	0.376009595	0.345240889	0.317600797	0.294118475	0.275994253	0.260589186	0.247290231
