4456	0.156080859	0.156516031	0.160895846	0.173673913	0.198522986	0.229927295	0.258632013	0.280428764	0.298232022	0.312276275	0.318472511	0.312995652	0.300670022	0.288279786	0.279216491	0.273432593	0.270401304	0.267776941	0.265336147	0.263559613	0.26488992	0.271756041	0.28444741	0.304012582	0.328130397	0.353369214	0.376600771	0.397820095	0.42310991	0.462264177	0.513696769	0.565747649	0.608134107	0.635025738	0.648973181	0.655862556	0.658590619	0.657498177	0.652598564	0.645809665	0.638506403	0.631237486	0.624027709	0.617780603	0.612786816	0.609469569	0.606383446	0.601974913	0.597092706	0.589747568	0.579669337	0.56812616	0.558221255	0.549264317	0.541814362	0.537162411	0.533958196	0.533228972	0.534733984	0.532784177	0.518591096	0.49037458	0.454661304	0.418266376	0.384779199	0.355355459	0.329910052	0.307809497	0.288770854	0.272932177	0.259824421
8249	0.122577985	0.122784539	0.126695513	0.138472756	0.160562474	0.187988998	0.213702008	0.233390173	0.249585922	0.263267014	0.269565248	0.264983754	0.254165038	0.242974871	0.234360165	0.228747007	0.226014381	0.223588887	0.221020037	0.219014482	0.219297208	0.224601232	0.234927203	0.251447628	0.272306575	0.294714829	0.315838753	0.334347113	0.355042392	0.386880643	0.430940316	0.478838768	0.52131842	0.550488988	0.566384398	0.574327164	0.577546987	0.57716851	0.572851515	0.566966418	0.560541309	0.55379608	0.547065866	0.54148651	0.537457147	0.535018789	0.532646921	0.528987311	0.524937547	0.518189876	0.508611148	0.497553363	0.488191932	0.479683777	0.472533208	0.468193896	0.465767399	0.465976842	0.468359552	0.468043487	0.456041628	0.430781614	0.398317509	0.364599762	0.333261587	0.305906895	0.282420314	0.262538854	0.244524315	0.230710799	0.21822837
8539	0.144789179	0.145320661	0.148778189	0.158490577	0.17699845	0.199047002	0.217513414	0.23021676	0.240032588	0.247868796	0.250805015	0.246298271	0.238201289	0.230660572	0.225052196	0.220942435	0.218835022	0.217296132	0.216368936	0.216459141	0.218959208	0.225710603	0.236545577	0.252206748	0.270349057	0.28879055	0.306208275	0.324100688	0.349474551	0.391106962	0.443676508	0.49374994	0.532140275	0.555592509	0.567449304	0.5728022	0.574009552	0.570794334	0.562843981	0.552948959	0.542712487	0.532668074	0.52293472	0.514185832	0.506936947	0.501613358	0.496736162	0.490825451	0.485039773	0.477535516	0.467866738	0.457155241	0.448048919	0.440222868	0.433876396	0.430448571	0.42828967	0.428504945	0.431243044	0.432156488	0.425431557	0.409475807	0.387716808	0.3641691	0.342046564	0.321633827	0.303578814	0.287171361	0.272505095	0.25983516	0.248807959
8540	0.177497095	0.177212753	0.179934901	0.188589395	0.206291035	0.227524089	0.244787992	0.25662714	0.265392323	0.271670883	0.273473614	0.268544304	0.259657874	0.251241037	0.245102647	0.240742079	0.238123242	0.236090378	0.234766091	0.234330209	0.23695609	0.244000494	0.25509411	0.270871132	0.289414245	0.307859299	0.325044104	0.343287382	0.370617963	0.415274809	0.470240643	0.521178267	0.558955274	0.581510809	0.592603505	0.597362503	0.598314622	0.594072603	0.584596724	0.573227306	0.561434158	0.550422316	0.540384812	0.531046259	0.522764026	0.516360616	0.510865583	0.504694587	0.498463864	0.49070262	0.481184648	0.470790551	0.461759526	0.454141072	0.448150038	0.4450174	0.443069044	0.443176369	0.445935567	0.447847091	0.443847411	0.43236098	0.415395844	0.39630047	0.377656808	0.360553339	0.344874438	0.330886652	0.317909053	0.306094344	0.296235599
8541	0.153681761	0.154769338	0.15969419	0.172436051	0.196667119	0.226564138	0.25266645	0.271921722	0.287083452	0.298933994	0.304150383	0.299335798	0.288520924	0.277742723	0.269998855	0.265134561	0.262528966	0.260500313	0.258839188	0.257961528	0.260257712	0.267709268	0.280313127	0.298911219	0.321256317	0.344083042	0.365044253	0.384903194	0.410453912	0.451008907	0.503256119	0.555103064	0.596743886	0.623175003	0.636901305	0.643447646	0.645796058	0.643937098	0.637534458	0.629282479	0.620462697	0.612061844	0.604055826	0.596755614	0.590585262	0.586158343	0.58227941	0.577269746	0.571887269	0.564141812	0.553965316	0.542530457	0.532753434	0.524000313	0.516840638	0.512502759	0.509572437	0.508753799	0.509844713	0.507758112	0.494508912	0.468397525	0.435069058	0.400835443	0.369108329	0.341647093	0.317159311	0.296000889	0.278537067	0.262559377	0.250477812
8542	0.174861831	0.17632308	0.181372512	0.194463206	0.21925052	0.249272663	0.274553344	0.292374583	0.30624705	0.317052847	0.321684393	0.316883199	0.306394238	0.296117816	0.28869385	0.284003312	0.281536446	0.279652795	0.278490461	0.27839457	0.281640635	0.289994351	0.303404568	0.322465922	0.344578173	0.366726527	0.387053546	0.407274628	0.434607389	0.477547848	0.530351533	0.579643733	0.616948629	0.639590442	0.650892047	0.656118418	0.657757279	0.655117117	0.64808092	0.639255511	0.630011779	0.621274919	0.612901252	0.605229186	0.598611606	0.593751948	0.589489425	0.584271845	0.578983267	0.571702956	0.562333509	0.55181383	0.542787216	0.534886926	0.528461864	0.524706136	0.521929369	0.520870952	0.521716414	0.51973514	0.507546016	0.483811335	0.452955953	0.420725266	0.390842699	0.364390107	0.341177601	0.320766879	0.302921106	0.287687004	0.275023178
8543	0.157663542	0.158551323	0.163190023	0.175267586	0.198768109	0.227876764	0.253056997	0.27134281	0.285608508	0.296587508	0.301203376	0.296282333	0.285724938	0.27536893	0.26800283	0.263299097	0.260772633	0.258818223	0.257256401	0.256471835	0.259163434	0.26692049	0.279831704	0.298430433	0.320296202	0.342164884	0.3621603	0.381462244	0.407054536	0.446825577	0.496096442	0.542494479	0.577870041	0.599691609	0.610932749	0.616276019	0.618309887	0.616465788	0.610580187	0.602983578	0.594827343	0.587241033	0.580181468	0.573587429	0.567832924	0.563693561	0.560109395	0.55557714	0.55079672	0.54408406	0.535246104	0.525202243	0.516572992	0.508822936	0.502617651	0.498947812	0.49592727	0.4947303	0.495484248	0.494109348	0.48282511	0.460304226	0.431192852	0.400735569	0.372485415	0.346922274	0.324722611	0.304992737	0.287491513	0.273667477	0.260875726
8544	0.136717529	0.137362543	0.141061506	0.151525792	0.170993846	0.194386306	0.21440648	0.228481785	0.239280898	0.248203024	0.251603279	0.24714296	0.238710797	0.230617949	0.224478482	0.220125686	0.217888491	0.216247603	0.215215654	0.215124804	0.217424271	0.224162392	0.234994005	0.25066761	0.268982501	0.287878282	0.305765713	0.323315644	0.346928072	0.385281494	0.434606061	0.482627181	0.520313104	0.543509968	0.555257762	0.56066328	0.562153206	0.559625912	0.552718829	0.54415628	0.535201268	0.526230615	0.517418533	0.509669492	0.503412329	0.498919112	0.494694758	0.489450955	0.484459561	0.477437252	0.46832702	0.458153066	0.449249239	0.441556358	0.435309002	0.43199563	0.429952186	0.430182046	0.432421811	0.432692762	0.424918672	0.407490836	0.383986791	0.358694403	0.334729979	0.312927317	0.293806612	0.277053884	0.26223826	0.248311945	0.237504909
8549	0.176443861	0.178471004	0.184556301	0.200269981	0.228858696	0.262350916	0.289685382	0.307944966	0.322008416	0.333301571	0.337879445	0.33270742	0.322923299	0.313566668	0.306397455	0.301679406	0.299494241	0.298053992	0.297550147	0.298646357	0.303193323	0.313436505	0.329121009	0.350477942	0.374165058	0.397163934	0.418604783	0.440804973	0.471546886	0.518264389	0.572703951	0.620315249	0.654514416	0.674761176	0.684998629	0.689743972	0.690702046	0.687744971	0.680611504	0.67152466	0.662000397	0.652626665	0.643463573	0.635427786	0.628652043	0.62355846	0.618646696	0.612824599	0.607689149	0.600943906	0.592135318	0.58221553	0.573746799	0.566053485	0.559499449	0.555210787	0.551882209	0.550342962	0.549977839	0.545475354	0.529774825	0.502660329	0.469459187	0.435247555	0.403500033	0.375206316	0.350131994	0.328888934	0.309895548	0.293465503	0.279736889
8552	0.124430404	0.12512267	0.129717557	0.142497041	0.166862794	0.197487992	0.225567318	0.24692278	0.26424524	0.278122576	0.284471481	0.279512583	0.267878986	0.256045303	0.247369489	0.241710251	0.238725239	0.236198535	0.233888288	0.232172806	0.233400033	0.240042335	0.252248672	0.27123286	0.294621396	0.319212916	0.341964288	0.362343588	0.386597742	0.424791758	0.475426665	0.527903728	0.571804182	0.600262831	0.615201417	0.622457982	0.625543148	0.624650468	0.619450159	0.61244075	0.604859338	0.597259955	0.58990615	0.583443807	0.578282132	0.574962733	0.571870171	0.567445729	0.562581631	0.555207853	0.545086164	0.53338182	0.523378592	0.514284484	0.50665888	0.502149572	0.499087702	0.498221257	0.499258702	0.496441388	0.481373009	0.452563178	0.416522831	0.379745434	0.345944953	0.316779348	0.290896037	0.269293188	0.250967331	0.235409582	0.222431019
8556	0.167456606	0.168205467	0.171982963	0.183309463	0.204443292	0.22916589	0.249443609	0.262849435	0.27300578	0.281337011	0.284120922	0.279253662	0.270917213	0.262984577	0.256723999	0.252122848	0.249858002	0.248290047	0.24756769	0.248265531	0.251493366	0.259593874	0.272242135	0.289772783	0.30945638	0.329127169	0.348070445	0.368163954	0.397253559	0.44426486	0.502051606	0.555357532	0.595401946	0.619451381	0.631412381	0.636685025	0.637346367	0.633121156	0.623717128	0.612287835	0.600435393	0.588522775	0.577096085	0.567022537	0.558614951	0.552122449	0.545993572	0.539105158	0.532915284	0.524980598	0.515066071	0.504345355	0.495078847	0.487005594	0.480416541	0.476626627	0.474412404	0.474684392	0.476963464	0.477172089	0.468889599	0.451912068	0.429157078	0.404346699	0.380967297	0.359402533	0.340093177	0.322872745	0.307297507	0.292980537	0.281488364
8557	0.158189545	0.158307462	0.161544669	0.171423971	0.191305612	0.215999126	0.237117379	0.252239512	0.264067003	0.273350392	0.27719623	0.272512004	0.262733478	0.253212917	0.246359195	0.241798535	0.239235132	0.237152775	0.235506567	0.234642706	0.236831809	0.243604783	0.254928103	0.27142301	0.290962051	0.310706956	0.328854386	0.346618428	0.370447179	0.408470777	0.456461442	0.502414861	0.53814048	0.560336092	0.57178065	0.577235048	0.579087539	0.576851729	0.570490784	0.562372515	0.553909693	0.545967712	0.538509325	0.531822606	0.526020588	0.521955886	0.518465066	0.513857185	0.509020537	0.502183916	0.493211276	0.483016592	0.474114413	0.466390431	0.460171159	0.456365664	0.453274931	0.452275468	0.453936228	0.454830032	0.448261355	0.431665061	0.408883391	0.38458238	0.36142999	0.340923553	0.322031305	0.305301286	0.290286894	0.276884638	0.266303875
8558	0.138606495	0.139256925	0.143840653	0.156443846	0.180655475	0.210834179	0.238113102	0.25895114	0.275755015	0.288863255	0.294720454	0.289723161	0.27860173	0.26750161	0.25941974	0.25432724	0.251655762	0.249278336	0.247035096	0.245376882	0.246643616	0.253159643	0.265181637	0.283699242	0.306491252	0.330382501	0.352153694	0.371946784	0.395721414	0.433444091	0.4840766	0.536578468	0.580766948	0.609898821	0.625557831	0.633408164	0.636533513	0.635431101	0.630104215	0.622686695	0.614636452	0.606858315	0.599155875	0.592488721	0.587200644	0.583695897	0.58044843	0.575748299	0.5703963	0.562439495	0.551720643	0.539517112	0.528939876	0.519486583	0.511785469	0.506689366	0.503064457	0.502047471	0.50340406	0.501879886	0.487828864	0.459788354	0.424886244	0.389264302	0.356697535	0.327962487	0.302843881	0.28140471	0.263149816	0.247481602	0.234470128
8561	0.184096862	0.185488674	0.190586979	0.204589139	0.230953879	0.262580965	0.288972293	0.306958837	0.320823329	0.331705419	0.335916029	0.330333781	0.319697238	0.309509461	0.301856267	0.296711492	0.294068731	0.292225983	0.291247586	0.29173778	0.29570283	0.305395899	0.320616658	0.34184126	0.365922917	0.389728554	0.412007724	0.435026683	0.467095737	0.517166515	0.577502932	0.632207415	0.672233595	0.695751194	0.707390189	0.712573824	0.713526118	0.710041926	0.701756286	0.69145647	0.68081799	0.670261278	0.659985012	0.650830721	0.643156194	0.637350319	0.631856534	0.625402123	0.619202551	0.611146782	0.60069826	0.589225372	0.579508674	0.570730879	0.563398415	0.558799634	0.555437696	0.554527618	0.555538318	0.553000861	0.53924473	0.513373832	0.48094415	0.447623904	0.416544483	0.388979936	0.364630491	0.343470101	0.324666061	0.308326585	0.294928538
8570	0.17751678	0.178772587	0.184081605	0.198314967	0.225638805	0.259496971	0.288678776	0.309782779	0.326130741	0.338695705	0.344127471	0.338574304	0.326192011	0.313758263	0.304832692	0.299282623	0.29629082	0.294085963	0.292417597	0.29179148	0.295120611	0.30429067	0.319387109	0.340938804	0.366395826	0.391868323	0.415199632	0.438130315	0.468669615	0.515905958	0.573709182	0.627772746	0.66848348	0.692961825	0.705287361	0.711057376	0.713077587	0.710664095	0.703771046	0.694987437	0.685510748	0.676629478	0.668316918	0.660571386	0.65365288	0.648387812	0.643824254	0.638352849	0.632470091	0.62443258	0.61419103	0.602555289	0.592620285	0.583603598	0.576152045	0.571433823	0.568062708	0.566752544	0.5673768	0.564499615	0.548975347	0.519849443	0.483319227	0.445901821	0.411857929	0.381831413	0.355273008	0.33276105	0.31340699	0.297068402	0.283192617
8571	0.192303537	0.193014774	0.197890336	0.211702467	0.238781912	0.272715123	0.302285993	0.323844062	0.340744161	0.353715179	0.359208008	0.353316679	0.340789245	0.32828224	0.319225174	0.313528473	0.31034726	0.307769336	0.30566796	0.304514643	0.307185534	0.315836443	0.330650006	0.352222761	0.377961346	0.403716123	0.42718527	0.449853995	0.479138708	0.5245305	0.581126711	0.634788148	0.67570674	0.700725714	0.713362952	0.719500194	0.721608924	0.719416993	0.712959087	0.704559841	0.695693321	0.687279279	0.679054344	0.671822408	0.665627604	0.660957064	0.656794017	0.651614642	0.645898936	0.637834814	0.627414108	0.615758679	0.60570971	0.596525033	0.588968216	0.583903661	0.580389	0.579095285	0.579884773	0.577664686	0.563401841	0.53535608	0.500151038	0.463997346	0.431022979	0.401674887	0.376057273	0.353826951	0.334354956	0.318633194	0.304884929
8582	0.152446859	0.153392727	0.157691858	0.169116749	0.191061694	0.217625902	0.23993149	0.25566	0.2678105	0.277157719	0.281024369	0.276459388	0.266947248	0.257749134	0.251195884	0.24694661	0.244690229	0.243006931	0.241909867	0.241734958	0.244683653	0.252362367	0.264663667	0.282143588	0.302630499	0.323239646	0.342182345	0.361272608	0.387840149	0.430171981	0.482871776	0.532486271	0.570221555	0.593279699	0.604953343	0.610327465	0.611842105	0.608951794	0.601552681	0.592182237	0.582385871	0.573175286	0.564446081	0.556551271	0.549747627	0.544647995	0.540169466	0.53475014	0.529188848	0.521577878	0.512062585	0.501539644	0.4923201	0.484299264	0.477880858	0.474064445	0.471273196	0.470550531	0.472145904	0.472103842	0.463329411	0.443672436	0.417189949	0.38919592	0.363001922	0.339539079	0.318693474	0.300073702	0.283463337	0.26919901	0.257442402
8583	0.1406799	0.141966628	0.146865257	0.159754992	0.183705733	0.21260629	0.237622935	0.255172645	0.268761704	0.279637139	0.284162791	0.279256441	0.269507935	0.260036926	0.252900812	0.248040715	0.245591514	0.243740956	0.242552712	0.242475059	0.245288966	0.253241461	0.266168157	0.284858323	0.306729502	0.329053231	0.350135255	0.370742811	0.398174922	0.442674445	0.499994449	0.556479524	0.601481411	0.629532135	0.643653103	0.650165759	0.652042281	0.649076621	0.641212264	0.631327288	0.62087324	0.610380336	0.6002147	0.591313565	0.584082392	0.578752808	0.573773155	0.567633599	0.561444561	0.552929119	0.541906496	0.529746489	0.519231321	0.509897305	0.502153633	0.497572847	0.494751016	0.494406116	0.496100534	0.49448504	0.481530763	0.456105503	0.42356	0.389663223	0.358770529	0.330837429	0.306595786	0.28588831	0.267369028	0.252243025	0.239261715
8584	0.173289904	0.174480976	0.179831383	0.194190513	0.221774888	0.256122335	0.286153584	0.308074041	0.325493267	0.339120425	0.345098441	0.339673024	0.327495136	0.315407559	0.306683504	0.301203121	0.298328699	0.296048492	0.294156849	0.293161668	0.295892254	0.304609997	0.319416437	0.340950193	0.36652426	0.392217955	0.415761363	0.438304906	0.467232862	0.512202684	0.568480204	0.622191938	0.663289245	0.688291808	0.700978982	0.707015562	0.709270502	0.707525988	0.701567589	0.693653645	0.685199515	0.67710383	0.669393439	0.662470271	0.656492416	0.652164658	0.648312883	0.643219439	0.637778928	0.630005156	0.619650456	0.607787154	0.597674782	0.588340761	0.580534113	0.575413115	0.571393839	0.569422577	0.569365389	0.565401059	0.548503816	0.517592019	0.479360917	0.440909101	0.405318569	0.374327554	0.34763572	0.324637877	0.305179144	0.28815585	0.274798909
8585	0.107186872	0.107953032	0.112116572	0.12332019	0.145081776	0.172409877	0.196834508	0.215559921	0.230546715	0.242228207	0.247273896	0.242279772	0.231290214	0.220487074	0.212911009	0.208185355	0.205698506	0.203686749	0.201927845	0.200883385	0.202939517	0.209982901	0.222239078	0.240498853	0.262991763	0.286339458	0.308190869	0.329184022	0.356305488	0.400214431	0.457899297	0.516657013	0.564990089	0.596315058	0.612851355	0.620993986	0.624158578	0.622404357	0.61565297	0.606735119	0.597071577	0.587711072	0.578893658	0.570985568	0.564231237	0.559363687	0.55513515	0.549630035	0.54329196	0.534213454	0.522433276	0.509281475	0.497664	0.48731147	0.478672776	0.473087375	0.469436202	0.468525983	0.470642453	0.470761541	0.458885924	0.432754312	0.399203896	0.364717452	0.332659115	0.304537602	0.27966828	0.257974236	0.239270114	0.223943374	0.210956453
8587	0.147351132	0.148358777	0.152880949	0.164857574	0.188040999	0.217164799	0.242982497	0.262130238	0.277345251	0.289046835	0.294195242	0.289279709	0.278431783	0.267776387	0.26031199	0.255528342	0.252985088	0.250982641	0.24937877	0.248611008	0.25119834	0.258986585	0.271999709	0.291065563	0.313821078	0.336935851	0.35829838	0.378829718	0.405818958	0.448707098	0.503284635	0.55647829	0.59831102	0.624613178	0.638279544	0.645020559	0.647657127	0.645856005	0.639499594	0.631055508	0.622029309	0.613503788	0.605456255	0.598139793	0.591746391	0.587112394	0.583148376	0.578117715	0.572654003	0.565000463	0.555071779	0.543753061	0.533927021	0.525102873	0.517856493	0.513495293	0.510204581	0.508807353	0.509606295	0.508016026	0.495679653	0.470789086	0.438952031	0.405809362	0.374627741	0.347314459	0.323092512	0.301786536	0.283284904	0.26703061	0.254302581
8588	0.125392713	0.126262502	0.131010675	0.143838049	0.168354769	0.199054053	0.226882811	0.247767178	0.26456947	0.278152727	0.284594892	0.27992742	0.267932872	0.255640138	0.246805094	0.241221734	0.238308481	0.235972369	0.233846359	0.232362318	0.234042791	0.240946683	0.253278769	0.272166008	0.295448556	0.319908715	0.342647363	0.363508575	0.389082347	0.429606907	0.483516645	0.539792337	0.587117729	0.618086392	0.634339471	0.642211626	0.645385736	0.64380344	0.637466031	0.629134392	0.620179536	0.61152225	0.603318936	0.596062109	0.590125551	0.586097238	0.582482892	0.577496477	0.571888133	0.563651313	0.552637867	0.540051878	0.529365515	0.519738897	0.511814858	0.507183386	0.504109378	0.503308677	0.504708328	0.502772761	0.488137774	0.459091688	0.421903227	0.383975735	0.349175601	0.318952854	0.292730918	0.270596122	0.251647093	0.235068333	0.22248648
8589	0.142670819	0.143087534	0.146639862	0.157273276	0.177823105	0.203162161	0.225385344	0.241050633	0.253352164	0.263808531	0.268000329	0.26319214	0.253950942	0.245032049	0.23801214	0.233181168	0.230838527	0.229018407	0.227704059	0.227497694	0.229778406	0.23702629	0.249187571	0.266635643	0.286939024	0.307591123	0.32725222	0.346707764	0.372705666	0.414260816	0.467256422	0.518759016	0.559382275	0.584846388	0.598003854	0.604136048	0.605859096	0.603775412	0.596982911	0.58822618	0.579043151	0.569772733	0.560941411	0.553339292	0.54729079	0.542910373	0.538643188	0.533319589	0.528189708	0.520894842	0.511221665	0.500471352	0.491190134	0.48278589	0.475619396	0.471133758	0.468327854	0.467907197	0.469796737	0.469887812	0.46062985	0.440599057	0.414021881	0.385733064	0.358971586	0.335281581	0.314024167	0.295488199	0.278728785	0.264286733	0.25182121
8590	0.151644979	0.15261868	0.157576299	0.17033109	0.194592694	0.225007662	0.252031518	0.271955752	0.287741623	0.300225927	0.305962039	0.301279392	0.28957585	0.277527605	0.268958401	0.263604437	0.260773704	0.25848232	0.256426923	0.25506309	0.257053962	0.26418933	0.276730862	0.295355271	0.318111238	0.341554151	0.363169976	0.383450645	0.409184361	0.449677533	0.502129428	0.555051207	0.598115061	0.625642325	0.639820575	0.64652045	0.649115174	0.647326305	0.641010244	0.63274473	0.623818544	0.615410636	0.60761026	0.600503437	0.594361191	0.5900139	0.586315901	0.581353508	0.575922216	0.567999498	0.557590132	0.545848761	0.535729674	0.526730681	0.519473208	0.515338967	0.512586499	0.511842377	0.513179615	0.511688562	0.498496935	0.471796837	0.43745261	0.401779749	0.369304966	0.340950214	0.316176434	0.294831089	0.276764232	0.261873355	0.249175904
8593	0.085387917	0.085991093	0.089718331	0.099921044	0.119228051	0.142972086	0.164654999	0.181022589	0.194310631	0.205260488	0.210097444	0.205740238	0.196000012	0.186352155	0.179420541	0.174856103	0.17256424	0.170677464	0.168974522	0.167913261	0.16923645	0.174915238	0.184907061	0.200392872	0.219423173	0.239775996	0.259149813	0.27713852	0.299640586	0.336452972	0.386760098	0.440426305	0.486739524	0.517878542	0.534809789	0.543172681	0.546614067	0.545381381	0.539282049	0.531275054	0.522704773	0.514031714	0.505707012	0.498396622	0.492513325	0.488574703	0.485048127	0.480075071	0.474579485	0.466450616	0.455435425	0.442964167	0.432279417	0.422713424	0.414709572	0.410023903	0.4070948	0.407114724	0.410089525	0.411074997	0.40170906	0.379407676	0.349992778	0.318935968	0.290504482	0.265104072	0.24299145	0.22361298	0.206663031	0.192980473	0.18069217
8594	0.107488939	0.10801555	0.111964246	0.123138921	0.144564742	0.17142792	0.196146123	0.215344775	0.231025482	0.243441461	0.248912538	0.244078225	0.23307943	0.222096072	0.214200537	0.209087528	0.206380088	0.204107837	0.201942624	0.2002251	0.201223082	0.207120246	0.218040686	0.235253228	0.256881978	0.279912485	0.30135355	0.320939558	0.344459087	0.382178201	0.433504552	0.487959903	0.53455462	0.565648943	0.582399519	0.590766397	0.59421373	0.593213519	0.587833723	0.580427507	0.572305354	0.564165523	0.556293908	0.549378221	0.543827309	0.540158337	0.53683225	0.532115852	0.526595541	0.518347703	0.507177083	0.49451276	0.483613627	0.473915549	0.465870569	0.461079425	0.457935775	0.457728104	0.460245559	0.460140719	0.448340602	0.422659745	0.389799407	0.355572124	0.324502755	0.296971607	0.273041899	0.251953996	0.233865427	0.219081523	0.20634394
8595	0.118340881	0.119263352	0.123739086	0.135543219	0.157577384	0.184580012	0.208530782	0.226304391	0.240417887	0.2516435	0.256619093	0.252107211	0.242246031	0.232589839	0.225569046	0.220872966	0.218466568	0.216558664	0.214928943	0.214196608	0.216059113	0.2226752	0.234116079	0.251250176	0.27185463	0.293358782	0.31329981	0.332014814	0.355701268	0.394000527	0.444771912	0.496693718	0.539829794	0.567982627	0.583033545	0.590495854	0.593410467	0.591932991	0.585795053	0.577616579	0.568905709	0.560376048	0.552014941	0.54468594	0.538810247	0.534739098	0.531034065	0.526031212	0.520704214	0.513021609	0.502794692	0.491176744	0.481288681	0.472525269	0.465263641	0.460906349	0.457981357	0.457434466	0.458946405	0.457527616	0.445418866	0.420885047	0.389576628	0.357081514	0.326997778	0.300508003	0.277107551	0.257258686	0.239619589	0.224678961	0.212558075
8596	0.092948123	0.093757246	0.09804398	0.109282847	0.130592602	0.156919272	0.180819908	0.198954709	0.213607423	0.225102331	0.230045618	0.225365598	0.214828441	0.204399416	0.196996921	0.192205586	0.18972731	0.187781671	0.186035912	0.184903203	0.18657273	0.193109166	0.204618188	0.222012692	0.2434601	0.266055856	0.287212457	0.307160864	0.332610895	0.373942637	0.429150836	0.486528507	0.534559486	0.566000259	0.582754831	0.59087286	0.594161149	0.592575357	0.585883349	0.57717807	0.56778144	0.558600611	0.549814179	0.541912925	0.535283087	0.530618969	0.526530688	0.521170807	0.515144044	0.506438306	0.494811901	0.481699167	0.470605974	0.460619494	0.452324588	0.447450611	0.444510022	0.444401692	0.447191648	0.447095923	0.435267631	0.409700754	0.376814068	0.342754312	0.311144874	0.28390365	0.259472172	0.238827636	0.220015351	0.205431429	0.192304828
8597	0.165640448	0.166951542	0.172401203	0.186591257	0.21315282	0.245632793	0.27407894	0.294704937	0.310943052	0.323585621	0.328943252	0.323738034	0.312162691	0.30064264	0.292296136	0.286910702	0.284150025	0.282061529	0.2803826	0.279580716	0.282063559	0.290060852	0.303569248	0.32349591	0.347106185	0.371287191	0.393617071	0.414715823	0.441549211	0.483714159	0.5375702	0.590575375	0.63256499	0.658658724	0.671893002	0.678096534	0.680432895	0.678490604	0.67206253	0.66382641	0.655152237	0.646513467	0.638262022	0.630900266	0.624709104	0.6202519	0.616287159	0.61118138	0.60579535	0.598151851	0.587808094	0.576285085	0.566611128	0.557872575	0.550526136	0.54630756	0.543547411	0.542677004	0.54351423	0.540043984	0.524128327	0.495042411	0.458843991	0.421575419	0.387638025	0.35809053	0.332225081	0.310072848	0.290925861	0.275474519	0.261957253
