1	0.073706561	0.073826411	0.076727494	0.083651688	0.097043155	0.113003811	0.127266249	0.136534672	0.14431939	0.150885782	0.152329039	0.149639426	0.143251445	0.137012001	0.131670757	0.127651909	0.124989082	0.123443768	0.120914769	0.119274002	0.119140697	0.122655597	0.129189608	0.140511297	0.154650696	0.170448094	0.184496605	0.195903802	0.210347096	0.231644892	0.260565869	0.292065182	0.317479476	0.333698717	0.340798084	0.343457736	0.342922549	0.340100992	0.336845431	0.331872807	0.325597523	0.319964564	0.314533983	0.310353084	0.307752165	0.306194333	0.304610641	0.302142548	0.298092365	0.292660566	0.287178746	0.281387906	0.275953449	0.27146842	0.26796706	0.267660698	0.268099372	0.26996771	0.274309768	0.277641093	0.275696803	0.268556456	0.257421271	0.244999049	0.23250689	0.221459892	0.210924146	0.200435871	0.191548656	0.182379388	0.174705851
4	0.072860386	0.073137963	0.076080774	0.082725894	0.095402636	0.111268901	0.126184926	0.136296336	0.144193146	0.150852918	0.15245531	0.149739758	0.143284045	0.137032289	0.132006551	0.128307986	0.125836854	0.124622883	0.122066511	0.120237989	0.120425124	0.123717265	0.130397048	0.141100467	0.154584654	0.169994396	0.183740524	0.194924804	0.208938318	0.23048663	0.260377696	0.293116169	0.319505145	0.337272794	0.346258444	0.35060587	0.351396859	0.348941878	0.345805467	0.341012051	0.335390565	0.329254264	0.323753651	0.318947634	0.316194622	0.314688407	0.312765795	0.310320901	0.306277743	0.301033022	0.295808761	0.289642263	0.283726835	0.278672739	0.274674187	0.274507231	0.275226974	0.276948448	0.280165208	0.283031502	0.280949535	0.272883993	0.261446032	0.248179206	0.235336066	0.223460537	0.211944059	0.202011266	0.191670776	0.184016314	0.175796101
7	0.069412072	0.069736335	0.072566265	0.07923519	0.091698274	0.107425967	0.122310352	0.132822057	0.14070216	0.147404566	0.149223585	0.146514742	0.139948244	0.133478327	0.128549745	0.125049213	0.122598134	0.121193898	0.118510679	0.116796371	0.117222055	0.120201053	0.126823877	0.137454379	0.150851661	0.166085913	0.179592366	0.190674205	0.204283551	0.225323899	0.254774395	0.287252347	0.313712236	0.33194499	0.341667403	0.346793171	0.347820121	0.345726363	0.342652799	0.338268302	0.3330929	0.326915919	0.321668193	0.317070495	0.314513644	0.313227174	0.31116262	0.308707284	0.304636676	0.299361602	0.294540724	0.288290786	0.28217601	0.276956154	0.272945043	0.272822079	0.273707779	0.275284863	0.27827898	0.281171594	0.279371697	0.271036098	0.258864997	0.245758134	0.232589229	0.220685858	0.209087589	0.197919549	0.188540471	0.18047271	0.171759653
10	0.069159851	0.069006134	0.071383749	0.078210532	0.090625803	0.106600561	0.121289332	0.132074892	0.140452922	0.147103468	0.148886522	0.146112827	0.139417638	0.132686541	0.127463242	0.124191145	0.12205047	0.120339926	0.117568915	0.116223775	0.116732997	0.119590214	0.125971237	0.136755495	0.149875751	0.16447964	0.177559851	0.18834533	0.201906895	0.222096513	0.250792591	0.282690907	0.309206138	0.327634327	0.338195706	0.343892643	0.345069451	0.343696344	0.34100382	0.336901928	0.332192904	0.326045696	0.321274141	0.316933901	0.314477703	0.313006836	0.310943324	0.308460162	0.304513917	0.299605562	0.294708118	0.288636669	0.282380498	0.276885215	0.273132861	0.272768278	0.273705056	0.275347289	0.278175897	0.281037211	0.279342176	0.270568507	0.258193296	0.24500146	0.231791286	0.220105407	0.208638518	0.196806552	0.187742732	0.179200233	0.170873407
13	0.069394458	0.069333357	0.071520705	0.078357227	0.090580297	0.106295204	0.120950842	0.13199051	0.140413735	0.147013834	0.148919033	0.146130084	0.13949054	0.132753157	0.12745518	0.124227486	0.122072364	0.120323988	0.117804803	0.116389129	0.11683438	0.119453646	0.125817031	0.136384181	0.149210039	0.163644763	0.176606285	0.187334351	0.200469489	0.220145244	0.248253734	0.279814179	0.306172689	0.325086407	0.336068661	0.342140275	0.343497227	0.342454488	0.340089016	0.336282419	0.331698583	0.325755353	0.32102687	0.316789543	0.314398049	0.313051619	0.311005792	0.308699013	0.304779732	0.299856509	0.29501211	0.288931206	0.282648515	0.277131923	0.273309355	0.272993324	0.273916465	0.275376072	0.278029298	0.280939138	0.27923073	0.270558703	0.258317149	0.2447049	0.232070137	0.220200038	0.208469555	0.197263508	0.18759941	0.179302676	0.17142844
16	0.06943866	0.069235659	0.071370616	0.078196919	0.090360725	0.105972275	0.120556538	0.131709129	0.140209859	0.146724948	0.148629723	0.145839465	0.139303312	0.132587712	0.127176888	0.123957076	0.12178778	0.12013023	0.117569721	0.116162486	0.116485156	0.119017944	0.125274911	0.135800316	0.148590733	0.162978693	0.175864842	0.186544933	0.199498807	0.21881743	0.246599964	0.27793324	0.304336443	0.323448005	0.334711203	0.340923406	0.342286415	0.34147413	0.339230494	0.335487622	0.3311155	0.325139242	0.320554123	0.316405939	0.314081595	0.312830424	0.3107006	0.308360835	0.304451097	0.299565986	0.29469938	0.288653146	0.282446118	0.27682597	0.273134226	0.272721829	0.273560624	0.275179686	0.277805717	0.280664597	0.278936218	0.270189067	0.258012098	0.244703812	0.231762497	0.219855641	0.208061166	0.196812781	0.186927814	0.178840511	0.170404057
19	0.069860845	0.070014701	0.072202399	0.078572902	0.090490367	0.105712964	0.120087756	0.131493376	0.140665926	0.146800549	0.148871395	0.145757908	0.139041158	0.132628404	0.127268297	0.124117546	0.122140885	0.120533011	0.118032924	0.116760109	0.117024618	0.119132619	0.12540561	0.135463535	0.147837526	0.16152812	0.174141499	0.184442325	0.197179988	0.216010037	0.24302763	0.273785619	0.300887494	0.320816115	0.332779506	0.339804221	0.342582127	0.342274107	0.340502162	0.336973407	0.332454629	0.326642118	0.322586173	0.318691502	0.316199037	0.314406484	0.312266066	0.310235424	0.306783572	0.302238083	0.296816376	0.290774248	0.284505446	0.278872711	0.275015157	0.274824657	0.275713686	0.27714554	0.27943558	0.282367954	0.280628332	0.271651535	0.259513979	0.246009258	0.232981291	0.221066319	0.209174625	0.197864001	0.18857959	0.179315011	0.171290688
2	0.067629168	0.069099339	0.074199531	0.085416254	0.105456211	0.129235497	0.148891812	0.161270187	0.171392938	0.180244189	0.182992221	0.180395695	0.173015922	0.165636236	0.159712741	0.155399355	0.152764115	0.151432076	0.14906405	0.147952884	0.149044175	0.154647509	0.164192955	0.178936412	0.196388395	0.215051429	0.231674405	0.245985214	0.26467856	0.292253159	0.328143277	0.364647772	0.391891463	0.408296149	0.41520381	0.417634211	0.417258111	0.413852285	0.409505831	0.403123808	0.395774456	0.388968265	0.382436818	0.377259388	0.373866538	0.371528646	0.369265038	0.366447461	0.36199921	0.356152198	0.35022694	0.34378463	0.337838054	0.332768792	0.328731126	0.328191487	0.328491355	0.329831148	0.332704681	0.332909221	0.325750188	0.310809063	0.290801114	0.269693834	0.248582949	0.230741454	0.213775019	0.198635683	0.184641122	0.174219901	0.163372868
5	0.072303515	0.073957042	0.079032886	0.090003888	0.109693671	0.133749955	0.154442366	0.168099611	0.178706586	0.187645501	0.190763296	0.188097033	0.180516063	0.173005269	0.167138958	0.163256564	0.160688408	0.159435805	0.157065907	0.155962984	0.157531848	0.16304976	0.172930067	0.187701722	0.205062924	0.223801255	0.240554048	0.25548726	0.275583915	0.306448222	0.346994096	0.387985976	0.417698224	0.436210584	0.445034005	0.448992947	0.449137245	0.445178621	0.439627839	0.432339108	0.424344743	0.416071448	0.408645407	0.402222432	0.397967406	0.395178642	0.391928227	0.388571153	0.383728983	0.377522294	0.371634836	0.364751479	0.358176073	0.35250028	0.347776756	0.347334844	0.347409068	0.348359225	0.350079257	0.349743137	0.342035472	0.32540421	0.304357253	0.281449863	0.260286171	0.241019878	0.222887108	0.205479079	0.192464776	0.180425881	0.169150796
8	0.070853705	0.072363047	0.077244256	0.088095995	0.1076325	0.131567896	0.152316769	0.166441628	0.17711249	0.186067939	0.18930132	0.186662494	0.179065695	0.171319744	0.165557758	0.161787671	0.159303206	0.157926334	0.155447761	0.154541498	0.156324058	0.161455123	0.171319984	0.186024007	0.203317069	0.221723336	0.238256865	0.252900286	0.272583142	0.302859591	0.342962728	0.383727529	0.413589968	0.432568795	0.442201094	0.446972583	0.447237623	0.443730257	0.438296523	0.431249734	0.423719797	0.415307081	0.408019406	0.401752516	0.397599624	0.394824545	0.391494962	0.388072226	0.383213325	0.377048833	0.371327461	0.364408876	0.357583758	0.351627031	0.347190344	0.346663769	0.346822852	0.347640042	0.349008457	0.348816016	0.341096397	0.324612556	0.303303122	0.280052774	0.259141388	0.239304586	0.22121364	0.205105688	0.19046127	0.179356177	0.168340115
11	0.065730553	0.066781127	0.071025665	0.081806578	0.100969934	0.124420527	0.14487254	0.159308977	0.170359721	0.179265882	0.182514799	0.17986238	0.172213521	0.164358242	0.158492535	0.154994148	0.152811558	0.151255977	0.148715225	0.148007905	0.14979678	0.154564222	0.163927676	0.178256274	0.19470243	0.212026843	0.227615208	0.241372004	0.259631201	0.286917706	0.323715521	0.36186243	0.390945759	0.410347542	0.421042072	0.426824609	0.427724456	0.425664875	0.421523609	0.415677452	0.409348366	0.401594986	0.395447169	0.389879979	0.386175034	0.38370079	0.380652828	0.377557182	0.372890829	0.367124487	0.361788955	0.355026043	0.348156116	0.342144348	0.337776685	0.337189823	0.337524584	0.338265564	0.339454318	0.339348671	0.331854283	0.315180964	0.293899301	0.271913414	0.250681291	0.231604382	0.213605721	0.196893153	0.182962315	0.172662844	0.161636512
14	0.063828114	0.064844915	0.06879	0.079287356	0.097845503	0.121036865	0.141347804	0.155932717	0.167013557	0.176004265	0.179224975	0.176692753	0.16932773	0.16143514	0.155563022	0.152219802	0.150100814	0.148400552	0.145988246	0.145171476	0.146730643	0.151249319	0.160256458	0.174232992	0.190345194	0.207364595	0.222519152	0.235858345	0.253189183	0.278902558	0.313993363	0.351147795	0.379910649	0.399764714	0.411214014	0.417388514	0.418778941	0.417242684	0.413731555	0.408512472	0.402716104	0.395340053	0.38946063	0.384176847	0.380736032	0.378596786	0.375644392	0.372760886	0.368328824	0.362809202	0.35738295	0.350714437	0.3440139	0.338054369	0.334030067	0.333182752	0.333511722	0.334211162	0.335537831	0.335452191	0.327937109	0.311588156	0.290807447	0.268654013	0.247847607	0.228595349	0.211510398	0.194987487	0.181517398	0.170167216	0.159578115
17	0.062963639	0.063804069	0.067711191	0.078109472	0.096313833	0.119113396	0.139359637	0.153993461	0.165218615	0.174117474	0.177285858	0.174769981	0.167412341	0.159657605	0.153704956	0.150493376	0.148407981	0.146709129	0.144386396	0.143595883	0.145086931	0.149358979	0.158202112	0.171942603	0.187630998	0.204350728	0.2192672	0.232351701	0.24907329	0.273977117	0.308181175	0.344549789	0.373292804	0.393394106	0.405228068	0.411752674	0.413318788	0.41214537	0.409050767	0.404086859	0.398584065	0.391433436	0.385810475	0.38067011	0.377405086	0.37534232	0.372508481	0.369714866	0.36530029	0.359933208	0.354588082	0.348050172	0.341345906	0.33530795	0.331135688	0.330431758	0.330904545	0.331626954	0.332867124	0.332749894	0.325414427	0.309083619	0.288289662	0.266212392	0.245601733	0.226935881	0.208985167	0.192935165	0.179323193	0.168458444	0.15781675
20	0.06394433	0.065104023	0.069070347	0.078932895	0.096867303	0.119268049	0.139204119	0.154307014	0.166307136	0.174654039	0.178114084	0.175345476	0.167800442	0.160400464	0.154539276	0.151389093	0.149424871	0.147902296	0.1455663	0.144836407	0.146205683	0.150084842	0.158914603	0.172012435	0.187255763	0.203192737	0.21787538	0.230462859	0.246696828	0.270786068	0.303851903	0.339548055	0.368901912	0.389852925	0.402363568	0.409750261	0.412802375	0.412296294	0.409719926	0.405056923	0.399420605	0.392617533	0.387473994	0.382712561	0.379308386	0.376777399	0.373913436	0.371365921	0.367502585	0.362487821	0.35673427	0.350127952	0.343417124	0.337339554	0.333148949	0.332710193	0.33309978	0.333885968	0.334716428	0.33474265	0.327198922	0.310716201	0.289736203	0.267685926	0.247365459	0.228153308	0.210289522	0.194650966	0.180445467	0.169870902	0.15956161
3	0.098062674	0.099013749	0.103410961	0.113213477	0.13150763	0.15306558	0.171034554	0.181912618	0.190843412	0.198925544	0.201536622	0.19942689	0.19322092	0.187129305	0.1817681	0.177882371	0.175293373	0.173962828	0.171586237	0.170259445	0.171028087	0.175821142	0.184121441	0.196751206	0.211742042	0.228094252	0.242355422	0.253918831	0.268735175	0.290528013	0.319443997	0.349565105	0.372961067	0.387615444	0.393699246	0.395780882	0.395229096	0.391940782	0.388232042	0.382800238	0.376416971	0.370586835	0.365049434	0.360674989	0.358068751	0.356602348	0.3548767	0.352506927	0.34862661	0.343659693	0.338956627	0.333603822	0.32866075	0.32452576	0.321091187	0.321079517	0.321325858	0.322469113	0.324945086	0.325272657	0.320169198	0.30897431	0.293635248	0.276783802	0.260676688	0.246340558	0.23270373	0.219302339	0.208190207	0.19896155	0.190049731
6	0.086083416	0.087047443	0.091175036	0.100562443	0.117993564	0.139428677	0.157783814	0.169746614	0.178809254	0.186899989	0.189875454	0.18784008	0.181536464	0.175041516	0.170038023	0.166515254	0.1641636	0.162825573	0.160296542	0.159072364	0.160139272	0.164275834	0.172471788	0.184879921	0.199540286	0.215438395	0.229207898	0.240543713	0.254925488	0.276709618	0.306352852	0.337530548	0.36171052	0.377511597	0.38527275	0.389080838	0.389176699	0.386259197	0.382354132	0.377106897	0.371527438	0.365176075	0.359727748	0.355031706	0.352249738	0.350790679	0.348653794	0.346083104	0.342147553	0.337159275	0.332845944	0.327331531	0.321976253	0.317383349	0.313602066	0.3136599	0.314180888	0.315152474	0.316868267	0.317304471	0.312476693	0.300397096	0.284350847	0.267374968	0.250813047	0.235607611	0.221722092	0.208676729	0.196780772	0.187681045	0.17881155
9	0.083250053	0.084190203	0.08817014	0.097452144	0.114469348	0.13578335	0.154109681	0.166334555	0.175379518	0.18356659	0.186621384	0.184633716	0.178300676	0.171788583	0.16678283	0.163394879	0.161068234	0.159551676	0.157082548	0.155904548	0.157034924	0.160960006	0.168920538	0.181219572	0.195636426	0.211164586	0.224702317	0.235828847	0.249840515	0.271017773	0.299948906	0.330691253	0.354673238	0.370734615	0.379083978	0.38331567	0.383625884	0.381033437	0.377416894	0.372577636	0.367192704	0.360827871	0.355577876	0.351041757	0.348431114	0.347125633	0.345035577	0.342443977	0.338513379	0.333613668	0.329480185	0.323972622	0.31851693	0.313792374	0.310096423	0.310098264	0.310752777	0.311633887	0.313160009	0.313729032	0.30892973	0.297185738	0.281104096	0.263916828	0.247817356	0.233106322	0.219035623	0.205675561	0.194062179	0.185571894	0.176171913
12	0.081351647	0.0819469	0.085448512	0.094919535	0.111926207	0.133142375	0.151235074	0.163864299	0.173436247	0.181347307	0.184490223	0.182416798	0.176014837	0.169282418	0.163972279	0.160866689	0.158825763	0.15716741	0.154635276	0.153784897	0.155019396	0.158636229	0.166583364	0.178765763	0.192755581	0.207691443	0.220758237	0.231779004	0.245579455	0.266017657	0.294202135	0.324262876	0.348217902	0.364661351	0.373816692	0.378595376	0.379177188	0.377293857	0.374098245	0.369552433	0.364550122	0.358276706	0.353567261	0.349299161	0.346696595	0.34530363	0.343108849	0.340615515	0.336740685	0.332244319	0.328019084	0.32257331	0.317042325	0.312072433	0.308481397	0.308387244	0.309148912	0.310049167	0.31136465	0.31206371	0.307360629	0.2952058	0.279290681	0.262196602	0.245808228	0.230521986	0.216277068	0.20347227	0.191995555	0.182866594	0.174236177
15	0.080429837	0.080906049	0.084145842	0.093456043	0.11007893	0.131130521	0.14930118	0.16211667	0.171861693	0.179864871	0.18296477	0.180938951	0.174644813	0.167899887	0.162556488	0.159598734	0.157569931	0.155818259	0.153364577	0.152413328	0.153436996	0.156981561	0.164607646	0.176694764	0.190502149	0.205242596	0.218052471	0.228849919	0.24231947	0.262042333	0.289620468	0.319307843	0.343264628	0.360175734	0.369967951	0.375276194	0.376112192	0.374684821	0.371765201	0.367448653	0.362891393	0.356679533	0.352007892	0.347842892	0.345342534	0.344019924	0.341882214	0.339491742	0.335712274	0.33115923	0.326902787	0.321533451	0.315957378	0.311042416	0.307528002	0.307238109	0.307943889	0.308884617	0.310118421	0.310751251	0.306026316	0.293982959	0.277843123	0.261035697	0.244655413	0.229772897	0.215073061	0.201821329	0.191054278	0.18210129	0.173115431
18	0.080171795	0.080560298	0.083704934	0.092902356	0.10941169	0.13032306	0.148499533	0.161481848	0.171324843	0.179372979	0.182423451	0.180455544	0.174137677	0.167409196	0.161995867	0.159094979	0.157090362	0.155389631	0.152985965	0.151955375	0.152924986	0.156367886	0.163955946	0.175897763	0.189493721	0.204122902	0.216876081	0.227598825	0.240796709	0.26016551	0.287374434	0.316824741	0.340840313	0.357988224	0.36810624	0.373645	0.374506957	0.373384978	0.370734285	0.366559691	0.362059706	0.356017978	0.351382573	0.347318114	0.344857529	0.343677184	0.341495597	0.339144991	0.335415862	0.330924957	0.32674074	0.32134571	0.31577084	0.3106599	0.307313272	0.306915019	0.307596479	0.308473218	0.309649913	0.310332576	0.305530163	0.293436026	0.277445463	0.260703951	0.244389187	0.229283774	0.215293588	0.202408351	0.191095309	0.181849783	0.172558277
21	0.079340027	0.08004806	0.083297919	0.09201085	0.108198182	0.128653366	0.146515441	0.159814425	0.170345636	0.177768358	0.181107618	0.178839915	0.172356705	0.165987939	0.160664252	0.157761008	0.155937977	0.154431294	0.152014527	0.151126055	0.152127901	0.155121809	0.162685721	0.174066709	0.187345624	0.201210746	0.213749076	0.224065188	0.237055332	0.255993611	0.282518036	0.31148648	0.335941009	0.35370618	0.364079373	0.370196408	0.372503857	0.371699655	0.369401541	0.36539594	0.360659729	0.354701393	0.350687076	0.346877514	0.344303963	0.342554585	0.340277785	0.338180758	0.33495547	0.33079682	0.326110102	0.320673664	0.315125834	0.310056667	0.306496362	0.306476517	0.307180631	0.308073804	0.308986664	0.309804183	0.305055431	0.292844379	0.277036807	0.259677352	0.243637184	0.228481891	0.214524466	0.201866179	0.190846969	0.181002582	0.172023859
