1	0.180344535	0.181486305	0.186439656	0.199992468	0.223023384	0.249321575	0.275006803	0.293575492	0.307961292	0.319213891	0.322804294	0.318808494	0.304006464	0.286536476	0.274122954	0.265857136	0.261809789	0.260839129	0.25937259	0.257433734	0.257500009	0.261251013	0.269466489	0.28388943	0.301691651	0.322228693	0.34255276	0.361400027	0.383590656	0.41171422	0.447458001	0.489440594	0.526303974	0.555389945	0.574456655	0.586620069	0.594916697	0.598893944	0.600172139	0.598545577	0.594251565	0.587363706	0.580547439	0.575917299	0.57229875	0.568838893	0.565204161	0.561417864	0.556626854	0.549607362	0.541450122	0.532955881	0.525325269	0.518078797	0.51084461	0.508689197	0.508074582	0.509883221	0.514385748	0.517766882	0.508784493	0.488655236	0.461522574	0.432555768	0.405199999	0.380692176	0.357958156	0.337797029	0.321342365	0.308604918	0.296395953
6	0.24467919	0.246303481	0.251762889	0.265579616	0.289185612	0.316481885	0.342228205	0.361245632	0.376471259	0.388310772	0.391466168	0.386492914	0.370590746	0.352449306	0.339915145	0.331387118	0.327022068	0.325681722	0.323800532	0.321383831	0.321754812	0.325532251	0.334091285	0.348236665	0.366518453	0.387590189	0.408630629	0.428526045	0.451312528	0.479710243	0.51572868	0.557925223	0.594331934	0.622292201	0.641165526	0.653020214	0.65992821	0.66390951	0.665871742	0.664886439	0.660384864	0.653795838	0.647505523	0.642583588	0.638520583	0.635275523	0.631680295	0.628515651	0.623706964	0.616700065	0.60877187	0.600204068	0.592280577	0.585070837	0.578586569	0.576486375	0.576350975	0.579174603	0.585182103	0.587764015	0.578331717	0.558034053	0.530585743	0.501539201	0.473236118	0.448620938	0.425542688	0.405796839	0.388835769	0.375587966	0.363084309
11	0.181701138	0.183355319	0.188851031	0.201727425	0.223659229	0.249415594	0.274031722	0.291679568	0.305881596	0.316870557	0.320031623	0.316049569	0.301838656	0.28488474	0.273744425	0.266544917	0.262561213	0.261507977	0.259622222	0.258019915	0.258689723	0.262407301	0.270542038	0.283995551	0.301117637	0.321797457	0.341689602	0.360112935	0.381253921	0.407765647	0.44251691	0.483259802	0.519201723	0.546892113	0.56575478	0.578219961	0.584821728	0.588344971	0.589681264	0.588157809	0.584467684	0.577653402	0.571509904	0.565983231	0.562268879	0.559617744	0.555807826	0.551817555	0.546944432	0.540400688	0.532704459	0.523854484	0.515005945	0.506977826	0.500252043	0.498441685	0.498828905	0.501780653	0.507193094	0.509459398	0.501316476	0.481741644	0.454998233	0.427553967	0.400602604	0.3767516	0.35487485	0.335334929	0.319759026	0.307446716	0.295772105
16	0.246589592	0.247764613	0.253080865	0.26718834	0.290713998	0.318233032	0.344889907	0.363833111	0.378968288	0.390601104	0.393654152	0.389161309	0.374067012	0.355666723	0.342979645	0.335127852	0.330556362	0.329344639	0.32719103	0.325435625	0.325761917	0.329722349	0.338783024	0.353466718	0.371487746	0.393672489	0.41506795	0.435073037	0.458015858	0.486163291	0.522340278	0.564467325	0.601348946	0.629860736	0.649101507	0.661217572	0.667150954	0.671090417	0.673055978	0.671832851	0.668021019	0.66119092	0.655251886	0.649945457	0.645741392	0.643118041	0.638851425	0.635182553	0.630233236	0.623876144	0.615771275	0.606999096	0.598129669	0.58989106	0.583965132	0.581231645	0.581593454	0.585192635	0.590874051	0.593181413	0.583901726	0.562378284	0.53428281	0.504219431	0.47632385	0.450921755	0.427311134	0.406666329	0.390615442	0.377382038	0.364977888
21	0.181693628	0.182735175	0.187943458	0.201068887	0.222768528	0.248237407	0.273382875	0.291312408	0.304941216	0.315968136	0.31899804	0.314948157	0.300889438	0.28298685	0.271311109	0.263998495	0.259460066	0.258689518	0.256893346	0.255417269	0.255418347	0.259450779	0.268559843	0.282118915	0.298759545	0.319444721	0.339894163	0.358747098	0.38060108	0.407160147	0.441503758	0.481841537	0.517587152	0.545631951	0.564171468	0.575989062	0.581710503	0.585922092	0.588219058	0.586711436	0.582843886	0.576514405	0.570816744	0.565521885	0.560501329	0.557725237	0.553630303	0.550435516	0.545757606	0.539371897	0.5315408	0.52277156	0.514204941	0.50610163	0.500700448	0.497441842	0.497326981	0.500736037	0.506089661	0.508523824	0.500724673	0.481583424	0.455870319	0.428240073	0.402181931	0.378343452	0.356242085	0.337498303	0.321535339	0.30950774	0.297794011
26	0.238942418	0.24017667	0.245608454	0.259517497	0.282428181	0.309119248	0.335180652	0.353788155	0.367983578	0.379495685	0.382753622	0.378629527	0.364068083	0.345367862	0.333309669	0.32555541	0.320649526	0.319602637	0.317868724	0.316119009	0.31598786	0.320138034	0.329507456	0.343450622	0.360808156	0.382216782	0.403335242	0.422792446	0.445234512	0.472418902	0.50758351	0.548793587	0.585378211	0.614143603	0.633152606	0.645107633	0.65114619	0.655467406	0.657583568	0.655771853	0.652121761	0.646078702	0.640265347	0.635015883	0.629741458	0.626659172	0.622598348	0.619618868	0.614905697	0.608328215	0.600351618	0.591524853	0.58311577	0.575032641	0.569370819	0.566100316	0.565916293	0.569493043	0.575293907	0.577777484	0.569396819	0.548962548	0.521935789	0.492604195	0.465131035	0.440198991	0.417112937	0.397274324	0.380848239	0.367887751	0.355969796
31	0.177835911	0.179267043	0.18480369	0.198703805	0.221435411	0.247864021	0.273985387	0.292730276	0.307086299	0.318843709	0.322301345	0.318223396	0.303814225	0.285335812	0.273572696	0.266020592	0.261323946	0.260429913	0.259124549	0.257662642	0.257653371	0.261859948	0.27126124	0.284939847	0.302061343	0.323260664	0.344195769	0.363461932	0.38568685	0.412526066	0.447104254	0.487682211	0.523437983	0.55196569	0.571007107	0.582938758	0.589163087	0.593723993	0.595952837	0.59421032	0.59095306	0.585072025	0.579393035	0.574324273	0.569019759	0.565817704	0.561988139	0.559104779	0.554467716	0.547890435	0.540121405	0.531366569	0.522956317	0.514825836	0.509127224	0.505894213	0.505719077	0.509286763	0.514919417	0.516907296	0.508046734	0.487038	0.459319218	0.429899531	0.401804336	0.37662505	0.353268372	0.333263325	0.316628439	0.303917548	0.291500865
36	0.246679339	0.248019198	0.253673116	0.268305748	0.292245513	0.319849946	0.347040628	0.366618928	0.381844427	0.394143461	0.397379221	0.392686736	0.377084979	0.357354112	0.344683803	0.336455161	0.331348709	0.330250719	0.328644927	0.326802034	0.326647598	0.330919804	0.340501253	0.354832563	0.372951624	0.395389188	0.417510096	0.437948025	0.461505941	0.489846919	0.526123704	0.568483066	0.605415171	0.634470392	0.653720228	0.665709535	0.671845525	0.676388139	0.678605813	0.676977638	0.67394422	0.668183127	0.662442943	0.657303529	0.651793338	0.648388311	0.644425872	0.641626711	0.636885069	0.630320148	0.62243049	0.613621977	0.605267653	0.59735287	0.591660109	0.588558248	0.588862136	0.593280469	0.59970211	0.60212026	0.592647126	0.570507657	0.54143976	0.509998647	0.480715895	0.454142378	0.429914039	0.409445554	0.391624021	0.378429319	0.365534881
41	0.187888009	0.189080773	0.194225364	0.207321721	0.228881438	0.253636667	0.27813472	0.295602411	0.309030643	0.320043362	0.323201965	0.319322724	0.30577732	0.28835799	0.277165658	0.269824352	0.265173377	0.264305151	0.26286396	0.261418058	0.261285456	0.265237165	0.274048204	0.287103479	0.30344215	0.323728327	0.343763504	0.362204833	0.38349012	0.40936521	0.443105398	0.483002371	0.518222814	0.546273503	0.565000468	0.57671944	0.582794042	0.587228423	0.589279501	0.587208316	0.583743157	0.577819985	0.571974977	0.566937045	0.561620739	0.558416719	0.554521221	0.55166302	0.546965753	0.540478248	0.532443219	0.523425625	0.515019664	0.506999891	0.501129736	0.497614479	0.497217901	0.500653182	0.506240975	0.50850297	0.500964587	0.482516581	0.457543595	0.430129241	0.40472846	0.381083705	0.359373516	0.340548929	0.324513246	0.313082463	0.301198804
46	0.250688831	0.252034476	0.257774002	0.272454639	0.29651497	0.324153897	0.351183556	0.370284525	0.385112877	0.397308439	0.400779517	0.396385129	0.38119119	0.361958735	0.349336085	0.341005311	0.33582172	0.334547263	0.332938872	0.331086986	0.331006994	0.335244682	0.344582746	0.358892774	0.376807289	0.398930565	0.420702339	0.440778984	0.463624572	0.491259743	0.526667151	0.568133728	0.604236366	0.632740668	0.6516638	0.663418475	0.669645138	0.673984116	0.675857435	0.673796213	0.670767764	0.665092579	0.659332192	0.654431097	0.649061272	0.645577661	0.641761539	0.639044365	0.634378019	0.627849512	0.619904152	0.610971973	0.602628786	0.594749244	0.588907936	0.585499663	0.585550707	0.589467894	0.595534827	0.597629003	0.588065192	0.566577164	0.53833912	0.507899322	0.479135023	0.453305706	0.42940057	0.409404283	0.391686591	0.379228496	0.366510758
2	0.224270308	0.226297919	0.232360171	0.248128653	0.274792499	0.304829828	0.333046096	0.352790217	0.367876637	0.379663546	0.383333135	0.378779439	0.3627514	0.344235224	0.331204696	0.322483463	0.318124177	0.317196958	0.315839011	0.314544976	0.315778557	0.321123458	0.331594722	0.348670458	0.368826614	0.390839031	0.412307729	0.433000022	0.459422333	0.49415039	0.537025196	0.584292471	0.62335039	0.652885229	0.671799361	0.683409603	0.690626364	0.693240933	0.692828411	0.689596674	0.683895793	0.675776173	0.667608455	0.661632285	0.656655682	0.652004041	0.647439996	0.642566357	0.636794196	0.629057488	0.62052221	0.611893061	0.604216371	0.596863013	0.589514547	0.587562641	0.587151467	0.58917392	0.593699206	0.595472056	0.582864337	0.557486667	0.524719461	0.490206128	0.457967613	0.429851484	0.404081073	0.381254314	0.362695402	0.349034947	0.335580002
7	0.166428313	0.168666129	0.174767386	0.188558289	0.212919056	0.241097382	0.267768543	0.286122345	0.300871978	0.312501984	0.315283183	0.310227053	0.29461402	0.277556639	0.265848703	0.257835437	0.253971465	0.25287786	0.251340042	0.249973814	0.251418346	0.257262248	0.266874136	0.282584449	0.301512086	0.323332583	0.344588436	0.365064705	0.390195208	0.423348479	0.465069227	0.510608979	0.548654583	0.576536942	0.594564643	0.605886099	0.611673933	0.614526107	0.614991817	0.611872042	0.606033071	0.599210231	0.592095977	0.585641495	0.580308284	0.575794516	0.571556627	0.567438261	0.561492882	0.554106183	0.545391908	0.536575097	0.528251829	0.520584986	0.514356479	0.512217744	0.512178244	0.515361384	0.521744148	0.522925658	0.511030304	0.487780029	0.456939274	0.423995729	0.393551077	0.366116527	0.341532038	0.320598464	0.302994774	0.288817458	0.275918461
12	0.231063859	0.233426056	0.240031704	0.255497933	0.282074889	0.313065529	0.341790944	0.36158181	0.377343921	0.38956586	0.393024584	0.388080126	0.371311385	0.351727025	0.338892247	0.330683576	0.326022009	0.324778015	0.323090816	0.322020265	0.323814816	0.329486836	0.340352597	0.357320066	0.377718612	0.401131634	0.423283501	0.444965249	0.472123922	0.507193258	0.550852724	0.598307455	0.6370505	0.665565419	0.684385898	0.696310173	0.701891467	0.704089151	0.703769478	0.700792694	0.695890429	0.687857437	0.680380067	0.673560537	0.668316557	0.664405157	0.659420298	0.654462875	0.648450521	0.641162472	0.633113434	0.624280209	0.615468328	0.607336548	0.6008523	0.599191893	0.600367664	0.604256481	0.610212881	0.611320985	0.599003614	0.572373921	0.537848614	0.502242516	0.469365103	0.44001886	0.413284411	0.391082667	0.372231919	0.357729954	0.344184819
17	0.170614604	0.172381833	0.17829993	0.192798177	0.217056798	0.245819509	0.2733619	0.292204064	0.306854519	0.318553215	0.321745159	0.317089269	0.301595759	0.282903046	0.27056576	0.263022057	0.258574342	0.257760809	0.256250698	0.255709022	0.257140389	0.262630098	0.27354727	0.289681605	0.308577061	0.330852917	0.352190142	0.373204442	0.399756559	0.433522159	0.475449338	0.521339923	0.559291603	0.587687936	0.606345234	0.617711115	0.622505701	0.624938872	0.625390509	0.622536174	0.617099004	0.609184143	0.602148308	0.595472953	0.589688844	0.585927136	0.580714724	0.576133994	0.570327266	0.563277561	0.555047224	0.546226222	0.537445611	0.529216176	0.523445252	0.520823249	0.521552201	0.525502299	0.531372314	0.532636143	0.521516566	0.496690881	0.464357329	0.431159329	0.399690918	0.371831201	0.346437143	0.324682072	0.306847541	0.292876085	0.280046484
22	0.229973376	0.231992687	0.238410228	0.253990226	0.279698005	0.309618676	0.337986523	0.357459198	0.372245226	0.384133056	0.387500126	0.382916284	0.367189435	0.347714028	0.33512283	0.327260938	0.322355601	0.321459216	0.319982557	0.319116876	0.320252075	0.326075972	0.337641547	0.354054005	0.373351577	0.395928541	0.417848172	0.439117665	0.465653372	0.499225837	0.541024071	0.586867205	0.624949746	0.653733529	0.672218914	0.68350131	0.688394174	0.691199708	0.691718501	0.688553894	0.683387769	0.675857422	0.668930456	0.662384668	0.656067181	0.652215354	0.647090092	0.642898755	0.637174324	0.630013778	0.621742725	0.613051034	0.604522793	0.596214406	0.590733082	0.587630024	0.587886722	0.591761424	0.597222337	0.598177939	0.586172858	0.560826319	0.528014878	0.493501477	0.461789286	0.432983366	0.407015663	0.385010421	0.366446253	0.352875372	0.339936856
27	0.168727416	0.170619745	0.176533905	0.191001076	0.214926151	0.242697529	0.269247882	0.287443502	0.301016193	0.312321294	0.315529395	0.311305184	0.296991613	0.278747946	0.267235494	0.259843759	0.255109702	0.254334859	0.25322347	0.252513767	0.253518076	0.259092746	0.270078656	0.285432035	0.303636606	0.324830643	0.345475355	0.365325715	0.390224281	0.421933052	0.461804404	0.5055416	0.54192966	0.569748741	0.587695173	0.598604399	0.603578079	0.606461877	0.606843129	0.603373476	0.598414375	0.591215356	0.584399015	0.578085123	0.571747427	0.567797939	0.562906599	0.559067762	0.553563796	0.546520594	0.538469093	0.529738017	0.521254067	0.513130913	0.507558086	0.504468532	0.504411624	0.507874538	0.51316855	0.514514471	0.504260678	0.481489325	0.451782419	0.420547265	0.391225635	0.36461109	0.340354023	0.319828343	0.302372958	0.289341216	0.277148258
32	0.229761368	0.231769126	0.238024481	0.253560718	0.279337537	0.309128378	0.33765143	0.357242297	0.372071205	0.384204726	0.387663771	0.382986179	0.367337607	0.347675239	0.335139661	0.326953959	0.321721973	0.320640722	0.319433568	0.318374202	0.319368134	0.325171456	0.336678961	0.353053571	0.372581832	0.395380709	0.417551612	0.438833916	0.465400372	0.499086943	0.541224694	0.587349227	0.625645854	0.654753511	0.673639801	0.68508087	0.690355427	0.693520588	0.693911588	0.690376948	0.685550126	0.678279081	0.67129342	0.664912058	0.658309132	0.653984277	0.648961124	0.644993527	0.639370734	0.632056427	0.623726396	0.614737954	0.606091436	0.597814188	0.59187082	0.588638998	0.58866629	0.592540397	0.598275159	0.599159573	0.587215229	0.561967013	0.529241211	0.495251518	0.4631246	0.434539687	0.408272943	0.386493348	0.367822085	0.353926608	0.341184444
37	0.174448249	0.176398198	0.182527388	0.197587177	0.222566545	0.251625343	0.279658007	0.29901836	0.313717119	0.325873798	0.329306489	0.324662391	0.30890361	0.289338686	0.276985474	0.269026839	0.26400869	0.263015871	0.262057549	0.261266574	0.262324349	0.26807047	0.279363992	0.295363045	0.314456917	0.336919049	0.358788563	0.379845272	0.406261159	0.439539706	0.480925252	0.52615704	0.563451867	0.591760291	0.610144899	0.62123027	0.626362214	0.62935241	0.629821304	0.626429358	0.621815849	0.614797105	0.608008581	0.601700031	0.595061042	0.590800638	0.58596452	0.582162831	0.576535519	0.569386105	0.561257166	0.552352513	0.543948518	0.535831524	0.530060326	0.526999494	0.527309419	0.531420113	0.537268656	0.538401452	0.526651963	0.501697575	0.469290745	0.435054656	0.40386853	0.375335909	0.349793226	0.327767868	0.310112709	0.295761724	0.283337989
42	0.238146993	0.240186773	0.246541207	0.262182012	0.287850777	0.317310406	0.345194879	0.364376593	0.378986839	0.390777152	0.393943159	0.389282386	0.374059161	0.355133258	0.342845528	0.334812155	0.329775069	0.328658435	0.327438092	0.326428698	0.327443946	0.333211268	0.344570683	0.360822049	0.380054861	0.402533465	0.424245183	0.445138562	0.471166012	0.504274547	0.545674034	0.590881731	0.628220579	0.656606084	0.675030499	0.68619294	0.691351856	0.694337462	0.694670149	0.691162308	0.686487505	0.679534201	0.672623155	0.666401103	0.659878821	0.655615713	0.650839204	0.647093727	0.641531416	0.634457827	0.626316016	0.617434414	0.609199217	0.601258516	0.595454258	0.592164085	0.592323631	0.596282127	0.601852762	0.60285061	0.590944578	0.566206947	0.534338643	0.500338956	0.469151677	0.4409199	0.414943267	0.393082044	0.375787481	0.361164834	0.348928491
47	0.183942073	0.185917622	0.192134487	0.207463824	0.232679409	0.262132637	0.290542644	0.310361861	0.325445537	0.337998391	0.341416166	0.336462047	0.320229247	0.300213552	0.287563619	0.279290784	0.274168629	0.273127763	0.272153202	0.271359415	0.272478499	0.278204376	0.289449239	0.305635256	0.325077606	0.348025845	0.370250948	0.391892567	0.418846313	0.452779786	0.494775436	0.540707955	0.578245228	0.606785854	0.625420683	0.636680537	0.642097898	0.645203898	0.645604732	0.64215477	0.637897556	0.631103086	0.624187961	0.618005033	0.611161234	0.606557397	0.60170317	0.598013733	0.59229388	0.58496596	0.576771614	0.567653617	0.559210413	0.551181818	0.545217063	0.542084309	0.542655632	0.547164894	0.553603413	0.554845242	0.542792212	0.517196493	0.484124194	0.449405929	0.417185936	0.388301146	0.362388163	0.340023203	0.322055413	0.307710861	0.294909773
3	0.221969121	0.223476415	0.228061469	0.240999065	0.263559534	0.288410171	0.309367104	0.324009384	0.33467289	0.342208962	0.343758859	0.339277066	0.327855721	0.315139177	0.306060282	0.299519042	0.296195851	0.295492589	0.294942693	0.29493046	0.29779248	0.304050791	0.31487949	0.330883854	0.348784273	0.366120828	0.382394565	0.400071119	0.426189782	0.462842811	0.507047476	0.550844244	0.583437882	0.606932231	0.621903275	0.630895579	0.635425963	0.635855108	0.6335107	0.628214528	0.620434014	0.611116724	0.602059469	0.594816293	0.588869685	0.583735462	0.57840699	0.572502956	0.566077782	0.558490787	0.550582373	0.54268188	0.535451953	0.528508894	0.521635647	0.519401663	0.517816797	0.518113733	0.521283818	0.523572601	0.516035747	0.500097661	0.478547297	0.455364865	0.432618895	0.41210193	0.392711244	0.375682689	0.360407743	0.348834688	0.337439216
8	0.286781862	0.289047273	0.294956724	0.309056584	0.334460525	0.362434652	0.386272739	0.401990241	0.41421023	0.423083604	0.424256414	0.419143031	0.406081853	0.392478256	0.382840215	0.375989192	0.372497364	0.371345069	0.370319257	0.370187536	0.373322093	0.381236033	0.393010178	0.410225638	0.429360844	0.449695736	0.468828722	0.488645907	0.516726103	0.556263427	0.603935573	0.650371431	0.685121235	0.708934856	0.723856325	0.733047067	0.73682816	0.73746889	0.735284653	0.729400013	0.721231117	0.71268949	0.704038791	0.69624033	0.689553256	0.683801205	0.678156664	0.672549623	0.665724103	0.657934235	0.649087132	0.640256136	0.632157685	0.624609414	0.61821971	0.615605478	0.614404099	0.616263532	0.62118338	0.621583949	0.611312253	0.59175429	0.565792086	0.53783725	0.510874931	0.486902807	0.464463621	0.44483297	0.42844737	0.414997654	0.402627802
13	0.231267174	0.233010356	0.238348649	0.251790308	0.275254999	0.301661739	0.324102854	0.338989401	0.350233041	0.358222511	0.359624879	0.355363934	0.343627075	0.330122995	0.320955295	0.315235723	0.311748803	0.310938442	0.310120278	0.310773639	0.313931191	0.32078108	0.332449655	0.348771091	0.366524004	0.385429032	0.402573909	0.420750602	0.447136611	0.483328494	0.527162799	0.570001741	0.601673063	0.62405219	0.638933156	0.648082817	0.651252749	0.651489242	0.649228801	0.644052979	0.637239599	0.627864838	0.619813055	0.612380585	0.606485818	0.602076656	0.596113924	0.590307697	0.583975897	0.577024727	0.569488726	0.56137819	0.553094709	0.545448579	0.539444127	0.537140127	0.536875565	0.538804859	0.542557025	0.543452039	0.53530977	0.517266238	0.49364252	0.468415898	0.444274287	0.421964983	0.401521823	0.383683655	0.368464402	0.356492454	0.345266431
18	0	0	0	0	0	0	0	0	0	0	0	0	0	0	0	0	0	0	0	0	0	0	0	0	0	0	0	0	0	0	0	0	0	0	0	0	0	0	0	0	0	0	0	0	0	0	0	0	0	0	0	0	0	0	0	0	0	0	0	0	0	0	0	0	0	0	0	0	0	0	0
23	0.228069548	0.229593513	0.23476802	0.247995351	0.270636257	0.296048164	0.318539338	0.333429403	0.343924125	0.352017472	0.353477648	0.349375949	0.33799092	0.3237538	0.314804421	0.309106085	0.305180911	0.304626466	0.304101762	0.304737576	0.30725109	0.314297516	0.326579575	0.342537867	0.35977978	0.378384719	0.396020268	0.414386394	0.440989354	0.477049912	0.521020824	0.564285577	0.596797944	0.620336952	0.635159997	0.644066072	0.64714521	0.64789986	0.646182997	0.64060592	0.633496908	0.624683463	0.61664604	0.609127508	0.60192679	0.597160143	0.591092592	0.586045212	0.579786387	0.572510129	0.564715807	0.556384177	0.548288574	0.540564198	0.535166458	0.531729624	0.530753068	0.532858606	0.536646102	0.537895805	0.530131596	0.512790974	0.48985118	0.464777625	0.441006477	0.419023047	0.398444752	0.380840452	0.365210795	0.353811467	0.342275584
28	0.291067305	0.292848821	0.298411295	0.312777637	0.337392999	0.364827158	0.388936304	0.405019873	0.416477165	0.425316167	0.426948971	0.422436856	0.410112024	0.394820458	0.385099764	0.378794063	0.374492608	0.373662678	0.37315854	0.373590738	0.376245437	0.383781901	0.396804151	0.413922088	0.432508144	0.452562462	0.471512861	0.491256394	0.519750467	0.558624723	0.605539402	0.651200476	0.684957687	0.709242141	0.724601336	0.733737241	0.736985878	0.737757381	0.735705114	0.729745838	0.722719081	0.713801571	0.705509674	0.69790982	0.690251322	0.68506908	0.678745673	0.673583286	0.66719064	0.659681296	0.651530229	0.642881709	0.634620979	0.626597964	0.6209849	0.617382162	0.61631825	0.618758637	0.622806628	0.623717569	0.61492674	0.595690651	0.570437688	0.543321311	0.516801515	0.493060489	0.470538075	0.451132644	0.434093019	0.421525884	0.409141886
33	0.215579474	0.216874774	0.221741065	0.234278205	0.255857968	0.279911446	0.30127555	0.315542262	0.325416054	0.333294333	0.334638271	0.330576431	0.319850587	0.306256493	0.297800693	0.292219437	0.288228494	0.287568656	0.287220994	0.287739366	0.289943087	0.296641649	0.308395593	0.323515773	0.33998823	0.357957676	0.374817471	0.392407515	0.41780807	0.452507267	0.495018234	0.537143996	0.568975687	0.592237585	0.607233759	0.616282806	0.619682022	0.620899621	0.619228145	0.613520688	0.606923115	0.598513281	0.590735487	0.583582848	0.576366063	0.571534317	0.565774151	0.561088816	0.555099002	0.547928292	0.540315947	0.531984574	0.524064171	0.516264079	0.510879435	0.507396	0.506326097	0.508502412	0.512495604	0.514217462	0.507857345	0.492377822	0.471606138	0.448434008	0.426421948	0.405782818	0.386305904	0.369443215	0.354987786	0.34337903	0.33225195
38	0.290134895	0.291806386	0.297160423	0.311222355	0.33525191	0.361730443	0.385099515	0.400699138	0.411848713	0.42032725	0.4217482	0.417162763	0.405107741	0.390207647	0.380804735	0.374564101	0.370297097	0.369458792	0.368997752	0.369416252	0.371933631	0.37918299	0.391791444	0.408370169	0.426409848	0.445893142	0.464180387	0.48332751	0.510762601	0.548206175	0.593310748	0.637139986	0.669511531	0.692832787	0.707678182	0.716521692	0.719729941	0.720693104	0.718838556	0.712988324	0.706620741	0.698146237	0.690190365	0.682954808	0.675569924	0.670455795	0.664604925	0.659741071	0.653562816	0.646275632	0.638543947	0.630242017	0.622423602	0.614795535	0.609167538	0.605739187	0.604807588	0.60743445	0.61176995	0.612788784	0.604731417	0.586721039	0.562940371	0.537000137	0.512310353	0.489454225	0.46760206	0.448476042	0.43267925	0.419835717	0.408085466
43	0.2268237	0.228353344	0.233567546	0.247098093	0.269903408	0.295410675	0.317822275	0.332669535	0.3432766	0.351710841	0.35335488	0.349156801	0.337672272	0.323348589	0.314315952	0.308279004	0.304102356	0.303279012	0.302963451	0.303464287	0.305973613	0.312946818	0.325006248	0.340815643	0.358001637	0.376714289	0.394248938	0.412452492	0.438590288	0.474046003	0.517160139	0.55985928	0.591821425	0.615191557	0.630214847	0.639174626	0.64264907	0.643794867	0.641925675	0.636001237	0.629492599	0.621166416	0.613273041	0.606262334	0.59891458	0.593792788	0.588178283	0.583533827	0.577427464	0.570205419	0.562443852	0.553975365	0.546056803	0.538474931	0.5327058	0.52903828	0.528005571	0.530341785	0.534282976	0.53523831	0.527576849	0.510686643	0.488337884	0.463761351	0.439922319	0.418098954	0.397959933	0.380374183	0.364986556	0.353510917	0.341942889
48	0.288986801	0.290511757	0.295650467	0.309284067	0.332341947	0.357825037	0.380095937	0.394826533	0.405409858	0.413696311	0.415047441	0.410695653	0.399192487	0.384966715	0.375791458	0.369621742	0.365374024	0.364374128	0.363925009	0.364267093	0.366665093	0.373619689	0.385601131	0.401453872	0.418780511	0.437599088	0.455116571	0.473496767	0.49956941	0.535148865	0.578477138	0.621408014	0.653478867	0.676998128	0.692075195	0.700941372	0.704382065	0.705530006	0.703660734	0.697668903	0.691363161	0.683107562	0.675214264	0.668353473	0.661148914	0.655976314	0.650271263	0.645682609	0.639535516	0.632291396	0.62445329	0.615902855	0.608053476	0.600532662	0.594728998	0.591008534	0.589955307	0.592363611	0.596415182	0.597306649	0.589646337	0.572947631	0.550700857	0.526619301	0.502922784	0.481394322	0.460749179	0.442919169	0.427413802	0.415584979	0.404116688
4	0.226331832	0.229292709	0.236409875	0.254127719	0.283729062	0.316839476	0.34591503	0.366195409	0.381640726	0.393575593	0.397251442	0.392548816	0.377350234	0.359730696	0.347392218	0.338901921	0.334714544	0.333818299	0.332834235	0.331963341	0.334598627	0.341397651	0.353628374	0.372337068	0.394172811	0.416535115	0.437895904	0.45943238	0.487970253	0.526569008	0.573955047	0.623866872	0.662996134	0.69169573	0.710061539	0.721093264	0.727104817	0.728966778	0.72786833	0.723551477	0.716422373	0.707437933	0.698523208	0.691546946	0.68590032	0.680967617	0.675978027	0.670453586	0.664094977	0.655920843	0.646886014	0.637711368	0.629248731	0.621188168	0.613513842	0.610892964	0.609593738	0.61052283	0.613952822	0.613399914	0.598346762	0.570250524	0.534629364	0.498266062	0.46403402	0.434443901	0.407092068	0.384027094	0.3640746	0.34968921	0.335718705
9	0.169249933	0.172415377	0.180022066	0.196565545	0.225116308	0.257610334	0.287230041	0.306621754	0.322265816	0.334546895	0.338324915	0.333807953	0.318396004	0.301100747	0.28918047	0.281047434	0.276954243	0.276189982	0.275051446	0.274333255	0.276895975	0.284439687	0.296308323	0.314113036	0.335125426	0.358641577	0.380932255	0.402927586	0.430706826	0.468179699	0.51488947	0.564142898	0.603802703	0.632064505	0.649847251	0.661044884	0.666729224	0.668525706	0.667439406	0.66302209	0.656615131	0.648492272	0.640275999	0.632730918	0.62708847	0.622176108	0.617388043	0.612176355	0.605607436	0.597911439	0.588892752	0.57899512	0.569776222	0.561417013	0.553972403	0.55159306	0.550907541	0.55326522	0.558244979	0.557081919	0.541970663	0.513911464	0.477999289	0.441406682	0.407266648	0.377401724	0.350198048	0.326924418	0.307601158	0.2929201	0.279272135
14	0.227062968	0.229900413	0.237363483	0.254987518	0.284712651	0.31868152	0.349143322	0.369557909	0.385635738	0.398267105	0.402019059	0.397566375	0.381596859	0.362502176	0.349658592	0.341776517	0.33725129	0.336130764	0.334733802	0.334542509	0.337297352	0.34436355	0.357087612	0.376039155	0.397673667	0.421775383	0.444350766	0.466907367	0.496257018	0.534882555	0.58268306	0.632864609	0.672531251	0.701221316	0.720132804	0.731657133	0.7364871	0.738290176	0.737318213	0.73323002	0.727011536	0.71784276	0.709774038	0.702494344	0.696677689	0.692262557	0.686541999	0.681054149	0.674643187	0.666978842	0.658103065	0.648579165	0.638980073	0.630129126	0.623314225	0.620449447	0.620577393	0.623421266	0.627697288	0.626420018	0.610809746	0.580316914	0.542483862	0.503817295	0.46826069	0.436750709	0.408684086	0.384024405	0.364709591	0.349567354	0.335793386
19	0.168284193	0.170898105	0.17827668	0.195533971	0.22399821	0.256909639	0.287243328	0.307765166	0.323290082	0.335775764	0.339471977	0.335188245	0.31979558	0.300799703	0.288291593	0.280678926	0.276186302	0.275640614	0.274556291	0.274580155	0.277044541	0.284270043	0.297590737	0.316063625	0.33697879	0.360656007	0.383385576	0.405837442	0.435152568	0.473312188	0.52045537	0.570101348	0.609813108	0.638905655	0.657657142	0.669018621	0.673586291	0.675817673	0.675504418	0.67139466	0.664936213	0.656180062	0.648287934	0.640978407	0.634240018	0.629772509	0.623940687	0.618844509	0.61250193	0.604822837	0.595744216	0.58602955	0.576483486	0.56747033	0.561239368	0.55760874	0.557222433	0.560085856	0.564354767	0.563270133	0.548058162	0.518281832	0.480972724	0.44316974	0.408068174	0.376778424	0.348552725	0.324922979	0.305414737	0.290546102	0.276779934
24	0.220289118	0.223112289	0.23063554	0.248226546	0.277465311	0.310624634	0.341012117	0.361403749	0.376891439	0.389261983	0.393023087	0.388741946	0.3735432	0.354369764	0.34202363	0.334284074	0.329476682	0.328773653	0.327725176	0.327533708	0.329740611	0.33713362	0.350550608	0.369020481	0.390076181	0.413689206	0.436411314	0.458678825	0.487434142	0.525053276	0.571580197	0.620703424	0.659939997	0.688956625	0.707327044	0.718405626	0.723101796	0.725522307	0.725189783	0.720818157	0.714688953	0.706350739	0.698540337	0.691467725	0.684497636	0.679975614	0.674223088	0.669554471	0.663413128	0.655675107	0.646777244	0.63714974	0.628015092	0.619241544	0.613019197	0.609191275	0.60841228	0.611192965	0.61528246	0.613765096	0.598252727	0.568490721	0.531220485	0.493490101	0.458055367	0.426922823	0.398657094	0.374664678	0.355627698	0.340225062	0.326787292
29	0.17779281	0.1804778	0.187820738	0.205155567	0.233848915	0.266737063	0.296936955	0.317252154	0.332424613	0.345116979	0.349049653	0.344865659	0.329556858	0.310087877	0.297873234	0.290022671	0.285077421	0.284286072	0.283471638	0.283387761	0.285546442	0.292822062	0.306161648	0.324390626	0.345185625	0.3686493	0.391226926	0.413371863	0.442066021	0.479278988	0.525243843	0.573657171	0.612037598	0.640394583	0.658454249	0.669336664	0.674009321	0.676465437	0.676074432	0.671596632	0.665780225	0.657738398	0.650131525	0.643199654	0.636151508	0.631451412	0.625942535	0.621482285	0.615381197	0.607654171	0.598949151	0.58949023	0.580416403	0.571699709	0.565491201	0.561811085	0.561231736	0.564209038	0.568475159	0.56718824	0.552037133	0.522864158	0.486409903	0.448839928	0.414595489	0.383854757	0.355967929	0.332333674	0.313650468	0.298549233	0.285568309
34	0.222685273	0.225661999	0.233584407	0.252288462	0.283205111	0.318507612	0.35101299	0.373117696	0.389897131	0.40374204	0.408000626	0.403202167	0.386097711	0.364758605	0.35134508	0.342635507	0.33731784	0.336332642	0.335355993	0.335097684	0.337278317	0.34491883	0.358971561	0.378387341	0.400760966	0.426039075	0.450440241	0.474597707	0.505825583	0.546429226	0.596135871	0.648083744	0.689106034	0.719132581	0.73825244	0.749610652	0.754554651	0.75705363	0.75639183	0.751679237	0.745804939	0.737415223	0.729363407	0.722120665	0.7145815	0.709313999	0.703455297	0.69871413	0.692263217	0.684110958	0.674864045	0.664943084	0.65553098	0.646476806	0.639786755	0.636038142	0.635720805	0.639196902	0.644031078	0.642486184	0.625368129	0.592494464	0.552101711	0.510441152	0.473054908	0.439417894	0.409329518	0.38372118	0.363968088	0.348316487	0.334050693
39	0.169796695	0.172548939	0.179992375	0.197475018	0.226336572	0.259268992	0.289590526	0.309960805	0.325399618	0.338214008	0.34213605	0.337824677	0.32228152	0.302765874	0.290462131	0.282502298	0.277544274	0.27675929	0.27604494	0.275935788	0.278097319	0.285460947	0.298738928	0.316993221	0.337893146	0.361532592	0.384242101	0.406631841	0.435719385	0.473496081	0.520000518	0.56879528	0.607409817	0.635972352	0.654231262	0.665192694	0.67000266	0.672499087	0.672014565	0.667408735	0.66175803	0.653735751	0.645992271	0.639011761	0.631790271	0.626838396	0.62128045	0.616897769	0.610765764	0.602884644	0.59417231	0.584593849	0.575526725	0.56685209	0.560516964	0.556889022	0.556425539	0.55965237	0.564459113	0.563540026	0.548464142	0.51912906	0.481971088	0.444419236	0.409096744	0.377979915	0.349934131	0.326224335	0.307289612	0.291938913	0.278268904
44	0.224856811	0.227642911	0.235171536	0.253119466	0.28244038	0.315836777	0.346259523	0.366732583	0.382255693	0.395021795	0.398930856	0.394491757	0.379033379	0.359668492	0.347113382	0.33894955	0.33389283	0.332819813	0.331997331	0.331628951	0.33374682	0.341000738	0.354357022	0.372767462	0.394007622	0.417949146	0.440809792	0.463310294	0.492263022	0.530213309	0.577160529	0.6265366	0.665838098	0.694936371	0.713605493	0.724692695	0.729756807	0.732356539	0.731671626	0.726845166	0.721167767	0.713144519	0.705267425	0.698505201	0.691312016	0.686286829	0.680830171	0.676484086	0.670229479	0.662378814	0.653416649	0.643610208	0.634431421	0.6256801	0.619017459	0.615067033	0.614434622	0.617561572	0.622072165	0.620633533	0.605374469	0.575619205	0.538688383	0.50041035	0.465476195	0.434376258	0.405951487	0.381957455	0.36279432	0.347585136	0.334155557
49	0.224798876	0.227776073	0.235575064	0.254143237	0.284516279	0.318644684	0.349808353	0.370688524	0.386471087	0.399529638	0.403400165	0.398863285	0.383103488	0.363448532	0.350700582	0.342344623	0.337211727	0.336231439	0.335470124	0.335169891	0.337369649	0.344794865	0.358256894	0.376867382	0.398330088	0.422438644	0.44544025	0.468086106	0.49714609	0.534997999	0.58156091	0.630633878	0.669396364	0.698117568	0.716658297	0.7277616	0.732829472	0.735312522	0.734610269	0.729772948	0.724209455	0.716297296	0.708514045	0.701759856	0.694583663	0.689398818	0.683923567	0.67960063	0.673431583	0.665539258	0.656601745	0.646752686	0.63765487	0.629018197	0.622293467	0.618383582	0.6176802	0.620729275	0.625111416	0.623252139	0.607086848	0.576897532	0.539132191	0.500611447	0.465164417	0.433245802	0.404577114	0.380560234	0.36168441	0.346148627	0.332542348
5	0.161401191	0.163349817	0.169132529	0.183050922	0.205818585	0.23177039	0.256266121	0.274756468	0.28940973	0.300724335	0.304096466	0.299616532	0.285042177	0.268284669	0.25679858	0.248961847	0.245056905	0.244140598	0.242691823	0.240580848	0.240908407	0.244147932	0.251960981	0.264946944	0.282159463	0.301799075	0.321489479	0.340091172	0.361309554	0.387369668	0.42060447	0.460571272	0.495975877	0.523961267	0.543047438	0.555051287	0.562433847	0.566539655	0.568717549	0.568009258	0.563654124	0.557114817	0.550925181	0.546113489	0.542406118	0.539473989	0.536414659	0.533193885	0.528526888	0.521594462	0.513817333	0.505513827	0.497776142	0.490485431	0.483844302	0.481774586	0.481407699	0.483644809	0.489141308	0.4917038	0.482450218	0.462360912	0.43552977	0.406816636	0.379362321	0.355370932	0.332822778	0.313296597	0.296820268	0.284272661	0.272493952
10	0	0	0	0	0	0	0	0	0	0	0	0	0	0	0	0	0	0	0	0	0	0	0	0	0	0	0	0	0	0	0	0	0	0	0	0	0	0	0	0	0	0	0	0	0	0	0	0	0	0	0	0	0	0	0	0	0	0	0	0	0	0	0	0	0	0	0	0	0	0	0
15	0.150335933	0.151808892	0.157371327	0.170922252	0.192752888	0.217646981	0.241970085	0.259537134	0.273512724	0.284294451	0.287185626	0.283313733	0.269852032	0.253373593	0.242224859	0.235586949	0.23181362	0.231114326	0.229453482	0.228048831	0.228279108	0.231589648	0.239347963	0.252029826	0.267842483	0.287820493	0.307127606	0.325078256	0.345456094	0.370065623	0.402217763	0.440849486	0.475772761	0.503608767	0.522929671	0.535221288	0.541388008	0.545471478	0.547811444	0.547088161	0.543641915	0.53710448	0.531471221	0.526364626	0.522431833	0.520068222	0.516203732	0.512751607	0.508157124	0.502098311	0.494311942	0.485767555	0.477089488	0.469202243	0.463462332	0.461052661	0.461574787	0.465136599	0.470846862	0.473386965	0.465535117	0.445573634	0.418884088	0.391102084	0.364283981	0.340210414	0.318144701	0.299031857	0.282968966	0.270890455	0.259394651
20	0.216285867	0.218085957	0.224178356	0.238745883	0.261932934	0.288557767	0.314574915	0.333155238	0.347525678	0.359007468	0.36238431	0.358480186	0.344294212	0.326209561	0.314238789	0.306815045	0.302404078	0.301718465	0.29986018	0.29819072	0.29801003	0.301674239	0.310374832	0.323586132	0.340180975	0.361147441	0.381867326	0.400781559	0.422029185	0.447232272	0.47983223	0.519180038	0.55526675	0.58400342	0.603260931	0.615460807	0.621400106	0.625715812	0.628242274	0.627121647	0.623455963	0.617161029	0.611614412	0.60646934	0.601755733	0.599138301	0.595205955	0.592057257	0.587471571	0.581066628	0.573051747	0.564293706	0.555772568	0.54771876	0.542269585	0.539118005	0.539027843	0.542488648	0.548076408	0.55018879	0.541178383	0.52008484	0.492087331	0.462304016	0.434638737	0.409399824	0.386280284	0.366194316	0.349643767	0.337144597	0.325505666
25	0.157696081	0.159224088	0.165006342	0.178883444	0.201125569	0.226592586	0.251726669	0.269829755	0.283775389	0.295158293	0.298481895	0.294640786	0.280748431	0.262789726	0.251482218	0.244270556	0.239814573	0.23914045	0.237717006	0.236222329	0.235955979	0.239628012	0.248153395	0.260945489	0.277040881	0.297419305	0.31774773	0.336283531	0.357248875	0.38204061	0.414168669	0.452791385	0.487833103	0.515910248	0.534635814	0.546492746	0.552481813	0.557004787	0.559491553	0.558172387	0.554941235	0.549104652	0.543762872	0.538782595	0.533830821	0.531135904	0.527318546	0.524612976	0.520082898	0.513750057	0.506050508	0.497379046	0.489059876	0.481099678	0.475627899	0.472497566	0.472431325	0.47603652	0.48160177	0.483957836	0.475715232	0.455920197	0.429339038	0.400668783	0.374032841	0.34972758	0.327363887	0.30799648	0.291557015	0.279742267	0.267811713
30	0.211297142	0.213028768	0.219106879	0.233890875	0.257430482	0.284028464	0.310055504	0.328828286	0.343244518	0.354936521	0.358385913	0.354378101	0.340075354	0.321673696	0.309891695	0.302341265	0.297653976	0.29685058	0.295363369	0.293672425	0.293338717	0.297163228	0.305884213	0.31898488	0.335693974	0.356680557	0.377501218	0.396463589	0.417666869	0.442780803	0.475182383	0.513988093	0.549140337	0.577281498	0.596089168	0.607941749	0.614050461	0.618602402	0.620977748	0.61955065	0.616563191	0.610876959	0.605450279	0.600594776	0.595592825	0.592641648	0.588939545	0.586229944	0.581796158	0.575579749	0.567719572	0.559108174	0.550894652	0.543094307	0.537682505	0.534523573	0.534469406	0.538052731	0.543639769	0.545607825	0.536347106	0.515076732	0.48729532	0.457347223	0.429589042	0.404035309	0.380937656	0.360994045	0.344561027	0.331735087	0.319996644
35	0.160927737	0.16248936	0.168212412	0.18213558	0.204480006	0.229974704	0.255291872	0.273492278	0.287594911	0.299273443	0.302834462	0.298976623	0.284872305	0.266813831	0.255390583	0.248098508	0.243486268	0.242719824	0.241423865	0.239850259	0.239522748	0.243227413	0.251740937	0.26437958	0.280582978	0.301077597	0.321501374	0.340090289	0.361140091	0.386012984	0.418349343	0.457372868	0.492625778	0.521128751	0.540248094	0.552196099	0.55844592	0.563132116	0.565561385	0.56406381	0.561002074	0.555264291	0.549721374	0.544802589	0.539599563	0.536526821	0.532828597	0.530163226	0.525583881	0.519078233	0.511266079	0.502444373	0.494057	0.485999794	0.480244791	0.477033772	0.476949455	0.480636993	0.486431431	0.488603798	0.480096587	0.459783454	0.432553458	0.403593499	0.376586409	0.351581037	0.329222234	0.309331257	0.29362289	0.280633357	0.269404452
40	0.220323686	0.221876615	0.227620351	0.241837561	0.264674413	0.290604399	0.316213141	0.334578881	0.348782674	0.360411949	0.363719784	0.35951618	0.345195228	0.32693723	0.315150158	0.307535073	0.302842482	0.301910486	0.300385865	0.298602908	0.29817406	0.301789986	0.310308959	0.323246482	0.339811391	0.360741496	0.381548335	0.400538417	0.421779869	0.4469787	0.479458855	0.518322874	0.553528373	0.581667699	0.600518915	0.612368202	0.618600995	0.623197047	0.625572667	0.624090492	0.621192927	0.615703584	0.610230409	0.605452733	0.600333094	0.597306321	0.593599618	0.591011014	0.586577053	0.580208351	0.572464368	0.56377362	0.555592019	0.547827673	0.542271431	0.539080927	0.539230564	0.543129048	0.549364935	0.551916355	0.543513175	0.523366577	0.496162718	0.467490388	0.439853538	0.414890769	0.391777924	0.372602253	0.356051597	0.343777916	0.331685637
45	0.158588716	0.160100592	0.16569916	0.179371295	0.201115465	0.226024497	0.250645022	0.268526577	0.282420207	0.293837668	0.297124452	0.29314784	0.279589322	0.262283083	0.251244196	0.243983167	0.239448039	0.238606161	0.237431301	0.235833339	0.235606604	0.239267343	0.247583133	0.260244906	0.276394909	0.296853482	0.316973026	0.335505721	0.356317238	0.381363852	0.414083088	0.453361319	0.488910015	0.517543974	0.536760654	0.548706024	0.555116522	0.5597566	0.562019523	0.560254286	0.557285909	0.551716933	0.546124564	0.541277392	0.536002407	0.532768421	0.529090674	0.526529582	0.521847419	0.515390308	0.507397278	0.498335042	0.489954879	0.481976722	0.475957228	0.472520327	0.472399612	0.476181026	0.482102773	0.484397035	0.475945509	0.456165216	0.429630418	0.401220277	0.374444808	0.349888523	0.327748826	0.308134323	0.29234484	0.279828803	0.268415312
50	0.158363678	0.159899734	0.165640037	0.179596969	0.20160457	0.226412636	0.250810822	0.2683599	0.281866447	0.293083982	0.296380207	0.292573885	0.279260604	0.262006244	0.250969435	0.243636471	0.239119942	0.23826907	0.237050616	0.235517183	0.23525662	0.238787534	0.246913784	0.259172071	0.274902146	0.294840352	0.314404549	0.332417733	0.352471216	0.376309553	0.407421845	0.445026589	0.479092318	0.506757915	0.52553674	0.537325722	0.543595533	0.548252355	0.550516408	0.548756212	0.546026128	0.540595581	0.535189614	0.530589799	0.525531981	0.522473198	0.518976065	0.516642596	0.512168999	0.505790553	0.498143952	0.489294209	0.481136457	0.473416634	0.467586925	0.464223807	0.464027589	0.467645682	0.473316475	0.47527827	0.467341248	0.448355649	0.422695927	0.395309013	0.369045386	0.345258872	0.323847717	0.305118403	0.289688869	0.27708594	0.266233334
