1	0.208869812	0.210124987	0.215947862	0.230501808	0.253255239	0.279043632	0.303523223	0.321560793	0.335869248	0.346675666	0.350458595	0.346742629	0.333196895	0.317190592	0.304218389	0.295418135	0.291485717	0.289803842	0.287324809	0.285051006	0.285272875	0.28913035	0.29775461	0.311471065	0.329069219	0.349294206	0.369694893	0.388597443	0.409839731	0.437084525	0.471827834	0.511524524	0.549236796	0.577320164	0.596023512	0.608928258	0.6180835	0.622079972	0.623429898	0.622061541	0.617941653	0.613085099	0.607347287	0.601639872	0.596943816	0.592953775	0.590528028	0.588058036	0.583667891	0.5767418	0.567873461	0.558796952	0.550621484	0.543647525	0.537379604	0.53384098	0.533244905	0.53625307	0.541648602	0.545091327	0.537415029	0.519152084	0.494094775	0.466938344	0.440782649	0.417444164	0.395587668	0.377929758	0.361569802	0.347712432	0.336381792
6	0.267314304	0.269226422	0.275504779	0.290346481	0.31373435	0.340326691	0.365210436	0.382991707	0.398227558	0.409294751	0.412892615	0.409018149	0.394731427	0.377580871	0.363897704	0.354783064	0.351019621	0.349734304	0.346969962	0.344316482	0.344839442	0.348764585	0.357148505	0.370842059	0.389286007	0.410052052	0.430652071	0.450236118	0.472093313	0.499598957	0.534731402	0.5749722	0.612612654	0.640414201	0.659239518	0.671891863	0.67986097	0.683920734	0.68593983	0.684232939	0.680230474	0.675973461	0.670451532	0.664822301	0.659525428	0.655265997	0.652310553	0.649900064	0.645776856	0.638909609	0.630203567	0.621059428	0.612430491	0.604987077	0.598322244	0.595176765	0.595146546	0.598178974	0.604641059	0.608259701	0.600645662	0.581377036	0.555673999	0.528188695	0.501288031	0.477368842	0.45531693	0.43755865	0.420867623	0.406841929	0.395131315
11	0.205398659	0.207429513	0.213490774	0.227692196	0.250248672	0.276119516	0.300352276	0.317855873	0.332466348	0.343165981	0.347181806	0.343559418	0.329479609	0.312362711	0.299682323	0.291494797	0.28801545	0.286811184	0.284186883	0.282098412	0.282959242	0.287087421	0.294874395	0.308079706	0.325633002	0.345634605	0.366039301	0.385161958	0.406452158	0.433724932	0.468207189	0.507705149	0.544690623	0.57185588	0.590290709	0.602673698	0.610882855	0.614980033	0.616827802	0.614939156	0.611262565	0.607202364	0.60115906	0.595335452	0.590441874	0.585965893	0.582958018	0.580671731	0.577053102	0.570514936	0.561717348	0.55197637	0.543551014	0.536336984	0.530233032	0.527263511	0.526687527	0.529205207	0.535578622	0.539315345	0.531930749	0.513344072	0.488305826	0.461379043	0.435296912	0.411864772	0.390616638	0.372803734	0.356882313	0.34228024	0.330769292
16	0.270062509	0.271918981	0.278125276	0.292919965	0.316676193	0.343749732	0.368990938	0.387293549	0.402434505	0.413580964	0.417761072	0.41383082	0.39895789	0.380916831	0.367691583	0.358963025	0.354882666	0.353478807	0.350843273	0.348314931	0.348852428	0.353096907	0.361295873	0.37534213	0.393782897	0.41468265	0.436063109	0.455988591	0.478142373	0.506500597	0.54208068	0.582857928	0.620618251	0.648109104	0.666707259	0.678977296	0.687114735	0.691185615	0.693045743	0.691093615	0.687347586	0.683147491	0.676862803	0.671103492	0.666311517	0.661873186	0.658785273	0.656371043	0.65254546	0.645826707	0.636901419	0.627061797	0.618466769	0.611150638	0.604973141	0.601840348	0.601268554	0.60388065	0.610258642	0.613730808	0.605604443	0.586135299	0.560425287	0.532541514	0.505197873	0.481293369	0.458959237	0.441010325	0.423814421	0.409322019	0.397508532
21	0.203620936	0.205422939	0.211466101	0.225737029	0.248630857	0.274696655	0.299052613	0.31669962	0.331096575	0.341986318	0.346109858	0.342557637	0.328577558	0.311537143	0.299010654	0.290773427	0.286814551	0.285591169	0.283372049	0.280883526	0.281441112	0.285685815	0.293784858	0.307308715	0.324992282	0.344977664	0.365522532	0.384669497	0.405901906	0.433249578	0.467968428	0.507883059	0.544987068	0.572197832	0.590794453	0.60307983	0.611280277	0.615502035	0.61730171	0.615148145	0.611198789	0.606881851	0.600550627	0.59490999	0.590243161	0.585865083	0.582960868	0.580430518	0.576541984	0.569846437	0.561029004	0.551374104	0.542817113	0.535508749	0.529090497	0.525642735	0.524960818	0.527388289	0.53336915	0.53664633	0.528762463	0.510087796	0.485472401	0.458427388	0.432445036	0.408950948	0.387956062	0.370625086	0.353856039	0.340266733	0.328327191
26	0.265113329	0.26702888	0.273299436	0.288278897	0.312246683	0.339432337	0.364776512	0.383107362	0.398142307	0.409491699	0.413849499	0.410088413	0.395334996	0.377399547	0.364217707	0.355540003	0.351155712	0.349726738	0.347482255	0.344686379	0.345055224	0.349349025	0.357729355	0.371727941	0.390065005	0.410793703	0.432037654	0.451789106	0.473752589	0.501926566	0.537395824	0.578106399	0.615877816	0.64358902	0.662431903	0.674755405	0.68290564	0.687095079	0.688877828	0.686747471	0.682821315	0.678617672	0.672299983	0.666746702	0.662041914	0.657565627	0.654700369	0.652050151	0.648092092	0.641296503	0.632500029	0.622925425	0.61443724	0.607236078	0.600788802	0.597407259	0.596893741	0.599617908	0.606040806	0.609521727	0.601312509	0.581393076	0.555279205	0.527013193	0.499280362	0.474987021	0.453233259	0.434999524	0.417620712	0.403643452	0.391148966
31	0.203799228	0.205661382	0.211850871	0.226427233	0.249853002	0.276643649	0.30193607	0.320437234	0.335443098	0.346803396	0.351113766	0.347450058	0.33298754	0.31533313	0.302304842	0.293895361	0.289776041	0.288562119	0.28660055	0.284047272	0.284569437	0.288911579	0.29723688	0.310928011	0.328925665	0.349379299	0.370409897	0.389990147	0.411708039	0.439340934	0.473934496	0.513583013	0.550482494	0.577651273	0.596434214	0.608814658	0.616975837	0.621379834	0.62341868	0.621626716	0.617945316	0.614054065	0.608068278	0.602598572	0.598064128	0.593690179	0.590983458	0.58845221	0.584588959	0.578014569	0.569407181	0.560155506	0.55190248	0.544818774	0.538498148	0.535162315	0.534764649	0.537689407	0.544191523	0.547562422	0.539128498	0.519171279	0.492718808	0.464238608	0.436899463	0.412358996	0.390376769	0.372225156	0.355582196	0.340842399	0.328888245
36	0.267255419	0.269189479	0.275586656	0.290791085	0.315014983	0.342572271	0.368428784	0.387337471	0.402831966	0.41447705	0.418777379	0.414765848	0.399509631	0.381109881	0.367558426	0.358744527	0.354298626	0.352855109	0.350735947	0.347916109	0.348221025	0.35248455	0.3610043	0.375067394	0.393619973	0.414766064	0.436524476	0.456740036	0.479323721	0.508032159	0.543840072	0.584968868	0.623038403	0.650850481	0.669892441	0.682330861	0.69046304	0.694721374	0.696731955	0.694869425	0.691151081	0.686977896	0.680762451	0.675320413	0.6706766	0.666151543	0.66323072	0.66062348	0.656645635	0.64988181	0.641095937	0.63172928	0.623362878	0.616208803	0.609819791	0.606543674	0.606373451	0.609664886	0.61664828	0.620224828	0.611695456	0.59100295	0.563811578	0.534483555	0.505823475	0.480855608	0.458127772	0.439819536	0.422436603	0.407053543	0.394920883
41	0.207302073	0.208936996	0.214799197	0.22865412	0.250916289	0.276250625	0.300071281	0.317427878	0.331495489	0.342219504	0.346159217	0.342625138	0.328835995	0.312007262	0.299524454	0.291390737	0.287301506	0.286057483	0.284153472	0.281536343	0.281894208	0.285957167	0.293959626	0.307069589	0.324297367	0.343937266	0.364168001	0.382964845	0.403737322	0.430341886	0.463851218	0.502659146	0.538862993	0.565405078	0.583692838	0.595676572	0.603532236	0.607861924	0.609873982	0.607864998	0.603984325	0.599908608	0.593836961	0.588457991	0.58399553	0.579721108	0.576976376	0.574371047	0.570474145	0.563924815	0.555292612	0.546031675	0.53779779	0.530727977	0.524320198	0.520888417	0.520385446	0.52308541	0.529374032	0.532887315	0.525738879	0.508039303	0.484034964	0.458131859	0.432896302	0.410516681	0.389985992	0.373009096	0.356807278	0.343914371	0.332239268
46	0.269601875	0.271602346	0.277988839	0.293204006	0.317469774	0.345059132	0.370879047	0.389619732	0.404907225	0.416510601	0.420832125	0.416993706	0.401915055	0.383559097	0.369942043	0.361044378	0.356467048	0.354951522	0.352842148	0.349972541	0.350255881	0.354518019	0.363064064	0.377153522	0.395651472	0.416756509	0.438380053	0.458416962	0.480589417	0.508911756	0.544084939	0.584462489	0.621991836	0.649330148	0.668046563	0.680258064	0.688158784	0.692443391	0.694397812	0.692484773	0.688760966	0.684657267	0.678500063	0.673179231	0.668634725	0.664268954	0.661365287	0.658689214	0.654694347	0.647981653	0.639332726	0.630042032	0.621767553	0.614725663	0.608302173	0.604903473	0.604583687	0.607614979	0.614277406	0.61772234	0.609260838	0.588964389	0.562224536	0.533191573	0.505253182	0.480343551	0.458174078	0.439983024	0.422674378	0.408457113	0.395842905
2	0.249335073	0.251376504	0.258410826	0.275107285	0.301083886	0.330293668	0.356956943	0.375922432	0.390871862	0.402051703	0.405938892	0.401732795	0.387156577	0.370330968	0.356898225	0.347845041	0.343702581	0.342065216	0.339898206	0.338281953	0.339581712	0.345080882	0.355917827	0.372015967	0.391741526	0.413279031	0.434576694	0.455037729	0.480167065	0.513691538	0.555185837	0.599911999	0.639947554	0.668408794	0.686920746	0.699327211	0.707534158	0.710215387	0.710056104	0.707115169	0.701610101	0.695485214	0.688534731	0.681562158	0.675590366	0.670520663	0.667105013	0.663552361	0.658148829	0.650402759	0.641144122	0.632118474	0.623867054	0.616752609	0.610399577	0.607038273	0.606774479	0.609865236	0.615086647	0.617055526	0.606047997	0.583185405	0.553076914	0.520560867	0.489438205	0.462308094	0.437532542	0.417724065	0.399934043	0.384612011	0.371493993
7	0.197298878	0.199727533	0.206376898	0.221229533	0.244941409	0.272233031	0.29719475	0.314505222	0.329050178	0.339544906	0.342943447	0.339101991	0.325261895	0.308736236	0.295926762	0.287510312	0.284110528	0.283094195	0.280786541	0.279300304	0.281306439	0.286693429	0.296303815	0.311290842	0.330458057	0.351056375	0.371173169	0.390989258	0.415067153	0.447092522	0.486975123	0.53009708	0.568221646	0.595275455	0.613338484	0.625139499	0.632154544	0.634871229	0.635291868	0.632045739	0.626785581	0.62142339	0.614706167	0.607968883	0.601769696	0.596501953	0.592624351	0.589474303	0.584816857	0.577561862	0.568647622	0.559290561	0.550827403	0.543350514	0.53680191	0.533856152	0.533780183	0.536511367	0.542466873	0.545221179	0.53582579	0.514578625	0.486733184	0.4569338	0.428616902	0.403514047	0.380234887	0.361456635	0.343558311	0.329411792	0.316989084
12	0.255628304	0.258286875	0.26541528	0.281819839	0.307922521	0.337655416	0.364485348	0.383142045	0.39841883	0.409654741	0.413708939	0.409534809	0.394123791	0.375739378	0.362411497	0.353662709	0.349718075	0.348344996	0.3459146	0.344384635	0.346324987	0.352134928	0.362295749	0.378440496	0.398524288	0.420240464	0.441999119	0.463087097	0.488704364	0.52297928	0.564986327	0.610193487	0.649808361	0.677532115	0.695782615	0.707532654	0.714758253	0.717449959	0.717605696	0.714041188	0.708912856	0.703476483	0.696081316	0.689038631	0.682898298	0.677381538	0.67335433	0.670057797	0.665430213	0.658087969	0.648807672	0.638943726	0.630385333	0.623019351	0.61690037	0.614060965	0.613798133	0.616423424	0.62248683	0.624834063	0.61415756	0.590512863	0.560056536	0.527843759	0.496736438	0.469419148	0.445046649	0.425088086	0.406505809	0.390702967	0.377904115
17	0.198138152	0.200655441	0.20733778	0.222772259	0.247893965	0.276801226	0.303473464	0.322207436	0.337442499	0.349010365	0.353283013	0.348977566	0.333257876	0.314593817	0.301248136	0.292564117	0.28854616	0.287332603	0.285313829	0.283703736	0.285454121	0.291293408	0.301381699	0.317277974	0.337163139	0.358773731	0.380676057	0.402092897	0.42824204	0.462847231	0.505120604	0.550520365	0.590052432	0.617584352	0.635812291	0.647479251	0.65477127	0.657445042	0.65761932	0.654071353	0.648963228	0.643680382	0.636239557	0.629131836	0.622977487	0.617293845	0.613308357	0.609894519	0.605098959	0.597672659	0.588526107	0.57881057	0.570239607	0.562860398	0.556580916	0.553799843	0.553892298	0.557212032	0.563971207	0.566956756	0.556427758	0.532751096	0.501902069	0.46914692	0.437884775	0.410722738	0.386220531	0.366058096	0.347925925	0.331595857	0.319118418
22	0.256175252	0.258829759	0.266007525	0.282780581	0.309633428	0.340014563	0.367615417	0.387010442	0.402613099	0.414431295	0.418866146	0.414467717	0.398439621	0.379375462	0.365629609	0.356592518	0.352124353	0.350767976	0.348760337	0.346868805	0.348496231	0.35445746	0.364958011	0.381436729	0.401821734	0.42390675	0.446222468	0.467892849	0.494103293	0.528856768	0.571207704	0.616896378	0.656767974	0.684768398	0.703315368	0.715075653	0.722380326	0.725119002	0.7252406	0.721628101	0.716376604	0.710881995	0.703310904	0.696381782	0.690383508	0.684769596	0.680778668	0.677214736	0.67228293	0.664820928	0.655678272	0.645994519	0.637419687	0.630027542	0.623580065	0.620434498	0.620409601	0.623595751	0.630057688	0.632399487	0.621054656	0.596399609	0.564641347	0.530847901	0.498893428	0.470670032	0.445733857	0.42524543	0.406887861	0.390398469	0.377613312
27	0.191438808	0.193953652	0.200627371	0.216061203	0.240961854	0.269289881	0.295111097	0.313294286	0.327811256	0.33880948	0.342932895	0.339026824	0.324274472	0.306616086	0.293736576	0.285376931	0.281222446	0.280070622	0.278439933	0.276618439	0.278181851	0.283838391	0.293789836	0.309282111	0.328457257	0.349221696	0.370227413	0.390576009	0.415181088	0.447889296	0.487941325	0.531276703	0.569349169	0.596184781	0.614126282	0.625547401	0.63262563	0.635471175	0.635741359	0.632196321	0.62709934	0.62177367	0.614503499	0.607852924	0.602077838	0.596728148	0.592945619	0.589440249	0.584672074	0.577376145	0.56836303	0.558935506	0.550596154	0.543466781	0.537189844	0.534003859	0.533735088	0.536762041	0.543108147	0.545831952	0.536023615	0.513972448	0.485229612	0.454485073	0.425192326	0.399578924	0.376217769	0.357053322	0.339194358	0.324475533	0.311538418
32	0.256814816	0.259356983	0.266394406	0.282760298	0.309035822	0.33884765	0.366053429	0.385215312	0.400590575	0.41222728	0.416452543	0.41231521	0.39680504	0.378296115	0.364737907	0.355906749	0.351374722	0.350014723	0.348170038	0.346131974	0.347609402	0.353447362	0.363898484	0.38018275	0.400292297	0.422087283	0.444043564	0.465250419	0.490818767	0.52486604	0.56648944	0.611644549	0.651376552	0.679391113	0.698147187	0.710107575	0.717438392	0.720482768	0.720804863	0.717190519	0.711951534	0.706565261	0.699120266	0.692432552	0.686653584	0.681186344	0.677264667	0.673641049	0.668747505	0.661250848	0.652070552	0.642405078	0.633844791	0.626483868	0.62001217	0.616686604	0.61646522	0.619411015	0.62565707	0.627762671	0.616801697	0.592883284	0.562196785	0.529714696	0.497969848	0.470658741	0.446398634	0.426244599	0.407655335	0.391756111	0.378731583
37	0.197823393	0.200296546	0.207077284	0.222782368	0.248132734	0.277109283	0.303837021	0.322778488	0.338014575	0.349560464	0.353600033	0.349268068	0.333741243	0.315238629	0.301861282	0.293189295	0.288881793	0.287676131	0.286037874	0.284200478	0.285712095	0.291484586	0.301728643	0.317541854	0.337384372	0.35899932	0.380898342	0.402107755	0.427676871	0.46161045	0.502972607	0.547647447	0.586823798	0.614223288	0.632549255	0.644140887	0.651298845	0.654238197	0.654619826	0.651215169	0.646156306	0.640930573	0.633620232	0.626954149	0.621176964	0.615637417	0.611796805	0.608185992	0.603268487	0.595816959	0.586811818	0.57735598	0.568977243	0.561800589	0.555355375	0.552166056	0.552296674	0.555798785	0.562560671	0.565186086	0.554470071	0.530750546	0.500136069	0.467877008	0.436692508	0.409585719	0.385368536	0.36556975	0.347333874	0.331829963	0.319053136
42	0.253322281	0.255907896	0.262942661	0.279220826	0.305174806	0.33445879	0.361017163	0.379726234	0.394664752	0.406025749	0.41007802	0.405975004	0.390867879	0.37287353	0.359631739	0.350965774	0.346568008	0.345253195	0.343551949	0.341494192	0.342942225	0.348705377	0.359043201	0.374958581	0.394796838	0.416301695	0.437940876	0.458728309	0.483769403	0.517269172	0.558374197	0.602984501	0.6423202	0.669934599	0.688381831	0.700047314	0.707218938	0.710129859	0.710417882	0.706810013	0.701546297	0.696038204	0.688679762	0.682146582	0.676441296	0.670988905	0.667182377	0.66359002	0.658730629	0.651319549	0.642145359	0.632701586	0.624254138	0.616980633	0.610461212	0.607122971	0.607030082	0.61015016	0.616502037	0.618917985	0.608330654	0.584930603	0.554874264	0.522908974	0.492269353	0.464892445	0.440720008	0.420929962	0.403023435	0.38690001	0.374613619
47	0.207054125	0.209519715	0.216325826	0.232025398	0.257433338	0.28654869	0.313538013	0.332660598	0.348034484	0.359826932	0.364064295	0.359785936	0.344101552	0.325318466	0.31167225	0.30286487	0.298420901	0.297167734	0.295601821	0.293695149	0.295171305	0.30095995	0.311262818	0.32716212	0.347064525	0.368881089	0.39100356	0.412402626	0.438248724	0.472425341	0.513866648	0.558825965	0.598304278	0.625956734	0.644434168	0.656174486	0.663349934	0.666396593	0.666840282	0.663453244	0.65837522	0.653116494	0.645804849	0.639113	0.63320488	0.627635214	0.623763864	0.620122528	0.615144778	0.607596451	0.598397532	0.588986432	0.580506186	0.573232695	0.566727038	0.563494331	0.563744185	0.567423994	0.574472896	0.577428472	0.566673019	0.542868001	0.511839664	0.478973339	0.447420449	0.420089618	0.395416276	0.375435435	0.357014042	0.341639641	0.328581238
3	0.250978012	0.252609867	0.257819376	0.271265526	0.292893148	0.316414879	0.336333283	0.349822738	0.360013145	0.367062525	0.368929672	0.365369382	0.355185831	0.343568277	0.333777886	0.326883895	0.323922484	0.322871551	0.321340878	0.320920326	0.323319394	0.329691072	0.340737079	0.355825418	0.372996945	0.390383481	0.407075829	0.424016356	0.448073264	0.482635277	0.524787862	0.566539242	0.600703151	0.62331108	0.637836655	0.64745873	0.653241457	0.653734464	0.651257327	0.645774104	0.638357074	0.631116643	0.623354815	0.615333203	0.608234482	0.602520668	0.598143526	0.593561962	0.587567342	0.579744728	0.57121378	0.563186247	0.555133473	0.548255952	0.54208662	0.538407241	0.537201836	0.539006402	0.542983524	0.545540114	0.539566711	0.525732231	0.506658447	0.48560378	0.464497937	0.445678717	0.427860411	0.412903772	0.398782948	0.386520943	0.375870656
8	0.310218292	0.312784747	0.319449799	0.33482415	0.35974307	0.386873905	0.409541263	0.424717836	0.4369661	0.445006135	0.446863076	0.4429902	0.431156384	0.417357337	0.406607641	0.399352024	0.396459935	0.395533853	0.393837808	0.39369442	0.397407667	0.404778646	0.416530401	0.433264511	0.452758282	0.472019401	0.490352659	0.509634433	0.536731296	0.575145447	0.621162316	0.665819526	0.701204785	0.724269529	0.739116793	0.748754743	0.75379473	0.754243811	0.752125992	0.746275237	0.738780792	0.731528704	0.723236504	0.715158476	0.707658537	0.701095606	0.695788176	0.691242036	0.685624967	0.677814156	0.668750662	0.659547633	0.651333639	0.644186101	0.637598747	0.634146814	0.633015959	0.634347138	0.638949289	0.640866739	0.632639166	0.614491451	0.590840162	0.565343292	0.539991922	0.517138587	0.496294054	0.479362805	0.462657099	0.447566495	0.436372868
13	0.255715081	0.257932018	0.263926298	0.278301947	0.301890034	0.327573932	0.34889984	0.363272565	0.374492092	0.382219338	0.384382779	0.380671401	0.369227823	0.355729873	0.345935764	0.339312448	0.336287225	0.335371468	0.333859884	0.333648507	0.337023679	0.344253544	0.355340062	0.371312536	0.389444092	0.407506726	0.425160275	0.443428807	0.468949025	0.505404562	0.54879763	0.591165195	0.624841607	0.646894628	0.661065503	0.670097208	0.675295676	0.675825681	0.673743163	0.667904094	0.660883322	0.654171288	0.645793311	0.637854533	0.630982408	0.624625101	0.619683929	0.615487196	0.610386115	0.60307009	0.594228056	0.585071097	0.577121824	0.570255952	0.564375635	0.561141222	0.559517472	0.560521556	0.564956154	0.56699263	0.559767461	0.543554528	0.522104101	0.498776998	0.475300873	0.454744576	0.435639502	0.420001578	0.404567967	0.391072984	0.379946101
18	0	0	0	0	0	0	0	0	0	0	0	0	0	0	0	0	0	0	0	0	0	0	0	0	0	0	0	0	0	0	0	0	0	0	0	0	0	0	0	0	0	0	0	0	0	0	0	0	0	0	0	0	0	0	0	0	0	0	0	0	0	0	0	0	0	0	0	0	0	0	0
23	0.251197722	0.253266094	0.259298084	0.273675762	0.297381122	0.32323935	0.344919059	0.359642439	0.370960949	0.379010766	0.381273586	0.377546615	0.36603834	0.352395871	0.342537391	0.335872317	0.332577667	0.331691301	0.330582998	0.330155449	0.333331005	0.340595219	0.351959036	0.368127016	0.38645646	0.404668228	0.422635636	0.441198802	0.466946926	0.503774333	0.547743388	0.59098212	0.62540248	0.647911441	0.662667171	0.671989194	0.677275859	0.678120335	0.676122746	0.670177818	0.662949316	0.656063953	0.64755078	0.63975554	0.633048631	0.626673798	0.621754758	0.617204006	0.611755229	0.604272565	0.595506965	0.586428956	0.578427763	0.571466213	0.565196685	0.561600898	0.560189858	0.561565092	0.566183516	0.568079661	0.560501594	0.543810091	0.521683337	0.497612378	0.473832359	0.452113073	0.432424945	0.416279238	0.400923328	0.38714123	0.375946588
28	0.31496265	0.317576228	0.324327898	0.340450924	0.366845134	0.395602978	0.419835118	0.436337512	0.449082903	0.458134963	0.460782613	0.456621657	0.443581245	0.428386345	0.417330017	0.409927747	0.406246098	0.405270072	0.404197742	0.403742405	0.40716404	0.415037921	0.427457333	0.445163468	0.465300123	0.48537141	0.505164883	0.525578362	0.553952249	0.59415792	0.641648249	0.688057278	0.724610533	0.748377222	0.763801416	0.773467179	0.778893414	0.779706816	0.777476404	0.771303177	0.763865759	0.75652524	0.747588038	0.739553954	0.73249909	0.725860913	0.720609625	0.715744792	0.709909427	0.701964407	0.692736434	0.683214424	0.67487735	0.667626309	0.661031506	0.657228527	0.656006127	0.657722643	0.662536366	0.66407788	0.654722996	0.634778788	0.609316949	0.581231646	0.553831582	0.529716762	0.507577817	0.489407437	0.471043526	0.456238241	0.443515425
33	0.238363505	0.240324471	0.246058927	0.259884262	0.282676103	0.307535289	0.328441398	0.342805184	0.353692061	0.361441739	0.363743443	0.360214095	0.349096405	0.335925513	0.326340266	0.319863747	0.316583924	0.315677875	0.314711385	0.314150344	0.317032116	0.323993849	0.334882469	0.350430667	0.368075096	0.385643669	0.403032594	0.420890346	0.445592876	0.481005229	0.523526822	0.565619056	0.599471754	0.621913181	0.636779032	0.646180008	0.651573861	0.652696975	0.650886981	0.645076259	0.637980777	0.631245075	0.622948829	0.615420392	0.608931193	0.602847203	0.598143228	0.593676989	0.588338996	0.580966774	0.572273682	0.563384024	0.555454929	0.548654857	0.542462864	0.53874241	0.537324667	0.538688935	0.543422575	0.545931664	0.539263546	0.523779976	0.503217841	0.480450744	0.457859868	0.437888981	0.41921046	0.403701918	0.388690371	0.375262617	0.364028164
38	0.309892263	0.312251904	0.318687024	0.334032429	0.359172478	0.386528272	0.40938493	0.424948448	0.436861612	0.445369214	0.447787994	0.443926092	0.431687412	0.417231297	0.406671835	0.399598678	0.395984319	0.395000559	0.394054899	0.3934257	0.396502859	0.403952612	0.415774189	0.432488791	0.451538863	0.470497872	0.489188631	0.508379973	0.534938661	0.572648331	0.617325896	0.661090637	0.695807683	0.718479424	0.733313169	0.742680348	0.747986488	0.748880033	0.746938513	0.74102696	0.733906899	0.727050209	0.718617324	0.711026033	0.704367544	0.698100167	0.693252322	0.688580732	0.683024957	0.675465192	0.66667657	0.657713406	0.649708724	0.642760969	0.636339346	0.632607216	0.631398362	0.633169906	0.638019019	0.64000408	0.631925307	0.613943132	0.590562093	0.565012089	0.539569994	0.517209273	0.496531278	0.479374859	0.462762207	0.448446544	0.436810218
43	0.248648343	0.250565196	0.256254333	0.270108532	0.292916446	0.317767481	0.338620577	0.3529096	0.363723966	0.371544607	0.373693975	0.370098101	0.358766382	0.345350196	0.335564426	0.328939468	0.325520788	0.324572792	0.323624931	0.322943171	0.32577246	0.332712548	0.343677209	0.359206602	0.376882143	0.394506577	0.411895784	0.429774083	0.454393367	0.489665178	0.53182094	0.573592363	0.607121377	0.629147856	0.643604782	0.652658806	0.657764996	0.658759911	0.65697324	0.651205635	0.644153489	0.637517921	0.629317441	0.621944432	0.61554903	0.609406789	0.604781306	0.600346131	0.595054775	0.587673032	0.579042902	0.570273024	0.56254965	0.55589082	0.549718798	0.546058005	0.544763452	0.546264765	0.551001313	0.553422069	0.546898506	0.531580318	0.511113115	0.488696895	0.466155819	0.446255198	0.427700362	0.412307982	0.398075562	0.384643363	0.373611806
48	0.302738489	0.304791015	0.310598224	0.324620354	0.347769937	0.372874339	0.394055394	0.408441543	0.419394213	0.427170967	0.429186614	0.425436014	0.413926574	0.400414247	0.390440492	0.383723412	0.380204163	0.379139959	0.37815321	0.377303486	0.380055992	0.386976767	0.398007415	0.413763648	0.43167773	0.449594819	0.467268605	0.485381914	0.510472557	0.546529993	0.589647567	0.632401765	0.666662655	0.689099139	0.703776961	0.713037386	0.718172957	0.719181547	0.717297006	0.711381678	0.704202934	0.697324463	0.688962215	0.681529028	0.675069887	0.66886288	0.664047378	0.659465152	0.654018656	0.646557518	0.637876968	0.629020242	0.621201318	0.614452539	0.608108077	0.604396009	0.603132988	0.604739515	0.609570972	0.611994787	0.605156923	0.589250209	0.568505623	0.54550892	0.522316288	0.502047184	0.483203319	0.46789676	0.452478336	0.438820963	0.427498645
4	0.252130081	0.255385861	0.263683387	0.282708916	0.312292136	0.345156181	0.37385331	0.393345504	0.408996993	0.420784836	0.425041883	0.421136187	0.40683208	0.389975432	0.376462952	0.367429351	0.363615189	0.362478963	0.360577738	0.35943498	0.361822686	0.36890713	0.381644302	0.399673092	0.42120643	0.443902905	0.46590582	0.4874501	0.514839824	0.552070702	0.59793481	0.645866359	0.686855244	0.714877982	0.733010138	0.744871284	0.752099472	0.754218661	0.753124303	0.748598796	0.741852894	0.735178906	0.727667521	0.719930835	0.712877912	0.70719596	0.702925506	0.698722609	0.692790417	0.684461699	0.674901208	0.665478757	0.656021649	0.647859671	0.640621704	0.636712195	0.635938631	0.638216934	0.642431814	0.642498669	0.628654284	0.601952109	0.568016049	0.532618612	0.499009281	0.469593241	0.442937693	0.421539602	0.402133278	0.386018966	0.372524323
9	0.19232261	0.19582501	0.204238183	0.222560741	0.251546511	0.284317601	0.313018566	0.332586816	0.348742469	0.360469452	0.364878998	0.361085408	0.346178757	0.328257908	0.314707156	0.305966872	0.302393058	0.301310065	0.299189733	0.298509475	0.301829238	0.309154488	0.321141324	0.339086188	0.360959632	0.383863853	0.406166867	0.428304202	0.456380777	0.494657391	0.541312122	0.589614258	0.630323042	0.657995063	0.676029379	0.68770097	0.694445612	0.696572392	0.696043897	0.691540773	0.685201063	0.678735709	0.670838775	0.663183459	0.656239093	0.650064572	0.645251372	0.641253854	0.635972716	0.628072967	0.618160557	0.607647658	0.598492155	0.590433186	0.583381747	0.579904061	0.579058879	0.580995841	0.586032159	0.586593048	0.572753221	0.545377891	0.510957624	0.475216016	0.441338014	0.411608381	0.384972557	0.363086523	0.343551843	0.327189596	0.313484707
14	0.256134813	0.259737322	0.268243801	0.287301601	0.31760991	0.35167598	0.381298863	0.401426489	0.417853879	0.430265868	0.435119318	0.431078584	0.415274181	0.396306529	0.382550987	0.373668643	0.369661575	0.368410448	0.36636806	0.365381047	0.368359582	0.375931006	0.388359001	0.406959542	0.429212812	0.452548638	0.475808787	0.498762646	0.527746251	0.567147293	0.614928137	0.66448275	0.706261035	0.734506987	0.752801032	0.764473098	0.771498727	0.773649296	0.772932171	0.768200522	0.761980511	0.755532007	0.747162637	0.73940907	0.732639998	0.726322347	0.721648684	0.717636688	0.712334035	0.704284256	0.694240449	0.683602397	0.674184657	0.666133846	0.65921247	0.655720419	0.654707854	0.656584144	0.661608454	0.661632456	0.646902649	0.617845304	0.581450554	0.543788107	0.507993221	0.477177985	0.450004443	0.427607229	0.407052868	0.389900362	0.376559068
19	0.192080178	0.195407427	0.203460623	0.22149816	0.250371275	0.282712193	0.311229291	0.330938953	0.3467178	0.358654356	0.363259773	0.359389209	0.344398557	0.326337489	0.31324925	0.304782178	0.300861882	0.299875541	0.298297541	0.297329547	0.300150225	0.307485902	0.319480942	0.337448636	0.358955032	0.381571322	0.404115882	0.426326326	0.454303173	0.492441536	0.538800872	0.587300828	0.628404768	0.656356324	0.674621887	0.686252857	0.693384811	0.695661983	0.694992759	0.690258867	0.683964327	0.677608501	0.669343646	0.661643203	0.655039769	0.648914834	0.644284271	0.640154414	0.634786976	0.626757835	0.616912123	0.606383676	0.597042722	0.58904508	0.582097242	0.57836081	0.577363499	0.579526949	0.584715302	0.585210725	0.571458019	0.544022588	0.509632736	0.473422493	0.439641858	0.409846529	0.383478989	0.361684394	0.342446907	0.325295351	0.311895587
24	0.244619326	0.247936916	0.256201109	0.274717035	0.304216326	0.337217226	0.366072066	0.385910721	0.401841209	0.413938034	0.418620238	0.414779304	0.399663041	0.381476747	0.368311365	0.359760694	0.355551211	0.354364236	0.352809281	0.351628234	0.354262305	0.36161738	0.373868193	0.392108	0.413924227	0.436747102	0.459510978	0.481824976	0.509860393	0.548193263	0.594966401	0.644004977	0.685569871	0.713824804	0.732335704	0.744030961	0.751094083	0.753354745	0.752685741	0.747894944	0.74147537	0.734934088	0.726533699	0.719039844	0.712557613	0.706410626	0.701759393	0.697535222	0.692049627	0.683934858	0.67402384	0.663497709	0.654156985	0.646151926	0.639048492	0.635088651	0.634001303	0.635999688	0.640938384	0.641020707	0.626741027	0.598617021	0.563611921	0.526894507	0.492293331	0.462321282	0.435296609	0.413876883	0.393844269	0.377331751	0.363572552
29	0.200292983	0.203605186	0.211784284	0.230197789	0.259700461	0.292848425	0.321826896	0.341711813	0.357558142	0.369836622	0.374733874	0.370952165	0.355619959	0.337157717	0.323661539	0.314926829	0.310630332	0.309518285	0.308095518	0.306891107	0.309585847	0.316971181	0.329184619	0.347253363	0.368846995	0.391509072	0.414113208	0.436373335	0.464206776	0.501763129	0.547233729	0.594780619	0.634789801	0.661956766	0.679848898	0.691107917	0.697863252	0.700189042	0.699606706	0.695024909	0.688881063	0.682662499	0.674615416	0.667381904	0.661112467	0.655109699	0.650742035	0.646703749	0.641390645	0.633542527	0.624022366	0.613939799	0.604963114	0.5971853	0.590284393	0.586541157	0.585727509	0.587912939	0.593068741	0.593327004	0.579266051	0.55151969	0.516724778	0.480699169	0.446354023	0.416866576	0.39027779	0.368890701	0.349144047	0.333054293	0.319575764
34	0.249162129	0.252596964	0.261238152	0.280648386	0.311627524	0.346465583	0.377284851	0.398639071	0.415747351	0.428915114	0.434024545	0.429719135	0.412999048	0.393065266	0.378686703	0.369424114	0.36480329	0.363523786	0.362037076	0.360699505	0.363302261	0.370909339	0.383752612	0.402775758	0.425646814	0.449790431	0.474011846	0.497863112	0.52782837	0.568364823	0.617100863	0.667991636	0.710757779	0.739797776	0.758885155	0.770796468	0.777931549	0.780421928	0.779839163	0.775121526	0.768748187	0.762227175	0.75377595	0.746226122	0.739561669	0.733299605	0.728525646	0.724058844	0.718301165	0.709972039	0.699899819	0.689459308	0.680088628	0.671966143	0.664666653	0.66082257	0.660248418	0.662878433	0.66832644	0.668381529	0.652614302	0.622118398	0.584175487	0.545073709	0.507930718	0.475900133	0.447642307	0.424668733	0.404166093	0.386134584	0.372058762
39	0.191354824	0.194661812	0.202779253	0.220954967	0.249971246	0.282533201	0.31107285	0.330677749	0.346241334	0.358248826	0.36298647	0.359353483	0.344550535	0.326607408	0.313361934	0.304896562	0.300664933	0.299582459	0.298266581	0.297063823	0.299697068	0.30698828	0.31910968	0.336962533	0.358347707	0.380778207	0.403095091	0.424970952	0.45235401	0.489716033	0.535110286	0.582712688	0.623137949	0.650671734	0.668873904	0.680354074	0.687212115	0.689686066	0.689115324	0.684395781	0.678056402	0.671711173	0.663561352	0.656254634	0.650001423	0.644055411	0.639622699	0.635386091	0.629967469	0.622064072	0.612451535	0.602387016	0.593341898	0.585500789	0.578464609	0.574492158	0.573620945	0.575825888	0.581002457	0.581427964	0.567827668	0.540869615	0.506891333	0.471190753	0.437568495	0.408445679	0.382345	0.360793218	0.341345362	0.324877344	0.311254136
44	0.249709139	0.252974943	0.261248092	0.2798557	0.309300827	0.34219304	0.371004936	0.390895053	0.406690156	0.418768504	0.423355688	0.419519177	0.404351233	0.386130479	0.372730441	0.363990767	0.359581111	0.358351615	0.356967147	0.35553537	0.357961787	0.365195685	0.377449953	0.395500767	0.41709288	0.439842511	0.462533305	0.484712308	0.51240753	0.550216647	0.596285567	0.644578815	0.685560505	0.713425234	0.731800094	0.743357668	0.750260138	0.752705742	0.752198213	0.747533309	0.741220747	0.734749188	0.726624683	0.71945408	0.713197537	0.70719096	0.702764032	0.698573389	0.693155903	0.6851557	0.675455664	0.665307456	0.656211438	0.648323419	0.641196538	0.637230047	0.636288678	0.638455622	0.643536071	0.643725627	0.629865311	0.602195923	0.567790361	0.531871388	0.497699311	0.467765614	0.441183248	0.419991113	0.40057611	0.383830744	0.370291768
49	0.251632443	0.255185712	0.263978947	0.283627229	0.314664427	0.348978133	0.378947195	0.399592406	0.415884518	0.428337376	0.433034178	0.429112874	0.413598833	0.394888486	0.381074405	0.372157268	0.367672765	0.36651572	0.365261258	0.363925723	0.366514809	0.374063593	0.38675617	0.405250217	0.427291051	0.450465358	0.473526936	0.495993141	0.524035413	0.561954194	0.607698692	0.655522435	0.695976169	0.723578531	0.741808328	0.753306307	0.760202093	0.762676405	0.762231575	0.757544049	0.751282242	0.744988635	0.736923596	0.729795601	0.723540144	0.717574147	0.713129911	0.708859086	0.703383777	0.695462099	0.68581482	0.675811359	0.666700144	0.65893059	0.651811729	0.647831995	0.646888024	0.648982464	0.653784313	0.653164214	0.637907483	0.608715862	0.572799235	0.535490436	0.500278726	0.469579805	0.442422107	0.420656929	0.400203278	0.384170951	0.370133393
5	0.18396677	0.186174065	0.192809803	0.207644845	0.230351875	0.255793657	0.279659618	0.296850457	0.31152087	0.322362081	0.326058249	0.322687679	0.309554174	0.293661513	0.280918038	0.272393828	0.269187357	0.268352123	0.265881358	0.263395025	0.263839815	0.267401123	0.275025603	0.287396262	0.304424199	0.324079347	0.343623906	0.362086197	0.382102292	0.406824628	0.438720182	0.476164357	0.512285584	0.539641807	0.558423112	0.571126734	0.57921289	0.583547422	0.585790325	0.584416814	0.580616026	0.576724595	0.571629726	0.566140513	0.56109514	0.557164357	0.554608224	0.552433367	0.548544863	0.541890106	0.533388058	0.52448399	0.515989093	0.508593986	0.501978179	0.498851707	0.498681765	0.501570291	0.507573975	0.510843771	0.50317698	0.484466609	0.459407184	0.432313662	0.406479932	0.383194926	0.362180726	0.344406418	0.328854565	0.315058617	0.303729599
10	0.244957589	0.247527738	0.254789505	0.270856842	0.295488675	0.323101997	0.348780227	0.367500545	0.383358096	0.394726297	0.398808494	0.395041643	0.380368045	0.362549405	0.348993991	0.340217885	0.336669412	0.335452079	0.332624922	0.330285385	0.331062067	0.33490994	0.342600308	0.355797085	0.373972735	0.394938465	0.416090412	0.435698294	0.45712508	0.483717339	0.517310512	0.55649508	0.59369422	0.621502271	0.640537526	0.653298034	0.661564013	0.665846843	0.668126133	0.66679276	0.663287464	0.659307135	0.653549516	0.648057206	0.643155849	0.638741838	0.635903973	0.633769719	0.630203913	0.623654663	0.614773517	0.605063167	0.596642744	0.589383223	0.583027422	0.580101948	0.579844777	0.582524892	0.588869214	0.591921415	0.582697977	0.561478579	0.533857555	0.504242505	0.475685935	0.450595844	0.427644641	0.409097427	0.391898198	0.377310563	0.365186776
15	0.173900917	0.176020864	0.182330834	0.196495153	0.218499891	0.243014856	0.265919008	0.282751252	0.296666716	0.306968551	0.310829822	0.307634583	0.294710625	0.278820514	0.267180852	0.259637736	0.256330657	0.255454303	0.253152091	0.250943515	0.251439354	0.255087007	0.26212121	0.274318393	0.290631013	0.309379825	0.328749809	0.346588084	0.366041844	0.3907876	0.422555342	0.459839623	0.495683146	0.522707765	0.541235626	0.553662077	0.562011696	0.566310553	0.568424925	0.566739684	0.563241214	0.559344701	0.553318625	0.547766469	0.543247229	0.539083322	0.53641371	0.534254589	0.530796851	0.524292588	0.515457887	0.505798238	0.497365625	0.49020612	0.484129886	0.480942768	0.480177558	0.482542359	0.48863974	0.49220707	0.484994496	0.467137567	0.443391083	0.417406775	0.39209599	0.369729385	0.34958296	0.33247903	0.316689537	0.303412822	0.292133633
20	0.241416711	0.243681905	0.250507023	0.265994248	0.290073985	0.316921608	0.341967681	0.360187379	0.375202258	0.386483589	0.390835199	0.387354551	0.373126687	0.355601068	0.342757517	0.334266805	0.330247832	0.329054824	0.326765045	0.324116033	0.324336068	0.328119329	0.33578173	0.34897522	0.366555676	0.386817213	0.407704118	0.426911722	0.447880519	0.47415275	0.507419445	0.546405765	0.583570638	0.611520222	0.630679537	0.643322544	0.651741361	0.656172111	0.658277146	0.656557352	0.652962914	0.648897387	0.642711195	0.637227245	0.632702449	0.628487593	0.625710321	0.623359131	0.61961356	0.612918238	0.604000354	0.594239129	0.585720916	0.578441496	0.572112482	0.568831976	0.568309943	0.571080455	0.57749996	0.580968418	0.572637121	0.552615021	0.526261795	0.497915036	0.470219057	0.445656533	0.423830022	0.405443107	0.388706924	0.374510751	0.362285838
25	0.183744736	0.185895289	0.192312356	0.207109434	0.230307544	0.256377626	0.280998106	0.299046795	0.313942059	0.32527292	0.329613049	0.326019857	0.311626701	0.294161014	0.281498453	0.27324193	0.269330709	0.268284932	0.26632307	0.263718134	0.263993674	0.267823884	0.275310753	0.28811951	0.305277486	0.325160571	0.345805639	0.365053326	0.385951841	0.411928287	0.444396053	0.482468521	0.518596188	0.545541186	0.564167088	0.576419062	0.584571033	0.588949507	0.591160451	0.589726248	0.586428601	0.582717348	0.576868817	0.571639398	0.567306093	0.56314328	0.560577807	0.558308964	0.554700833	0.548176556	0.539642418	0.530251055	0.522086291	0.515150285	0.50899035	0.505945518	0.505727597	0.508846193	0.515626821	0.519342858	0.511580093	0.492163146	0.466183473	0.438253861	0.411285517	0.387649164	0.366102997	0.348300504	0.331817985	0.317516664	0.306125494
30	0.234184459	0.236475574	0.243332411	0.258823889	0.282803098	0.309622202	0.334677752	0.35310918	0.368177902	0.379508894	0.383770553	0.380236766	0.366046257	0.348651343	0.335876004	0.327494543	0.323477911	0.322308497	0.320330042	0.317609091	0.317741997	0.321580102	0.329326791	0.342451718	0.359974941	0.380200794	0.401027157	0.420169265	0.44090645	0.466983017	0.499793654	0.538337715	0.574995727	0.602540799	0.621506655	0.633949785	0.642165769	0.646555878	0.64874124	0.647138036	0.643633283	0.639702271	0.633662502	0.628371473	0.62403229	0.619915344	0.617182594	0.614788754	0.610991803	0.604344958	0.595660283	0.586229446	0.577928922	0.570834626	0.56448808	0.561086603	0.560672968	0.563553473	0.569902949	0.572928626	0.563922774	0.543597268	0.516779936	0.487962788	0.460092527	0.43567616	0.413519919	0.395108808	0.378676439	0.364201015	0.352674309
35	0.184317577	0.186375082	0.192670667	0.206996022	0.229433121	0.254754258	0.278601512	0.296146292	0.310494984	0.321495177	0.325741741	0.322437144	0.308816329	0.292085998	0.279810231	0.271840629	0.267972035	0.266855939	0.264976125	0.262398834	0.262574084	0.266267017	0.273647749	0.286098365	0.302753801	0.322047047	0.342115027	0.360693331	0.380765816	0.406050165	0.438079847	0.475914132	0.512101644	0.539383806	0.558310585	0.570672701	0.578867789	0.583377705	0.585502936	0.583787104	0.580123523	0.576166631	0.570143771	0.564868516	0.560515544	0.556324556	0.553677391	0.551242842	0.547390031	0.540728939	0.532039185	0.522669926	0.514331721	0.507200571	0.500732512	0.497295118	0.496832583	0.499637536	0.506035642	0.509616885	0.502041976	0.483476287	0.458464874	0.431720459	0.40553451	0.382522416	0.361594342	0.344357304	0.328191543	0.314671374	0.303119659
40	0.246352074	0.248511349	0.25511206	0.27017943	0.293685824	0.320126295	0.34499811	0.363279356	0.378174304	0.389532264	0.39367893	0.389973102	0.375487542	0.357864338	0.344872724	0.336420005	0.332226843	0.330971129	0.328983564	0.326123669	0.326124854	0.329870134	0.337490466	0.350385207	0.367775103	0.38795703	0.408894856	0.428141652	0.449095192	0.475285321	0.508084148	0.546594478	0.583251492	0.610740209	0.629723018	0.642141406	0.650387226	0.6548769	0.657202587	0.655782694	0.652401125	0.648547608	0.642616695	0.63742632	0.633063531	0.628875863	0.626191306	0.623762932	0.619974351	0.613349398	0.604645305	0.59536835	0.587144415	0.58013993	0.573812489	0.570574966	0.570504823	0.573826438	0.580876689	0.584866415	0.577103828	0.55740907	0.531416856	0.503117143	0.475916408	0.451887695	0.429885903	0.412187122	0.395638646	0.380953209	0.368862492
45	0.18054508	0.182535615	0.188673424	0.202721573	0.22470718	0.249437145	0.27292654	0.290290165	0.304480682	0.315319155	0.319244307	0.315871754	0.302555331	0.286203696	0.274116393	0.26628293	0.262454996	0.261377409	0.259558174	0.256889111	0.257080466	0.260808115	0.268255611	0.28063936	0.297317746	0.316678463	0.336674637	0.355117331	0.375177249	0.400715384	0.433114736	0.471322495	0.507914867	0.535282032	0.554227358	0.566614304	0.574741932	0.57923355	0.581402274	0.579672107	0.575995646	0.571987777	0.565924997	0.560630037	0.556265683	0.552041015	0.549432106	0.546938323	0.543090277	0.536450092	0.527729471	0.518321354	0.509949332	0.502737007	0.496206984	0.492698607	0.492295816	0.495203799	0.501743754	0.50539511	0.497984526	0.479584193	0.455110163	0.428449761	0.402510287	0.379712634	0.35890651	0.341829888	0.325802631	0.312255668	0.300666647
50	0.184469194	0.18648966	0.192785647	0.207055331	0.229232761	0.254103068	0.27746145	0.294691299	0.308693827	0.319473272	0.323443712	0.320184801	0.30684062	0.290380558	0.278145767	0.270224756	0.26630096	0.265184568	0.26340738	0.260659404	0.260784821	0.264431314	0.27176921	0.283983054	0.300347039	0.319415387	0.339147087	0.357315189	0.376900715	0.401558156	0.432706048	0.469477425	0.504801648	0.5315031	0.550081768	0.562263388	0.570256535	0.574776879	0.577161954	0.575638879	0.572131754	0.568316695	0.562496506	0.557497953	0.553314631	0.549267263	0.546773908	0.544461812	0.540783911	0.534343428	0.525868364	0.516792343	0.508715112	0.501806075	0.495530666	0.492170914	0.491738577	0.494634861	0.501088937	0.504835239	0.49762139	0.479574096	0.455457286	0.429491513	0.403992296	0.381606967	0.361113593	0.344360397	0.329011382	0.315604448	0.304058147
