1 	 0.30148	 0.30152	 0.30717	 0.32310	 0.35305	 0.39169	 0.42998	 0.46204	 0.48840	 0.50743	 0.51435	 0.50609	 0.48883	 0.47079	 0.45677	 0.44723	 0.44115	 0.43693	 0.43134	 0.42617	 0.42525	 0.43100	 0.44545	 0.46936	 0.49989	 0.53311	 0.56507	 0.59406	 0.62911	 0.67858	 0.73838	 0.79836	 0.84574	 0.87321	 0.88721	 0.89412	 0.89716	 0.89706	 0.89483	 0.89088	 0.88564	 0.87944	 0.87373	 0.87005	 0.86683	 0.86382	 0.86113	 0.85840	 0.85293	 0.84478	 0.83419	 0.82370	 0.81251	 0.80173	 0.79205	 0.78398	 0.77945	 0.77913	 0.78388	 0.78699	 0.77965	 0.75399	 0.71339	 0.66767	 0.62251	 0.58103	 0.54470	 0.51487	 0.48842	 0.46694	 0.44829
6 	 0.30162	 0.30165	 0.30740	 0.32351	 0.35355	 0.39224	 0.43038	 0.46238	 0.48873	 0.50764	 0.51459	 0.50639	 0.48915	 0.47117	 0.45714	 0.44747	 0.44138	 0.43716	 0.43157	 0.42635	 0.42534	 0.43126	 0.44593	 0.46988	 0.50046	 0.53363	 0.56557	 0.59463	 0.62976	 0.67938	 0.73896	 0.79864	 0.84575	 0.87308	 0.88684	 0.89350	 0.89650	 0.89624	 0.89401	 0.88994	 0.88461	 0.87839	 0.87253	 0.86889	 0.86584	 0.86282	 0.86007	 0.85726	 0.85181	 0.84361	 0.83289	 0.82242	 0.81130	 0.80057	 0.79096	 0.78281	 0.77839	 0.77822	 0.78299	 0.78615	 0.77876	 0.75270	 0.71220	 0.66630	 0.62135	 0.58039	 0.54358	 0.51386	 0.48769	 0.46603	 0.44679
11 	 0.30137	 0.30158	 0.30743	 0.32355	 0.35357	 0.39217	 0.43020	 0.46221	 0.48866	 0.50764	 0.51458	 0.50638	 0.48916	 0.47108	 0.45705	 0.44755	 0.44152	 0.43713	 0.43162	 0.42640	 0.42529	 0.43123	 0.44588	 0.46976	 0.50039	 0.53363	 0.56566	 0.59477	 0.62977	 0.67944	 0.73923	 0.79911	 0.84617	 0.87355	 0.88732	 0.89392	 0.89687	 0.89676	 0.89457	 0.89059	 0.88529	 0.87909	 0.87315	 0.86945	 0.86630	 0.86332	 0.86059	 0.85759	 0.85203	 0.84401	 0.83342	 0.82301	 0.81199	 0.80107	 0.79124	 0.78315	 0.77893	 0.77870	 0.78342	 0.78657	 0.77917	 0.75335	 0.71276	 0.66682	 0.62149	 0.58025	 0.54463	 0.51410	 0.48875	 0.46703	 0.44784
16 	 0.30115	 0.30136	 0.30724	 0.32342	 0.35366	 0.39223	 0.43006	 0.46197	 0.48835	 0.50730	 0.51422	 0.50612	 0.48888	 0.47076	 0.45671	 0.44732	 0.44129	 0.43671	 0.43122	 0.42598	 0.42500	 0.43105	 0.44574	 0.46969	 0.50042	 0.53377	 0.56572	 0.59483	 0.62989	 0.67962	 0.73954	 0.79936	 0.84616	 0.87332	 0.88702	 0.89340	 0.89614	 0.89601	 0.89373	 0.88966	 0.88449	 0.87833	 0.87229	 0.86851	 0.86531	 0.86237	 0.85956	 0.85654	 0.85101	 0.84305	 0.83241	 0.82203	 0.81106	 0.80007	 0.79046	 0.78230	 0.77800	 0.77784	 0.78257	 0.78578	 0.77844	 0.75252	 0.71196	 0.66645	 0.62125	 0.58009	 0.54340	 0.51340	 0.48806	 0.46652	 0.44750
21 	 0.30121	 0.30135	 0.30712	 0.32329	 0.35356	 0.39212	 0.42984	 0.46172	 0.48825	 0.50729	 0.51417	 0.50603	 0.48873	 0.47064	 0.45668	 0.44732	 0.44133	 0.43665	 0.43104	 0.42585	 0.42494	 0.43099	 0.44558	 0.46951	 0.50027	 0.53359	 0.56543	 0.59445	 0.62939	 0.67900	 0.73886	 0.79875	 0.84562	 0.87287	 0.88662	 0.89319	 0.89603	 0.89578	 0.89351	 0.88956	 0.88441	 0.87820	 0.87219	 0.86850	 0.86528	 0.86233	 0.85956	 0.85658	 0.85110	 0.84313	 0.83253	 0.82217	 0.81104	 0.80003	 0.79062	 0.78240	 0.77796	 0.77785	 0.78269	 0.78598	 0.77852	 0.75246	 0.71217	 0.66681	 0.62164	 0.58079	 0.54403	 0.51373	 0.48815	 0.46660	 0.44812
26 	 0.30124	 0.30144	 0.30722	 0.32340	 0.35366	 0.39226	 0.43000	 0.46177	 0.48821	 0.50723	 0.51405	 0.50593	 0.48863	 0.47044	 0.45645	 0.44708	 0.44114	 0.43643	 0.43077	 0.42558	 0.42473	 0.43077	 0.44530	 0.46919	 0.50002	 0.53337	 0.56524	 0.59421	 0.62916	 0.67877	 0.73851	 0.79833	 0.84497	 0.87210	 0.88581	 0.89234	 0.89526	 0.89493	 0.89249	 0.88848	 0.88332	 0.87716	 0.87117	 0.86763	 0.86446	 0.86146	 0.85872	 0.85575	 0.85037	 0.84234	 0.83171	 0.82141	 0.81033	 0.79941	 0.79006	 0.78187	 0.77738	 0.77738	 0.78232	 0.78554	 0.77813	 0.75218	 0.71204	 0.66637	 0.62124	 0.58006	 0.54386	 0.51375	 0.48816	 0.46642	 0.44766
31 	 0.30171	 0.30187	 0.30767	 0.32386	 0.35408	 0.39270	 0.43042	 0.46218	 0.48855	 0.50764	 0.51445	 0.50631	 0.48910	 0.47087	 0.45680	 0.44747	 0.44157	 0.43690	 0.43123	 0.42607	 0.42515	 0.43115	 0.44567	 0.46949	 0.50034	 0.53367	 0.56545	 0.59428	 0.62912	 0.67856	 0.73817	 0.79792	 0.84446	 0.87156	 0.88537	 0.89190	 0.89486	 0.89447	 0.89201	 0.88802	 0.88294	 0.87672	 0.87079	 0.86734	 0.86428	 0.86127	 0.85845	 0.85552	 0.85026	 0.84218	 0.83158	 0.82133	 0.81013	 0.79919	 0.78992	 0.78170	 0.77722	 0.77729	 0.78224	 0.78541	 0.77788	 0.75210	 0.71207	 0.66616	 0.62099	 0.58038	 0.54404	 0.51446	 0.48820	 0.46673	 0.44780
36 	 0.30168	 0.30171	 0.30741	 0.32365	 0.35395	 0.39256	 0.43028	 0.46201	 0.48840	 0.50739	 0.51425	 0.50611	 0.48889	 0.47064	 0.45658	 0.44723	 0.44134	 0.43665	 0.43098	 0.42584	 0.42496	 0.43094	 0.44542	 0.46927	 0.50011	 0.53346	 0.56528	 0.59412	 0.62901	 0.67850	 0.73813	 0.79784	 0.84438	 0.87143	 0.88514	 0.89171	 0.89464	 0.89418	 0.89171	 0.88777	 0.88268	 0.87649	 0.87057	 0.86708	 0.86394	 0.86088	 0.85815	 0.85523	 0.84993	 0.84184	 0.83124	 0.82096	 0.80977	 0.79882	 0.78958	 0.78125	 0.77682	 0.77694	 0.78191	 0.78515	 0.77768	 0.75173	 0.71179	 0.66595	 0.62078	 0.57978	 0.54360	 0.51353	 0.48814	 0.46663	 0.44832
41 	 0.30169	 0.30180	 0.30752	 0.32376	 0.35399	 0.39260	 0.43032	 0.46200	 0.48837	 0.50737	 0.51424	 0.50609	 0.48889	 0.47063	 0.45659	 0.44724	 0.44131	 0.43661	 0.43098	 0.42583	 0.42489	 0.43092	 0.44542	 0.46927	 0.50019	 0.53355	 0.56538	 0.59424	 0.62917	 0.67866	 0.73836	 0.79808	 0.84454	 0.87151	 0.88518	 0.89160	 0.89446	 0.89400	 0.89149	 0.88750	 0.88247	 0.87621	 0.87031	 0.86684	 0.86372	 0.86066	 0.85789	 0.85506	 0.84972	 0.84161	 0.83097	 0.82067	 0.80947	 0.79858	 0.78929	 0.78096	 0.77645	 0.77667	 0.78179	 0.78497	 0.77748	 0.75178	 0.71203	 0.66622	 0.62109	 0.58026	 0.54420	 0.51391	 0.48815	 0.46648	 0.44793
46 	 0.30197	 0.30204	 0.30778	 0.32401	 0.35425	 0.39299	 0.43070	 0.46235	 0.48868	 0.50766	 0.51454	 0.50628	 0.48905	 0.47082	 0.45674	 0.44746	 0.44156	 0.43688	 0.43127	 0.42606	 0.42511	 0.43115	 0.44570	 0.46957	 0.50056	 0.53397	 0.56584	 0.59471	 0.62969	 0.67930	 0.73901	 0.79873	 0.84512	 0.87207	 0.88562	 0.89202	 0.89500	 0.89439	 0.89175	 0.88775	 0.88264	 0.87636	 0.87058	 0.86714	 0.86392	 0.86080	 0.85808	 0.85522	 0.84996	 0.84173	 0.83106	 0.82078	 0.80959	 0.79863	 0.78936	 0.78104	 0.77656	 0.77686	 0.78190	 0.78497	 0.77755	 0.75166	 0.71169	 0.66605	 0.62101	 0.58045	 0.54450	 0.51413	 0.48802	 0.46641	 0.44851
2 	 0.23378	 0.23294	 0.23554	 0.24405	 0.26070	 0.28238	 0.30251	 0.31756	 0.32922	 0.33755	 0.34012	 0.33473	 0.32493	 0.31508	 0.30695	 0.30057	 0.29563	 0.29203	 0.28800	 0.28470	 0.28453	 0.28841	 0.29738	 0.31149	 0.32781	 0.34468	 0.36123	 0.37775	 0.40099	 0.43545	 0.47627	 0.51578	 0.54677	 0.56511	 0.57469	 0.57928	 0.58013	 0.57849	 0.57424	 0.56771	 0.56048	 0.55291	 0.54606	 0.54163	 0.53823	 0.53512	 0.53188	 0.52878	 0.52366	 0.51693	 0.50852	 0.50043	 0.49217	 0.48472	 0.47881	 0.47359	 0.47031	 0.46949	 0.47284	 0.47724	 0.48012	 0.47558	 0.46216	 0.44456	 0.42636	 0.40851	 0.39205	 0.37754	 0.36511	 0.35410	 0.34368
7 	 0.23240	 0.23153	 0.23425	 0.24296	 0.25969	 0.28128	 0.30124	 0.31631	 0.32808	 0.33633	 0.33895	 0.33358	 0.32374	 0.31394	 0.30578	 0.29927	 0.29437	 0.29087	 0.28689	 0.28354	 0.28331	 0.28729	 0.29642	 0.31060	 0.32700	 0.34391	 0.36052	 0.37712	 0.40045	 0.43513	 0.47596	 0.51547	 0.54644	 0.56477	 0.57417	 0.57863	 0.57930	 0.57753	 0.57318	 0.56660	 0.55923	 0.55158	 0.54470	 0.54031	 0.53709	 0.53395	 0.53060	 0.52743	 0.52224	 0.51553	 0.50704	 0.49897	 0.49085	 0.48332	 0.47734	 0.47211	 0.46889	 0.46814	 0.47154	 0.47585	 0.47874	 0.47416	 0.46087	 0.44350	 0.42490	 0.40707	 0.39044	 0.37530	 0.36377	 0.35236	 0.34164
12 	 0.23228	 0.23154	 0.23425	 0.24307	 0.25988	 0.28128	 0.30103	 0.31609	 0.32775	 0.33595	 0.33855	 0.33329	 0.32354	 0.31364	 0.30548	 0.29915	 0.29432	 0.29056	 0.28664	 0.28330	 0.28296	 0.28704	 0.29624	 0.31030	 0.32667	 0.34363	 0.36023	 0.37687	 0.40007	 0.43472	 0.47564	 0.51507	 0.54577	 0.56399	 0.57326	 0.57749	 0.57804	 0.57626	 0.57194	 0.56533	 0.55804	 0.55046	 0.54346	 0.53899	 0.53577	 0.53264	 0.52929	 0.52599	 0.52074	 0.51418	 0.50574	 0.49785	 0.48978	 0.48214	 0.47628	 0.47102	 0.46785	 0.46708	 0.47052	 0.47490	 0.47773	 0.47308	 0.46043	 0.44279	 0.42402	 0.40709	 0.39049	 0.37560	 0.36324	 0.35168	 0.34203
17 	 0.23180	 0.23109	 0.23382	 0.24258	 0.25947	 0.28092	 0.30056	 0.31557	 0.32727	 0.33548	 0.33804	 0.33287	 0.32308	 0.31308	 0.30499	 0.29872	 0.29390	 0.28998	 0.28602	 0.28274	 0.28249	 0.28659	 0.29573	 0.30983	 0.32630	 0.34328	 0.35978	 0.37638	 0.39953	 0.43423	 0.47524	 0.51481	 0.54547	 0.56362	 0.57295	 0.57716	 0.57764	 0.57592	 0.57154	 0.56498	 0.55772	 0.55015	 0.54306	 0.53861	 0.53528	 0.53216	 0.52884	 0.52548	 0.52021	 0.51375	 0.50531	 0.49744	 0.48930	 0.48163	 0.47581	 0.47059	 0.46738	 0.46662	 0.46999	 0.47456	 0.47734	 0.47264	 0.45971	 0.44216	 0.42358	 0.40615	 0.38998	 0.37483	 0.36324	 0.35197	 0.34138
22 	 0.23132	 0.23055	 0.23321	 0.24193	 0.25895	 0.28044	 0.30001	 0.31495	 0.32667	 0.33492	 0.33747	 0.33224	 0.32247	 0.31252	 0.30436	 0.29812	 0.29336	 0.28936	 0.28534	 0.28205	 0.28188	 0.28606	 0.29514	 0.30924	 0.32580	 0.34282	 0.35935	 0.37587	 0.39899	 0.43370	 0.47477	 0.51427	 0.54485	 0.56303	 0.57237	 0.57657	 0.57704	 0.57517	 0.57072	 0.56416	 0.55702	 0.54941	 0.54231	 0.53788	 0.53446	 0.53138	 0.52807	 0.52470	 0.51947	 0.51296	 0.50459	 0.49669	 0.48845	 0.48069	 0.47500	 0.46977	 0.46653	 0.46584	 0.46929	 0.47383	 0.47672	 0.47193	 0.45904	 0.44138	 0.42290	 0.40567	 0.38938	 0.37561	 0.36295	 0.35091	 0.34023
27 	 0.23156	 0.23079	 0.23345	 0.24215	 0.25907	 0.28052	 0.29998	 0.31473	 0.32638	 0.33469	 0.33718	 0.33195	 0.32222	 0.31221	 0.30405	 0.29782	 0.29314	 0.28906	 0.28497	 0.28172	 0.28155	 0.28565	 0.29470	 0.30870	 0.32533	 0.34225	 0.35862	 0.37508	 0.39815	 0.43272	 0.47365	 0.51322	 0.54371	 0.56180	 0.57112	 0.57538	 0.57592	 0.57390	 0.56937	 0.56279	 0.55566	 0.54800	 0.54098	 0.53668	 0.53340	 0.53031	 0.52703	 0.52366	 0.51849	 0.51189	 0.50356	 0.49569	 0.48747	 0.47984	 0.47426	 0.46890	 0.46558	 0.46507	 0.46862	 0.47321	 0.47603	 0.47125	 0.45847	 0.44115	 0.42283	 0.40531	 0.38855	 0.37415	 0.36264	 0.35160	 0.34145
32 	 0.23212	 0.23133	 0.23398	 0.24280	 0.25974	 0.28120	 0.30070	 0.31549	 0.32710	 0.33536	 0.33784	 0.33257	 0.32280	 0.31281	 0.30465	 0.29845	 0.29372	 0.28971	 0.28562	 0.28238	 0.28225	 0.28639	 0.29540	 0.30942	 0.32614	 0.34311	 0.35960	 0.37605	 0.39913	 0.43369	 0.47467	 0.51416	 0.54462	 0.56272	 0.57198	 0.57618	 0.57680	 0.57470	 0.57010	 0.56357	 0.55642	 0.54876	 0.54168	 0.53753	 0.53418	 0.53092	 0.52758	 0.52429	 0.51918	 0.51254	 0.50410	 0.49616	 0.48788	 0.48017	 0.47462	 0.46925	 0.46589	 0.46540	 0.46888	 0.47355	 0.47648	 0.47165	 0.45916	 0.44217	 0.42384	 0.40676	 0.39000	 0.37495	 0.36336	 0.35274	 0.34223
37 	 0.23139	 0.23058	 0.23321	 0.24192	 0.25883	 0.28030	 0.29973	 0.31444	 0.32608	 0.33432	 0.33682	 0.33155	 0.32179	 0.31179	 0.30364	 0.29742	 0.29278	 0.28881	 0.28462	 0.28135	 0.28119	 0.28529	 0.29423	 0.30821	 0.32491	 0.34179	 0.35819	 0.37463	 0.39770	 0.43219	 0.47307	 0.51257	 0.54296	 0.56105	 0.57032	 0.57456	 0.57519	 0.57312	 0.56847	 0.56190	 0.55481	 0.54716	 0.54018	 0.53599	 0.53267	 0.52951	 0.52624	 0.52301	 0.51792	 0.51126	 0.50281	 0.49492	 0.48671	 0.47901	 0.47349	 0.46807	 0.46470	 0.46433	 0.46802	 0.47265	 0.47543	 0.47046	 0.45793	 0.44094	 0.42239	 0.40519	 0.38878	 0.37419	 0.36205	 0.35161	 0.34115
42 	 0.23091	 0.23013	 0.23279	 0.24152	 0.25834	 0.27983	 0.29933	 0.31400	 0.32560	 0.33388	 0.33637	 0.33109	 0.32138	 0.31131	 0.30315	 0.29698	 0.29232	 0.28830	 0.28416	 0.28090	 0.28071	 0.28483	 0.29381	 0.30775	 0.32446	 0.34144	 0.35783	 0.37423	 0.39730	 0.43185	 0.47270	 0.51218	 0.54259	 0.56067	 0.56994	 0.57419	 0.57471	 0.57259	 0.56794	 0.56144	 0.55430	 0.54665	 0.53971	 0.53552	 0.53221	 0.52901	 0.52575	 0.52253	 0.51747	 0.51082	 0.50241	 0.49449	 0.48617	 0.47847	 0.47296	 0.46759	 0.46426	 0.46387	 0.46753	 0.47217	 0.47498	 0.47003	 0.45746	 0.44021	 0.42184	 0.40470	 0.38839	 0.37377	 0.36170	 0.35085	 0.34076
47 	 0.23129	 0.23045	 0.23299	 0.24173	 0.25861	 0.28001	 0.29948	 0.31410	 0.32565	 0.33394	 0.33639	 0.33109	 0.32140	 0.31127	 0.30311	 0.29693	 0.29232	 0.28834	 0.28419	 0.28090	 0.28073	 0.28481	 0.29371	 0.30770	 0.32443	 0.34131	 0.35771	 0.37407	 0.39712	 0.43162	 0.47244	 0.51191	 0.54221	 0.56030	 0.56952	 0.57367	 0.57432	 0.57209	 0.56737	 0.56084	 0.55369	 0.54604	 0.53916	 0.53504	 0.53171	 0.52848	 0.52524	 0.52201	 0.51692	 0.51022	 0.50179	 0.49388	 0.48561	 0.47794	 0.47238	 0.46689	 0.46354	 0.46331	 0.46701	 0.47165	 0.47442	 0.46959	 0.45691	 0.44004	 0.42217	 0.40467	 0.38793	 0.37384	 0.36251	 0.35097	 0.34078
3 	 0.24571	 0.24406	 0.24577	 0.25269	 0.26594	 0.28290	 0.29952	 0.31327	 0.32472	 0.33277	 0.33507	 0.32964	 0.32002	 0.31037	 0.30220	 0.29569	 0.29082	 0.28716	 0.28267	 0.27848	 0.27697	 0.27908	 0.28575	 0.29763	 0.31254	 0.32896	 0.34546	 0.36094	 0.38109	 0.41039	 0.44589	 0.48303	 0.51491	 0.53531	 0.54652	 0.55217	 0.55351	 0.55283	 0.55000	 0.54512	 0.53936	 0.53287	 0.52680	 0.52313	 0.52058	 0.51822	 0.51565	 0.51327	 0.50852	 0.50212	 0.49396	 0.48586	 0.47759	 0.47021	 0.46444	 0.45931	 0.45639	 0.45633	 0.46109	 0.46742	 0.47262	 0.47076	 0.46083	 0.44664	 0.43106	 0.41643	 0.40231	 0.39045	 0.37957	 0.36971	 0.36067
8 	 0.24724	 0.24564	 0.24746	 0.25442	 0.26765	 0.28456	 0.30106	 0.31479	 0.32617	 0.33423	 0.33649	 0.33099	 0.32131	 0.31166	 0.30347	 0.29688	 0.29199	 0.28832	 0.28393	 0.27968	 0.27801	 0.28016	 0.28703	 0.29888	 0.31381	 0.33033	 0.34685	 0.36236	 0.38256	 0.41209	 0.44766	 0.48480	 0.51667	 0.53707	 0.54809	 0.55348	 0.55475	 0.55383	 0.55096	 0.54599	 0.54003	 0.53350	 0.52738	 0.52366	 0.52113	 0.51877	 0.51615	 0.51368	 0.50892	 0.50242	 0.49413	 0.48614	 0.47801	 0.47057	 0.46464	 0.45950	 0.45665	 0.45666	 0.46146	 0.46780	 0.47326	 0.47149	 0.46187	 0.44789	 0.43253	 0.41762	 0.40385	 0.39211	 0.38135	 0.37178	 0.36299
13 	 0.24589	 0.24436	 0.24617	 0.25324	 0.26658	 0.28336	 0.29974	 0.31356	 0.32507	 0.33308	 0.33532	 0.32993	 0.32027	 0.31052	 0.30232	 0.29592	 0.29106	 0.28719	 0.28276	 0.27849	 0.27681	 0.27904	 0.28600	 0.29780	 0.31274	 0.32927	 0.34588	 0.36150	 0.38158	 0.41115	 0.44692	 0.48412	 0.51587	 0.53629	 0.54726	 0.55253	 0.55371	 0.55294	 0.55010	 0.54516	 0.53933	 0.53276	 0.52654	 0.52271	 0.52009	 0.51777	 0.51516	 0.51251	 0.50764	 0.50136	 0.49308	 0.48519	 0.47715	 0.46954	 0.46362	 0.45843	 0.45568	 0.45575	 0.46054	 0.46689	 0.47215	 0.47034	 0.46040	 0.44655	 0.43099	 0.41659	 0.40306	 0.39070	 0.38066	 0.37074	 0.36126
18 	 0.24645	 0.24493	 0.24675	 0.25378	 0.26719	 0.28398	 0.30018	 0.31383	 0.32527	 0.33323	 0.33538	 0.33007	 0.32042	 0.31056	 0.30243	 0.29611	 0.29129	 0.28724	 0.28277	 0.27850	 0.27690	 0.27912	 0.28591	 0.29776	 0.31275	 0.32933	 0.34580	 0.36131	 0.38126	 0.41082	 0.44670	 0.48402	 0.51562	 0.53591	 0.54692	 0.55214	 0.55325	 0.55245	 0.54946	 0.54448	 0.53878	 0.53229	 0.52597	 0.52216	 0.51964	 0.51729	 0.51464	 0.51196	 0.50713	 0.50088	 0.49264	 0.48481	 0.47672	 0.46913	 0.46340	 0.45817	 0.45540	 0.45551	 0.46048	 0.46705	 0.47231	 0.47048	 0.46057	 0.44683	 0.43154	 0.41679	 0.40313	 0.39101	 0.38069	 0.37081	 0.36178
23 	 0.24693	 0.24539	 0.24718	 0.25425	 0.26761	 0.28445	 0.30064	 0.31418	 0.32560	 0.33369	 0.33582	 0.33040	 0.32078	 0.31091	 0.30276	 0.29645	 0.29163	 0.28749	 0.28301	 0.27881	 0.27731	 0.27958	 0.28639	 0.29816	 0.31327	 0.32992	 0.34629	 0.36178	 0.38180	 0.41127	 0.44708	 0.48438	 0.51591	 0.53614	 0.54712	 0.55243	 0.55356	 0.55262	 0.54955	 0.54459	 0.53889	 0.53237	 0.52603	 0.52230	 0.51954	 0.51719	 0.51461	 0.51194	 0.50713	 0.50078	 0.49253	 0.48469	 0.47653	 0.46886	 0.46329	 0.45802	 0.45513	 0.45537	 0.46025	 0.46676	 0.47217	 0.47038	 0.46097	 0.44696	 0.43156	 0.41715	 0.40297	 0.39098	 0.38097	 0.37119	 0.36281
28 	 0.24589	 0.24437	 0.24613	 0.25325	 0.26670	 0.28356	 0.29976	 0.31334	 0.32478	 0.33291	 0.33510	 0.32969	 0.32001	 0.31012	 0.30196	 0.29565	 0.29088	 0.28673	 0.28218	 0.27799	 0.27651	 0.27879	 0.28560	 0.29738	 0.31259	 0.32924	 0.34569	 0.36107	 0.38111	 0.41069	 0.44658	 0.48407	 0.51571	 0.53608	 0.54719	 0.55253	 0.55369	 0.55269	 0.54950	 0.54452	 0.53887	 0.53236	 0.52602	 0.52232	 0.51969	 0.51728	 0.51465	 0.51202	 0.50739	 0.50101	 0.49270	 0.48486	 0.47658	 0.46887	 0.46333	 0.45805	 0.45517	 0.45551	 0.46057	 0.46713	 0.47231	 0.47015	 0.46037	 0.44628	 0.43093	 0.41679	 0.40308	 0.39115	 0.38078	 0.37120	 0.36170
33 	 0.24701	 0.24540	 0.24713	 0.25422	 0.26769	 0.28454	 0.30067	 0.31420	 0.32566	 0.33375	 0.33589	 0.33042	 0.32076	 0.31091	 0.30270	 0.29642	 0.29166	 0.28752	 0.28294	 0.27877	 0.27725	 0.27955	 0.28624	 0.29802	 0.31331	 0.32991	 0.34629	 0.36163	 0.38162	 0.41116	 0.44700	 0.48448	 0.51600	 0.53636	 0.54751	 0.55289	 0.55409	 0.55298	 0.54979	 0.54477	 0.53910	 0.53257	 0.52628	 0.52270	 0.52007	 0.51762	 0.51509	 0.51244	 0.50776	 0.50139	 0.49308	 0.48519	 0.47688	 0.46924	 0.46372	 0.45837	 0.45546	 0.45596	 0.46101	 0.46748	 0.47262	 0.47058	 0.46135	 0.44736	 0.43198	 0.41780	 0.40394	 0.39191	 0.38136	 0.37153	 0.36287
38 	 0.24737	 0.24579	 0.24756	 0.25474	 0.26817	 0.28508	 0.30128	 0.31473	 0.32622	 0.33439	 0.33652	 0.33106	 0.32142	 0.31148	 0.30325	 0.29694	 0.29221	 0.28809	 0.28348	 0.27928	 0.27776	 0.28005	 0.28681	 0.29865	 0.31394	 0.33060	 0.34703	 0.36242	 0.38246	 0.41204	 0.44797	 0.48553	 0.51713	 0.53751	 0.54865	 0.55402	 0.55525	 0.55415	 0.55085	 0.54587	 0.54020	 0.53362	 0.52740	 0.52381	 0.52120	 0.51874	 0.51616	 0.51354	 0.50890	 0.50246	 0.49417	 0.48627	 0.47795	 0.47029	 0.46475	 0.45933	 0.45636	 0.45692	 0.46198	 0.46855	 0.47383	 0.47180	 0.46233	 0.44818	 0.43263	 0.41836	 0.40513	 0.39293	 0.38250	 0.37316	 0.36368
43 	 0.24632	 0.24471	 0.24641	 0.25359	 0.26701	 0.28395	 0.30010	 0.31350	 0.32499	 0.33322	 0.33539	 0.32982	 0.32018	 0.31025	 0.30207	 0.29582	 0.29104	 0.28700	 0.28243	 0.27817	 0.27660	 0.27889	 0.28562	 0.29742	 0.31279	 0.32942	 0.34586	 0.36116	 0.38127	 0.41081	 0.44665	 0.48410	 0.51555	 0.53586	 0.54690	 0.55222	 0.55352	 0.55229	 0.54890	 0.54390	 0.53819	 0.53162	 0.52552	 0.52201	 0.51932	 0.51679	 0.51426	 0.51170	 0.50708	 0.50061	 0.49227	 0.48440	 0.47607	 0.46838	 0.46281	 0.45742	 0.45446	 0.45503	 0.46013	 0.46668	 0.47188	 0.46996	 0.46068	 0.44692	 0.43135	 0.41677	 0.40323	 0.39088	 0.38078	 0.37133	 0.36237
48 	 0.24685	 0.24524	 0.24691	 0.25403	 0.26737	 0.28418	 0.30025	 0.31359	 0.32499	 0.33306	 0.33520	 0.32962	 0.32003	 0.31011	 0.30190	 0.29566	 0.29096	 0.28685	 0.28225	 0.27807	 0.27650	 0.27875	 0.28545	 0.29716	 0.31244	 0.32902	 0.34535	 0.36063	 0.38064	 0.41005	 0.44576	 0.48312	 0.51449	 0.53479	 0.54576	 0.55096	 0.55226	 0.55100	 0.54759	 0.54256	 0.53688	 0.53033	 0.52423	 0.52069	 0.51805	 0.51550	 0.51295	 0.51042	 0.50579	 0.49928	 0.49097	 0.48309	 0.47479	 0.46716	 0.46164	 0.45627	 0.45328	 0.45396	 0.45924	 0.46567	 0.47083	 0.46908	 0.46004	 0.44607	 0.43087	 0.41638	 0.40269	 0.39054	 0.38068	 0.37155	 0.36210
4 	 0.26594	 0.26436	 0.26644	 0.27442	 0.29016	 0.31037	 0.32901	 0.34302	 0.35382	 0.36094	 0.36218	 0.35554	 0.34511	 0.33515	 0.32690	 0.32036	 0.31534	 0.31165	 0.30754	 0.30428	 0.30412	 0.30806	 0.31721	 0.33133	 0.34764	 0.36438	 0.38081	 0.39764	 0.42179	 0.45776	 0.49983	 0.53924	 0.56894	 0.58573	 0.59429	 0.59841	 0.59914	 0.59742	 0.59322	 0.58701	 0.58002	 0.57252	 0.56557	 0.56106	 0.55748	 0.55398	 0.55038	 0.54716	 0.54196	 0.53528	 0.52694	 0.51896	 0.51086	 0.50349	 0.49757	 0.49232	 0.48922	 0.48891	 0.49324	 0.49926	 0.50451	 0.50331	 0.49401	 0.48040	 0.46553	 0.45154	 0.43805	 0.42685	 0.41623	 0.40602	 0.39705
9 	 0.26703	 0.26549	 0.26763	 0.27570	 0.29139	 0.31145	 0.32978	 0.34364	 0.35430	 0.36127	 0.36249	 0.35594	 0.34553	 0.33561	 0.32740	 0.32076	 0.31575	 0.31207	 0.30800	 0.30463	 0.30441	 0.30852	 0.31771	 0.33177	 0.34802	 0.36471	 0.38111	 0.39791	 0.42204	 0.45802	 0.49989	 0.53911	 0.56859	 0.58530	 0.59362	 0.59745	 0.59799	 0.59620	 0.59192	 0.58554	 0.57845	 0.57097	 0.56401	 0.55947	 0.55601	 0.55251	 0.54883	 0.54552	 0.54027	 0.53361	 0.52519	 0.51726	 0.50930	 0.50195	 0.49602	 0.49076	 0.48774	 0.48759	 0.49191	 0.49786	 0.50327	 0.50236	 0.49340	 0.48017	 0.46593	 0.45197	 0.43906	 0.42765	 0.41701	 0.40767	 0.39818
14 	 0.26830	 0.26688	 0.26907	 0.27724	 0.29306	 0.31306	 0.33133	 0.34523	 0.35586	 0.36285	 0.36410	 0.35757	 0.34709	 0.33698	 0.32878	 0.32234	 0.31732	 0.31341	 0.30939	 0.30602	 0.30570	 0.30988	 0.31917	 0.33313	 0.34946	 0.36626	 0.38262	 0.39952	 0.42353	 0.45965	 0.50181	 0.54104	 0.57027	 0.58689	 0.59512	 0.59888	 0.59925	 0.59751	 0.59327	 0.58687	 0.57981	 0.57233	 0.56527	 0.56070	 0.55720	 0.55372	 0.55004	 0.54651	 0.54119	 0.53470	 0.52628	 0.51844	 0.51059	 0.50313	 0.49724	 0.49197	 0.48901	 0.48875	 0.49307	 0.49928	 0.50488	 0.50383	 0.49486	 0.48189	 0.46707	 0.45297	 0.44035	 0.42872	 0.41823	 0.40874	 0.39954
19 	 0.26824	 0.26679	 0.26893	 0.27701	 0.29288	 0.31290	 0.33099	 0.34479	 0.35546	 0.36248	 0.36363	 0.35709	 0.34658	 0.33645	 0.32828	 0.32193	 0.31694	 0.31285	 0.30878	 0.30542	 0.30521	 0.30936	 0.31851	 0.33249	 0.34887	 0.36561	 0.38191	 0.39864	 0.42259	 0.45866	 0.50082	 0.54013	 0.56933	 0.58592	 0.59419	 0.59799	 0.59829	 0.59651	 0.59225	 0.58583	 0.57892	 0.57146	 0.56430	 0.55978	 0.55626	 0.55282	 0.54915	 0.54559	 0.54029	 0.53379	 0.52547	 0.51776	 0.50978	 0.50226	 0.49657	 0.49127	 0.48826	 0.48811	 0.49256	 0.49893	 0.50428	 0.50294	 0.49448	 0.48126	 0.46672	 0.45345	 0.44022	 0.42874	 0.41852	 0.40858	 0.39878
24 	 0.26911	 0.26764	 0.26981	 0.27795	 0.29390	 0.31394	 0.33205	 0.34574	 0.35646	 0.36345	 0.36458	 0.35805	 0.34751	 0.33729	 0.32909	 0.32272	 0.31779	 0.31364	 0.30953	 0.30618	 0.30604	 0.31025	 0.31938	 0.33331	 0.34977	 0.36659	 0.38287	 0.39958	 0.42357	 0.45960	 0.50174	 0.54112	 0.57034	 0.58699	 0.59534	 0.59916	 0.59952	 0.59761	 0.59322	 0.58679	 0.57990	 0.57237	 0.56526	 0.56070	 0.55718	 0.55373	 0.55010	 0.54657	 0.54130	 0.53470	 0.52634	 0.51859	 0.51054	 0.50300	 0.49738	 0.49206	 0.48898	 0.48894	 0.49344	 0.49981	 0.50545	 0.50406	 0.49541	 0.48200	 0.46760	 0.45483	 0.44145	 0.43050	 0.42032	 0.41031	 0.40098
29 	 0.26876	 0.26726	 0.26941	 0.27752	 0.29344	 0.31357	 0.33160	 0.34522	 0.35591	 0.36298	 0.36404	 0.35751	 0.34700	 0.33677	 0.32857	 0.32224	 0.31733	 0.31319	 0.30901	 0.30570	 0.30558	 0.30980	 0.31886	 0.33279	 0.34935	 0.36615	 0.38235	 0.39903	 0.42300	 0.45899	 0.50111	 0.54055	 0.56964	 0.58621	 0.59456	 0.59839	 0.59881	 0.59682	 0.59241	 0.58605	 0.57910	 0.57158	 0.56451	 0.56007	 0.55653	 0.55302	 0.54941	 0.54594	 0.54075	 0.53414	 0.52577	 0.51800	 0.50988	 0.50233	 0.49676	 0.49136	 0.48824	 0.48832	 0.49300	 0.49936	 0.50473	 0.50347	 0.49490	 0.48180	 0.46724	 0.45380	 0.44099	 0.42923	 0.41925	 0.40937	 0.39967
34 	 0.26936	 0.26781	 0.26994	 0.27814	 0.29401	 0.31415	 0.33222	 0.34583	 0.35654	 0.36358	 0.36466	 0.35811	 0.34760	 0.33735	 0.32905	 0.32273	 0.31788	 0.31371	 0.30954	 0.30625	 0.30610	 0.31028	 0.31937	 0.33333	 0.34991	 0.36668	 0.38289	 0.39961	 0.42354	 0.45954	 0.50163	 0.54105	 0.57013	 0.58670	 0.59503	 0.59884	 0.59932	 0.59723	 0.59274	 0.58636	 0.57946	 0.57195	 0.56490	 0.56050	 0.55698	 0.55346	 0.54983	 0.54643	 0.54122	 0.53451	 0.52611	 0.51837	 0.51028	 0.50270	 0.49714	 0.49172	 0.48855	 0.48867	 0.49341	 0.49974	 0.50508	 0.50372	 0.49531	 0.48212	 0.46757	 0.45432	 0.44136	 0.42910	 0.41901	 0.40938	 0.40118
39 	 0.26907	 0.26760	 0.26969	 0.27786	 0.29375	 0.31382	 0.33184	 0.34546	 0.35617	 0.36326	 0.36431	 0.35772	 0.34721	 0.33693	 0.32865	 0.32232	 0.31752	 0.31334	 0.30912	 0.30582	 0.30565	 0.30984	 0.31889	 0.33279	 0.34938	 0.36616	 0.38237	 0.39908	 0.42293	 0.45887	 0.50091	 0.54024	 0.56923	 0.58582	 0.59412	 0.59793	 0.59841	 0.59633	 0.59181	 0.58550	 0.57858	 0.57111	 0.56411	 0.55975	 0.55619	 0.55270	 0.54911	 0.54570	 0.54060	 0.53387	 0.52546	 0.51772	 0.50957	 0.50195	 0.49645	 0.49100	 0.48789	 0.48812	 0.49282	 0.49921	 0.50461	 0.50334	 0.49474	 0.48190	 0.46752	 0.45411	 0.44093	 0.43023	 0.41984	 0.40985	 0.40076
44 	 0.27008	 0.26852	 0.27068	 0.27893	 0.29485	 0.31501	 0.33304	 0.34649	 0.35712	 0.36415	 0.36519	 0.35853	 0.34804	 0.33776	 0.32948	 0.32317	 0.31835	 0.31423	 0.30998	 0.30664	 0.30649	 0.31070	 0.31977	 0.33372	 0.35045	 0.36727	 0.38350	 0.40021	 0.42423	 0.46019	 0.50227	 0.54166	 0.57050	 0.58696	 0.59511	 0.59875	 0.59916	 0.59693	 0.59224	 0.58583	 0.57883	 0.57126	 0.56429	 0.56000	 0.55644	 0.55286	 0.54925	 0.54597	 0.54078	 0.53395	 0.52559	 0.51781	 0.50962	 0.50204	 0.49654	 0.49105	 0.48789	 0.48824	 0.49301	 0.49943	 0.50502	 0.50377	 0.49541	 0.48277	 0.46852	 0.45493	 0.44213	 0.43030	 0.42014	 0.41036	 0.40117
49 	 0.26950	 0.26799	 0.27006	 0.27822	 0.29411	 0.31425	 0.33229	 0.34580	 0.35640	 0.36350	 0.36457	 0.35794	 0.34743	 0.33710	 0.32884	 0.32253	 0.31770	 0.31360	 0.30942	 0.30603	 0.30581	 0.30996	 0.31898	 0.33292	 0.34959	 0.36636	 0.38260	 0.39921	 0.42314	 0.45901	 0.50095	 0.54024	 0.56917	 0.58568	 0.59395	 0.59774	 0.59827	 0.59605	 0.59144	 0.58513	 0.57816	 0.57066	 0.56378	 0.55954	 0.55599	 0.55233	 0.54876	 0.54545	 0.54033	 0.53357	 0.52519	 0.51743	 0.50935	 0.50164	 0.49609	 0.49065	 0.48752	 0.48787	 0.49262	 0.49893	 0.50443	 0.50312	 0.49489	 0.48154	 0.46737	 0.45427	 0.44164	 0.43010	 0.42012	 0.41102	 0.40167
5 	 0.26714	 0.26689	 0.27105	 0.28311	 0.30563	 0.33403	 0.36107	 0.38262	 0.39969	 0.41145	 0.41497	 0.40821	 0.39572	 0.38306	 0.37305	 0.36573	 0.36069	 0.35722	 0.35300	 0.34924	 0.34892	 0.35360	 0.36450	 0.38184	 0.40274	 0.42454	 0.44541	 0.46508	 0.49047	 0.52620	 0.56644	 0.60331	 0.63045	 0.64498	 0.65207	 0.65570	 0.65663	 0.65574	 0.65323	 0.64917	 0.64439	 0.63898	 0.63388	 0.63096	 0.62866	 0.62631	 0.62382	 0.62166	 0.61757	 0.61202	 0.60493	 0.59823	 0.59110	 0.58456	 0.57913	 0.57430	 0.57168	 0.57164	 0.57517	 0.57839	 0.57778	 0.56751	 0.54669	 0.52140	 0.49541	 0.47091	 0.44820	 0.42925	 0.41308	 0.39936	 0.38667
10 	 0.26638	 0.26620	 0.27045	 0.28256	 0.30510	 0.33339	 0.36021	 0.38180	 0.39887	 0.41060	 0.41411	 0.40741	 0.39500	 0.38239	 0.37234	 0.36495	 0.35997	 0.35656	 0.35227	 0.34844	 0.34804	 0.35286	 0.36389	 0.38115	 0.40206	 0.42389	 0.44470	 0.46431	 0.48973	 0.52549	 0.56554	 0.60215	 0.62917	 0.64373	 0.65072	 0.65420	 0.65500	 0.65406	 0.65160	 0.64751	 0.64264	 0.63720	 0.63214	 0.62914	 0.62688	 0.62457	 0.62207	 0.61980	 0.61565	 0.61011	 0.60293	 0.59630	 0.58941	 0.58278	 0.57721	 0.57233	 0.56985	 0.56994	 0.57348	 0.57670	 0.57579	 0.56531	 0.54523	 0.51998	 0.49363	 0.46937	 0.44745	 0.42899	 0.41175	 0.39761	 0.38490
15 	 0.26592	 0.26591	 0.27023	 0.28243	 0.30511	 0.33340	 0.36015	 0.38177	 0.39885	 0.41054	 0.41403	 0.40738	 0.39492	 0.38221	 0.37223	 0.36498	 0.36001	 0.35634	 0.35217	 0.34832	 0.34788	 0.35277	 0.36387	 0.38116	 0.40209	 0.42397	 0.44490	 0.46466	 0.49004	 0.52587	 0.56617	 0.60284	 0.62965	 0.64408	 0.65098	 0.65422	 0.65498	 0.65412	 0.65167	 0.64754	 0.64270	 0.63725	 0.63207	 0.62900	 0.62672	 0.62445	 0.62194	 0.61946	 0.61523	 0.60991	 0.60275	 0.59616	 0.58931	 0.58258	 0.57707	 0.57225	 0.56977	 0.56978	 0.57331	 0.57661	 0.57588	 0.56536	 0.54526	 0.51988	 0.49367	 0.46955	 0.44705	 0.42869	 0.41174	 0.39724	 0.38566
20 	 0.26481	 0.26469	 0.26902	 0.28120	 0.30379	 0.33188	 0.35831	 0.37979	 0.39687	 0.40850	 0.41201	 0.40544	 0.39296	 0.38020	 0.37025	 0.36307	 0.35805	 0.35434	 0.35010	 0.34630	 0.34592	 0.35082	 0.36182	 0.37898	 0.39993	 0.42184	 0.44259	 0.46215	 0.48744	 0.52327	 0.56364	 0.60046	 0.62736	 0.64183	 0.64882	 0.65210	 0.65280	 0.65197	 0.64943	 0.64535	 0.64065	 0.63521	 0.62994	 0.62695	 0.62467	 0.62238	 0.61986	 0.61741	 0.61326	 0.60789	 0.60084	 0.59431	 0.58733	 0.58062	 0.57528	 0.57039	 0.56787	 0.56795	 0.57164	 0.57516	 0.57447	 0.56374	 0.54378	 0.51858	 0.49252	 0.46845	 0.44569	 0.42765	 0.41144	 0.39718	 0.38419
25 	 0.26479	 0.26470	 0.26898	 0.28119	 0.30388	 0.33204	 0.35848	 0.37978	 0.39681	 0.40850	 0.41199	 0.40541	 0.39294	 0.38010	 0.37016	 0.36308	 0.35816	 0.35427	 0.34998	 0.34623	 0.34591	 0.35083	 0.36180	 0.37899	 0.40001	 0.42187	 0.44265	 0.46228	 0.48751	 0.52334	 0.56376	 0.60067	 0.62739	 0.64180	 0.64876	 0.65205	 0.65278	 0.65179	 0.64916	 0.64504	 0.64038	 0.63496	 0.62966	 0.62672	 0.62444	 0.62211	 0.61969	 0.61724	 0.61305	 0.60762	 0.60053	 0.59405	 0.58703	 0.58028	 0.57507	 0.57015	 0.56755	 0.56777	 0.57145	 0.57498	 0.57422	 0.56335	 0.54337	 0.51815	 0.49203	 0.46793	 0.44552	 0.42678	 0.41082	 0.39686	 0.38407
30 	 0.26511	 0.26498	 0.26925	 0.28146	 0.30404	 0.33228	 0.35874	 0.37993	 0.39697	 0.40872	 0.41219	 0.40558	 0.39311	 0.38035	 0.37033	 0.36324	 0.35841	 0.35452	 0.35017	 0.34644	 0.34617	 0.35112	 0.36197	 0.37916	 0.40026	 0.42210	 0.44280	 0.46235	 0.48756	 0.52331	 0.56364	 0.60056	 0.62727	 0.64173	 0.64873	 0.65209	 0.65282	 0.65176	 0.64906	 0.64490	 0.64029	 0.63483	 0.62956	 0.62668	 0.62438	 0.62202	 0.61957	 0.61717	 0.61303	 0.60759	 0.60055	 0.59403	 0.58694	 0.58015	 0.57502	 0.57008	 0.56740	 0.56762	 0.57145	 0.57497	 0.57424	 0.56359	 0.54360	 0.51828	 0.49221	 0.46835	 0.44586	 0.42788	 0.41136	 0.39686	 0.38432
35 	 0.26473	 0.26457	 0.26886	 0.28106	 0.30378	 0.33206	 0.35846	 0.37966	 0.39674	 0.40848	 0.41198	 0.40536	 0.39287	 0.38006	 0.37004	 0.36294	 0.35806	 0.35418	 0.34985	 0.34611	 0.34580	 0.35077	 0.36165	 0.37888	 0.40007	 0.42195	 0.44262	 0.46218	 0.48743	 0.52330	 0.56372	 0.60069	 0.62735	 0.64180	 0.64872	 0.65198	 0.65283	 0.65165	 0.64888	 0.64478	 0.64012	 0.63463	 0.62945	 0.62666	 0.62430	 0.62189	 0.61944	 0.61710	 0.61305	 0.60749	 0.60039	 0.59393	 0.58683	 0.57995	 0.57475	 0.56977	 0.56717	 0.56746	 0.57129	 0.57480	 0.57394	 0.56328	 0.54324	 0.51792	 0.49169	 0.46759	 0.44561	 0.42654	 0.41002	 0.39634	 0.38459
40 	 0.26455	 0.26443	 0.26864	 0.28088	 0.30367	 0.33203	 0.35858	 0.37983	 0.39684	 0.40859	 0.41208	 0.40545	 0.39299	 0.38018	 0.37014	 0.36303	 0.35823	 0.35430	 0.34989	 0.34616	 0.34590	 0.35087	 0.36177	 0.37900	 0.40029	 0.42218	 0.44289	 0.46241	 0.48769	 0.52353	 0.56393	 0.60089	 0.62762	 0.64210	 0.64904	 0.65237	 0.65322	 0.65206	 0.64924	 0.64505	 0.64038	 0.63490	 0.62975	 0.62694	 0.62462	 0.62220	 0.61972	 0.61735	 0.61334	 0.60777	 0.60061	 0.59411	 0.58699	 0.58012	 0.57500	 0.56998	 0.56732	 0.56777	 0.57160	 0.57489	 0.57404	 0.56321	 0.54322	 0.51802	 0.49184	 0.46771	 0.44530	 0.42662	 0.41056	 0.39632	 0.38287
45 	 0.26456	 0.26444	 0.26870	 0.28101	 0.30371	 0.33206	 0.35863	 0.37981	 0.39683	 0.40866	 0.41214	 0.40540	 0.39292	 0.38004	 0.37002	 0.36295	 0.35812	 0.35425	 0.34994	 0.34617	 0.34584	 0.35078	 0.36176	 0.37901	 0.40028	 0.42222	 0.44300	 0.46257	 0.48795	 0.52381	 0.56423	 0.60119	 0.62780	 0.64225	 0.64912	 0.65241	 0.65337	 0.65206	 0.64916	 0.64498	 0.64024	 0.63473	 0.62968	 0.62693	 0.62455	 0.62203	 0.61962	 0.61731	 0.61330	 0.60776	 0.60058	 0.59400	 0.58684	 0.58003	 0.57488	 0.56977	 0.56713	 0.56770	 0.57154	 0.57485	 0.57395	 0.56303	 0.54316	 0.51772	 0.49173	 0.46746	 0.44554	 0.42675	 0.41056	 0.39595	 0.38402
50 	 0.26468	 0.26449	 0.26874	 0.28103	 0.30382	 0.33217	 0.35870	 0.37986	 0.39689	 0.40873	 0.41220	 0.40543	 0.39298	 0.38015	 0.37008	 0.36303	 0.35819	 0.35438	 0.35004	 0.34620	 0.34592	 0.35086	 0.36176	 0.37900	 0.40025	 0.42222	 0.44291	 0.46243	 0.48773	 0.52352	 0.56390	 0.60081	 0.62743	 0.64190	 0.64882	 0.65217	 0.65306	 0.65181	 0.64890	 0.64478	 0.64009	 0.63453	 0.62948	 0.62677	 0.62443	 0.62192	 0.61951	 0.61723	 0.61321	 0.60762	 0.60044	 0.59389	 0.58674	 0.57991	 0.57482	 0.56967	 0.56699	 0.56759	 0.57137	 0.57466	 0.57382	 0.56316	 0.54334	 0.51811	 0.49182	 0.46752	 0.44592	 0.42681	 0.41083	 0.39629	 0.38435
