1 	 0.30823	 0.30901	 0.31462	 0.33082	 0.36060	 0.39847	 0.43571	 0.46743	 0.49410	 0.51300	 0.51927	 0.51070	 0.49294	 0.47536	 0.46184	 0.45205	 0.44678	 0.44265	 0.43646	 0.43068	 0.42958	 0.43576	 0.44898	 0.47258	 0.50325	 0.53597	 0.56779	 0.59687	 0.63050	 0.67914	 0.73858	 0.79818	 0.84480	 0.87176	 0.88494	 0.89112	 0.89539	 0.89507	 0.89316	 0.89028	 0.88427	 0.87850	 0.87189	 0.86816	 0.86636	 0.86271	 0.86014	 0.85792	 0.85361	 0.84481	 0.83410	 0.82457	 0.81413	 0.80413	 0.79402	 0.78698	 0.78282	 0.78243	 0.78728	 0.79014	 0.78159	 0.75688	 0.71805	 0.67256	 0.62700	 0.58668	 0.55061	 0.51885	 0.49298	 0.47159	 0.45284
6 	 0.30649	 0.30688	 0.31289	 0.32891	 0.35904	 0.39718	 0.43480	 0.46639	 0.49279	 0.51199	 0.51821	 0.50970	 0.49219	 0.47455	 0.46101	 0.45096	 0.44594	 0.44142	 0.43502	 0.42917	 0.42790	 0.43428	 0.44774	 0.47137	 0.50220	 0.53555	 0.56785	 0.59686	 0.63041	 0.67949	 0.73971	 0.79900	 0.84539	 0.87260	 0.88575	 0.89182	 0.89625	 0.89535	 0.89333	 0.88986	 0.88399	 0.87836	 0.87186	 0.86808	 0.86605	 0.86237	 0.86020	 0.85768	 0.85299	 0.84436	 0.83385	 0.82463	 0.81394	 0.80360	 0.79337	 0.78620	 0.78263	 0.78272	 0.78747	 0.78976	 0.78140	 0.75628	 0.71651	 0.67098	 0.62587	 0.58539	 0.54808	 0.51750	 0.49068	 0.46947	 0.45096
11 	 0.30711	 0.30739	 0.31322	 0.32914	 0.35949	 0.39774	 0.43493	 0.46640	 0.49308	 0.51215	 0.51854	 0.51018	 0.49254	 0.47477	 0.46129	 0.45172	 0.44671	 0.44167	 0.43542	 0.42998	 0.42899	 0.43483	 0.44855	 0.47224	 0.50323	 0.53629	 0.56843	 0.59705	 0.62996	 0.67892	 0.73932	 0.79881	 0.84507	 0.87213	 0.88549	 0.89146	 0.89559	 0.89495	 0.89295	 0.88951	 0.88416	 0.87828	 0.87179	 0.86803	 0.86595	 0.86265	 0.86056	 0.85781	 0.85286	 0.84401	 0.83371	 0.82438	 0.81347	 0.80273	 0.79312	 0.78567	 0.78262	 0.78300	 0.78728	 0.79009	 0.78250	 0.75666	 0.71682	 0.67138	 0.62675	 0.58583	 0.55005	 0.51871	 0.49234	 0.47037	 0.45231
16 	 0.30689	 0.30687	 0.31244	 0.32870	 0.35924	 0.39755	 0.43468	 0.46602	 0.49275	 0.51192	 0.51856	 0.51004	 0.49228	 0.47454	 0.46089	 0.45137	 0.44615	 0.44131	 0.43542	 0.42982	 0.42871	 0.43449	 0.44844	 0.47239	 0.50340	 0.53663	 0.56851	 0.59705	 0.63023	 0.67944	 0.73979	 0.79955	 0.84553	 0.87250	 0.88579	 0.89180	 0.89557	 0.89486	 0.89279	 0.88946	 0.88448	 0.87833	 0.87182	 0.86803	 0.86586	 0.86268	 0.86042	 0.85770	 0.85246	 0.84392	 0.83326	 0.82357	 0.81280	 0.80226	 0.79302	 0.78524	 0.78213	 0.78233	 0.78651	 0.78966	 0.78175	 0.75572	 0.71567	 0.67068	 0.62546	 0.58508	 0.54798	 0.51740	 0.49099	 0.46958	 0.45166
21 	 0.30753	 0.30727	 0.31282	 0.32921	 0.35961	 0.39784	 0.43476	 0.46611	 0.49272	 0.51168	 0.51849	 0.51004	 0.49233	 0.47466	 0.46080	 0.45131	 0.44610	 0.44152	 0.43557	 0.42990	 0.42874	 0.43460	 0.44855	 0.47250	 0.50340	 0.53645	 0.56801	 0.59630	 0.62950	 0.67813	 0.73788	 0.79696	 0.84272	 0.86980	 0.88329	 0.88918	 0.89289	 0.89233	 0.89017	 0.88699	 0.88219	 0.87583	 0.86961	 0.86588	 0.86336	 0.86023	 0.85790	 0.85555	 0.85024	 0.84201	 0.83116	 0.82150	 0.81093	 0.80045	 0.79163	 0.78379	 0.78029	 0.78045	 0.78486	 0.78823	 0.78022	 0.75453	 0.71466	 0.66951	 0.62473	 0.58487	 0.54797	 0.51715	 0.49144	 0.46961	 0.45163
26 	 0.30765	 0.30737	 0.31292	 0.32937	 0.35987	 0.39808	 0.43488	 0.46620	 0.49276	 0.51150	 0.51827	 0.50978	 0.49202	 0.47429	 0.46041	 0.45109	 0.44591	 0.44132	 0.43548	 0.42999	 0.42874	 0.43454	 0.44868	 0.47266	 0.50355	 0.53647	 0.56795	 0.59628	 0.62973	 0.67837	 0.73807	 0.79703	 0.84275	 0.86989	 0.88327	 0.88892	 0.89255	 0.89221	 0.89001	 0.88666	 0.88171	 0.87565	 0.86943	 0.86572	 0.86307	 0.85993	 0.85737	 0.85512	 0.84968	 0.84169	 0.83066	 0.82102	 0.81049	 0.80003	 0.79156	 0.78363	 0.77983	 0.78007	 0.78459	 0.78768	 0.77997	 0.75453	 0.71510	 0.67005	 0.62538	 0.58507	 0.54830	 0.51704	 0.49128	 0.46950	 0.45128
31 	 0.30758	 0.30735	 0.31291	 0.32946	 0.35999	 0.39811	 0.43494	 0.46631	 0.49272	 0.51166	 0.51836	 0.50995	 0.49215	 0.47433	 0.46054	 0.45125	 0.44603	 0.44136	 0.43549	 0.42999	 0.42877	 0.43456	 0.44870	 0.47269	 0.50364	 0.53653	 0.56806	 0.59631	 0.62981	 0.67834	 0.73793	 0.79696	 0.84279	 0.87008	 0.88349	 0.88918	 0.89290	 0.89266	 0.89046	 0.88709	 0.88223	 0.87627	 0.87009	 0.86624	 0.86352	 0.86024	 0.85782	 0.85556	 0.85029	 0.84229	 0.83125	 0.82157	 0.81099	 0.80056	 0.79200	 0.78408	 0.78022	 0.78038	 0.78467	 0.78796	 0.78027	 0.75474	 0.71497	 0.67006	 0.62535	 0.58472	 0.54852	 0.51707	 0.49119	 0.46927	 0.45133
36 	 0.30767	 0.30746	 0.31298	 0.32949	 0.36025	 0.39825	 0.43500	 0.46639	 0.49282	 0.51172	 0.51849	 0.51000	 0.49224	 0.47452	 0.46062	 0.45122	 0.44604	 0.44141	 0.43551	 0.42996	 0.42882	 0.43460	 0.44873	 0.47283	 0.50377	 0.53668	 0.56817	 0.59654	 0.63007	 0.67873	 0.73839	 0.79742	 0.84322	 0.87052	 0.88394	 0.88950	 0.89318	 0.89291	 0.89072	 0.88733	 0.88238	 0.87652	 0.87030	 0.86655	 0.86369	 0.86039	 0.85792	 0.85570	 0.85038	 0.84232	 0.83136	 0.82164	 0.81109	 0.80064	 0.79205	 0.78414	 0.78024	 0.78038	 0.78473	 0.78819	 0.78040	 0.75479	 0.71557	 0.67033	 0.62505	 0.58503	 0.54855	 0.51787	 0.49186	 0.47004	 0.45175
41 	 0.30773	 0.30750	 0.31308	 0.32960	 0.36031	 0.39822	 0.43498	 0.46636	 0.49271	 0.51156	 0.51824	 0.50981	 0.49208	 0.47429	 0.46045	 0.45107	 0.44586	 0.44126	 0.43539	 0.42991	 0.42868	 0.43444	 0.44857	 0.47266	 0.50365	 0.53656	 0.56807	 0.59638	 0.62993	 0.67853	 0.73818	 0.79704	 0.84272	 0.86995	 0.88328	 0.88885	 0.89247	 0.89237	 0.89011	 0.88657	 0.88170	 0.87584	 0.86973	 0.86588	 0.86289	 0.85966	 0.85715	 0.85504	 0.84969	 0.84166	 0.83071	 0.82101	 0.81045	 0.79998	 0.79141	 0.78353	 0.77957	 0.77983	 0.78434	 0.78772	 0.77998	 0.75449	 0.71531	 0.66963	 0.62556	 0.58516	 0.54861	 0.51744	 0.49201	 0.46961	 0.45167
46 	 0.30754	 0.30742	 0.31300	 0.32960	 0.36036	 0.39830	 0.43508	 0.46640	 0.49272	 0.51159	 0.51829	 0.50985	 0.49212	 0.47431	 0.46048	 0.45107	 0.44588	 0.44129	 0.43528	 0.42982	 0.42865	 0.43439	 0.44859	 0.47266	 0.50375	 0.53666	 0.56825	 0.59669	 0.63031	 0.67897	 0.73879	 0.79784	 0.84351	 0.87069	 0.88414	 0.88972	 0.89350	 0.89330	 0.89101	 0.88742	 0.88259	 0.87672	 0.87064	 0.86674	 0.86369	 0.86043	 0.85799	 0.85585	 0.85042	 0.84251	 0.83147	 0.82175	 0.81112	 0.80057	 0.79202	 0.78406	 0.78009	 0.78040	 0.78475	 0.78818	 0.78059	 0.75502	 0.71556	 0.67028	 0.62557	 0.58535	 0.54925	 0.51717	 0.49203	 0.46994	 0.45145
2 	 0.23359	 0.23310	 0.23514	 0.24296	 0.25881	 0.28024	 0.29980	 0.31475	 0.32695	 0.33525	 0.33782	 0.33271	 0.32259	 0.31309	 0.30495	 0.29839	 0.29473	 0.29162	 0.28676	 0.28288	 0.28251	 0.28646	 0.29404	 0.30764	 0.32371	 0.34006	 0.35687	 0.37383	 0.39621	 0.43027	 0.47037	 0.50880	 0.53917	 0.55744	 0.56674	 0.57107	 0.57272	 0.57039	 0.56666	 0.56186	 0.55299	 0.54472	 0.53777	 0.53339	 0.53176	 0.52810	 0.52530	 0.52227	 0.51819	 0.51088	 0.50224	 0.49565	 0.48758	 0.48028	 0.47356	 0.46970	 0.46679	 0.46557	 0.46890	 0.47290	 0.47493	 0.47094	 0.45962	 0.44360	 0.42570	 0.40908	 0.39331	 0.37828	 0.36659	 0.35441	 0.34463
7 	 0.23213	 0.23143	 0.23389	 0.24140	 0.25746	 0.27897	 0.29870	 0.31337	 0.32535	 0.33390	 0.33642	 0.33148	 0.32165	 0.31201	 0.30393	 0.29732	 0.29383	 0.29016	 0.28517	 0.28142	 0.28099	 0.28493	 0.29280	 0.30639	 0.32248	 0.33922	 0.35635	 0.37299	 0.39499	 0.42926	 0.47003	 0.50817	 0.53812	 0.55658	 0.56572	 0.56970	 0.57158	 0.56850	 0.56479	 0.55948	 0.55069	 0.54253	 0.53564	 0.53121	 0.52951	 0.52591	 0.52351	 0.52006	 0.51558	 0.50859	 0.50035	 0.49405	 0.48573	 0.47789	 0.47136	 0.46733	 0.46516	 0.46474	 0.46761	 0.47141	 0.47414	 0.47007	 0.45764	 0.44196	 0.42421	 0.40800	 0.39173	 0.37768	 0.36427	 0.35347	 0.34352
12 	 0.23218	 0.23119	 0.23332	 0.24089	 0.25723	 0.27869	 0.29806	 0.31257	 0.32469	 0.33321	 0.33589	 0.33094	 0.32088	 0.31120	 0.30323	 0.29699	 0.29346	 0.28955	 0.28468	 0.28126	 0.28088	 0.28446	 0.29244	 0.30616	 0.32240	 0.33890	 0.35568	 0.37210	 0.39359	 0.42785	 0.46873	 0.50693	 0.53647	 0.55474	 0.56397	 0.56790	 0.56925	 0.56642	 0.56264	 0.55741	 0.54910	 0.54064	 0.53390	 0.52953	 0.52758	 0.52433	 0.52205	 0.51840	 0.51367	 0.50660	 0.49831	 0.49176	 0.48324	 0.47527	 0.46940	 0.46507	 0.46328	 0.46286	 0.46542	 0.46978	 0.47265	 0.46813	 0.45593	 0.44031	 0.42278	 0.40682	 0.39080	 0.37646	 0.36327	 0.35285	 0.34321
17 	 0.23177	 0.23047	 0.23246	 0.24026	 0.25669	 0.27820	 0.29744	 0.31195	 0.32420	 0.33271	 0.33561	 0.33053	 0.32045	 0.31088	 0.30266	 0.29635	 0.29282	 0.28906	 0.28450	 0.28084	 0.28047	 0.28399	 0.29212	 0.30599	 0.32223	 0.33884	 0.35540	 0.37167	 0.39339	 0.42762	 0.46844	 0.50677	 0.53624	 0.55455	 0.56394	 0.56795	 0.56897	 0.56615	 0.56227	 0.55715	 0.54932	 0.54053	 0.53380	 0.52946	 0.52754	 0.52441	 0.52194	 0.51843	 0.51349	 0.50659	 0.49801	 0.49127	 0.48290	 0.47500	 0.46946	 0.46482	 0.46287	 0.46237	 0.46486	 0.46953	 0.47237	 0.46764	 0.45525	 0.43974	 0.42224	 0.40569	 0.39001	 0.37569	 0.36304	 0.35184	 0.34267
22 	 0.23104	 0.22961	 0.23146	 0.23931	 0.25582	 0.27722	 0.29632	 0.31080	 0.32296	 0.33126	 0.33425	 0.32925	 0.31910	 0.30946	 0.30120	 0.29500	 0.29135	 0.28773	 0.28328	 0.27954	 0.27912	 0.28262	 0.29089	 0.30489	 0.32108	 0.33760	 0.35388	 0.37004	 0.39206	 0.42612	 0.46672	 0.50481	 0.53427	 0.55278	 0.56225	 0.56616	 0.56707	 0.56431	 0.56036	 0.55523	 0.54739	 0.53874	 0.53205	 0.52770	 0.52547	 0.52244	 0.51976	 0.51639	 0.51136	 0.50487	 0.49603	 0.48912	 0.48080	 0.47302	 0.46787	 0.46311	 0.46079	 0.46020	 0.46286	 0.46758	 0.47038	 0.46589	 0.45354	 0.43852	 0.42080	 0.40503	 0.38916	 0.37483	 0.36215	 0.35095	 0.34147
27 	 0.23216	 0.23066	 0.23254	 0.24054	 0.25704	 0.27853	 0.29751	 0.31191	 0.32400	 0.33220	 0.33513	 0.33011	 0.31994	 0.31028	 0.30197	 0.29583	 0.29224	 0.28866	 0.28410	 0.28051	 0.28005	 0.28357	 0.29195	 0.30592	 0.32221	 0.33860	 0.35494	 0.37115	 0.39336	 0.42735	 0.46779	 0.50577	 0.53513	 0.55354	 0.56291	 0.56663	 0.56755	 0.56497	 0.56097	 0.55566	 0.54772	 0.53920	 0.53267	 0.52824	 0.52588	 0.52279	 0.52005	 0.51681	 0.51175	 0.50520	 0.49634	 0.48961	 0.48137	 0.47349	 0.46846	 0.46372	 0.46118	 0.46064	 0.46335	 0.46811	 0.47100	 0.46665	 0.45446	 0.43925	 0.42141	 0.40581	 0.39015	 0.37579	 0.36276	 0.35197	 0.34204
32 	 0.23159	 0.23020	 0.23214	 0.24015	 0.25673	 0.27802	 0.29706	 0.31155	 0.32360	 0.33180	 0.33482	 0.32977	 0.31964	 0.30993	 0.30164	 0.29551	 0.29188	 0.28835	 0.28375	 0.28026	 0.27980	 0.28334	 0.29169	 0.30567	 0.32195	 0.33830	 0.35464	 0.37088	 0.39311	 0.42707	 0.46748	 0.50546	 0.53484	 0.55341	 0.56289	 0.56652	 0.56754	 0.56511	 0.56108	 0.55579	 0.54794	 0.53946	 0.53290	 0.52854	 0.52598	 0.52287	 0.52010	 0.51700	 0.51193	 0.50549	 0.49661	 0.48979	 0.48148	 0.47357	 0.46865	 0.46391	 0.46124	 0.46066	 0.46337	 0.46815	 0.47119	 0.46666	 0.45473	 0.43857	 0.42131	 0.40570	 0.38970	 0.37535	 0.36221	 0.35099	 0.34159
37 	 0.23143	 0.23003	 0.23197	 0.24000	 0.25661	 0.27786	 0.29683	 0.31133	 0.32327	 0.33146	 0.33442	 0.32942	 0.31933	 0.30964	 0.30136	 0.29524	 0.29160	 0.28798	 0.28343	 0.27987	 0.27934	 0.28288	 0.29133	 0.30524	 0.32161	 0.33794	 0.35422	 0.37036	 0.39262	 0.42646	 0.46680	 0.50468	 0.53418	 0.55259	 0.56209	 0.56575	 0.56664	 0.56426	 0.56028	 0.55500	 0.54718	 0.53875	 0.53216	 0.52775	 0.52514	 0.52202	 0.51928	 0.51618	 0.51108	 0.50480	 0.49581	 0.48907	 0.48072	 0.47282	 0.46792	 0.46313	 0.46041	 0.45987	 0.46252	 0.46730	 0.47012	 0.46564	 0.45358	 0.43827	 0.42077	 0.40484	 0.38890	 0.37489	 0.36175	 0.35065	 0.34137
42 	 0.23130	 0.22991	 0.23185	 0.23995	 0.25652	 0.27772	 0.29674	 0.31123	 0.32306	 0.33117	 0.33416	 0.32915	 0.31904	 0.30940	 0.30105	 0.29497	 0.29122	 0.28770	 0.28309	 0.27960	 0.27909	 0.28259	 0.29103	 0.30506	 0.32142	 0.33772	 0.35408	 0.37019	 0.39256	 0.42650	 0.46684	 0.50474	 0.53400	 0.55242	 0.56180	 0.56532	 0.56636	 0.56384	 0.55968	 0.55433	 0.54645	 0.53807	 0.53158	 0.52722	 0.52441	 0.52130	 0.51856	 0.51545	 0.51041	 0.50397	 0.49523	 0.48835	 0.48002	 0.47216	 0.46722	 0.46252	 0.45983	 0.45924	 0.46194	 0.46681	 0.46990	 0.46540	 0.45352	 0.43800	 0.42088	 0.40492	 0.38890	 0.37539	 0.36207	 0.35149	 0.34160
47 	 0.23116	 0.22978	 0.23172	 0.23976	 0.25647	 0.27764	 0.29661	 0.31105	 0.32280	 0.33092	 0.33394	 0.32891	 0.31881	 0.30909	 0.30079	 0.29458	 0.29101	 0.28742	 0.28278	 0.27940	 0.27889	 0.28230	 0.29076	 0.30476	 0.32109	 0.33740	 0.35379	 0.36984	 0.39229	 0.42614	 0.46648	 0.50423	 0.53352	 0.55188	 0.56128	 0.56476	 0.56572	 0.56341	 0.55928	 0.55381	 0.54588	 0.53765	 0.53115	 0.52672	 0.52390	 0.52067	 0.51799	 0.51496	 0.50990	 0.50353	 0.49468	 0.48782	 0.47948	 0.47162	 0.46664	 0.46192	 0.45921	 0.45867	 0.46137	 0.46631	 0.46933	 0.46497	 0.45309	 0.43828	 0.42034	 0.40472	 0.38908	 0.37508	 0.36248	 0.35117	 0.34181
3 	 0.24716	 0.24581	 0.24683	 0.25260	 0.26476	 0.28185	 0.29896	 0.31322	 0.32544	 0.33352	 0.33579	 0.33053	 0.32057	 0.31114	 0.30284	 0.29614	 0.29254	 0.28933	 0.28395	 0.27910	 0.27740	 0.27957	 0.28493	 0.29652	 0.31150	 0.32789	 0.34486	 0.36097	 0.38025	 0.40946	 0.44479	 0.48157	 0.51342	 0.53397	 0.54491	 0.55019	 0.55254	 0.55110	 0.54891	 0.54578	 0.53811	 0.53093	 0.52485	 0.52131	 0.52049	 0.51775	 0.51563	 0.51312	 0.50945	 0.50242	 0.49368	 0.48703	 0.47900	 0.47163	 0.46502	 0.46108	 0.45840	 0.45815	 0.46299	 0.46893	 0.47315	 0.47216	 0.46426	 0.45104	 0.43619	 0.42183	 0.40773	 0.39496	 0.38374	 0.37261	 0.36346
8 	 0.24615	 0.24464	 0.24605	 0.25154	 0.26373	 0.28080	 0.29793	 0.31188	 0.32388	 0.33207	 0.33436	 0.32932	 0.31952	 0.31002	 0.30173	 0.29503	 0.29152	 0.28771	 0.28216	 0.27759	 0.27570	 0.27774	 0.28346	 0.29495	 0.31000	 0.32660	 0.34377	 0.35957	 0.37823	 0.40747	 0.44345	 0.47972	 0.51137	 0.53208	 0.54276	 0.54764	 0.55026	 0.54810	 0.54577	 0.54203	 0.53447	 0.52738	 0.52147	 0.51782	 0.51697	 0.51416	 0.51265	 0.50980	 0.50565	 0.49866	 0.49048	 0.48415	 0.47587	 0.46799	 0.46133	 0.45742	 0.45575	 0.45630	 0.46056	 0.46656	 0.47164	 0.47052	 0.46179	 0.44928	 0.43457	 0.42019	 0.40681	 0.39417	 0.38242	 0.37186	 0.36274
13 	 0.24612	 0.24439	 0.24548	 0.25094	 0.26360	 0.28097	 0.29788	 0.31182	 0.32414	 0.33244	 0.33483	 0.32975	 0.31968	 0.30998	 0.30189	 0.29556	 0.29202	 0.28786	 0.28265	 0.27823	 0.27648	 0.27823	 0.28414	 0.29578	 0.31106	 0.32752	 0.34455	 0.36015	 0.37855	 0.40789	 0.44413	 0.48089	 0.51240	 0.53301	 0.54410	 0.54905	 0.55087	 0.54909	 0.54671	 0.54295	 0.53606	 0.52871	 0.52279	 0.51916	 0.51808	 0.51571	 0.51399	 0.51095	 0.50658	 0.49963	 0.49136	 0.48475	 0.47620	 0.46822	 0.46210	 0.45788	 0.45643	 0.45697	 0.46114	 0.46736	 0.47263	 0.47083	 0.46171	 0.44895	 0.43473	 0.42064	 0.40661	 0.39442	 0.38188	 0.37140	 0.36314
18 	 0.24623	 0.24411	 0.24491	 0.25074	 0.26331	 0.28064	 0.29730	 0.31117	 0.32356	 0.33175	 0.33430	 0.32914	 0.31914	 0.30945	 0.30119	 0.29476	 0.29113	 0.28725	 0.28229	 0.27765	 0.27581	 0.27757	 0.28357	 0.29539	 0.31047	 0.32719	 0.34387	 0.35923	 0.37790	 0.40714	 0.44317	 0.47996	 0.51132	 0.53201	 0.54311	 0.54813	 0.54960	 0.54784	 0.54534	 0.54176	 0.53517	 0.52747	 0.52160	 0.51804	 0.51688	 0.51449	 0.51262	 0.50979	 0.50520	 0.49861	 0.48991	 0.48316	 0.47475	 0.46676	 0.46115	 0.45661	 0.45498	 0.45544	 0.45959	 0.46612	 0.47125	 0.46967	 0.46033	 0.44852	 0.43355	 0.41964	 0.40587	 0.39327	 0.38173	 0.37141	 0.36254
23 	 0.24591	 0.24360	 0.24442	 0.25036	 0.26314	 0.28041	 0.29709	 0.31099	 0.32335	 0.33135	 0.33405	 0.32895	 0.31881	 0.30908	 0.30064	 0.29443	 0.29073	 0.28702	 0.28203	 0.27739	 0.27555	 0.27728	 0.28349	 0.29540	 0.31057	 0.32721	 0.34383	 0.35922	 0.37821	 0.40731	 0.44333	 0.48011	 0.51165	 0.53255	 0.54374	 0.54861	 0.55013	 0.54849	 0.54592	 0.54231	 0.53568	 0.52811	 0.52225	 0.51869	 0.51729	 0.51501	 0.51291	 0.51020	 0.50553	 0.49917	 0.49023	 0.48335	 0.47505	 0.46712	 0.46175	 0.45711	 0.45511	 0.45552	 0.45987	 0.46645	 0.47160	 0.46963	 0.46063	 0.44822	 0.43351	 0.41943	 0.40561	 0.39277	 0.38183	 0.37022	 0.36216
28 	 0.24657	 0.24416	 0.24504	 0.25094	 0.26377	 0.28089	 0.29749	 0.31144	 0.32353	 0.33161	 0.33419	 0.32906	 0.31910	 0.30944	 0.30091	 0.29466	 0.29096	 0.28730	 0.28225	 0.27759	 0.27574	 0.27742	 0.28376	 0.29561	 0.31083	 0.32741	 0.34399	 0.35922	 0.37840	 0.40743	 0.44324	 0.47987	 0.51143	 0.53235	 0.54357	 0.54824	 0.54987	 0.54833	 0.54570	 0.54207	 0.53540	 0.52798	 0.52218	 0.51849	 0.51678	 0.51440	 0.51239	 0.50985	 0.50511	 0.49886	 0.48999	 0.48317	 0.47475	 0.46672	 0.46163	 0.45688	 0.45471	 0.45510	 0.45930	 0.46624	 0.47125	 0.46962	 0.46092	 0.44840	 0.43404	 0.42013	 0.40622	 0.39298	 0.38181	 0.37090	 0.36237
33 	 0.24741	 0.24510	 0.24591	 0.25200	 0.26483	 0.28193	 0.29855	 0.31250	 0.32455	 0.33250	 0.33512	 0.32996	 0.31989	 0.31020	 0.30177	 0.29554	 0.29185	 0.28819	 0.28302	 0.27854	 0.27667	 0.27837	 0.28457	 0.29666	 0.31184	 0.32839	 0.34487	 0.36023	 0.37949	 0.40849	 0.44431	 0.48083	 0.51236	 0.53327	 0.54437	 0.54897	 0.55058	 0.54917	 0.54656	 0.54281	 0.53617	 0.52878	 0.52304	 0.51936	 0.51748	 0.51506	 0.51302	 0.51050	 0.50577	 0.49959	 0.49068	 0.48393	 0.47552	 0.46756	 0.46238	 0.45765	 0.45537	 0.45575	 0.46008	 0.46688	 0.47212	 0.47036	 0.46165	 0.44970	 0.43448	 0.42084	 0.40651	 0.39420	 0.38309	 0.37245	 0.36365
38 	 0.24617	 0.24383	 0.24476	 0.25075	 0.26366	 0.28060	 0.29719	 0.31117	 0.32309	 0.33114	 0.33368	 0.32856	 0.31862	 0.30893	 0.30045	 0.29421	 0.29051	 0.28671	 0.28175	 0.27714	 0.27530	 0.27699	 0.28326	 0.29522	 0.31049	 0.32691	 0.34345	 0.35866	 0.37788	 0.40686	 0.44274	 0.47921	 0.51068	 0.53166	 0.54288	 0.54743	 0.54900	 0.54762	 0.54494	 0.54128	 0.53463	 0.52721	 0.52145	 0.51776	 0.51582	 0.51351	 0.51145	 0.50893	 0.50417	 0.49788	 0.48914	 0.48230	 0.47384	 0.46584	 0.46080	 0.45607	 0.45374	 0.45413	 0.45836	 0.46528	 0.47060	 0.46905	 0.46045	 0.44806	 0.43399	 0.42000	 0.40615	 0.39342	 0.38241	 0.37147	 0.36243
43 	 0.24617	 0.24399	 0.24487	 0.25094	 0.26390	 0.28097	 0.29768	 0.31167	 0.32367	 0.33164	 0.33430	 0.32917	 0.31907	 0.30933	 0.30092	 0.29465	 0.29092	 0.28726	 0.28210	 0.27764	 0.27577	 0.27736	 0.28373	 0.29580	 0.31117	 0.32769	 0.34433	 0.35959	 0.37896	 0.40806	 0.44385	 0.48043	 0.51183	 0.53277	 0.54391	 0.54842	 0.55005	 0.54861	 0.54590	 0.54214	 0.53555	 0.52821	 0.52251	 0.51879	 0.51667	 0.51434	 0.51230	 0.50987	 0.50508	 0.49887	 0.49005	 0.48319	 0.47474	 0.46676	 0.46162	 0.45688	 0.45452	 0.45489	 0.45920	 0.46615	 0.47137	 0.46969	 0.46084	 0.44886	 0.43377	 0.42010	 0.40605	 0.39387	 0.38184	 0.37166	 0.36272
48 	 0.24636	 0.24418	 0.24509	 0.25116	 0.26416	 0.28110	 0.29772	 0.31171	 0.32358	 0.33156	 0.33413	 0.32903	 0.31908	 0.30925	 0.30081	 0.29455	 0.29085	 0.28721	 0.28198	 0.27762	 0.27576	 0.27738	 0.28367	 0.29571	 0.31107	 0.32750	 0.34409	 0.35937	 0.37874	 0.40778	 0.44362	 0.48005	 0.51141	 0.53224	 0.54325	 0.54774	 0.54929	 0.54794	 0.54517	 0.54125	 0.53464	 0.52746	 0.52180	 0.51799	 0.51587	 0.51347	 0.51137	 0.50894	 0.50418	 0.49797	 0.48918	 0.48229	 0.47386	 0.46592	 0.46085	 0.45606	 0.45363	 0.45413	 0.45833	 0.46529	 0.47046	 0.46892	 0.46049	 0.44807	 0.43373	 0.41958	 0.40627	 0.39286	 0.38214	 0.37171	 0.36252
4 	 0.26571	 0.26447	 0.26582	 0.27271	 0.28766	 0.30760	 0.32621	 0.34043	 0.35202	 0.35933	 0.36065	 0.35442	 0.34391	 0.33414	 0.32586	 0.31912	 0.31526	 0.31180	 0.30702	 0.30313	 0.30276	 0.30690	 0.31456	 0.32819	 0.34440	 0.36075	 0.37755	 0.39496	 0.41844	 0.45417	 0.49569	 0.53416	 0.56308	 0.57995	 0.58840	 0.59221	 0.59385	 0.59145	 0.58788	 0.58336	 0.57480	 0.56661	 0.55971	 0.55528	 0.55334	 0.54937	 0.54626	 0.54303	 0.53879	 0.53160	 0.52304	 0.51657	 0.50867	 0.50162	 0.49492	 0.49091	 0.48819	 0.48778	 0.49217	 0.49812	 0.50287	 0.50315	 0.49691	 0.48528	 0.47133	 0.45777	 0.44395	 0.43131	 0.41941	 0.40856	 0.39844
9 	 0.26548	 0.26398	 0.26573	 0.27238	 0.28740	 0.30744	 0.32599	 0.33995	 0.35127	 0.35866	 0.35999	 0.35401	 0.34364	 0.33385	 0.32561	 0.31888	 0.31514	 0.31120	 0.30606	 0.30254	 0.30205	 0.30603	 0.31408	 0.32767	 0.34396	 0.36059	 0.37756	 0.39456	 0.41743	 0.45324	 0.49540	 0.53351	 0.56214	 0.57919	 0.58750	 0.59100	 0.59286	 0.58984	 0.58628	 0.58112	 0.57262	 0.56471	 0.55780	 0.55320	 0.55122	 0.54740	 0.54472	 0.54097	 0.53631	 0.52923	 0.52118	 0.51516	 0.50688	 0.49921	 0.49269	 0.48858	 0.48692	 0.48718	 0.49114	 0.49696	 0.50283	 0.50302	 0.49593	 0.48437	 0.47092	 0.45724	 0.44369	 0.43070	 0.41889	 0.40818	 0.39886
14 	 0.26615	 0.26441	 0.26580	 0.27255	 0.28789	 0.30828	 0.32642	 0.34032	 0.35182	 0.35929	 0.36083	 0.35466	 0.34400	 0.33421	 0.32601	 0.31954	 0.31581	 0.31161	 0.30701	 0.30347	 0.30307	 0.30680	 0.31492	 0.32875	 0.34511	 0.36160	 0.37831	 0.39502	 0.41783	 0.45375	 0.49594	 0.53432	 0.56272	 0.57974	 0.58826	 0.59185	 0.59315	 0.59026	 0.58663	 0.58155	 0.57364	 0.56541	 0.55849	 0.55400	 0.55189	 0.54829	 0.54554	 0.54169	 0.53680	 0.52969	 0.52150	 0.51508	 0.50672	 0.49899	 0.49298	 0.48868	 0.48711	 0.48741	 0.49117	 0.49742	 0.50329	 0.50304	 0.49569	 0.48483	 0.47083	 0.45755	 0.44411	 0.43174	 0.41951	 0.40864	 0.39909
19 	 0.26687	 0.26476	 0.26599	 0.27299	 0.28839	 0.30858	 0.32660	 0.34045	 0.35205	 0.35938	 0.36117	 0.35497	 0.34430	 0.33438	 0.32596	 0.31953	 0.31570	 0.31183	 0.30728	 0.30360	 0.30311	 0.30681	 0.31515	 0.32901	 0.34531	 0.36183	 0.37832	 0.39491	 0.41789	 0.45369	 0.49565	 0.53390	 0.56225	 0.57932	 0.58797	 0.59165	 0.59263	 0.58981	 0.58609	 0.58110	 0.57343	 0.56489	 0.55810	 0.55371	 0.55151	 0.54804	 0.54498	 0.54140	 0.53629	 0.52944	 0.52092	 0.51433	 0.50618	 0.49847	 0.49300	 0.48827	 0.48644	 0.48670	 0.49054	 0.49686	 0.50271	 0.50268	 0.49547	 0.48463	 0.47065	 0.45780	 0.44424	 0.43199	 0.41974	 0.40872	 0.39962
24 	 0.26817	 0.26591	 0.26711	 0.27424	 0.28964	 0.30984	 0.32777	 0.34158	 0.35314	 0.36033	 0.36223	 0.35602	 0.34528	 0.33537	 0.32690	 0.32038	 0.31650	 0.31271	 0.30824	 0.30452	 0.30409	 0.30771	 0.31613	 0.33014	 0.34642	 0.36286	 0.37923	 0.39579	 0.41898	 0.45467	 0.49657	 0.53470	 0.56303	 0.58025	 0.58885	 0.59237	 0.59326	 0.59065	 0.58679	 0.58177	 0.57410	 0.56572	 0.55896	 0.55450	 0.55204	 0.54854	 0.54546	 0.54203	 0.53680	 0.53022	 0.52146	 0.51482	 0.50676	 0.49907	 0.49383	 0.48901	 0.48698	 0.48718	 0.49118	 0.49775	 0.50379	 0.50358	 0.49677	 0.48590	 0.47271	 0.45947	 0.44543	 0.43322	 0.42069	 0.41036	 0.40089
29 	 0.26838	 0.26620	 0.26741	 0.27459	 0.29015	 0.31021	 0.32815	 0.34204	 0.35340	 0.36051	 0.36228	 0.35611	 0.34539	 0.33552	 0.32697	 0.32056	 0.31670	 0.31292	 0.30839	 0.30471	 0.30424	 0.30789	 0.31647	 0.33044	 0.34687	 0.36328	 0.37958	 0.39622	 0.41953	 0.45521	 0.49709	 0.53505	 0.56334	 0.58058	 0.58919	 0.59249	 0.59342	 0.59093	 0.58702	 0.58193	 0.57433	 0.56591	 0.55932	 0.55482	 0.55203	 0.54862	 0.54547	 0.54215	 0.53689	 0.53035	 0.52168	 0.51498	 0.50683	 0.49916	 0.49397	 0.48919	 0.48689	 0.48715	 0.49104	 0.49783	 0.50400	 0.50395	 0.49691	 0.48650	 0.47231	 0.45966	 0.44590	 0.43303	 0.42146	 0.41029	 0.40120
34 	 0.26856	 0.26640	 0.26760	 0.27480	 0.29035	 0.31029	 0.32819	 0.34205	 0.35329	 0.36045	 0.36225	 0.35606	 0.34537	 0.33546	 0.32692	 0.32054	 0.31657	 0.31284	 0.30827	 0.30466	 0.30414	 0.30779	 0.31635	 0.33035	 0.34673	 0.36309	 0.37935	 0.39602	 0.41933	 0.45492	 0.49662	 0.53448	 0.56267	 0.57983	 0.58844	 0.59161	 0.59250	 0.59002	 0.58624	 0.58119	 0.57350	 0.56528	 0.55872	 0.55425	 0.55132	 0.54776	 0.54464	 0.54141	 0.53616	 0.52975	 0.52109	 0.51436	 0.50627	 0.49853	 0.49350	 0.48873	 0.48634	 0.48660	 0.49050	 0.49726	 0.50327	 0.50347	 0.49645	 0.48548	 0.47207	 0.45889	 0.44520	 0.43263	 0.42145	 0.41030	 0.40069
39 	 0.26699	 0.26485	 0.26608	 0.27332	 0.28883	 0.30875	 0.32658	 0.34043	 0.35163	 0.35882	 0.36053	 0.35443	 0.34382	 0.33394	 0.32544	 0.31897	 0.31501	 0.31137	 0.30667	 0.30308	 0.30256	 0.30622	 0.31478	 0.32871	 0.34511	 0.36147	 0.37780	 0.39425	 0.41763	 0.45306	 0.49477	 0.53259	 0.56078	 0.57805	 0.58661	 0.58979	 0.59077	 0.58840	 0.58443	 0.57935	 0.57166	 0.56344	 0.55691	 0.55235	 0.54938	 0.54573	 0.54272	 0.53948	 0.53424	 0.52788	 0.51916	 0.51245	 0.50432	 0.49655	 0.49168	 0.48679	 0.48437	 0.48453	 0.48844	 0.49534	 0.50132	 0.50152	 0.49452	 0.48391	 0.47046	 0.45730	 0.44414	 0.43049	 0.42003	 0.40840	 0.39860
44 	 0.26834	 0.26622	 0.26743	 0.27471	 0.29035	 0.31019	 0.32804	 0.34192	 0.35298	 0.36014	 0.36189	 0.35581	 0.34514	 0.33515	 0.32665	 0.32017	 0.31622	 0.31256	 0.30785	 0.30432	 0.30378	 0.30738	 0.31602	 0.32995	 0.34646	 0.36276	 0.37906	 0.39556	 0.41906	 0.45456	 0.49622	 0.53404	 0.56207	 0.57909	 0.58762	 0.59074	 0.59166	 0.58924	 0.58538	 0.58015	 0.57250	 0.56446	 0.55792	 0.55330	 0.55023	 0.54668	 0.54359	 0.54041	 0.53516	 0.52881	 0.52010	 0.51340	 0.50528	 0.49752	 0.49253	 0.48775	 0.48526	 0.48547	 0.48947	 0.49637	 0.50263	 0.50300	 0.49617	 0.48508	 0.47250	 0.45917	 0.44596	 0.43268	 0.42228	 0.41052	 0.40117
49 	 0.26855	 0.26646	 0.26773	 0.27502	 0.29075	 0.31055	 0.32838	 0.34219	 0.35322	 0.36042	 0.36216	 0.35605	 0.34543	 0.33534	 0.32689	 0.32038	 0.31647	 0.31270	 0.30804	 0.30461	 0.30411	 0.30765	 0.31620	 0.33030	 0.34676	 0.36305	 0.37945	 0.39603	 0.41952	 0.45501	 0.49664	 0.53447	 0.56250	 0.57952	 0.58799	 0.59106	 0.59192	 0.58966	 0.58568	 0.58036	 0.57273	 0.56463	 0.55818	 0.55362	 0.55050	 0.54699	 0.54383	 0.54062	 0.53539	 0.52899	 0.52027	 0.51360	 0.50548	 0.49771	 0.49280	 0.48791	 0.48543	 0.48574	 0.48967	 0.49666	 0.50285	 0.50312	 0.49622	 0.48575	 0.47225	 0.45925	 0.44598	 0.43382	 0.42130	 0.41071	 0.40129
5 	 0.27326	 0.27344	 0.27717	 0.28869	 0.31036	 0.33787	 0.36413	 0.38536	 0.40266	 0.41429	 0.41768	 0.41110	 0.39850	 0.38634	 0.37647	 0.36898	 0.36504	 0.36182	 0.35684	 0.35238	 0.35181	 0.35668	 0.36598	 0.38261	 0.40312	 0.42436	 0.44523	 0.46514	 0.48918	 0.52374	 0.56260	 0.59773	 0.62392	 0.63843	 0.64540	 0.64880	 0.65069	 0.64925	 0.64733	 0.64481	 0.63845	 0.63263	 0.62742	 0.62456	 0.62381	 0.62094	 0.61898	 0.61702	 0.61402	 0.60792	 0.60072	 0.59542	 0.58889	 0.58277	 0.57683	 0.57330	 0.57107	 0.57077	 0.57420	 0.57702	 0.57599	 0.56703	 0.54930	 0.52535	 0.49987	 0.47683	 0.45538	 0.43616	 0.41943	 0.40516	 0.39263
10 	 0.27041	 0.27039	 0.27458	 0.28587	 0.30764	 0.33521	 0.36142	 0.38240	 0.39965	 0.41133	 0.41460	 0.40837	 0.39588	 0.38365	 0.37392	 0.36653	 0.36274	 0.35889	 0.35366	 0.34963	 0.34906	 0.35368	 0.36343	 0.38003	 0.40067	 0.42200	 0.44309	 0.46256	 0.48596	 0.52054	 0.55986	 0.59469	 0.62044	 0.63510	 0.64186	 0.64481	 0.64696	 0.64497	 0.64301	 0.63989	 0.63391	 0.62815	 0.62305	 0.62003	 0.61923	 0.61651	 0.61495	 0.61259	 0.60914	 0.60314	 0.59641	 0.59154	 0.58461	 0.57792	 0.57215	 0.56856	 0.56729	 0.56787	 0.57075	 0.57348	 0.57325	 0.56427	 0.54488	 0.52193	 0.49661	 0.47383	 0.45171	 0.43239	 0.41619	 0.40177	 0.39013
15 	 0.26914	 0.26878	 0.27264	 0.28408	 0.30633	 0.33402	 0.35998	 0.38082	 0.39818	 0.40998	 0.41349	 0.40710	 0.39445	 0.38210	 0.37238	 0.36519	 0.36137	 0.35742	 0.35284	 0.34863	 0.34812	 0.35251	 0.36245	 0.37915	 0.39985	 0.42111	 0.44201	 0.46120	 0.48450	 0.51922	 0.55875	 0.59376	 0.61930	 0.63384	 0.64096	 0.64396	 0.64542	 0.64378	 0.64167	 0.63868	 0.63322	 0.62712	 0.62202	 0.61912	 0.61813	 0.61571	 0.61400	 0.61153	 0.60779	 0.60189	 0.59504	 0.58978	 0.58280	 0.57606	 0.57073	 0.56682	 0.56576	 0.56618	 0.56906	 0.57210	 0.57177	 0.56202	 0.54261	 0.51944	 0.49445	 0.47173	 0.44961	 0.43045	 0.41317	 0.40008	 0.38793
20 	 0.26953	 0.26884	 0.27250	 0.28420	 0.30645	 0.33429	 0.36015	 0.38113	 0.39861	 0.41031	 0.41400	 0.40757	 0.39490	 0.38260	 0.37264	 0.36539	 0.36151	 0.35783	 0.35326	 0.34894	 0.34838	 0.35278	 0.36292	 0.37988	 0.40056	 0.42201	 0.44264	 0.46185	 0.48538	 0.52009	 0.55952	 0.59449	 0.61999	 0.63469	 0.64190	 0.64497	 0.64624	 0.64452	 0.64232	 0.63954	 0.63427	 0.62803	 0.62306	 0.62013	 0.61891	 0.61655	 0.61467	 0.61244	 0.60852	 0.60298	 0.59574	 0.59030	 0.58346	 0.57677	 0.57189	 0.56764	 0.56625	 0.56666	 0.56949	 0.57274	 0.57219	 0.56218	 0.54307	 0.51965	 0.49449	 0.47137	 0.44941	 0.43002	 0.41343	 0.39949	 0.38749
25 	 0.26910	 0.26832	 0.27197	 0.28366	 0.30591	 0.33364	 0.35931	 0.38013	 0.39744	 0.40886	 0.41269	 0.40637	 0.39367	 0.38135	 0.37129	 0.36411	 0.36016	 0.35668	 0.35208	 0.34782	 0.34723	 0.35164	 0.36193	 0.37892	 0.39959	 0.42087	 0.44136	 0.46053	 0.48436	 0.51896	 0.55828	 0.59314	 0.61859	 0.63343	 0.64064	 0.64340	 0.64475	 0.64313	 0.64084	 0.63798	 0.63276	 0.62643	 0.62148	 0.61864	 0.61720	 0.61478	 0.61285	 0.61080	 0.60671	 0.60126	 0.59401	 0.58861	 0.58178	 0.57501	 0.57053	 0.56613	 0.56452	 0.56486	 0.56781	 0.57138	 0.57082	 0.56116	 0.54210	 0.51889	 0.49397	 0.47098	 0.44916	 0.42958	 0.41283	 0.39931	 0.38732
30 	 0.26976	 0.26901	 0.27268	 0.28454	 0.30681	 0.33443	 0.36013	 0.38111	 0.39828	 0.40974	 0.41353	 0.40715	 0.39443	 0.38213	 0.37208	 0.36501	 0.36105	 0.35750	 0.35285	 0.34879	 0.34812	 0.35249	 0.36281	 0.37980	 0.40050	 0.42173	 0.44228	 0.46134	 0.48534	 0.51975	 0.55891	 0.59371	 0.61933	 0.63429	 0.64160	 0.64436	 0.64572	 0.64422	 0.64202	 0.63905	 0.63378	 0.62765	 0.62281	 0.61980	 0.61816	 0.61575	 0.61379	 0.61183	 0.60782	 0.60246	 0.59516	 0.58976	 0.58290	 0.57614	 0.57169	 0.56744	 0.56550	 0.56579	 0.56871	 0.57215	 0.57183	 0.56198	 0.54283	 0.51982	 0.49471	 0.47172	 0.45004	 0.43039	 0.41406	 0.39959	 0.38768
35 	 0.26946	 0.26867	 0.27242	 0.28421	 0.30659	 0.33406	 0.35965	 0.38046	 0.39757	 0.40904	 0.41278	 0.40641	 0.39373	 0.38147	 0.37147	 0.36435	 0.36043	 0.35689	 0.35216	 0.34813	 0.34744	 0.35180	 0.36212	 0.37913	 0.39986	 0.42102	 0.44146	 0.46055	 0.48451	 0.51899	 0.55799	 0.59278	 0.61828	 0.63323	 0.64046	 0.64308	 0.64441	 0.64307	 0.64088	 0.63793	 0.63253	 0.62646	 0.62157	 0.61857	 0.61682	 0.61437	 0.61241	 0.61044	 0.60642	 0.60114	 0.59387	 0.58840	 0.58153	 0.57473	 0.57031	 0.56605	 0.56411	 0.56443	 0.56741	 0.57078	 0.57047	 0.56104	 0.54200	 0.51896	 0.49382	 0.47095	 0.44848	 0.43022	 0.41406	 0.39878	 0.38698
40 	 0.26943	 0.26878	 0.27250	 0.28431	 0.30671	 0.33417	 0.35975	 0.38067	 0.39774	 0.40923	 0.41285	 0.40652	 0.39389	 0.38157	 0.37164	 0.36447	 0.36051	 0.35702	 0.35228	 0.34821	 0.34756	 0.35191	 0.36216	 0.37916	 0.39992	 0.42108	 0.44154	 0.46053	 0.48460	 0.51899	 0.55802	 0.59279	 0.61836	 0.63338	 0.64064	 0.64334	 0.64479	 0.64353	 0.64124	 0.63821	 0.63291	 0.62695	 0.62208	 0.61908	 0.61716	 0.61464	 0.61275	 0.61083	 0.60685	 0.60160	 0.59426	 0.58891	 0.58198	 0.57516	 0.57077	 0.56643	 0.56444	 0.56478	 0.56780	 0.57145	 0.57107	 0.56184	 0.54277	 0.51942	 0.49438	 0.47169	 0.44975	 0.43089	 0.41369	 0.39951	 0.38777
45 	 0.26928	 0.26861	 0.27235	 0.28423	 0.30674	 0.33405	 0.35964	 0.38056	 0.39752	 0.40894	 0.41269	 0.40635	 0.39376	 0.38148	 0.37145	 0.36427	 0.36030	 0.35687	 0.35208	 0.34801	 0.34735	 0.35167	 0.36203	 0.37915	 0.39985	 0.42101	 0.44147	 0.46045	 0.48455	 0.51890	 0.55791	 0.59261	 0.61804	 0.63296	 0.64020	 0.64283	 0.64416	 0.64297	 0.64064	 0.63756	 0.63220	 0.62633	 0.62142	 0.61845	 0.61646	 0.61394	 0.61204	 0.61018	 0.60606	 0.60089	 0.59367	 0.58825	 0.58126	 0.57438	 0.57008	 0.56575	 0.56375	 0.56415	 0.56698	 0.57065	 0.57019	 0.56091	 0.54202	 0.51857	 0.49392	 0.47060	 0.44901	 0.42940	 0.41401	 0.39932	 0.38711
50 	 0.26873	 0.26814	 0.27191	 0.28377	 0.30621	 0.33359	 0.35908	 0.37996	 0.39684	 0.40832	 0.41203	 0.40568	 0.39303	 0.38066	 0.37074	 0.36360	 0.35966	 0.35619	 0.35137	 0.34742	 0.34676	 0.35113	 0.36142	 0.37843	 0.39919	 0.42033	 0.44081	 0.45988	 0.48391	 0.51831	 0.55726	 0.59190	 0.61730	 0.63207	 0.63931	 0.64190	 0.64325	 0.64199	 0.63975	 0.63661	 0.63125	 0.62537	 0.62064	 0.61758	 0.61559	 0.61307	 0.61113	 0.60925	 0.60524	 0.59998	 0.59267	 0.58730	 0.58042	 0.57359	 0.56922	 0.56489	 0.56288	 0.56323	 0.56609	 0.56963	 0.56932	 0.55989	 0.54109	 0.51798	 0.49335	 0.47043	 0.44838	 0.42960	 0.41287	 0.39872	 0.38647
