1 	 0.30781	 0.30835	 0.31374	 0.33001	 0.36059	 0.39964	 0.43676	 0.46863	 0.49474	 0.51384	 0.52045	 0.51155	 0.49376	 0.47592	 0.46158	 0.45256	 0.44709	 0.44260	 0.43732	 0.43237	 0.43109	 0.43774	 0.45236	 0.47534	 0.50592	 0.54038	 0.57230	 0.60117	 0.63560	 0.68527	 0.74520	 0.80288	 0.84805	 0.87462	 0.88673	 0.89221	 0.89511	 0.89525	 0.89215	 0.88814	 0.88331	 0.87732	 0.87168	 0.86860	 0.86573	 0.86266	 0.86003	 0.85694	 0.85105	 0.84323	 0.83371	 0.82405	 0.81334	 0.80267	 0.79264	 0.78522	 0.78134	 0.78185	 0.78799	 0.79181	 0.78348	 0.75726	 0.71734	 0.67172	 0.62609	 0.58611	 0.54973	 0.51894	 0.49338	 0.47106	 0.45488
6 	 0.30807	 0.30864	 0.31396	 0.33052	 0.36096	 0.40003	 0.43705	 0.46873	 0.49472	 0.51378	 0.52037	 0.51140	 0.49370	 0.47591	 0.46159	 0.45250	 0.44715	 0.44264	 0.43732	 0.43236	 0.43116	 0.43783	 0.45251	 0.47564	 0.50620	 0.54070	 0.57266	 0.60156	 0.63600	 0.68587	 0.74581	 0.80344	 0.84856	 0.87489	 0.88691	 0.89214	 0.89498	 0.89509	 0.89195	 0.88805	 0.88318	 0.87717	 0.87166	 0.86838	 0.86544	 0.86234	 0.85966	 0.85656	 0.85075	 0.84293	 0.83329	 0.82353	 0.81275	 0.80202	 0.79224	 0.78483	 0.78100	 0.78127	 0.78753	 0.79125	 0.78279	 0.75625	 0.71631	 0.67109	 0.62578	 0.58553	 0.54947	 0.51846	 0.49272	 0.47069	 0.45408
11 	 0.30800	 0.30853	 0.31386	 0.33043	 0.36094	 0.40000	 0.43709	 0.46881	 0.49471	 0.51377	 0.52032	 0.51135	 0.49352	 0.47573	 0.46141	 0.45244	 0.44699	 0.44257	 0.43725	 0.43238	 0.43110	 0.43778	 0.45244	 0.47569	 0.50632	 0.54085	 0.57264	 0.60155	 0.63612	 0.68586	 0.74600	 0.80367	 0.84885	 0.87527	 0.88726	 0.89254	 0.89531	 0.89541	 0.89230	 0.88846	 0.88353	 0.87749	 0.87179	 0.86860	 0.86574	 0.86269	 0.85989	 0.85678	 0.85101	 0.84323	 0.83363	 0.82380	 0.81286	 0.80211	 0.79239	 0.78506	 0.78110	 0.78141	 0.78752	 0.79125	 0.78281	 0.75630	 0.71624	 0.67075	 0.62570	 0.58570	 0.54971	 0.51883	 0.49323	 0.47118	 0.45378
16 	 0.30845	 0.30891	 0.31437	 0.33092	 0.36143	 0.40048	 0.43755	 0.46919	 0.49498	 0.51401	 0.52055	 0.51158	 0.49384	 0.47602	 0.46169	 0.45270	 0.44735	 0.44288	 0.43750	 0.43260	 0.43139	 0.43809	 0.45271	 0.47597	 0.50673	 0.54126	 0.57307	 0.60191	 0.63648	 0.68628	 0.74623	 0.80382	 0.84869	 0.87480	 0.88675	 0.89188	 0.89464	 0.89464	 0.89153	 0.88764	 0.88274	 0.87662	 0.87099	 0.86777	 0.86482	 0.86173	 0.85899	 0.85578	 0.85003	 0.84236	 0.83272	 0.82285	 0.81202	 0.80118	 0.79158	 0.78447	 0.78044	 0.78070	 0.78688	 0.79061	 0.78233	 0.75572	 0.71610	 0.67057	 0.62538	 0.58592	 0.55030	 0.51924	 0.49390	 0.47121	 0.45428
21 	 0.30808	 0.30855	 0.31399	 0.33060	 0.36102	 0.40005	 0.43717	 0.46885	 0.49469	 0.51372	 0.52029	 0.51115	 0.49350	 0.47561	 0.46132	 0.45234	 0.44691	 0.44242	 0.43708	 0.43219	 0.43102	 0.43765	 0.45233	 0.47557	 0.50629	 0.54080	 0.57264	 0.60147	 0.63598	 0.68585	 0.74586	 0.80358	 0.84871	 0.87491	 0.88698	 0.89211	 0.89490	 0.89494	 0.89188	 0.88801	 0.88304	 0.87707	 0.87139	 0.86816	 0.86519	 0.86210	 0.85933	 0.85615	 0.85041	 0.84276	 0.83319	 0.82334	 0.81237	 0.80160	 0.79192	 0.78467	 0.78081	 0.78095	 0.78721	 0.79092	 0.78256	 0.75635	 0.71627	 0.67078	 0.62554	 0.58567	 0.54954	 0.51865	 0.49345	 0.47108	 0.45423
26 	 0.30830	 0.30874	 0.31422	 0.33080	 0.36126	 0.40028	 0.43733	 0.46901	 0.49470	 0.51374	 0.52030	 0.51123	 0.49354	 0.47578	 0.46143	 0.45252	 0.44707	 0.44254	 0.43721	 0.43243	 0.43117	 0.43780	 0.45246	 0.47579	 0.50647	 0.54087	 0.57259	 0.60144	 0.63596	 0.68572	 0.74567	 0.80319	 0.84812	 0.87429	 0.88624	 0.89143	 0.89414	 0.89419	 0.89111	 0.88725	 0.88228	 0.87619	 0.87047	 0.86731	 0.86442	 0.86131	 0.85848	 0.85535	 0.84958	 0.84190	 0.83238	 0.82258	 0.81167	 0.80096	 0.79136	 0.78412	 0.78025	 0.78048	 0.78672	 0.79031	 0.78183	 0.75571	 0.71611	 0.67049	 0.62530	 0.58545	 0.54958	 0.51841	 0.49345	 0.47142	 0.45466
31 	 0.30837	 0.30876	 0.31427	 0.33090	 0.36135	 0.40031	 0.43737	 0.46899	 0.49465	 0.51362	 0.52024	 0.51117	 0.49353	 0.47565	 0.46138	 0.45244	 0.44697	 0.44250	 0.43721	 0.43236	 0.43123	 0.43780	 0.45239	 0.47569	 0.50640	 0.54087	 0.57251	 0.60140	 0.63593	 0.68558	 0.74539	 0.80290	 0.84784	 0.87393	 0.88577	 0.89093	 0.89361	 0.89364	 0.89060	 0.88675	 0.88183	 0.87575	 0.86997	 0.86684	 0.86390	 0.86079	 0.85801	 0.85487	 0.84908	 0.84148	 0.83193	 0.82218	 0.81118	 0.80049	 0.79089	 0.78373	 0.77991	 0.77999	 0.78631	 0.78991	 0.78145	 0.75540	 0.71590	 0.67042	 0.62516	 0.58500	 0.54985	 0.51859	 0.49354	 0.47145	 0.45477
36 	 0.30854	 0.30895	 0.31445	 0.33098	 0.36150	 0.40047	 0.43740	 0.46915	 0.49490	 0.51381	 0.52046	 0.51143	 0.49366	 0.47589	 0.46161	 0.45260	 0.44720	 0.44271	 0.43736	 0.43255	 0.43137	 0.43796	 0.45254	 0.47586	 0.50653	 0.54092	 0.57258	 0.60139	 0.63591	 0.68556	 0.74543	 0.80302	 0.84796	 0.87414	 0.88604	 0.89124	 0.89397	 0.89402	 0.89102	 0.88710	 0.88219	 0.87613	 0.87045	 0.86720	 0.86428	 0.86123	 0.85837	 0.85528	 0.84951	 0.84186	 0.83233	 0.82252	 0.81157	 0.80088	 0.79124	 0.78405	 0.78024	 0.78037	 0.78643	 0.79003	 0.78174	 0.75528	 0.71593	 0.67046	 0.62546	 0.58567	 0.54959	 0.51881	 0.49372	 0.47092	 0.45505
41 	 0.30840	 0.30876	 0.31440	 0.33088	 0.36141	 0.40037	 0.43737	 0.46902	 0.49477	 0.51367	 0.52033	 0.51113	 0.49350	 0.47562	 0.46133	 0.45242	 0.44699	 0.44248	 0.43712	 0.43235	 0.43116	 0.43777	 0.45236	 0.47571	 0.50642	 0.54089	 0.57260	 0.60150	 0.63612	 0.68587	 0.74572	 0.80327	 0.84824	 0.87426	 0.88612	 0.89123	 0.89396	 0.89398	 0.89089	 0.88707	 0.88207	 0.87594	 0.87014	 0.86705	 0.86406	 0.86096	 0.85815	 0.85504	 0.84919	 0.84160	 0.83201	 0.82219	 0.81123	 0.80050	 0.79095	 0.78376	 0.77996	 0.78023	 0.78639	 0.79013	 0.78186	 0.75564	 0.71605	 0.67077	 0.62579	 0.58615	 0.54968	 0.51943	 0.49395	 0.47156	 0.45445
46 	 0.30806	 0.30849	 0.31409	 0.33066	 0.36114	 0.40014	 0.43715	 0.46874	 0.49447	 0.51345	 0.51999	 0.51094	 0.49318	 0.47535	 0.46103	 0.45202	 0.44666	 0.44209	 0.43678	 0.43199	 0.43087	 0.43744	 0.45211	 0.47546	 0.50616	 0.54076	 0.57258	 0.60143	 0.63611	 0.68600	 0.74601	 0.80375	 0.84875	 0.87484	 0.88662	 0.89171	 0.89439	 0.89433	 0.89129	 0.88731	 0.88234	 0.87622	 0.87048	 0.86730	 0.86432	 0.86117	 0.85839	 0.85527	 0.84946	 0.84174	 0.83219	 0.82225	 0.81141	 0.80050	 0.79095	 0.78372	 0.77992	 0.78018	 0.78654	 0.79031	 0.78216	 0.75578	 0.71642	 0.67097	 0.62562	 0.58574	 0.54951	 0.51939	 0.49404	 0.47154	 0.45456
2 	 0.23444	 0.23372	 0.23549	 0.24332	 0.26003	 0.28215	 0.30142	 0.31670	 0.32848	 0.33771	 0.34063	 0.33504	 0.32451	 0.31444	 0.30584	 0.29964	 0.29563	 0.29204	 0.28836	 0.28541	 0.28467	 0.28916	 0.29813	 0.31106	 0.32718	 0.34557	 0.36248	 0.37903	 0.40222	 0.43751	 0.47855	 0.51589	 0.54540	 0.56345	 0.57188	 0.57501	 0.57594	 0.57401	 0.56855	 0.56210	 0.55497	 0.54740	 0.54126	 0.53753	 0.53433	 0.53109	 0.52812	 0.52481	 0.51951	 0.51287	 0.50527	 0.49799	 0.48990	 0.48199	 0.47511	 0.47043	 0.46747	 0.46737	 0.47178	 0.47676	 0.47874	 0.47328	 0.46069	 0.44463	 0.42636	 0.40960	 0.39379	 0.37958	 0.36663	 0.35543	 0.34678
7 	 0.23285	 0.23211	 0.23398	 0.24185	 0.25858	 0.28066	 0.29995	 0.31515	 0.32687	 0.33602	 0.33902	 0.33342	 0.32296	 0.31280	 0.30420	 0.29807	 0.29404	 0.29047	 0.28684	 0.28402	 0.28337	 0.28783	 0.29677	 0.30988	 0.32604	 0.34440	 0.36126	 0.37783	 0.40123	 0.43649	 0.47766	 0.51499	 0.54446	 0.56228	 0.57053	 0.57344	 0.57425	 0.57230	 0.56674	 0.56031	 0.55316	 0.54548	 0.53934	 0.53559	 0.53242	 0.52920	 0.52610	 0.52291	 0.51759	 0.51103	 0.50338	 0.49610	 0.48802	 0.48007	 0.47329	 0.46866	 0.46571	 0.46549	 0.46980	 0.47454	 0.47636	 0.47120	 0.45829	 0.44191	 0.42404	 0.40695	 0.39132	 0.37632	 0.36386	 0.35311	 0.34344
12 	 0.23319	 0.23231	 0.23422	 0.24215	 0.25889	 0.28097	 0.30021	 0.31536	 0.32693	 0.33611	 0.33905	 0.33339	 0.32296	 0.31279	 0.30414	 0.29808	 0.29410	 0.29050	 0.28689	 0.28397	 0.28327	 0.28780	 0.29672	 0.30987	 0.32613	 0.34447	 0.36135	 0.37785	 0.40115	 0.43660	 0.47771	 0.51504	 0.54447	 0.56220	 0.57041	 0.57316	 0.57393	 0.57188	 0.56631	 0.55991	 0.55272	 0.54501	 0.53882	 0.53502	 0.53186	 0.52856	 0.52544	 0.52217	 0.51684	 0.51036	 0.50286	 0.49540	 0.48723	 0.47933	 0.47261	 0.46807	 0.46515	 0.46478	 0.46917	 0.47402	 0.47591	 0.47063	 0.45806	 0.44211	 0.42386	 0.40711	 0.39119	 0.37671	 0.36449	 0.35334	 0.34592
17 	 0.23286	 0.23205	 0.23386	 0.24188	 0.25846	 0.28046	 0.29969	 0.31482	 0.32635	 0.33543	 0.33835	 0.33269	 0.32225	 0.31213	 0.30352	 0.29748	 0.29346	 0.28980	 0.28617	 0.28325	 0.28261	 0.28704	 0.29597	 0.30915	 0.32531	 0.34363	 0.36044	 0.37692	 0.40016	 0.43545	 0.47654	 0.51380	 0.54314	 0.56085	 0.56891	 0.57174	 0.57238	 0.57040	 0.56488	 0.55847	 0.55132	 0.54360	 0.53743	 0.53362	 0.53040	 0.52722	 0.52404	 0.52082	 0.51549	 0.50905	 0.50150	 0.49404	 0.48589	 0.47802	 0.47140	 0.46687	 0.46391	 0.46355	 0.46796	 0.47286	 0.47464	 0.46930	 0.45680	 0.44104	 0.42283	 0.40643	 0.39035	 0.37671	 0.36405	 0.35308	 0.34446
22 	 0.23201	 0.23116	 0.23310	 0.24115	 0.25774	 0.27974	 0.29891	 0.31401	 0.32549	 0.33457	 0.33742	 0.33182	 0.32135	 0.31127	 0.30266	 0.29653	 0.29251	 0.28890	 0.28526	 0.28237	 0.28176	 0.28628	 0.29510	 0.30827	 0.32452	 0.34294	 0.35974	 0.37622	 0.39952	 0.43489	 0.47602	 0.51327	 0.54259	 0.56025	 0.56826	 0.57096	 0.57161	 0.56960	 0.56397	 0.55756	 0.55040	 0.54265	 0.53650	 0.53266	 0.52940	 0.52611	 0.52301	 0.51973	 0.51436	 0.50794	 0.50044	 0.49294	 0.48476	 0.47685	 0.47024	 0.46575	 0.46282	 0.46248	 0.46697	 0.47180	 0.47361	 0.46819	 0.45617	 0.44020	 0.42205	 0.40619	 0.38935	 0.37577	 0.36327	 0.35246	 0.34315
27 	 0.23163	 0.23082	 0.23265	 0.24069	 0.25725	 0.27928	 0.29856	 0.31380	 0.32527	 0.33437	 0.33730	 0.33164	 0.32117	 0.31097	 0.30237	 0.29637	 0.29235	 0.28869	 0.28509	 0.28226	 0.28159	 0.28611	 0.29492	 0.30817	 0.32435	 0.34275	 0.35950	 0.37604	 0.39937	 0.43472	 0.47578	 0.51308	 0.54250	 0.56023	 0.56842	 0.57111	 0.57181	 0.56979	 0.56434	 0.55787	 0.55065	 0.54296	 0.53675	 0.53295	 0.52968	 0.52641	 0.52330	 0.52006	 0.51484	 0.50835	 0.50084	 0.49345	 0.48521	 0.47725	 0.47067	 0.46623	 0.46323	 0.46294	 0.46727	 0.47205	 0.47408	 0.46859	 0.45624	 0.44005	 0.42194	 0.40531	 0.38939	 0.37511	 0.36235	 0.35206	 0.34230
32 	 0.23114	 0.23033	 0.23213	 0.24021	 0.25682	 0.27882	 0.29795	 0.31311	 0.32456	 0.33369	 0.33651	 0.33079	 0.32036	 0.31026	 0.30168	 0.29561	 0.29160	 0.28797	 0.28435	 0.28150	 0.28089	 0.28532	 0.29418	 0.30742	 0.32363	 0.34198	 0.35865	 0.37515	 0.39851	 0.43384	 0.47490	 0.51213	 0.54156	 0.55923	 0.56723	 0.56999	 0.57064	 0.56859	 0.56304	 0.55669	 0.54946	 0.54173	 0.53547	 0.53168	 0.52842	 0.52516	 0.52202	 0.51880	 0.51354	 0.50709	 0.49961	 0.49218	 0.48389	 0.47592	 0.46940	 0.46486	 0.46190	 0.46162	 0.46600	 0.47086	 0.47271	 0.46719	 0.45496	 0.43899	 0.42079	 0.40476	 0.38842	 0.37494	 0.36232	 0.35118	 0.34210
37 	 0.23129	 0.23040	 0.23231	 0.24034	 0.25692	 0.27886	 0.29797	 0.31320	 0.32458	 0.33373	 0.33664	 0.33088	 0.32049	 0.31036	 0.30178	 0.29576	 0.29167	 0.28802	 0.28444	 0.28160	 0.28094	 0.28533	 0.29421	 0.30743	 0.32360	 0.34189	 0.35863	 0.37514	 0.39844	 0.43369	 0.47470	 0.51198	 0.54138	 0.55911	 0.56715	 0.57002	 0.57064	 0.56853	 0.56299	 0.55666	 0.54949	 0.54173	 0.53549	 0.53169	 0.52843	 0.52522	 0.52205	 0.51877	 0.51356	 0.50721	 0.49969	 0.49218	 0.48392	 0.47600	 0.46944	 0.46494	 0.46202	 0.46164	 0.46609	 0.47090	 0.47275	 0.46741	 0.45498	 0.43885	 0.42074	 0.40478	 0.38865	 0.37428	 0.36206	 0.35121	 0.34195
42 	 0.23115	 0.23027	 0.23225	 0.24031	 0.25690	 0.27881	 0.29797	 0.31303	 0.32448	 0.33355	 0.33645	 0.33066	 0.32029	 0.31015	 0.30157	 0.29549	 0.29140	 0.28772	 0.28416	 0.28134	 0.28070	 0.28512	 0.29400	 0.30722	 0.32341	 0.34172	 0.35842	 0.37497	 0.39834	 0.43358	 0.47460	 0.51174	 0.54107	 0.55871	 0.56660	 0.56935	 0.57001	 0.56791	 0.56237	 0.55594	 0.54876	 0.54100	 0.53473	 0.53098	 0.52768	 0.52446	 0.52129	 0.51803	 0.51273	 0.50641	 0.49885	 0.49140	 0.48317	 0.47539	 0.46877	 0.46429	 0.46136	 0.46100	 0.46548	 0.47029	 0.47204	 0.46722	 0.45426	 0.43899	 0.42084	 0.40384	 0.38822	 0.37466	 0.36267	 0.35126	 0.34211
47 	 0.23149	 0.23055	 0.23246	 0.24050	 0.25703	 0.27898	 0.29811	 0.31308	 0.32450	 0.33353	 0.33635	 0.33069	 0.32032	 0.31016	 0.30156	 0.29546	 0.29140	 0.28773	 0.28411	 0.28128	 0.28063	 0.28506	 0.29386	 0.30705	 0.32320	 0.34154	 0.35826	 0.37471	 0.39801	 0.43323	 0.47415	 0.51132	 0.54067	 0.55826	 0.56622	 0.56896	 0.56953	 0.56742	 0.56185	 0.55540	 0.54821	 0.54046	 0.53420	 0.53045	 0.52720	 0.52395	 0.52078	 0.51747	 0.51221	 0.50588	 0.49836	 0.49097	 0.48272	 0.47479	 0.46829	 0.46383	 0.46093	 0.46050	 0.46496	 0.46985	 0.47195	 0.46665	 0.45475	 0.43886	 0.42064	 0.40505	 0.38894	 0.37539	 0.36254	 0.35160	 0.34285
3 	 0.24526	 0.24373	 0.24443	 0.24972	 0.26209	 0.27986	 0.29655	 0.31107	 0.32265	 0.33148	 0.33413	 0.32870	 0.31839	 0.30843	 0.29977	 0.29360	 0.28955	 0.28585	 0.28167	 0.27778	 0.27558	 0.27812	 0.28461	 0.29527	 0.30993	 0.32799	 0.34469	 0.35996	 0.37980	 0.40967	 0.44558	 0.48114	 0.51197	 0.53229	 0.54247	 0.54670	 0.54846	 0.54746	 0.54318	 0.53822	 0.53247	 0.52598	 0.52073	 0.51777	 0.51521	 0.51270	 0.51049	 0.50796	 0.50318	 0.49679	 0.48914	 0.48177	 0.47376	 0.46586	 0.45913	 0.45459	 0.45210	 0.45308	 0.45885	 0.46553	 0.46981	 0.46770	 0.45833	 0.44586	 0.43069	 0.41670	 0.40346	 0.39114	 0.38056	 0.37026	 0.36328
8 	 0.24482	 0.24329	 0.24397	 0.24933	 0.26190	 0.27969	 0.29638	 0.31088	 0.32243	 0.33131	 0.33397	 0.32834	 0.31808	 0.30807	 0.29947	 0.29328	 0.28928	 0.28555	 0.28140	 0.27754	 0.27537	 0.27794	 0.28447	 0.29528	 0.31005	 0.32814	 0.34480	 0.36006	 0.38009	 0.41005	 0.44618	 0.48189	 0.51282	 0.53300	 0.54304	 0.54710	 0.54871	 0.54773	 0.54342	 0.53846	 0.53264	 0.52607	 0.52077	 0.51767	 0.51517	 0.51261	 0.51027	 0.50779	 0.50303	 0.49661	 0.48900	 0.48160	 0.47342	 0.46551	 0.45887	 0.45443	 0.45188	 0.45267	 0.45848	 0.46518	 0.46949	 0.46735	 0.45818	 0.44553	 0.43038	 0.41721	 0.40323	 0.39126	 0.38077	 0.37035	 0.36247
13 	 0.24493	 0.24331	 0.24407	 0.24945	 0.26192	 0.27963	 0.29627	 0.31072	 0.32212	 0.33095	 0.33359	 0.32797	 0.31771	 0.30770	 0.29901	 0.29291	 0.28882	 0.28514	 0.28101	 0.27709	 0.27492	 0.27746	 0.28403	 0.29489	 0.30964	 0.32766	 0.34436	 0.35956	 0.37952	 0.40954	 0.44572	 0.48136	 0.51224	 0.53245	 0.54244	 0.54647	 0.54810	 0.54704	 0.54269	 0.53783	 0.53201	 0.52544	 0.52008	 0.51696	 0.51438	 0.51181	 0.50947	 0.50693	 0.50222	 0.49589	 0.48826	 0.48071	 0.47262	 0.46467	 0.45808	 0.45367	 0.45109	 0.45184	 0.45776	 0.46440	 0.46873	 0.46676	 0.45764	 0.44494	 0.43015	 0.41690	 0.40379	 0.39126	 0.38046	 0.37106	 0.36114
18 	 0.24500	 0.24337	 0.24410	 0.24954	 0.26204	 0.27981	 0.29649	 0.31096	 0.32233	 0.33118	 0.33383	 0.32817	 0.31785	 0.30791	 0.29924	 0.29304	 0.28897	 0.28530	 0.28117	 0.27722	 0.27506	 0.27768	 0.28420	 0.29511	 0.30992	 0.32806	 0.34466	 0.35993	 0.37996	 0.40994	 0.44621	 0.48189	 0.51279	 0.53299	 0.54295	 0.54690	 0.54845	 0.54737	 0.54304	 0.53813	 0.53235	 0.52575	 0.52042	 0.51730	 0.51465	 0.51198	 0.50962	 0.50721	 0.50239	 0.49610	 0.48849	 0.48096	 0.47267	 0.46482	 0.45827	 0.45390	 0.45133	 0.45200	 0.45805	 0.46476	 0.46896	 0.46698	 0.45809	 0.44556	 0.43083	 0.41717	 0.40342	 0.39118	 0.38068	 0.37174	 0.36261
23 	 0.24599	 0.24432	 0.24508	 0.25055	 0.26292	 0.28063	 0.29735	 0.31184	 0.32324	 0.33200	 0.33461	 0.32895	 0.31872	 0.30863	 0.29993	 0.29383	 0.28975	 0.28604	 0.28191	 0.27799	 0.27588	 0.27840	 0.28493	 0.29589	 0.31067	 0.32870	 0.34531	 0.36058	 0.38067	 0.41072	 0.44689	 0.48270	 0.51365	 0.53381	 0.54376	 0.54771	 0.54930	 0.54823	 0.54388	 0.53894	 0.53310	 0.52646	 0.52108	 0.51797	 0.51538	 0.51277	 0.51032	 0.50783	 0.50309	 0.49676	 0.48916	 0.48168	 0.47342	 0.46557	 0.45900	 0.45466	 0.45216	 0.45270	 0.45873	 0.46549	 0.46988	 0.46792	 0.45895	 0.44621	 0.43190	 0.41852	 0.40484	 0.39236	 0.38177	 0.37204	 0.36368
28 	 0.24514	 0.24344	 0.24420	 0.24974	 0.26217	 0.27987	 0.29655	 0.31107	 0.32240	 0.33118	 0.33382	 0.32813	 0.31783	 0.30792	 0.29927	 0.29310	 0.28905	 0.28526	 0.28111	 0.27726	 0.27521	 0.27771	 0.28421	 0.29520	 0.31003	 0.32810	 0.34464	 0.35989	 0.37989	 0.40994	 0.44615	 0.48195	 0.51292	 0.53310	 0.54304	 0.54693	 0.54847	 0.54738	 0.54307	 0.53817	 0.53239	 0.52572	 0.52027	 0.51716	 0.51457	 0.51197	 0.50956	 0.50705	 0.50229	 0.49603	 0.48842	 0.48088	 0.47258	 0.46473	 0.45820	 0.45379	 0.45129	 0.45195	 0.45791	 0.46476	 0.46898	 0.46704	 0.45779	 0.44552	 0.43065	 0.41746	 0.40359	 0.39141	 0.38071	 0.37164	 0.36229
33 	 0.24602	 0.24430	 0.24504	 0.25048	 0.26298	 0.28075	 0.29748	 0.31201	 0.32331	 0.33216	 0.33476	 0.32900	 0.31880	 0.30877	 0.30012	 0.29394	 0.28978	 0.28610	 0.28194	 0.27808	 0.27597	 0.27847	 0.28498	 0.29596	 0.31082	 0.32889	 0.34550	 0.36078	 0.38084	 0.41088	 0.44709	 0.48295	 0.51396	 0.53403	 0.54401	 0.54793	 0.54947	 0.54834	 0.54410	 0.53917	 0.53334	 0.52669	 0.52124	 0.51814	 0.51548	 0.51288	 0.51049	 0.50798	 0.50328	 0.49699	 0.48937	 0.48175	 0.47355	 0.46566	 0.45915	 0.45479	 0.45233	 0.45296	 0.45884	 0.46558	 0.46998	 0.46769	 0.45890	 0.44603	 0.43135	 0.41804	 0.40421	 0.39206	 0.38170	 0.37181	 0.36375
38 	 0.24494	 0.24326	 0.24394	 0.24960	 0.26205	 0.27981	 0.29660	 0.31115	 0.32252	 0.33142	 0.33398	 0.32828	 0.31803	 0.30795	 0.29929	 0.29321	 0.28911	 0.28538	 0.28121	 0.27736	 0.27531	 0.27773	 0.28432	 0.29534	 0.31016	 0.32830	 0.34483	 0.36014	 0.38021	 0.41026	 0.44653	 0.48227	 0.51326	 0.53340	 0.54335	 0.54722	 0.54878	 0.54763	 0.54334	 0.53846	 0.53265	 0.52602	 0.52051	 0.51750	 0.51487	 0.51227	 0.50984	 0.50733	 0.50256	 0.49636	 0.48874	 0.48109	 0.47284	 0.46498	 0.45844	 0.45410	 0.45155	 0.45215	 0.45804	 0.46464	 0.46906	 0.46658	 0.45792	 0.44539	 0.43027	 0.41676	 0.40297	 0.39122	 0.38002	 0.37089	 0.36206
43 	 0.24398	 0.24224	 0.24302	 0.24857	 0.26102	 0.27880	 0.29553	 0.30993	 0.32134	 0.33007	 0.33267	 0.32703	 0.31679	 0.30675	 0.29812	 0.29197	 0.28793	 0.28412	 0.27993	 0.27611	 0.27399	 0.27653	 0.28309	 0.29412	 0.30898	 0.32708	 0.34362	 0.35892	 0.37904	 0.40912	 0.44536	 0.48117	 0.51211	 0.53218	 0.54198	 0.54571	 0.54712	 0.54591	 0.54159	 0.53659	 0.53072	 0.52405	 0.51859	 0.51556	 0.51285	 0.51024	 0.50774	 0.50523	 0.50046	 0.49421	 0.48661	 0.47905	 0.47071	 0.46288	 0.45636	 0.45206	 0.44954	 0.45014	 0.45614	 0.46296	 0.46724	 0.46516	 0.45595	 0.44375	 0.42904	 0.41567	 0.40220	 0.38972	 0.37914	 0.36969	 0.36131
48 	 0.24421	 0.24251	 0.24326	 0.24879	 0.26121	 0.27898	 0.29574	 0.31016	 0.32155	 0.33030	 0.33289	 0.32730	 0.31697	 0.30695	 0.29833	 0.29215	 0.28815	 0.28430	 0.28014	 0.27632	 0.27423	 0.27680	 0.28326	 0.29428	 0.30907	 0.32715	 0.34372	 0.35899	 0.37905	 0.40906	 0.44525	 0.48101	 0.51198	 0.53198	 0.54186	 0.54567	 0.54718	 0.54604	 0.54180	 0.53688	 0.53101	 0.52432	 0.51886	 0.51578	 0.51310	 0.51055	 0.50813	 0.50560	 0.50082	 0.49463	 0.48703	 0.47942	 0.47111	 0.46326	 0.45674	 0.45236	 0.44993	 0.45051	 0.45650	 0.46328	 0.46755	 0.46530	 0.45615	 0.44403	 0.42896	 0.41580	 0.40211	 0.39055	 0.37898	 0.36982	 0.36125
4 	 0.26840	 0.26698	 0.26812	 0.27472	 0.29019	 0.31092	 0.32899	 0.34356	 0.35456	 0.36269	 0.36446	 0.35789	 0.34714	 0.33693	 0.32811	 0.32189	 0.31775	 0.31394	 0.31029	 0.30729	 0.30660	 0.31121	 0.32011	 0.33305	 0.34916	 0.36737	 0.38420	 0.40106	 0.42520	 0.46189	 0.50392	 0.54101	 0.56931	 0.58590	 0.59323	 0.59600	 0.59685	 0.59490	 0.58955	 0.58336	 0.57644	 0.56898	 0.56285	 0.55896	 0.55543	 0.55183	 0.54860	 0.54511	 0.53974	 0.53322	 0.52579	 0.51872	 0.51093	 0.50314	 0.49633	 0.49162	 0.48884	 0.48930	 0.49464	 0.50117	 0.50585	 0.50517	 0.49709	 0.48508	 0.47070	 0.45807	 0.44471	 0.43192	 0.42020	 0.40975	 0.40238
9 	 0.26839	 0.26685	 0.26796	 0.27464	 0.29004	 0.31073	 0.32870	 0.34325	 0.35403	 0.36207	 0.36387	 0.35717	 0.34643	 0.33625	 0.32752	 0.32129	 0.31710	 0.31334	 0.30969	 0.30686	 0.30613	 0.31064	 0.31952	 0.33256	 0.34862	 0.36688	 0.38350	 0.40029	 0.42445	 0.46108	 0.50323	 0.54023	 0.56836	 0.58477	 0.59209	 0.59468	 0.59539	 0.59348	 0.58809	 0.58194	 0.57494	 0.56740	 0.56117	 0.55725	 0.55378	 0.55016	 0.54679	 0.54346	 0.53811	 0.53160	 0.52419	 0.51710	 0.50905	 0.50138	 0.49462	 0.49001	 0.48727	 0.48761	 0.49300	 0.49951	 0.50428	 0.50350	 0.49535	 0.48392	 0.47019	 0.45686	 0.44408	 0.43129	 0.42037	 0.41056	 0.40188
14 	 0.26903	 0.26744	 0.26848	 0.27525	 0.29058	 0.31124	 0.32928	 0.34386	 0.35461	 0.36265	 0.36446	 0.35775	 0.34695	 0.33672	 0.32798	 0.32174	 0.31751	 0.31376	 0.31005	 0.30716	 0.30642	 0.31086	 0.31970	 0.33276	 0.34884	 0.36698	 0.38368	 0.40042	 0.42442	 0.46099	 0.50310	 0.54013	 0.56845	 0.58498	 0.59237	 0.59513	 0.59584	 0.59397	 0.58866	 0.58263	 0.57570	 0.56816	 0.56196	 0.55797	 0.55443	 0.55086	 0.54743	 0.54408	 0.53872	 0.53230	 0.52488	 0.51768	 0.50963	 0.50182	 0.49508	 0.49053	 0.48774	 0.48812	 0.49348	 0.50007	 0.50488	 0.50395	 0.49651	 0.48476	 0.47095	 0.45819	 0.44469	 0.43259	 0.42205	 0.41102	 0.40347
19 	 0.27072	 0.26918	 0.27025	 0.27706	 0.29238	 0.31303	 0.33094	 0.34540	 0.35606	 0.36403	 0.36572	 0.35897	 0.34827	 0.33809	 0.32926	 0.32306	 0.31881	 0.31504	 0.31137	 0.30844	 0.30776	 0.31221	 0.32106	 0.33413	 0.35031	 0.36836	 0.38502	 0.40168	 0.42575	 0.46243	 0.50438	 0.54130	 0.56930	 0.58549	 0.59273	 0.59519	 0.59580	 0.59380	 0.58838	 0.58228	 0.57531	 0.56775	 0.56157	 0.55756	 0.55399	 0.55037	 0.54689	 0.54347	 0.53816	 0.53181	 0.52444	 0.51717	 0.50919	 0.50152	 0.49484	 0.49036	 0.48758	 0.48783	 0.49336	 0.50005	 0.50503	 0.50424	 0.49688	 0.48576	 0.47190	 0.45983	 0.44557	 0.43433	 0.42286	 0.41289	 0.40502
24 	 0.27083	 0.26929	 0.27044	 0.27725	 0.29261	 0.31332	 0.33145	 0.34595	 0.35665	 0.36460	 0.36633	 0.35965	 0.34880	 0.33852	 0.32968	 0.32344	 0.31915	 0.31530	 0.31168	 0.30883	 0.30814	 0.31259	 0.32145	 0.33464	 0.35081	 0.36903	 0.38564	 0.40248	 0.42671	 0.46337	 0.50560	 0.54263	 0.57083	 0.58719	 0.59441	 0.59690	 0.59755	 0.59554	 0.59011	 0.58400	 0.57698	 0.56938	 0.56304	 0.55904	 0.55549	 0.55181	 0.54833	 0.54501	 0.53956	 0.53321	 0.52581	 0.51853	 0.51047	 0.50253	 0.49599	 0.49156	 0.48876	 0.48906	 0.49450	 0.50127	 0.50624	 0.50576	 0.49786	 0.48667	 0.47246	 0.46001	 0.44716	 0.43480	 0.42377	 0.41364	 0.40549
29 	 0.27106	 0.26949	 0.27066	 0.27746	 0.29282	 0.31348	 0.33155	 0.34605	 0.35675	 0.36475	 0.36648	 0.35972	 0.34891	 0.33860	 0.32986	 0.32361	 0.31928	 0.31547	 0.31183	 0.30897	 0.30821	 0.31269	 0.32151	 0.33471	 0.35094	 0.36910	 0.38572	 0.40252	 0.42667	 0.46338	 0.50553	 0.54255	 0.57075	 0.58710	 0.59437	 0.59688	 0.59752	 0.59551	 0.59018	 0.58397	 0.57699	 0.56938	 0.56309	 0.55916	 0.55547	 0.55185	 0.54836	 0.54503	 0.53966	 0.53329	 0.52591	 0.51860	 0.51053	 0.50270	 0.49613	 0.49163	 0.48893	 0.48920	 0.49461	 0.50134	 0.50636	 0.50583	 0.49825	 0.48696	 0.47299	 0.46079	 0.44756	 0.43505	 0.42455	 0.41383	 0.40549
34 	 0.27040	 0.26889	 0.26988	 0.27676	 0.29204	 0.31269	 0.33071	 0.34510	 0.35583	 0.36372	 0.36547	 0.35864	 0.34787	 0.33757	 0.32880	 0.32255	 0.31828	 0.31443	 0.31079	 0.30792	 0.30723	 0.31167	 0.32049	 0.33368	 0.34984	 0.36804	 0.38464	 0.40148	 0.42565	 0.46228	 0.50429	 0.54127	 0.56935	 0.58553	 0.59271	 0.59508	 0.59566	 0.59366	 0.58822	 0.58209	 0.57518	 0.56753	 0.56118	 0.55717	 0.55367	 0.54999	 0.54655	 0.54314	 0.53782	 0.53148	 0.52414	 0.51684	 0.50865	 0.50101	 0.49441	 0.48991	 0.48714	 0.48749	 0.49295	 0.49964	 0.50461	 0.50427	 0.49638	 0.48527	 0.47153	 0.45896	 0.44615	 0.43387	 0.42324	 0.41270	 0.40476
39 	 0.27027	 0.26858	 0.26977	 0.27660	 0.29187	 0.31247	 0.33045	 0.34490	 0.35557	 0.36356	 0.36526	 0.35854	 0.34767	 0.33741	 0.32865	 0.32238	 0.31812	 0.31425	 0.31059	 0.30777	 0.30698	 0.31146	 0.32026	 0.33343	 0.34956	 0.36772	 0.38436	 0.40111	 0.42524	 0.46178	 0.50375	 0.54076	 0.56891	 0.58512	 0.59228	 0.59481	 0.59537	 0.59331	 0.58790	 0.58184	 0.57491	 0.56727	 0.56095	 0.55695	 0.55339	 0.54981	 0.54627	 0.54285	 0.53762	 0.53127	 0.52391	 0.51657	 0.50859	 0.50072	 0.49418	 0.48975	 0.48705	 0.48729	 0.49282	 0.49947	 0.50444	 0.50385	 0.49663	 0.48524	 0.47174	 0.45900	 0.44641	 0.43367	 0.42318	 0.41272	 0.40382
44 	 0.26976	 0.26815	 0.26942	 0.27620	 0.29143	 0.31205	 0.33008	 0.34435	 0.35503	 0.36294	 0.36460	 0.35787	 0.34707	 0.33680	 0.32800	 0.32177	 0.31750	 0.31365	 0.31003	 0.30716	 0.30643	 0.31096	 0.31975	 0.33297	 0.34912	 0.36733	 0.38391	 0.40075	 0.42499	 0.46163	 0.50362	 0.54054	 0.56859	 0.58470	 0.59171	 0.59397	 0.59449	 0.59240	 0.58697	 0.58073	 0.57372	 0.56609	 0.55975	 0.55582	 0.55224	 0.54861	 0.54511	 0.54169	 0.53640	 0.53002	 0.52261	 0.51534	 0.50725	 0.49951	 0.49300	 0.48857	 0.48578	 0.48607	 0.49166	 0.49832	 0.50332	 0.50287	 0.49556	 0.48419	 0.47052	 0.45772	 0.44540	 0.43265	 0.42227	 0.41201	 0.40420
49 	 0.26975	 0.26816	 0.26926	 0.27604	 0.29127	 0.31190	 0.32986	 0.34415	 0.35485	 0.36285	 0.36460	 0.35779	 0.34702	 0.33671	 0.32792	 0.32162	 0.31744	 0.31358	 0.30991	 0.30702	 0.30633	 0.31073	 0.31957	 0.33274	 0.34890	 0.36698	 0.38360	 0.40036	 0.42453	 0.46107	 0.50303	 0.53991	 0.56800	 0.58417	 0.59125	 0.59365	 0.59428	 0.59223	 0.58687	 0.58070	 0.57373	 0.56616	 0.55984	 0.55589	 0.55227	 0.54872	 0.54526	 0.54188	 0.53653	 0.53019	 0.52288	 0.51558	 0.50747	 0.49970	 0.49313	 0.48867	 0.48594	 0.48627	 0.49177	 0.49853	 0.50354	 0.50283	 0.49559	 0.48425	 0.47048	 0.45805	 0.44491	 0.43273	 0.42216	 0.41194	 0.40339
5 	 0.27059	 0.27066	 0.27425	 0.28595	 0.30838	 0.33709	 0.36330	 0.38510	 0.40211	 0.41447	 0.41824	 0.41136	 0.39840	 0.38565	 0.37519	 0.36819	 0.36396	 0.36038	 0.35643	 0.35296	 0.35214	 0.35742	 0.36824	 0.38447	 0.40517	 0.42836	 0.44948	 0.46906	 0.49411	 0.52997	 0.56978	 0.60417	 0.62984	 0.64417	 0.65030	 0.65278	 0.65393	 0.65308	 0.64951	 0.64543	 0.64079	 0.63556	 0.63117	 0.62870	 0.62653	 0.62399	 0.62173	 0.61947	 0.61531	 0.60988	 0.60360	 0.59769	 0.59097	 0.58403	 0.57789	 0.57366	 0.57139	 0.57204	 0.57650	 0.57994	 0.57834	 0.56749	 0.54724	 0.52281	 0.49648	 0.47323	 0.45141	 0.43155	 0.41524	 0.40121	 0.38951
10 	 0.26980	 0.26979	 0.27338	 0.28511	 0.30756	 0.33620	 0.36220	 0.38387	 0.40061	 0.41284	 0.41664	 0.40972	 0.39679	 0.38407	 0.37371	 0.36673	 0.36239	 0.35892	 0.35500	 0.35157	 0.35087	 0.35614	 0.36688	 0.38319	 0.40387	 0.42689	 0.44793	 0.46744	 0.49243	 0.52821	 0.56796	 0.60212	 0.62750	 0.64153	 0.64741	 0.64976	 0.65081	 0.64989	 0.64634	 0.64223	 0.63765	 0.63230	 0.62783	 0.62547	 0.62322	 0.62065	 0.61832	 0.61616	 0.61199	 0.60669	 0.60045	 0.59449	 0.58765	 0.58084	 0.57488	 0.57070	 0.56848	 0.56892	 0.57337	 0.57680	 0.57538	 0.56462	 0.54455	 0.52090	 0.49521	 0.47174	 0.45072	 0.43118	 0.41440	 0.39997	 0.38917
15 	 0.26961	 0.26961	 0.27311	 0.28495	 0.30723	 0.33584	 0.36186	 0.38347	 0.40017	 0.41240	 0.41618	 0.40925	 0.39637	 0.38368	 0.37318	 0.36628	 0.36198	 0.35845	 0.35452	 0.35111	 0.35032	 0.35558	 0.36634	 0.38264	 0.40327	 0.42641	 0.44735	 0.46680	 0.49175	 0.52757	 0.56719	 0.60140	 0.62685	 0.64090	 0.64689	 0.64925	 0.65030	 0.64940	 0.64583	 0.64186	 0.63731	 0.63198	 0.62750	 0.62512	 0.62279	 0.62025	 0.61792	 0.61571	 0.61165	 0.60633	 0.60010	 0.59409	 0.58726	 0.58036	 0.57444	 0.57037	 0.56809	 0.56859	 0.57301	 0.57654	 0.57485	 0.56417	 0.54443	 0.52045	 0.49463	 0.47168	 0.45002	 0.43073	 0.41436	 0.40008	 0.38945
20 	 0.26910	 0.26905	 0.27272	 0.28450	 0.30686	 0.33545	 0.36153	 0.38311	 0.39966	 0.41192	 0.41577	 0.40870	 0.39589	 0.38314	 0.37263	 0.36565	 0.36139	 0.35791	 0.35397	 0.35056	 0.34985	 0.35510	 0.36586	 0.38223	 0.40301	 0.42610	 0.44698	 0.46653	 0.49155	 0.52745	 0.56728	 0.60158	 0.62706	 0.64106	 0.64697	 0.64929	 0.65035	 0.64938	 0.64580	 0.64175	 0.63717	 0.63187	 0.62745	 0.62501	 0.62256	 0.62002	 0.61773	 0.61547	 0.61136	 0.60617	 0.59990	 0.59375	 0.58687	 0.57998	 0.57411	 0.57007	 0.56780	 0.56820	 0.57276	 0.57620	 0.57471	 0.56412	 0.54412	 0.52024	 0.49464	 0.47111	 0.44919	 0.42956	 0.41321	 0.39937	 0.38797
25 	 0.26870	 0.26864	 0.27230	 0.28410	 0.30639	 0.33496	 0.36098	 0.38254	 0.39910	 0.41126	 0.41506	 0.40808	 0.39524	 0.38253	 0.37208	 0.36515	 0.36090	 0.35732	 0.35343	 0.35008	 0.34942	 0.35455	 0.36531	 0.38170	 0.40241	 0.42552	 0.44631	 0.46583	 0.49085	 0.52670	 0.56651	 0.60075	 0.62626	 0.64032	 0.64625	 0.64848	 0.64955	 0.64863	 0.64498	 0.64094	 0.63631	 0.63089	 0.62645	 0.62404	 0.62164	 0.61909	 0.61669	 0.61452	 0.61035	 0.60517	 0.59891	 0.59284	 0.58596	 0.57898	 0.57317	 0.56916	 0.56686	 0.56725	 0.57176	 0.57529	 0.57377	 0.56299	 0.54313	 0.51940	 0.49361	 0.47015	 0.44866	 0.42914	 0.41307	 0.39923	 0.38694
30 	 0.26866	 0.26862	 0.27226	 0.28415	 0.30650	 0.33509	 0.36118	 0.38270	 0.39932	 0.41152	 0.41529	 0.40825	 0.39537	 0.38266	 0.37221	 0.36530	 0.36099	 0.35741	 0.35352	 0.35016	 0.34953	 0.35471	 0.36545	 0.38188	 0.40265	 0.42567	 0.44656	 0.46610	 0.49113	 0.52698	 0.56678	 0.60114	 0.62668	 0.64072	 0.64662	 0.64897	 0.64999	 0.64903	 0.64546	 0.64147	 0.63685	 0.63143	 0.62691	 0.62458	 0.62217	 0.61958	 0.61722	 0.61502	 0.61073	 0.60568	 0.59945	 0.59336	 0.58642	 0.57954	 0.57370	 0.56970	 0.56735	 0.56775	 0.57232	 0.57572	 0.57409	 0.56353	 0.54370	 0.51953	 0.49365	 0.47076	 0.44879	 0.42914	 0.41302	 0.39954	 0.38746
35 	 0.26907	 0.26895	 0.27266	 0.28449	 0.30688	 0.33549	 0.36154	 0.38312	 0.39978	 0.41191	 0.41572	 0.40873	 0.39571	 0.38300	 0.37256	 0.36562	 0.36133	 0.35777	 0.35389	 0.35052	 0.34986	 0.35506	 0.36583	 0.38229	 0.40302	 0.42616	 0.44709	 0.46662	 0.49172	 0.52757	 0.56744	 0.60169	 0.62714	 0.64123	 0.64714	 0.64941	 0.65041	 0.64946	 0.64585	 0.64178	 0.63717	 0.63175	 0.62719	 0.62483	 0.62246	 0.61988	 0.61746	 0.61524	 0.61113	 0.60596	 0.59970	 0.59353	 0.58663	 0.57982	 0.57390	 0.56997	 0.56765	 0.56804	 0.57265	 0.57616	 0.57460	 0.56383	 0.54423	 0.52025	 0.49440	 0.47092	 0.44916	 0.43018	 0.41410	 0.40024	 0.38800
40 	 0.26828	 0.26832	 0.27188	 0.28375	 0.30599	 0.33446	 0.36047	 0.38193	 0.39856	 0.41068	 0.41448	 0.40754	 0.39460	 0.38196	 0.37147	 0.36451	 0.36028	 0.35670	 0.35280	 0.34945	 0.34876	 0.35396	 0.36469	 0.38101	 0.40175	 0.42482	 0.44561	 0.46509	 0.49007	 0.52582	 0.56546	 0.59971	 0.62517	 0.63915	 0.64511	 0.64732	 0.64836	 0.64742	 0.64380	 0.63986	 0.63517	 0.62977	 0.62524	 0.62290	 0.62052	 0.61786	 0.61549	 0.61325	 0.60923	 0.60404	 0.59780	 0.59170	 0.58481	 0.57800	 0.57207	 0.56800	 0.56579	 0.56613	 0.57068	 0.57417	 0.57266	 0.56210	 0.54250	 0.51852	 0.49314	 0.46977	 0.44854	 0.42856	 0.41302	 0.39877	 0.38806
45 	 0.26816	 0.26811	 0.27181	 0.28363	 0.30589	 0.33440	 0.36037	 0.38184	 0.39839	 0.41054	 0.41432	 0.40738	 0.39439	 0.38171	 0.37128	 0.36431	 0.36007	 0.35652	 0.35257	 0.34924	 0.34857	 0.35373	 0.36446	 0.38087	 0.40162	 0.42472	 0.44557	 0.46513	 0.49023	 0.52613	 0.56581	 0.60009	 0.62554	 0.63958	 0.64543	 0.64759	 0.64859	 0.64757	 0.64395	 0.63991	 0.63526	 0.62985	 0.62530	 0.62295	 0.62056	 0.61798	 0.61559	 0.61335	 0.60919	 0.60402	 0.59781	 0.59161	 0.58476	 0.57791	 0.57209	 0.56811	 0.56588	 0.56626	 0.57082	 0.57438	 0.57266	 0.56225	 0.54274	 0.51874	 0.49300	 0.47007	 0.44828	 0.42892	 0.41288	 0.39883	 0.38738
50 	 0.26796	 0.26789	 0.27159	 0.28337	 0.30551	 0.33403	 0.35993	 0.38135	 0.39788	 0.41003	 0.41378	 0.40691	 0.39398	 0.38118	 0.37083	 0.36389	 0.35964	 0.35609	 0.35217	 0.34881	 0.34812	 0.35322	 0.36390	 0.38030	 0.40098	 0.42412	 0.44492	 0.46444	 0.48947	 0.52524	 0.56491	 0.59908	 0.62455	 0.63857	 0.64440	 0.64670	 0.64772	 0.64672	 0.64313	 0.63900	 0.63438	 0.62901	 0.62449	 0.62209	 0.61967	 0.61711	 0.61477	 0.61254	 0.60841	 0.60327	 0.59701	 0.59086	 0.58395	 0.57714	 0.57133	 0.56739	 0.56511	 0.56545	 0.57004	 0.57363	 0.57202	 0.56156	 0.54187	 0.51832	 0.49237	 0.46932	 0.44763	 0.42877	 0.41261	 0.39895	 0.38726
